,Winery,Points_Mean,Price_Mean,Points_Median,Price_Median,Total_Reviews,N_Varieties,Varieties,Country,Province,Region
0,'37 Cellars,88.0,,88.0,,1,1,['Cabernet Sauvignon'],US,Washington,"['Columbia Valley (WA)', 'Columbia Valley']"
1,1+1=3,85.5,16.3,86.0,16.0,10,3,"['Rosé', 'Cabernet Sauvignon', 'Sparkling Blend']",Spain,Catalonia,['Penedès']
2,10 Knots,84.4,23.3,84.0,22.0,11,7,"['Grenache', 'Rhône-style White Blend', 'Chardonnay', 'White Blend', 'Rosé', 'Viognier', 'Rhône-style Red Blend']",US,California,"['Paso Robles', 'Central Coast']"
3,100 Percent Wine,86.3,18.0,86.0,18.0,3,3,"['Moscato', 'Sauvignon Blanc', 'Red Blend']",US,California,"['California', 'California Other']"
4,1000 Stories,90.5,19.0,90.5,19.0,2,1,['Zinfandel'],US,California,"['California', 'California Other']"
5,1040FU,82.0,25.0,82.0,25.0,1,1,['Syrah'],US,California,"['Santa Barbara County', 'Central Coast']"
6,1070 Green,88.0,25.0,88.0,25.0,1,1,['Sauvignon Blanc'],US,California,"['Rutherford', 'Napa']"
7,10Span,83.4,12.6,83.0,13.0,5,3,"['Pinot Noir', 'Pinot Gris', 'Chardonnay']",US,California,"['Santa Barbara County', 'Central Coast']"
8,12 Linajes,89.0,26.7,89.0,25.0,11,2,"['Tempranillo', 'Verdejo']",Spain,Northern Spain,['Ribera del Duero']
9,12C Wines,92.6,92.6,93.0,95.0,5,1,['Cabernet Sauvignon'],US,California,"['Rutherford', 'Napa']"
10,13 Celsius,87.0,15.0,87.0,15.0,1,1,['Sauvignon Blanc'],New Zealand,Marlborough,[]
11,14 Hands,87.5,18.3,87.0,12.0,71,20,"['Chardonnay', 'Sauvignon Blanc', 'Sparkling Blend', 'Pinot Gris', 'Red Blend', 'Malbec', 'Syrah', 'Cabernet Sauvignon', 'Merlot', 'White Blend', 'Riesling', 'Moscato', 'Rhône-style Red Blend', 'Viognier', 'Rosé', 'Gewürztraminer', 'Cabernet Franc', 'Grenache', 'Cabernet Franc-Merlot', 'Bordeaux-style Red Blend']",US,Washington,"['Horse Heaven Hills', 'Columbia Valley']"
12,16X20,85.5,40.0,85.5,40.0,2,2,"['Cabernet Sauvignon', 'Chardonnay']",US,California,"['Napa Valley', 'Napa']"
13,1752 Signature Wines,88.0,20.0,88.0,20.0,1,1,['Rosé'],France,Provence,['Côtes de Provence']
14,1789 Wines,91.0,48.0,91.0,48.0,1,1,['Pinot Noir'],US,Oregon,"['Chehalem Mountains', 'Willamette Valley']"
15,181,84.0,15.0,84.0,15.0,1,1,['Merlot'],US,California,"['Lodi', 'Central Valley']"
16,18401 Cellars,92.0,75.0,92.0,75.0,2,2,"['Cabernet Sauvignon', 'Bordeaux-style Red Blend']",US,Oregon,"['Walla Walla Valley (OR)', 'Oregon Other']"
17,18401 Cellars,91.5,75.0,91.5,75.0,2,2,"['Bordeaux-style Red Blend', 'Cabernet Sauvignon']",US,Washington,"['Walla Walla Valley (WA)', 'Columbia Valley']"
18,1848 Winery,89.7,48.3,89.0,45.0,3,2,"['Red Blend', 'Cabernet Merlot']",Israel,Galilee,[]
19,1848 Winery,89.3,25.0,89.0,25.0,3,3,"['Cabernet Sauvignon-Merlot', 'Cabernet Sauvignon', 'Chardonnay']",Israel,Judean Hills,[]
20,1850,89.8,25.0,91.0,26.0,4,4,"['Zinfandel', 'Rosé', 'Viognier', 'Sangiovese']",US,California,"['Amador County', 'Sierra Foothills']"
21,19 Crimes,83.0,14.0,83.0,14.0,1,1,['Red Blend'],Australia,Australia Other,['South Eastern Australia']
22,1912 Winemakers,90.1,,90.0,,7,2,"['Portuguese White', 'Portuguese Red']",Portugal,Douro,[]
23,1919,83.0,10.0,83.0,10.0,3,3,"['Cabernet Sauvignon', 'Syrah', 'Malbec']",Argentina,Mendoza Province,['Mendoza']
24,2 Brothers,82.0,9.0,82.0,9.0,1,1,['Syrah'],Chile,Colchagua Valley,[]
25,2 Brothers,82.0,12.0,82.0,12.0,1,1,['Riesling'],Germany,Mosel-Saar-Ruwer,[]
26,2 Brothers,84.0,9.0,84.0,9.0,1,1,['White Blend'],Germany,Nahe,[]
27,2 Cocky Sisters,85.5,10.5,85.5,10.5,2,1,['Red Blend'],US,California,"['Paso Robles', 'Central Coast']"
28,2 Copas,81.0,8.0,81.0,8.0,1,1,['Red Blend'],Argentina,Mendoza Province,['Mendoza']
29,2 Lads,86.4,41.2,87.0,36.5,5,4,"['Cabernet Franc-Merlot', 'Pinot Noir', 'Pinot Grigio', 'Cabernet Franc']",US,Michigan,['Old Mission Peninsula']
30,2 Up,86.2,14.5,87.0,14.5,4,1,['Shiraz'],Australia,South Australia,['South Australia']
31,21 Grams,92.5,125.0,92.5,125.0,2,1,['Bordeaux-style Red Blend'],US,Washington,"['Washington', 'Washington Other']"
32,24 Knots,82.0,17.0,82.0,17.0,1,1,['Pinot Noir'],US,California,"['California', 'California Other']"
33,240 Days,86.5,28.0,86.5,28.0,2,2,"['Riesling', 'Rosé']",US,New York,"['Finger Lakes', 'Finger Lakes']"
34,25 Lagunas,81.0,10.0,81.0,10.0,1,1,['Cabernet Sauvignon'],Argentina,Other,['San Juan']
35,2820 Wine Co.,84.3,27.3,85.0,22.0,3,3,"['Zinfandel', 'Bordeaux-style Red Blend', 'Merlot']",US,California,"['Napa Valley', 'Napa']"
36,29 & Oak Wines,88.8,57.0,90.0,45.0,5,4,"['Cabernet Sauvignon', 'Red Blend', 'Zinfandel', 'Bordeaux-style Red Blend']",US,California,"['Napa Valley', 'Napa']"
37,2Hawk,87.7,31.8,87.5,30.0,6,5,"['Viognier', 'Cabernet Franc', 'Tempranillo', 'Pinot Noir', 'Bordeaux-style Red Blend']",US,Oregon,"['Rogue Valley', 'Southern Oregon']"
38,2Plank,88.3,37.2,89.5,38.0,6,5,"['Viognier-Chardonnay', 'Zinfandel', 'Grenache-Syrah', 'Viognier', 'Cabernet Sauvignon']",US,California,"['California', 'California Other']"
39,2nd Chance,87.5,32.0,88.5,30.5,4,2,"['Syrah', 'Pinot Noir']",US,California,"['Santa Maria Valley', 'Central Coast']"
40,3 Badge Beverage,84.0,30.0,84.0,30.0,1,1,['Chardonnay'],US,California,"['Russian River Valley', 'Sonoma']"
41,3 Ball,88.0,15.0,88.0,15.0,1,1,['Zinfandel'],US,California,"['California', 'California Other']"
42,3 Hills High,87.3,19.3,87.0,20.0,3,3,"['Riesling', 'Sauvignon Blanc', 'Red Blend']",Australia,South Australia,['South Australia']
43,3 Horse Ranch Vineyards,87.0,26.5,87.0,26.5,2,2,"['Bordeaux-style Red Blend', 'White Blend']",US,America,[]
44,3 Horse Ranch Vineyards,86.1,20.8,87.0,19.0,26,12,"['Cabernet Sauvignon', 'Syrah', 'Cabernet Sauvignon-Merlot', 'Merlot', 'Chardonnay', 'Bordeaux-style Red Blend', 'White Blend', 'Pinot Gris', 'Rosé', 'Syrah-Mourvèdre', 'Red Blend', 'Sangiovese']",US,Idaho,[]
45,3 Horse Ranch Vineyards,87.5,23.2,87.5,23.0,4,4,"['Bordeaux-style Red Blend', 'Cabernet Sauvignon', 'Merlot-Cabernet Franc', 'Merlot']",US,Washington,"['Washington', 'Washington Other']"
46,3 Rings,90.2,23.7,90.0,20.0,6,2,"['Shiraz', 'Cabernet Sauvignon']",Australia,South Australia,['Barossa Valley']
47,3 Spells,81.0,26.0,81.0,26.0,1,1,['Red Blend'],US,California,"['Napa Valley', 'Napa']"
48,3 Steves Winery,83.6,26.8,84.0,24.0,5,4,"['Chardonnay', 'Zinfandel', 'Merlot', 'Cabernet Sauvignon']",US,California,"['Livermore Valley', 'Central Coast']"
49,3 Stones,88.5,14.5,88.5,14.5,2,1,['Sauvignon Blanc'],New Zealand,Marlborough,[]
50,3 Trees,87.0,15.0,87.0,15.0,1,1,['Pinot Noir'],Australia,South Australia,['South Australia']
51,3000 BC,86.0,10.0,86.0,10.0,1,1,['Chenin Blanc'],South Africa,Stellenbosch,[]
52,31st State,83.0,10.0,83.0,10.0,1,1,['Pinot Noir'],US,California,"['California', 'California Other']"
53,32 Winds,88.2,46.5,86.5,44.0,4,2,"['Pinot Noir', 'Chardonnay']",US,California,"['Sonoma Coast', 'Sonoma']"
54,337 Wine Cellars,87.0,15.0,87.0,15.0,2,1,['Cabernet Sauvignon'],US,California,"['California', 'California Other']"
55,39°,85.5,11.5,85.5,11.5,2,2,"['Sauvignon Blanc', 'Petite Sirah']",US,California,"['Lake County', 'Mendocino/Lake Counties']"
56,3CV,86.2,19.0,86.5,18.0,6,3,"['Viognier', 'Red Blend', 'Sauvignon Blanc']",US,California,"['Happy Canyon of Santa Barbara', 'Central Coast']"
57,3Fools,83.8,19.5,84.0,22.0,4,3,"['Gewürztraminer', 'Pinot Noir', 'Red Blend']",US,Oregon,"['Willamette Valley', 'Willamette Valley']"
58,4 Bears,84.0,15.0,84.0,15.0,1,1,['Cabernet Sauvignon'],US,California,"['Napa Valley', 'Napa']"
59,4 Cellars,87.0,25.0,87.0,25.0,2,2,"['Chardonnay', 'Red Blend']",US,Washington,"['Columbia Valley (WA)', 'Columbia Valley']"
60,401K,84.7,15.0,85.0,15.0,3,2,"['Cabernet Sauvignon', 'Chardonnay']",US,California,"['California', 'California Other']"
61,428 Wines,85.0,34.0,85.0,34.0,1,1,['Red Blend'],US,Washington,"['Columbia Valley (WA)', 'Columbia Valley']"
62,42°S,87.5,18.7,87.5,18.0,4,3,"['Chardonnay', 'Champagne Blend', 'Pinot Noir']",Australia,Tasmania,['Tasmania']
63,460 Casina Bric,87.7,56.7,88.0,60.0,3,1,['Nebbiolo'],Italy,Piedmont,['Barolo']
64,4R4U,87.0,6.0,87.0,6.0,1,1,['Verdejo'],Spain,Northern Spain,['Rueda']
65,5 Points Cellars,85.3,49.3,85.0,45.0,3,3,"['Cabernet Sauvignon', 'Syrah', 'Chardonnay']",US,California,"['Oakville', 'Napa']"
66,50 Harvests,89.5,50.0,89.5,50.0,2,2,"['Cabernet Sauvignon', 'Meritage']",US,California,"['Napa Valley', 'Napa']"
67,5OS Project,89.0,25.0,89.0,25.0,4,4,"['Montepulciano', 'Malbec', 'White Blend', 'Shiraz-Viognier']",Australia,South Australia,['South Australia']
68,6 North,89.2,49.4,90.0,52.0,5,2,"['Cabernet Sauvignon', 'Zinfandel']",US,California,"['Napa Valley', 'Napa']"
69,6 Under,88.0,23.0,88.0,24.0,4,4,"['Chardonnay', 'Pinot Gris', 'Red Blend', 'Cabernet Sauvignon']",US,Washington,"['Washington', 'Washington Other']"
70,60 North,85.0,10.0,85.0,10.0,1,1,['Merlot'],US,California,"['California', 'California Other']"
71,60 Souls,85.0,25.0,85.0,25.0,1,1,['Pinot Noir'],US,Oregon,"['Willamette Valley', 'Willamette Valley']"
72,6cepas6,87.0,21.0,87.0,21.0,2,1,['Tempranillo'],Spain,Northern Spain,['Rioja']
73,6th Sense,82.0,16.0,82.0,16.0,1,1,['Syrah'],US,California,"['Lodi', 'Central Valley']"
74,7 Heavenly Chards,83.3,17.0,82.0,17.0,3,1,['Chardonnay'],US,California,"['Lodi', 'Central Valley']"
75,7 Lunas,90.0,55.0,90.0,55.0,1,1,['Tempranillo'],Spain,Northern Spain,['Ribera del Duero']
76,7 Peaks,86.0,11.0,86.0,11.0,1,1,['Pinot Noir'],US,California,"['California', 'California Other']"
77,75 Wine Co.,87.7,16.0,87.0,14.0,3,2,"['Sauvignon Blanc', 'Red Blend']",US,California,"['North Coast', 'North Coast']"
78,786 Wines,86.0,13.0,86.0,13.0,3,3,"['Chardonnay', 'Cabernet Sauvignon', 'Merlot']",US,California,"['California', 'California Other']"
79,8 Chains North,87.5,31.0,87.5,31.0,2,2,"['Merlot', 'Red Blend']",US,Virginia,['Virginia']
80,868 Estate,85.0,24.5,85.0,24.5,2,2,"['Red Blend', 'Chardonnay']",US,Virginia,['Virginia']
81,9 Mile Road,88.0,14.8,88.5,15.0,6,2,"['Shiraz', 'Cabernet Sauvignon']",Australia,South Australia,['Langhorne Creek']
82,:Nota Bene,88.5,30.9,88.0,30.0,72,10,"['Cabernet Sauvignon', 'Syrah', 'Bordeaux-style Red Blend', 'Rhône-style Red Blend', 'Mourvèdre', 'Merlot', 'Malbec', 'Cabernet Franc', 'Red Blend', 'Chardonnay']",US,Washington,"['Yakima Valley', 'Columbia Valley']"
83,A Blooming Hill Vineyard,86.9,23.9,87.0,22.0,9,3,"['Pinot Noir', 'Pinot Gris', 'White Blend']",US,Oregon,"['Chehalem Mountains', 'Willamette Valley']"
84,A By Acacia,85.0,13.0,85.0,13.0,2,2,"['Chardonnay', 'Pinot Noir']",US,California,"['Carneros', 'Napa-Sonoma']"
85,A Cellar Full of Noise,84.0,18.0,84.0,18.0,1,1,['Tempranillo'],US,California,"['Paso Robles', 'Central Coast']"
86,A Coroa,90.0,28.5,90.0,28.5,2,1,['Godello'],Spain,Northern Spain,['Valdeorras']
87,A Donkey and Goat,87.9,32.9,88.0,34.5,8,2,"['Syrah', 'Chardonnay']",US,California,"['McDowell Valley', 'Mendocino/Lake Counties']"
88,A Fuga,84.0,12.0,84.0,12.0,1,1,['Mencía'],Spain,Galicia,['Ribeira Sacra']
89,A to Z,87.8,15.5,88.0,14.5,40,7,"['Riesling', 'Rosé', 'Pinot Noir', 'Chardonnay', 'Pinot Gris', 'Red Blend', 'Pinot Blanc']",US,Oregon,"['Oregon', 'Oregon Other']"
90,A-Mano,85.0,11.0,85.0,11.0,2,1,['Pinot Grigio'],Italy,Northeastern Italy,['Delle Venezie']
91,A-Mano,85.8,10.7,86.0,11.0,4,2,"['Primitivo', 'White Blend']",Italy,Southern Italy,['Puglia']
92,A-Mano,86.0,12.0,86.0,12.0,1,1,['Garganega'],Italy,Veneto,['Soave']
93,A. Christmann,88.2,39.1,89.0,35.0,11,2,"['Riesling', 'Spätburgunder']",Germany,Pfalz,[]
94,A. D. Coutelas,89.4,57.0,90.0,55.0,5,2,"['Champagne Blend', 'Chardonnay']",France,Champagne,['Champagne']
95,A. Faustini,87.2,62.5,87.0,62.5,4,1,['Cabernet Sauvignon'],US,California,"['Napa Valley', 'Napa']"
96,A. Margaine,89.5,58.5,89.5,58.5,2,1,['Champagne Blend'],France,Champagne,['Champagne']
97,A. Parparoussis,84.3,29.0,84.0,25.0,3,2,"['Red Blend', 'White Blend']",Greece,Achaia,[]
98,A. Parparoussis,85.0,23.0,85.0,23.0,1,1,['Sideritis'],Greece,Greece,[]
99,A. Parparoussis,85.0,50.0,85.0,50.0,2,1,['Red Blend'],Greece,Nemea,[]
100,A. de Luze et Fils,85.5,14.0,85.5,14.0,2,2,"['Bordeaux-style Red Blend', 'Sauvignon Blanc']",France,Bordeaux,['Bordeaux Supérieur']
101,A.A. Badenhorst Family Wines,90.0,29.5,90.0,29.5,2,2,"['Red Blend', 'White Blend']",South Africa,Coastal Region,[]
102,A.A. Badenhorst Family Wines,91.0,32.8,91.5,43.0,6,4,"['Red Blend', 'Rosé', 'Rhône-style Red Blend', 'Shiraz']",South Africa,Swartland,[]
103,A.P. Vin,87.0,50.0,86.5,48.0,8,1,['Pinot Noir'],US,California,"['Sta. Rita Hills', 'Central Coast']"
104,A.R. Lenoble ,90.6,55.0,90.5,54.0,14,3,"['Chardonnay', 'Pinot Noir', 'Champagne Blend']",France,Champagne,['Champagne']
105,A.S. Kiken,84.5,51.0,84.5,44.5,4,2,"['Red Blend', 'Bordeaux-style Red Blend']",US,California,"['Diamond Mountain District', 'Napa']"
106,A.T. Richardson,88.0,21.3,87.0,22.0,3,2,"['Riesling', 'Shiraz']",Australia,Victoria,['Grampians']
107,A2O,88.0,22.0,88.0,22.0,1,1,['Albariño'],Spain,Galicia,['Rías Baixas']
108,AJB Vineyards,90.0,21.0,90.0,21.0,1,1,['Syrah'],US,California,"['Paso Robles', 'Central Coast']"
109,AVA Grace Vineyards,86.2,11.2,86.0,12.0,4,3,"['Chardonnay', 'Rosé', 'Merlot']",US,California,"['California', 'California Other']"
110,AZS,92.0,75.0,92.0,75.0,1,1,['Cabernet Sauvignon'],US,California,"['Napa Valley', 'Napa']"
111,Aaldering,87.0,54.0,87.0,54.0,1,1,['Shiraz'],South Africa,Stellenbosch,[]
112,Aalto,95.0,105.0,95.0,105.0,1,1,['Tinto del Pais'],Spain,Northern Spain,['Ribera del Duero']
113,Aaron,91.7,40.0,91.0,44.0,3,2,"['Petite Sirah', 'Rhône-style Red Blend']",US,California,"['Paso Robles', 'Central Coast']"
114,Abacela,88.5,24.9,88.0,22.0,99,18,"['Rosé', 'Albariño', 'Tempranillo', 'Tannat', 'Red Blend', 'Malbec', 'Syrah', 'Claret', 'Garnacha', 'Dolcetto', 'Merlot', 'Cabernet Franc', 'Viognier', 'Grenache', 'Petit Verdot', 'Tinta Amarela', 'Muscat', 'Graciano']",US,Oregon,"['Umpqua Valley', 'Southern Oregon']"
115,Abad,83.5,15.0,84.0,14.5,4,3,"['Red Blend', 'Godello', 'Mencía']",Spain,Northern Spain,['Bierzo']
116,Abad Dom Bueno,87.5,21.5,88.0,24.0,17,2,"['Godello', 'Mencía']",Spain,Northern Spain,['Bierzo']
117,Abadia Retuerta,88.1,78.5,88.0,100.0,23,10,"['Tempranillo', 'Cabernet Sauvignon', 'Syrah', 'Petite Verdot', 'Tempranillo Blend', 'Red Blend', 'Tempranillo-Cabernet Sauvignon', 'Petit Verdot', 'Cabernet Sauvignon-Tempranillo', 'White Blend']",Spain,Northern Spain,['Vino de la Tierra de Castilla y León']
118,Abadía da Cova,86.5,21.5,86.5,22.5,4,3,"['Red Blend', 'Albariño', 'Mencía']",Spain,Galicia,['Ribeira Sacra']
119,Abadía de Acón,90.0,22.0,90.0,22.0,1,1,['Tempranillo'],Spain,Northern Spain,['Ribera del Duero']
120,Abadía de Tortoreos,86.7,19.0,88.0,19.0,3,1,['Albariño'],Spain,Galicia,['Rías Baixas']
121,Abadía la Arroyada,85.0,18.0,85.0,18.0,2,1,['Tempranillo'],Spain,Northern Spain,['Ribera del Duero']
122,Abandon,83.0,18.0,83.0,18.0,1,1,['Chardonnay'],US,California,"['Carneros', 'Napa-Sonoma']"
123,Abarbanel,84.3,22.0,85.0,23.0,3,3,"['Gewürztraminer', 'Pinot Blanc', 'Champagne Blend']",France,Alsace,['Alsace']
124,Abarbanel,82.0,15.0,82.0,15.0,1,1,['Gamay'],France,Beaujolais,['Beaujolais-Villages']
125,Abarbanel,82.4,11.8,83.0,11.0,5,3,"['Merlot', 'Syrah', 'Chardonnay']",France,Languedoc-Roussillon,['Languedoc']
126,Abarbanel,81.0,20.0,81.0,20.0,1,1,['Prosecco'],Italy,Veneto,['Prosecco']
127,Abbadia Ardenga,91.1,47.9,91.0,48.0,14,2,"['Sangiovese', 'Sangiovese Grosso']",Italy,Tuscany,['Brunello di Montalcino']
128,Abbaye De Tholomies,87.0,17.0,87.0,17.0,1,1,['Red Blend'],France,Languedoc-Roussillon,['Minervois']
129,Abbaye Sylva Plana,90.0,29.0,90.0,29.0,1,1,['Rhône-style Red Blend'],France,Languedoc-Roussillon,['Faugères']
130,Abbaye de Saint-Ferme,86.5,25.0,86.5,25.0,2,1,['Bordeaux-style Red Blend'],France,Bordeaux,['Bordeaux Supérieur']
131,Abbaye de Valmagne,87.0,,87.0,,1,1,['Rhône-style Red Blend'],France,Languedoc-Roussillon,['Vin de Pays des Collines de la Moure']
132,Abbazia Monte Oliveto,86.0,15.7,86.0,15.0,3,1,['Vernaccia'],Italy,Tuscany,['Vernaccia di San Gimignano']
133,Abbazia Santa Anastasia,87.6,33.9,87.0,26.0,29,7,"['Cabernet Sauvignon', 'Red Blend', 'White Blend', ""Nero d'Avola"", 'Sauvignon Blanc', 'Grillo', 'Inzolia']",Italy,Sicily & Sardinia,['Sicilia']
134,Abbazia di Novacella,89.4,25.2,89.0,20.5,64,15,"['Pinot Grigio', 'Kerner', 'Sauvignon', 'Sylvaner', 'Lagrein', 'Pinot Nero', 'Grüner Veltliner', 'Moscato', 'Riesling', 'Veltliner', 'Gewürztraminer', 'Müller-Thurgau', 'Silvaner', 'Schiava', 'Moscato Rosa']",Italy,Northeastern Italy,['Alto Adige']
135,Abbey Creek,87.5,26.0,87.5,26.0,2,1,['Pinot Noir'],US,Oregon,"['Willamette Valley', 'Willamette Valley']"
136,Abbey Vale,85.2,13.2,85.5,14.0,4,2,"['Chardonnay', 'Verdelho']",Australia,Western Australia,['Margaret River']
137,Abbey of Saint-Hilaire,87.0,22.0,87.0,22.0,1,1,['Pinot Noir'],France,Languedoc-Roussillon,"[""Vin de Pays d'Oc""]"
138,Abbeyville,84.0,13.3,84.0,13.0,3,2,"['Chardonnay', 'Fumé Blanc']",US,California,"['North Coast', 'North Coast']"
139,Abbona Marziano,89.5,79.0,89.5,79.0,2,1,['Nebbiolo'],Italy,Piedmont,['Barolo']
140,Abbot's Passage,91.5,72.5,91.5,72.5,2,2,"['Cabernet Sauvignon', 'Rhône-style Red Blend']",US,California,"['Moon Mountain District Sonoma County', 'Sonoma']"
141,Abbotts,89.0,23.7,88.0,19.0,3,3,"['Shiraz', 'White Blend', 'Rhône-style Red Blend']",France,Languedoc-Roussillon,['Minervois']
142,Abbotts Delaunay,88.0,22.0,88.0,22.0,1,1,['Carignan'],France,France Other,['Vin de France']
143,Abeja,92.4,41.9,93.0,38.0,47,5,"['Chardonnay', 'Cabernet Sauvignon', 'Merlot', 'Viognier', 'Syrah']",US,Washington,"['Washington', 'Washington Other']"
144,Abel Mendoza,90.0,44.0,90.0,44.0,2,1,['Tempranillo'],Spain,Northern Spain,['Rioja']
145,Abelis Carthago,90.2,31.7,90.0,27.0,6,2,"['Tempranillo', 'Tinta de Toro']",Spain,Northern Spain,['Toro']
146,Aberrant Cellars,91.2,40.4,91.0,35.0,9,1,['Pinot Noir'],US,Oregon,"['Willamette Valley', 'Willamette Valley']"
147,Abiouness,89.5,37.5,89.5,37.5,2,1,['Pinot Noir'],US,California,"['Carneros', 'Napa-Sonoma']"
148,Abiqua Wind,86.4,14.9,86.0,15.0,9,6,"['Pinot Gris', 'Muscat', 'Pinot Noir', 'Müller-Thurgau', 'Gewürztraminer', 'White Blend']",US,Oregon,"['Willamette Valley', 'Willamette Valley']"
149,Abraham Perold,94.0,155.0,94.0,155.0,1,1,['Shiraz'],South Africa,Paarl,[]
150,Abraxas,90.6,44.2,92.0,47.5,5,2,"['Zibibbo', 'Red Blend']",Italy,Sicily & Sardinia,['Passito di Pantelleria']
151,Abrazo,84.2,7.0,84.0,6.5,5,3,"['Garnacha', 'Tempranillo-Garnacha', 'Syrah']",Spain,Northern Spain,['Cariñena']
152,Acacia,88.7,45.9,88.0,46.0,47,3,"['Pinot Noir', 'Chardonnay', 'Champagne Blend']",US,California,"['Los Carneros', 'Napa-Sonoma']"
153,Acaibo,92.0,75.0,92.0,75.0,1,1,['Bordeaux-style Red Blend'],US,California,"['Sonoma County', 'Sonoma']"
154,Accadia,86.7,17.7,86.0,18.0,3,1,['Verdicchio'],Italy,Central Italy,['Verdicchio dei Castelli di Jesi Classico Superiore']
155,Accordini Igino,89.8,38.5,89.5,35.0,4,1,['Red Blend'],Italy,Veneto,['Valpolicella Classico Superiore']
156,Acentor,85.5,13.0,85.5,13.0,2,1,['Garnacha'],Spain,Northern Spain,['Calatayud']
157,Achaia Clauss,90.0,13.0,90.0,13.0,1,1,['Rosé'],Greece,Achaia,[]
158,Achaia Clauss,83.3,9.9,83.0,10.0,9,4,"['White Blend', 'Rosé', 'Red Blend', 'Agiorgitiko']",Greece,Greece,[]
159,Achaia Clauss,86.5,11.0,86.5,11.0,2,1,['Mavrodaphne'],Greece,Mavrodaphne of Patras,[]
160,Achaia Clauss,85.5,11.0,85.5,11.0,2,1,['Muscat'],Greece,Muscat of Patras,[]
161,Achaia Clauss,83.0,11.5,83.0,11.5,2,2,"['Agiorgitiko', 'Red Blend']",Greece,Nemea,[]
162,Achaia Clauss,84.0,10.7,85.0,10.0,3,2,"['Red Blend', 'White Blend']",Greece,Patras,[]
163,Achaia Clauss,87.0,16.5,87.0,16.5,2,2,"['Mavrodaphne', 'Moschofilero']",Greece,Peloponnese,[]
164,Achaval-Ferrer,90.3,90.5,91.0,112.0,25,5,"['Malbec', 'Bordeaux-style Red Blend', 'Red Blend', 'Cabernet Sauvignon', 'Malbec-Cabernet Sauvignon']",Argentina,Mendoza Province,['Luján de Cuyo']
165,Acinum,88.3,34.0,87.0,34.0,3,2,"['Red Blend', 'Glera']",Italy,Veneto,['Amarone della Valpolicella']
166,Ackerly Pond,83.3,21.0,83.0,20.0,3,2,"['Merlot', 'Cabernet Franc']",US,New York,"['North Fork of Long Island', 'Long Island']"
167,Ackerman,85.5,20.0,85.5,20.0,2,1,['Sparkling Blend'],France,Loire Valley,['Crémant de Loire']
168,Ackerman,86.8,75.0,87.0,75.0,4,1,['Cabernet Sauvignon'],US,California,"['Napa Valley', 'Napa']"
169,Ackerman Family Vineyards,89.0,62.5,89.0,62.5,2,2,"['Cabernet Sauvignon', 'Cabernet Sauvignon-Sangiovese']",US,California,"['Coombsville', 'Napa']"
170,Aconcagua,83.0,15.0,83.0,15.0,4,3,"['Malbec', 'Chardonnay-Semillon', 'Syrah']",Argentina,Mendoza Province,['Mendoza']
171,Aconga,83.0,9.5,83.0,9.5,4,4,"['Chenin Blanc-Chardonnay', 'Malbec-Cabernet Sauvignon', 'Red Blend', 'Cabernet Sauvignon-Malbec']",Argentina,Mendoza Province,['Mendoza']
172,Acordeón,84.1,9.1,84.0,9.0,7,4,"['Chardonnay', 'Malbec', 'Syrah', 'Cabernet Sauvignon']",Argentina,Mendoza Province,['Tupungato']
173,Acordeón,83.0,9.0,82.5,9.0,4,1,['Torrontés'],Argentina,Other,['Cafayate']
174,Acorex,82.3,18.3,82.0,16.0,3,3,"['Sparkling Blend', 'Cabernet Sauvignon-Merlot', 'Sauvignon Blanc']",Moldova,Moldova,[]
175,Acorn,87.7,33.9,87.0,33.0,34,7,"['Zinfandel', 'Sangiovese', 'Syrah', 'Red Blend', 'Dolcetto', 'Cabernet Franc', 'Alicante Bouschet']",US,California,"['Russian River Valley', 'Sonoma']"
176,Acquiesce,88.8,24.5,89.0,24.0,4,4,"['Rosé', 'White Blend', 'Viognier', 'Picpoul']",US,California,"['Lodi', 'Central Valley']"
177,Acre,86.0,16.0,86.0,16.0,3,3,"['Merlot', 'Cabernet Sauvignon', 'Chardonnay']",US,California,"['Central Coast', 'Central Coast']"
178,Acre Twenty-one,84.5,15.0,84.5,15.0,4,2,"['Cabernet Sauvignon', 'Chardonnay']",US,Washington,"['Columbia Valley (WA)', 'Columbia Valley']"
179,Acrobat,88.1,15.8,88.0,15.0,17,4,"['Pinot Noir', 'Pinot Gris', 'Rosé', 'Chardonnay']",US,Oregon,"['Oregon', 'Oregon Other']"
180,Acronym,82.2,18.8,82.0,20.0,4,4,"['Cabernet Sauvignon', 'Chardonnay', 'White Blend', 'Red Blend']",US,California,"['California', 'California Other']"
181,Acumen,85.8,22.4,85.0,13.0,5,4,"['Sauvignon Blanc', 'Chardonnay', 'Cabernet Sauvignon', 'Pinot Noir']",US,California,"['Central Coast', 'Central Coast']"
182,Acústic,89.7,28.3,89.0,25.0,3,3,"['Carignan-Grenache', 'Red Blend', 'Grenache-Carignan']",Spain,Catalonia,['Montsant']
183,Ad Lib,86.0,17.0,86.0,17.0,1,1,['Pinot Noir'],Australia,Western Australia,['Pemberton']
184,Ad Vivum,91.5,130.0,91.5,130.0,2,1,['Cabernet Sauvignon'],US,California,"['Yountville', 'Napa']"
185,Ada Nada,88.4,41.2,88.0,41.0,8,1,['Nebbiolo'],Italy,Piedmont,['Barbaresco']
186,Adair Bachman,90.0,35.0,90.0,35.0,1,1,['Rosé'],US,California,"['Napa Valley', 'Napa']"
187,Adalia,84.0,20.0,84.0,20.0,1,1,['White Blend'],Italy,Veneto,['Soave']
188,Adamant Cellars,87.9,30.6,87.5,32.5,8,6,"['Bordeaux-style Red Blend', 'Merlot', 'Cabernet Franc', 'Red Blend', 'Syrah', 'White Blend']",US,Washington,"['Columbia Valley (WA)', 'Columbia Valley']"
189,Adami,88.2,20.2,88.0,18.0,36,2,"['Glera', 'Prosecco']",Italy,Veneto,['Prosecco']
190,Adams Bench,90.5,50.2,91.0,52.0,21,2,"['Bordeaux-style Red Blend', 'Cabernet Sauvignon']",US,Washington,"['Red Mountain', 'Columbia Valley']"
191,Adanti,88.6,31.2,87.0,35.0,5,2,"['Red Blend', 'Sagrantino']",Italy,Central Italy,['Montefalco Rosso']
192,Adastra,86.9,39.8,87.0,40.0,9,4,"['Pinot Noir', 'Chardonnay', 'Merlot', 'Red Blend']",US,California,"['Carneros', 'Napa-Sonoma']"
193,Addamo,87.0,37.4,87.0,33.5,10,5,"['Pinot Noir', 'Chardonnay', 'Syrah', 'Grenache', 'Dolcetto']",US,California,"['Santa Maria Valley', 'Central Coast']"
194,Addendum,92.3,93.3,93.0,95.0,3,1,['Cabernet Sauvignon'],US,California,"['Napa Valley', 'Napa']"
195,Addict Wines,85.5,11.0,85.5,11.0,2,2,"['Syrah-Grenache', 'White Blend']",France,Languedoc-Roussillon,['Vin de Pays des Côtes Catalanes']
196,Adega Algueira,90.0,18.0,90.0,18.0,1,1,['Godello'],Spain,Galicia,['Ribeira Sacra']
197,Adega Cachín,89.0,20.5,89.0,20.5,2,2,"['White Blend', 'Mencía']",Spain,Galicia,['Ribeira Sacra']
198,Adega Cooperativa Cadaval,82.0,,82.0,,1,1,['Portuguese Red'],Portugal,Estremadura,[]
199,Adega Cooperativa Cadaval,83.0,,83.0,,1,1,['Moscatel'],Portugal,Lisboa,[]
200,Adega Cooperativa Ponte de Barca,84.2,8.2,83.5,9.0,12,3,"['Loureiro', 'Portuguese White', 'Rosé']",Portugal,Vinho Verde,[]
201,Adega Cooperativa Ponte de Lima,85.8,9.7,85.0,10.0,12,2,"['Loureiro', 'Portuguese White']",Portugal,Vinho Verde,[]
202,Adega Cooperativa da Batalha,84.0,5.0,84.0,5.0,1,1,['Portuguese Red'],Portugal,Portuguese Table Wine,[]
203,Adega Cooperativa de Borba,85.6,10.8,85.0,11.0,20,10,"['Portuguese Red', 'Portuguese White', 'Alvarinho', 'Syrah', 'Verdelho', 'Touriga Nacional', 'Touriga Nacional Blend', 'Alicante Bouschet', 'Alfrocheiro', 'Viognier']",Portugal,Alentejano,[]
204,Adega Cooperativa de Borba,88.1,17.1,88.5,15.0,40,3,"['Portuguese Red', 'Portuguese White', 'Rosé']",Portugal,Alentejo,[]
205,Adega Cooperativa de Borba,88.0,18.0,88.0,18.0,1,1,['Portuguese White'],Portugal,Alenteo,[]
206,Adega Cooperativa de Vila Nova de Tazem,90.0,18.0,90.0,18.0,1,1,['Touriga Nacional'],Portugal,Dão,[]
207,Adega Cooperativa de Vila Real,82.0,,82.0,,1,1,['Portuguese Red'],Portugal,Douro,[]
208,Adega Cooperativa do Cartaxo,86.8,10.5,86.0,10.5,4,3,"['Portuguese Red', 'Touriga Nacional-Cabernet Sauvignon', 'Merlot']",Portugal,Ribatejo,[]
209,Adega Cooperativa do Cartaxo,85.8,9.6,85.0,7.5,49,9,"['Alicante Bouschet', 'Portuguese Sparkling', 'Castelão', 'Portuguese Red', 'Touriga Nacional', 'Trincadeira', 'Portuguese White', 'Rosé', 'Fernão Pires']",Portugal,Tejo,[]
210,Adega Martínez Serantes,88.2,18.0,88.0,17.0,5,1,['Albariño'],Spain,Galicia,['Rías Baixas']
211,Adega Mayor,87.4,33.6,88.0,23.5,17,6,"['Portuguese Red', 'Portuguese Rosé', 'Portuguese White', 'Touriga Nacional', 'Verdelho', 'Alicante Bouschet']",Portugal,Alentejano,[]
212,Adega Mãe,87.7,17.8,88.0,17.0,35,12,"['Portuguese White', 'Rosé', 'Portuguese Red', 'Chardonnay', 'Viognier', 'Sparkling Blend', 'Touriga Nacional', 'Viosinho', 'Alvarinho', 'Petit Verdot', 'Sauvignon Blanc', 'Riesling']",Portugal,Lisboa,[]
213,Adega Mãe,91.0,20.0,91.0,20.0,1,1,['Alvarinho'],Portugal,Portuguese Table Wine,[]
214,Adega Northwest,89.0,36.0,89.0,36.0,1,1,['Cabernet Sauvignon'],US,Washington,"['Columbia Valley (WA)', 'Columbia Valley']"
215,Adega Vila Real,85.6,13.4,86.0,12.5,14,5,"['Portuguese White', 'Portuguese Red', 'Tinta Roriz', 'Touriga Nacional', 'Rosé']",Portugal,Douro,[]
216,Adega Viuva Gomes,90.5,262.5,90.5,262.5,2,2,"['Malvasia', 'Ramisco']",Portugal,Colares,[]
217,Adega de Cantanhede,88.8,35.6,89.5,23.0,14,6,"['Portuguese Red', 'Baga', 'Portuguese White', 'Arinto', 'Baga-Touriga Nacional', 'Portuguese Sparkling']",Portugal,Bairrada,[]
218,Adega de Cantanhede,86.3,12.0,86.0,12.0,3,2,"['Baga', 'Portuguese Sparkling']",Portugal,Beira Atlantico,[]
219,Adega de Favaios,90.0,33.0,90.0,33.0,1,1,['Portuguese Red'],Portugal,Douro,[]
220,Adega de Favaios,89.8,95.0,89.0,137.0,4,1,['Moscatel'],Portugal,Moscatel do Douro,[]
221,Adega de Monção,87.6,13.5,87.0,13.5,9,5,"['Portuguese Red', 'Rosé', 'Alvarinho', 'Portuguese White', 'Portuguese Sparkling']",Portugal,Vinho Verde,[]
222,Adega de Penalva,88.0,27.0,88.0,27.0,1,1,['Touriga Nacional'],Portugal,Dão,[]
223,Adega dos Eidos,89.2,24.5,89.5,23.5,4,1,['Albariño'],Spain,Galicia,['Rías Baixas']
224,Adegas D'Altamira,88.0,21.8,87.0,25.0,5,1,['Albariño'],Spain,Galicia,['Rías Baixas']
225,Adegas Galegas,86.0,22.0,86.0,22.0,1,1,['Albariño'],Spain,Galicia,['Rías Baixas']
226,Adegas Gran Vinum,87.9,24.3,89.0,24.0,15,1,['Albariño'],Spain,Galicia,['Rías Baixas']
227,Adegas Moure,84.3,26.7,84.0,27.0,3,2,"['Red Blend', 'Mencía']",Spain,Galicia,['Ribeira Sacra']
228,Adegas Terra Santa,86.0,21.0,86.0,21.0,1,1,['Albariño'],Spain,Galicia,['Rías Baixas']
229,Adelaida,87.3,37.9,87.0,35.0,101,14,"['Mourvèdre', 'Zinfandel', 'Cabernet Sauvignon', 'Rhône-style Red Blend', 'Syrah', 'Cabernet Sauvignon-Syrah', 'Chardonnay', 'Pinot Noir', 'Rhône-style White Blend', 'Nebbiolo', 'Grenache', 'Viognier', 'Rosé', 'Chenin Blanc']",US,California,"['Paso Robles', 'Central Coast']"
230,Adelaida Cellars,89.3,53.3,90.0,50.0,3,3,"['Rhône-style Red Blend', 'Mourvèdre', 'Syrah']",US,California,"['Adelaida District', 'Central Coast']"
231,Adelsheim,90.7,51.7,91.0,45.0,104,10,"['Pinot Noir', 'Chardonnay', 'Auxerrois', 'Pinot Gris', 'Pinot Blanc', 'Rosé', 'Tocai Friulano', 'Syrah', 'White Blend', 'Pinot Auxerrois']",US,Oregon,"['Willamette Valley', 'Willamette Valley']"
232,Aderezo,89.0,15.0,89.0,15.0,1,1,['Tempranillo'],Spain,Northern Spain,['Ribera del Duero']
233,Adi Badenhorst & Duncan Savage,94.0,,94.0,,1,1,['Rhône-style Red Blend'],South Africa,Swartland,[]
234,Adi Badenhorst & Duncan Savage,92.0,,92.0,,1,1,['White Blend'],South Africa,Western Cape,[]
235,Adirondack Winery,83.0,18.0,83.0,18.0,1,1,['Barbera'],US,America,[]
236,Adirondack Winery,85.4,16.1,85.0,16.0,7,6,"['Rosé', 'Seyval Blanc', 'Syrah', 'Chardonnay', 'Pinot Gris', 'Gewürztraminer']",US,New York,"['New York', 'New York Other']"
237,Adler Fels,84.4,18.2,84.0,15.0,14,5,"['Sauvignon Blanc', 'Gewürztraminer', 'Chardonnay', 'Cabernet Sauvignon', 'Pinot Noir']",US,California,"['Russian River Valley', 'Sonoma']"
238,Admirable Family Vineyard,88.0,54.0,88.0,54.0,2,2,"['Syrah-Merlot', 'Viognier-Chardonnay']",US,California,"['Santa Barbara County', 'Central Coast']"
239,Adobe Creek,83.0,14.0,83.0,14.0,1,1,['Pinot Gris'],US,California,"['Sonoma County', 'Sonoma']"
240,Adobe Road,85.2,37.3,84.0,39.0,15,7,"['Zinfandel', 'Syrah', 'Cabernet Franc', 'Cabernet Sauvignon', 'Petite Sirah', 'Pinot Noir', 'Rosé']",US,California,"['Dry Creek Valley', 'Sonoma']"
241,Adolf & Heinrich Fuchs,84.3,,84.0,,3,3,"['Grüner Veltliner', 'Gewürztraminer', 'Muskat Ottonel']",Austria,Burgenland,[]
242,Adolf & Heinrich Fuchs,83.0,,83.0,,1,1,['Grüner Veltliner'],Austria,Neusiedlersee,[]
243,Adolf & Heinrich Fuchs,87.0,20.0,87.0,20.0,1,1,['Sauvignon Blanc'],Austria,South Styria,[]
244,Adolf & Heinrich Fuchs,84.0,16.0,84.0,16.0,5,5,"['Welschriesling', 'Gelber Muskateller', 'Chardonnay', 'Weissburgunder', 'Gewürztraminer']",Austria,Südsteiermark,[]
245,Adolph Mueller,86.0,13.0,86.0,13.0,1,1,['Riesling'],Germany,Mosel,[]
246,Adoquin,88.0,10.0,88.0,10.0,2,2,"['Malbec', 'Cabernet Sauvignon']",Argentina,Mendoza Province,['Mendoza']
247,Adria Vini,85.0,12.0,85.0,12.0,1,1,['Pinot Grigio'],Italy,Lombardy,['Provincia di Pavia']
248,Adria Vini,84.0,11.0,84.0,11.0,1,1,['Glera'],Italy,Veneto,['Prosecco']
249,Adrian Fog,85.3,75.0,83.0,75.0,3,1,['Pinot Noir'],US,California,"['Mendocino County', 'Mendocino/Lake Counties']"
250,Adriano Marco & Vittorio,90.5,30.4,91.0,30.0,17,3,"['Nebbiolo', 'Moscato', 'Barbera']",Italy,Piedmont,['Barbaresco']
251,Adrás,86.2,19.0,87.0,19.0,4,2,"['Mencía', 'Godello']",Spain,Galicia,['Ribeira Sacra']
252,Adzic,89.0,20.0,89.0,20.0,1,1,['Graševina'],Croatia,Kutjevo,[]
253,Aequorea,93.2,41.0,93.0,42.0,4,2,"['Pinot Gris', 'Pinot Noir']",US,California,"['San Luis Obispo County', 'Central Coast']"
254,Aesthete,93.0,55.0,93.0,55.0,1,1,['Sauvignon Blanc'],US,California,"['Bennett Valley', 'Sonoma']"
255,Aether Wine Company,94.0,46.8,94.0,43.0,4,2,"['Pinot Noir', 'Chardonnay']",US,California,"['Sta. Rita Hills', 'Central Coast']"
256,Affaire de Coeur,88.0,45.0,88.0,45.0,2,1,['Pinot Noir'],US,California,"['Santa Lucia Highlands', 'Central Coast']"
257,African Passion,85.0,9.0,85.0,9.0,1,1,['Cabernet Sauvignon'],South Africa,Western Cape,[]
258,Afton Mountain,84.0,28.0,84.0,28.0,1,1,['Red Blend'],US,Virginia,['Virginia']
259,Agate Ridge,83.4,24.4,83.0,23.0,17,10,"['Pinot Gris', 'Cabernet Sauvignon', 'Viognier', 'Petite Sirah', 'Marsanne-Roussanne', 'Pinot Noir', 'Grenache', 'Red Blend', 'Syrah', 'Semillon-Sauvignon Blanc']",US,Oregon,"['Rogue Valley', 'Southern Oregon']"
260,Ager Falernus,87.0,50.0,87.0,50.0,1,1,['Red Blend'],Italy,Southern Italy,['Falerno del Massico']
261,Agly Brothers,90.0,45.0,90.0,45.0,2,1,['Rhône-style Red Blend'],France,Languedoc-Roussillon,['Côtes du Roussillon']
262,Agnanum,87.0,20.0,87.0,20.0,1,1,['Piedirosso'],Italy,Southern Italy,['Campi Flegrei']
263,Agness,85.0,18.0,85.0,18.0,1,1,['Riesling'],US,New York,"['Finger Lakes', 'Finger Lakes']"
264,Agnitio,88.7,60.0,88.0,60.0,3,2,"['Chardonnay', 'Pinot Noir']",US,California,"['Sonoma Coast', 'Sonoma']"
265,Agnusdei,88.0,17.0,88.0,17.0,1,1,['Albariño'],Spain,Galicia,['Rías Baixas']
266,Agostina Pieri,87.5,45.3,87.0,50.0,11,2,"['Sangiovese', 'Sangiovese Grosso']",Italy,Tuscany,['Brunello di Montalcino']
267,Agostino Bosco,90.4,48.0,91.0,50.0,7,2,"['Nebbiolo', 'Barbera']",Italy,Piedmont,['Barolo']
268,Agostino Pavia & Figli,89.5,25.5,89.5,25.5,2,1,['Barbera'],Italy,Piedmont,"[""Barbera d'Asti Superiore""]"
269,Agostino Vicentini,85.5,17.0,85.5,17.0,2,1,['Garganega'],Italy,Veneto,['Soave']
270,Agrapart & Fils,89.9,67.0,90.0,60.0,9,2,"['Chardonnay', 'Champagne Blend']",France,Champagne,['Champagne']
271,Agrest de Guitard,82.0,10.0,82.0,10.0,1,1,['Cabernet Sauvignon-Merlot'],Spain,Catalonia,['Penedès']
272,Agribergidvm,83.3,12.0,84.0,10.0,3,2,"['Mencía', 'Godello']",Spain,Northern Spain,['Bierzo']
273,Agricola Bellaria,86.2,24.8,86.0,22.0,5,4,"['Fiano', 'Greco', 'Falanghina', 'Coda di Volpe']",Italy,Southern Italy,['Fiano di Avellino']
274,Agricola Castellana,85.5,13.7,86.5,13.0,6,2,"['Verdejo', 'White Blend']",Spain,Northern Spain,['Rueda']
275,Agricola Falset-Marca,88.0,22.2,88.0,22.5,8,3,"['Red Blend', 'Grenache', 'Garnacha']",Spain,Catalonia,['Montsant']
276,Agricola Pace,87.0,19.0,87.0,19.0,1,1,['Arneis'],Italy,Piedmont,['Roero']
277,Agricola Pugliano,87.0,,87.0,,2,2,"['Sangiovese', 'Red Blend']",Italy,Tuscany,['Chianti']
278,Agricola Punica,90.4,42.1,90.0,35.0,10,2,"['Red Blend', 'White Blend']",Italy,Sicily & Sardinia,['Isola dei Nuraghi']
279,Agricola Querciabella,89.8,74.6,90.0,78.0,20,3,"['Red Blend', 'White Blend', 'Sangiovese']",Italy,Tuscany,['Toscana']
280,Agricola Sulin,87.5,18.0,87.5,18.0,2,1,['Barbera'],Italy,Piedmont,['Barbera del Monferrato Superiore']
281,Agricola Tamburini,88.5,13.0,88.5,13.0,2,1,['Red Blend'],Italy,Tuscany,['Chianti']
282,Agricola Uzzano,88.0,,88.0,,1,1,['Sangiovese'],Italy,Tuscany,['Chianti Classico']
283,Agricole Vallone,86.4,29.7,86.0,17.0,7,2,"['Red Blend', 'Negroamaro']",Italy,Southern Italy,['Salice Salentino']
284,Agricoltori del Chianti Geografico,87.2,20.6,87.0,17.0,14,4,"['Merlot', 'Red Blend', 'Sangiovese', 'Vernaccia']",Italy,Tuscany,['Toscana']
285,Agrina,86.5,15.5,86.5,15.5,2,2,"['Portuguiser', 'Blauer Portugieser']",Serbia,Fruška Gora,[]
286,Agrinatura,85.8,19.2,86.0,15.0,9,4,"['Red Blend', 'Uva di Troia', 'Chardonnay', 'Bombino Bianco']",Italy,Southern Italy,['Castel del Monte']
287,Agrisole,86.7,37.7,87.0,38.0,3,3,"['Malvasia Nera', 'Sangiovese', 'Colorino']",Italy,Tuscany,['Toscana']
288,Agro de Bazán,83.3,22.3,83.0,19.0,3,1,['Albariño'],Spain,Galicia,['Rías Baixas']
289,Agro de Bazán,85.0,20.0,85.0,20.0,1,1,['Bobal'],Spain,Levante,['Utiel-Requena']
290,AgroArgento,87.3,13.0,87.0,13.0,3,3,"['Red Blend', 'Grillo', ""Nero d'Avola""]",Italy,Sicily & Sardinia,['Sicilia']
291,Agrolaguna,87.5,17.0,87.5,17.0,2,2,"['Red Blend', 'Muscat']",Croatia,Istria,[]
292,Agros,84.5,17.0,84.5,17.0,2,1,['Assyrtico'],Greece,Santorini,[]
293,Agrícola Labastida,89.2,33.0,89.0,21.5,6,1,['Tempranillo'],Spain,Northern Spain,['Rioja']
294,Aguijón De Abeja,87.2,22.0,86.5,16.0,4,3,"['Bonarda', 'Malbec', 'Cabernet Sauvignon']",Argentina,Other,['Argentina']
295,Aguirre,83.0,10.5,83.0,10.5,2,2,"['Chardonnay', 'Cabernet Sauvignon-Merlot']",Chile,Central Valley,[]
296,Aguirre,82.8,10.4,83.0,9.0,5,4,"['Cabernet Sauvignon-Syrah', 'Sauvignon Blanc', 'Cabernet Sauvignon', 'Chardonnay']",Chile,Maule Valley,[]
297,Aguma,86.0,32.0,86.0,32.0,2,2,"['Cabernet Sauvignon', 'Malbec']",Argentina,Other,['San Juan']
298,Agustinos,86.2,16.2,87.0,16.5,4,1,['Cabernet Sauvignon'],Chile,Aconcagua Valley,[]
299,Agustinos,85.8,14.3,86.0,13.0,15,4,"['Chardonnay', 'Pinot Noir', 'Sauvignon Blanc', 'Malbec']",Chile,Bío Bío Valley,[]
300,Agustinos,85.0,8.0,85.0,8.0,1,1,['Chardonnay'],Chile,Cachapoal Valley,[]
301,Agustinos,86.5,19.8,86.5,14.5,4,2,"['Cabernet Sauvignon', 'Carmenère']",Chile,Maipo Valley,[]
302,Agustinos,86.3,13.0,86.0,13.0,3,2,"['Cabernet Sauvignon-Carmenère', 'Carmenère']",Chile,Rapel Valley,[]
303,Agustí Torelló,89.8,66.8,90.0,68.5,4,1,['Sparkling Blend'],Spain,Catalonia,['Cava']
304,Agustí Torelló Mata,89.4,41.2,90.0,32.5,18,5,"['Trepat', 'Sparkling Blend', 'Macabeo', 'Xarel-lo', 'Malvasia']",Spain,Catalonia,['Cava']
305,Agustín Cubero,81.2,10.4,81.0,10.0,5,3,"['Syrah', 'Garnacha', 'Macabeo']",Spain,Northern Spain,['Calatayud']
306,Ahlgren,86.8,32.8,87.5,34.0,4,2,"['Cabernet Franc', 'Cabernet Sauvignon']",US,California,"['Santa Cruz Mountains', 'Central Coast']"
307,Ahnfeldt,87.6,42.6,88.0,45.0,5,3,"['Merlot', 'Cabernet Sauvignon', 'Bordeaux-style Red Blend']",US,California,"['Napa Valley', 'Napa']"
308,Aia Vecchia,89.5,26.8,88.5,25.5,10,1,['Red Blend'],Italy,Tuscany,['Bolgheri Superiore']
309,Aidura,85.0,22.0,85.0,22.0,2,1,['White Blend'],Spain,Northern Spain,['Getariako Txakolina']
310,Aigner,91.0,18.5,91.0,16.5,7,2,"['Grüner Veltliner', 'Riesling']",Austria,Kremstal,[]
311,Aiken,90.4,98.6,91.0,125.0,14,2,"['Cabernet Sauvignon', 'Pinot Noir']",US,California,"['Oakville', 'Napa']"
312,Aila,86.0,16.0,86.0,16.0,2,2,"['Sauvignon Blanc', 'Pinot Noir']",Chile,Leyda Valley,[]
313,Aile d'Argent,87.0,,87.0,,1,1,['Bordeaux-style White Blend'],France,Bordeaux,['Bordeaux Blanc']
314,Aimé Roquesante,86.0,12.0,86.0,12.0,3,1,['Rosé'],France,Provence,['Côtes de Provence']
315,Airfield Estates,87.0,20.7,87.0,18.0,93,22,"['Rosé', 'Merlot', 'Riesling', 'Tempranillo', 'Cabernet Sauvignon', 'Rhône-style White Blend', 'Bordeaux-style Red Blend', 'Pinot Noir', 'Chardonnay', 'White Blend', 'Syrah', 'Sauvignon Blanc', 'Rhône-style Red Blend', 'Sauvignon Blanc-Semillon', 'Gewürztraminer', 'Red Blend', 'Chardonnay-Viognier', 'Pinot Gris', 'Dolcetto', 'Sémillon', 'Zinfandel', 'Viognier']",US,Washington,"['Yakima Valley', 'Columbia Valley']"
316,Airlie,86.6,15.7,87.0,14.0,31,8,"['Chardonnay', 'Gewürztraminer', 'Pinot Noir', 'White Blend', 'Pinot Gris', 'Riesling', 'Müller-Thurgau', 'Maréchal Foch']",US,Oregon,"['Willamette Valley', 'Willamette Valley']"
317,Aitor Ider Balbo,82.0,8.0,82.0,8.0,1,1,['Cabernet Sauvignon-Malbec'],Argentina,Mendoza Province,['Mendoza']
318,Aje,86.5,45.0,86.5,45.0,2,1,['Cabernet Sauvignon'],US,California,"['Alexander Valley', 'Sonoma']"
319,Ajello,87.0,,87.0,,1,1,['Red Blend'],Italy,Sicily & Sardinia,['Sicilia']
320,Akarua,89.0,53.5,89.5,37.5,6,2,"['Pinot Noir', 'Sparkling Blend']",New Zealand,Central Otago,[]
321,Al,88.0,8.0,88.0,8.0,1,1,['Sauvignon Blanc'],US,California,"['Monterey County', 'Central Coast']"
322,Al Zagal,87.0,15.0,87.0,15.0,1,1,['Red Blend'],Spain,Andalucia,['Vino de la Tierra Altiplano de Sierra Nevada']
323,Al-Cantàra,88.4,22.7,88.5,23.0,8,5,"['Pinot Nero', 'Red Blend', 'Nerello Cappuccio', 'White Blend', 'Nerello Mascalese']",Italy,Sicily & Sardinia,['Sicilia']
324,Alabanza,89.0,40.0,89.0,40.0,1,1,['Tempranillo Blend'],Spain,Northern Spain,['Rioja']
325,Alain Brumont,91.1,22.6,92.0,20.0,27,9,"['Tannat-Merlot', 'Tannat', 'Tannat-Cabernet Franc', 'Red Blend', 'Tannat-Cabernet', 'Petit Manseng', 'White Blend', 'Merlot-Tannat', 'Petit Courbu']",France,Southwest France,['Côtes de Gascogne']
326,Alain Girard et Fils,87.7,29.3,88.0,29.0,3,3,"['Pinot Noir', 'Rosé', 'Sauvignon Blanc']",France,Loire Valley,['Sancerre']
327,Alain Graillot,92.0,,92.0,,1,1,['Syrah'],France,Rhône Valley,['Crozes-Hermitage']
328,Alain Gras,88.0,22.0,88.0,22.0,1,1,['Pinot Noir'],France,Burgundy,['St.-Romain']
329,Alain Jaume et Fils,89.1,34.6,89.5,25.0,42,6,"['Rhône-style Red Blend', 'Rosé', 'Rhône-style White Blend', 'Viognier', 'Syrah-Grenache', 'Roussanne']",France,Rhône Valley,['Côtes du Rhône']
330,Alain Paret,87.0,15.0,87.0,15.0,1,1,['Syrah'],France,Rhône Valley,['Côtes du Rhône']
331,Alain Poulet,84.0,12.0,84.0,12.0,1,1,['Sparkling Blend'],France,Rhône Valley,['Clairette de Die Méthode Dioise Ancestrale']
332,Alain Voge,89.9,49.3,89.5,42.0,8,3,"['Marsanne', 'Syrah', 'Rhône-style White Blend']",France,Rhône Valley,['Saint-Péray']
333,Alamos,86.4,13.8,87.0,13.0,31,8,"['Cabernet Sauvignon', 'Chardonnay', 'Malbec', 'Bonarda', 'Red Blend', 'Merlot', 'Pinot Noir', 'Torrontés']",Argentina,Mendoza Province,['Mendoza']
334,Alamos,85.7,12.7,85.0,13.0,3,1,['Torrontés'],Argentina,Other,['Salta']
335,Alan de Val,85.0,17.0,85.0,17.0,1,1,['Mencía'],Spain,Northern Spain,['Valdeorras']
336,Alana Estate,88.0,20.0,88.0,20.0,1,1,['Sauvignon Blanc'],New Zealand,Marlborough,[]
337,Alana Estate,89.2,34.5,89.0,32.0,5,2,"['Pinot Noir', 'Chardonnay']",New Zealand,Martinborough,[]
338,Alapay,88.3,22.0,88.0,22.0,3,3,"['Chardonnay', 'Pinot Noir', 'Viognier']",US,California,"['Edna Valley', 'Central Coast']"
339,Alaverdi,81.7,12.3,82.0,11.0,3,1,['Saperavi'],Georgia,Kakheti,[]
340,Alaverdi Monastery Cellar,92.0,25.0,92.0,25.0,1,1,['Rkatsiteli'],Georgia,Kakheti,[]
341,Alba,84.0,10.0,84.0,10.0,1,1,['Tempranillo'],Spain,Central Spain,['Valdepeñas']
342,Alba,85.0,20.0,85.0,20.0,1,1,['White Blend'],US,America,[]
343,Alba,83.8,16.2,84.0,14.5,4,3,"['Riesling', 'Chambourcin', 'Red Blend']",US,New Jersey,['New Jersey']
344,Alba Roja,83.3,13.0,83.0,13.0,3,3,"['White Blend', 'Malbec', 'Red Blend']",Argentina,Mendoza Province,['Mendoza']
345,Albada,82.5,10.0,82.5,10.0,2,2,"['Macabeo', 'Garnacha']",Spain,Northern Spain,['Calatayud']
346,Albamar,83.0,12.0,82.5,12.0,4,2,"['Chardonnay', 'Sauvignon Blanc']",Chile,Casablanca Valley,[]
347,Albamar,85.0,12.0,85.0,12.0,1,1,['Cabernet Sauvignon'],Chile,Central Valley,[]
348,Alban,91.6,28.5,91.0,28.5,7,3,"['Syrah', 'Grenache', 'Roussanne']",US,California,"['Edna Valley', 'Central Coast']"
349,Albatreti,85.5,30.0,85.5,30.0,2,1,['Sangiovese'],Italy,Tuscany,['Brunello di Montalcino']
350,Albatross Ridge,93.0,52.5,93.5,55.0,6,2,"['Pinot Noir', 'Chardonnay']",US,California,"['Carmel Valley', 'Central Coast']"
351,Albemarle,85.0,16.0,85.0,16.0,2,2,"['Rosé', 'Bordeaux-style Red Blend']",US,Virginia,['Monticello']
352,Albeno Munari,84.9,19.6,84.5,22.0,10,9,"['Syrah', 'Grenache', 'Petite Sirah', 'Cabernet Sauvignon', 'Marsanne-Roussanne', 'Chardonnay', 'Tempranillo', 'Merlot', 'Pinot Noir']",US,California,"['Calaveras County', 'Sierra Foothills']"
353,Alberice,85.2,23.0,85.0,25.0,5,3,"['Chardonnay', 'Sauvignon', 'Pinot Grigio']",Italy,Northeastern Italy,['Colli Orientali del Friuli']
354,Albert Besombes,84.0,11.0,84.0,11.0,2,2,"['Sauvignon Blanc', 'Sparkling Blend']",France,Loire Valley,['Touraine']
355,Albert Bichot,86.3,15.2,85.0,13.0,7,1,['Gamay'],France,Beaujolais,['Beaujolais-Villages']
356,Albert Bichot,91.0,106.7,92.0,80.0,143,3,"['Pinot Noir', 'Chardonnay', 'Champagne Blend']",France,Burgundy,['Pommard']
357,Albert Morot,91.9,64.4,92.0,65.0,19,2,"['Pinot Noir', 'Chardonnay']",France,Burgundy,['Beaune']
358,Alberti 154,84.3,12.7,84.0,13.0,15,5,"['Syrah', 'Cabernet Sauvignon', 'Malbec', 'Merlot', 'Tempranillo']",Argentina,Mendoza Province,['Luján de Cuyo']
359,Alberti 154,87.0,13.0,87.0,13.0,1,1,['Torrontés'],Argentina,Other,['Salta']
360,Albertina,85.4,25.6,86.0,26.0,5,3,"['Cabernet Franc', 'Cabernet Sauvignon', 'Merlot']",US,California,"['Mendocino', 'Mendocino/Lake Counties']"
361,Alberto Furque,87.5,15.5,87.5,15.5,2,2,"['Malbec', 'Red Blend']",Argentina,Mendoza Province,['Uco Valley']
362,Alberto Longo,88.2,23.7,87.5,22.0,10,6,"['Nero di Troia', 'Red Blend', 'Negroamaro', 'Primitivo', 'Falanghina', 'Uva di Troia']",Italy,Southern Italy,['Puglia']
363,Alberto Nani,85.0,18.0,85.0,18.0,1,1,['Glera'],Italy,Veneto,['Prosecco']
364,Alberto Oggero,89.0,,89.0,,1,1,['Nebbiolo'],Italy,Piedmont,['Roero']
365,Alberto Orte,88.0,36.0,88.0,36.0,1,1,['Monastrell'],Spain,Levante,['Yecla']
366,Alberto Orte,88.0,28.3,89.0,24.0,3,2,"['White Blend', 'Red Blend']",Spain,Northern Spain,['Rioja']
367,Alberto Voerzio,91.0,70.0,91.0,70.0,1,1,['Nebbiolo'],Italy,Piedmont,['Barolo']
368,Albet I Noya,86.1,16.3,86.5,15.0,20,7,"['Sparkling Blend', 'Xarel-lo', 'Tempranillo Blend', 'Red Blend', 'White Blend', 'Tempranillo-Garnacha', 'Macabeo']",Spain,Catalonia,['Penedès']
369,Albinea Canali,84.0,13.0,84.0,13.0,1,1,['Lambrusco'],Italy,Central Italy,"[""Lambrusco dell'Emilia""]"
370,Albino Armani,86.5,47.0,86.5,47.0,2,2,"['Red Blend', 'Sparkling Blend']",Italy,Northeastern Italy,['Trentino']
371,Albino Armani,87.3,29.0,87.0,20.0,16,5,"['Garganega', 'Corvina, Rondinella, Molinara', 'Red Blend', 'Glera', 'Pinot Grigio']",Italy,Veneto,['Soave']
372,Albino Piona,87.5,16.0,87.5,16.0,2,2,"['Red Blend', 'Rosé']",Italy,Veneto,['Bardolino']
373,Albino Rocca,91.7,58.4,92.0,55.0,26,2,"['Nebbiolo', 'Barbera']",Italy,Piedmont,['Barbaresco']
374,Albis,90.0,55.0,90.0,55.0,1,1,['Cabernet Sauvignon-Carmenère'],Chile,Maipo Valley,[]
375,Albola,85.0,12.0,85.0,12.0,1,1,['Pinot Grigio'],Italy,Northeastern Italy,['Friuli Aquileia']
376,Alcance,92.0,50.0,92.0,50.0,1,1,['Red Blend'],Chile,Maipo Valley,[]
377,Alcance,88.5,25.8,87.5,23.0,4,4,"['Carignan', 'Carmenère', 'Merlot', 'Cabernet Sauvignon']",Chile,Maule Valley,[]
378,Alcardet,86.3,34.0,86.0,30.0,3,3,"['Sparkling Blend', 'White Blend', 'Rosé']",Spain,Central Spain,['La Mancha']
379,Alceño,88.0,13.2,89.0,13.0,5,3,"['Syrah', 'Red Blend', 'Rosé']",Spain,Levante,['Jumilla']
380,Alchemist,88.4,27.2,88.5,28.0,8,2,"['Pinot Noir', 'Chardonnay']",US,Oregon,"['Willamette Valley', 'Willamette Valley']"
381,Alchemy Wine Productions,83.0,23.5,83.0,23.5,2,2,"['Grenache', 'Syrah']",US,California,"['Santa Ynez Valley', 'Central Coast']"
382,Aldegheri,87.3,37.8,87.0,20.0,23,6,"['Corvina, Rondinella, Molinara', 'Red Blend', 'White Blend', 'Pinot Grigio', 'Trebbiano', 'Rosé']",Italy,Veneto,['Amarone della Valpolicella Classico']
383,Alder Fels,88.0,20.0,88.0,20.0,1,1,['Chardonnay'],US,California,"['California', 'California Other']"
384,Alder Ridge,89.8,31.9,90.0,30.0,8,2,"['Cabernet Sauvignon', 'Malbec']",US,Washington,"['Horse Heaven Hills', 'Columbia Valley']"
385,Alder Springs,89.8,37.4,90.0,38.5,8,6,"['Chardonnay', 'Rhône-style White Blend', 'White Blend', 'Red Blend', 'Rhône-style Red Blend', 'Syrah']",US,California,"['Mendocino', 'Mendocino/Lake Counties']"
386,Alderbrook,87.1,24.4,87.0,24.0,20,5,"['Pinot Noir', 'Chardonnay', 'Zinfandel', 'Sauvignon Blanc', 'Syrah']",US,California,"['Russian River Valley', 'Sonoma']"
387,Aldo Clerico,87.3,44.3,87.0,48.0,3,2,"['Nebbiolo', 'Barbera']",Italy,Piedmont,['Barolo']
388,Aldo Conterno,92.8,115.0,93.0,100.0,6,1,['Nebbiolo'],Italy,Piedmont,['Barolo']
389,Aldo Polencic,92.0,52.0,92.0,52.0,1,1,['Pinot Bianco'],Italy,Northeastern Italy,['Collio']
390,Aldonia,89.0,27.7,90.0,25.0,3,1,['Tempranillo Blend'],Spain,Northern Spain,['Rioja']
391,Aldor,83.0,11.0,83.0,11.0,2,1,['Verdejo'],Spain,Northern Spain,['Rueda']
392,Alegra,88.0,20.0,88.0,20.0,1,1,['Tempranillo'],Spain,Northern Spain,['Ribera del Duero']
393,Aleksander,94.5,85.0,94.5,85.0,2,1,['Bordeaux-style Red Blend'],US,California,"['Paso Robles', 'Central Coast']"
394,Alente,87.0,10.0,87.0,10.0,1,1,['Portuguese White'],Portugal,Alentejano,[]
395,Alente,87.1,12.4,86.0,10.0,9,3,"['Portuguese Red', 'Portuguese White', 'Rosé']",Portugal,Alentejo,[]
396,Alentex,84.7,,85.0,,3,2,"['Portuguese White', 'Portuguese Red']",Portugal,Alentejo,[]
397,Aleo,87.0,16.0,87.0,16.0,1,1,['Tempranillo'],Spain,Northern Spain,['Vino de la Tierra de Castilla y León']
398,Aleph,88.0,25.0,88.0,25.0,1,1,['Cabernet Sauvignon'],Argentina,Mendoza Province,['Mendoza']
399,Alessandro Rivetto,89.4,42.0,89.0,42.5,7,2,"['Nebbiolo', 'Barbera']",Italy,Piedmont,['Barolo']
400,Alessandro Speri,86.0,22.5,86.0,22.5,2,1,['Malbec'],Argentina,Mendoza Province,['Mendoza']
401,Alessandro Tofanari,89.0,21.0,89.0,21.0,1,1,['Vernaccia'],Italy,Tuscany,['Vernaccia di San Gimignano']
402,Alessandro Veglio,87.0,,87.0,,1,1,['Nebbiolo'],Italy,Piedmont,['Barolo']
403,Alessandro di Camporeale,87.5,20.4,87.5,18.0,16,5,"['Grillo', ""Nero d'Avola"", 'Syrah', 'Catarratto', 'Sauvignon']",Italy,Sicily & Sardinia,['Sicilia']
404,Alessio Komjanc,88.3,16.0,89.0,16.0,3,2,"['Friulano', 'Pinot Grigio']",Italy,Northeastern Italy,['Collio']
405,Aletta,85.0,8.5,85.0,8.5,2,1,['Garnacha'],Spain,Northern Spain,['Campo de Borja']
406,Alex,82.0,11.0,82.0,11.0,1,1,['Viura'],Spain,Northern Spain,['Navarra']
407,Alex Gambal,90.7,71.1,91.0,61.0,46,4,"['Pinot Noir', 'Chardonnay', 'Pinot Blanc', 'Aligoté']",France,Burgundy,['Clos de Vougeot']
408,Alexana,91.0,42.1,91.0,32.0,7,3,"['Riesling', 'Pinot Noir', 'Pinot Gris']",US,Oregon,"['Dundee Hills', 'Willamette Valley']"
409,Alexander,88.2,44.8,88.5,36.0,10,7,"['Cabernet Franc', 'Cabernet Sauvignon', 'Syrah', 'Cabernet Sauvignon-Merlot-Shiraz', 'Merlot', 'Cabernet Sauvignon-Merlot', 'Chardonnay']",Israel,Galilee,[]
410,Alexander,89.5,97.5,89.5,97.5,2,1,['Red Blend'],Israel,Israel,[]
411,Alexander Valley Vineyards,86.7,28.0,86.0,20.0,59,12,"['Chardonnay', 'Syrah', 'Gewürztraminer', 'Cabernet Franc', 'Pinot Noir', 'Chenin Blanc', 'Cabernet Sauvignon', 'Bordeaux-style Red Blend', 'Zinfandel', 'Rosé', 'Merlot', 'Cabernet Blend']",US,California,"['Alexander Valley', 'Sonoma']"
412,Alexander the Grape,88.5,50.0,88.5,50.0,2,2,"['Sémillon', 'Red Blend']",US,Washington,"['Red Mountain', 'Columbia Valley']"
413,Alexander-Smith,89.0,55.0,89.0,55.0,2,2,"['Chardonnay', 'Pinot Noir']",US,California,"['Santa Lucia Highlands', 'Central Coast']"
414,Alexanderfontein,88.0,10.0,88.0,10.0,1,1,['Chenin Blanc'],South Africa,Coastal Region,[]
415,Alexandra Wine Company,88.0,20.0,88.0,20.0,1,1,['Riesling'],New Zealand,Central Otago,[]
416,Alexandre Monmousseau,89.8,23.0,90.0,25.0,4,2,"['Chenin Blanc', 'Chenin Blanc-Chardonnay']",France,Loire Valley,['Vouvray']
417,Alexandria Nicole,88.9,28.2,89.0,25.0,58,21,"['Cabernet Sauvignon', 'Merlot', 'White Blend', 'Viognier', 'Red Blend', 'Syrah', 'Malbec', 'Bordeaux-style Red Blend', 'Pinot Gris', 'Marsanne', 'Roussanne', 'Petite Sirah', 'Grenache', 'Rhône-style White Blend', 'Lemberger', 'Sauvignon Blanc', 'Riesling', 'Tempranillo', 'Petit Verdot', 'Cabernet Franc', 'Chardonnay']",US,Washington,"['Horse Heaven Hills', 'Columbia Valley']"
418,Alexandros Megapanos,86.0,28.0,86.0,28.0,1,1,['Agiorgitiko'],Greece,Nemea,[]
419,Alexis Sauvion,85.0,,85.0,,1,1,['Melon'],France,Loire Valley,['Muscadet']
420,Alfaro Family,83.0,31.7,84.0,35.0,3,2,"['Pinot Noir', 'Chardonnay']",US,California,"['Santa Cruz Mountains', 'Central Coast']"
421,Alfasi,83.4,8.2,84.0,8.0,5,4,"['Sauvignon Blanc', 'Merlot', 'Chardonnay', 'Cabernet Sauvignon']",Chile,Maule Valley,[]
422,Alfonso Boeri,87.5,21.0,87.5,21.0,2,1,['Barbera'],Italy,Piedmont,"[""Barbera d'Asti Superiore""]"
423,Alfred Gratien,91.2,96.2,91.5,97.0,12,2,"['Champagne Blend', 'Chardonnay']",France,Champagne,['Champagne']
424,Alfredo Roca,84.8,14.4,85.0,13.0,31,10,"['Chenin Blanc-Chardonnay', 'Chardonnay', 'Malbec', 'Cabernet Sauvignon', 'Pinot Noir', 'Sauvignon Blanc', 'Malbec-Merlot', 'Bonarda', 'Tocai', 'Chenin Blanc']",Argentina,Mendoza Province,['Mendoza']
425,Algairen,85.0,17.0,84.0,18.0,3,1,['Garnacha'],Spain,Northern Spain,['Cariñena']
426,Algodon,88.3,26.7,89.0,22.0,3,3,"['Red Blend', 'Malbec', 'Cabernet Sauvignon-Syrah']",Argentina,Mendoza Province,['San Rafael']
427,Alheit,90.0,100.0,90.0,100.0,1,1,['Chenin Blanc'],South Africa,Olifants River,[]
428,Alheit,91.0,100.0,91.0,100.0,1,1,['Chenin Blanc'],South Africa,Western Cape,[]
429,Alias,84.4,9.8,84.0,10.0,11,6,"['Chardonnay', 'Merlot', 'Cabernet Sauvignon', 'Red Blend', 'Pinot Noir', 'Sauvignon Blanc']",US,California,"['California', 'California Other']"
430,Alice White,83.8,7.3,84.0,7.0,18,8,"['Chardonnay', 'Cabernet Sauvignon', 'Riesling', 'Pinot Noir', 'Cabernet Sauvignon-Shiraz', 'Shiraz', 'Merlot', 'Semillon-Chardonnay']",Australia,Australia Other,['South Eastern Australia']
431,Alidis,89.3,54.4,90.0,56.0,25,1,['Tempranillo'],Spain,Northern Spain,['Ribera del Duero']
432,Alienor,90.7,56.8,92.0,65.0,6,3,"['Bordeaux-style Red Blend', 'Syrah', 'Sauvignon Blanc']",US,California,"['Lake County', 'Mendocino/Lake Counties']"
433,Aliento Del Sol,88.0,27.0,88.0,27.0,2,2,"['Pinot Noir', 'Chardonnay']",US,California,"['Santa Lucia Highlands', 'Central Coast']"
434,Alion,90.6,86.0,91.0,90.0,7,3,"['Tempranillo', 'Tinto del Pais', 'Tempranillo Blend']",Spain,Northern Spain,['Ribera del Duero']
435,Alita,84.2,10.0,84.0,10.0,4,1,['Sparkling Blend'],Lithuania,Lithuania,[]
436,Aljibes,87.4,31.8,88.0,24.0,10,5,"['Red Blend', 'Cabernet Franc', 'Sauvignon Blanc-Chardonnay', 'Bordeaux-style Red Blend', 'Syrah']",Spain,Central Spain,['Vino de la Tierra de Castilla']
437,Alkoomi,85.9,16.5,86.5,16.5,10,8,"['Riesling', 'Shiraz-Viognier', 'Shiraz', 'Cabernet Sauvignon', 'White Blend', 'Sauvignon Blanc', 'Red Blend', 'Chardonnay']",Australia,Western Australia,['Frankland River']
438,All About Red,89.0,13.0,89.0,13.0,1,1,['Red Blend'],US,California,"['California', 'California Other']"
439,Allan Scott,86.0,16.9,86.5,15.0,14,4,"['Pinot Noir', 'Sauvignon Blanc', 'Chardonnay', 'Riesling']",New Zealand,Marlborough,[]
440,Allandale,88.4,15.6,89.0,15.0,5,3,"['Shiraz', 'Chardonnay', 'Sémillon']",Australia,New South Wales,['Hunter Valley']
441,Allegiance,90.0,36.0,90.0,36.0,1,1,['Cabernet Sauvignon'],US,California,"['Napa Valley', 'Napa']"
442,Allegorie,92.0,32.0,92.0,32.0,1,1,['Tempranillo'],US,California,"['Calaveras County', 'Sierra Foothills']"
443,Allegrini,86.0,12.0,86.0,12.0,1,1,['Pinot Grigio'],Italy,Northeastern Italy,['Delle Venezie']
444,Allegrini,89.6,49.4,90.0,43.5,32,5,"['Corvina, Rondinella, Molinara', 'Red Blend', 'White Blend', 'Corvina', 'Garganega']",Italy,Veneto,['Valpolicella']
445,Alleromb,90.6,62.8,91.0,65.0,13,7,"['Chardonnay', 'Cabernet Sauvignon', 'Grenache', 'Rhône-style Red Blend', 'Malbec', 'Bordeaux-style Red Blend', 'Syrah']",US,Washington,"['Columbia Valley (WA)', 'Columbia Valley']"
446,Allesverloren,86.0,22.0,86.0,22.0,1,1,['Cabernet Sauvignon'],South Africa,Swartland,[]
447,Alliance Loire,85.0,13.0,85.0,13.0,21,5,"['Chenin Blanc', 'Melon', 'Sauvignon Blanc', 'Rosé', 'Cabernet Franc']",France,Loire Valley,['Vouvray']
448,Alliata,87.5,30.0,87.5,30.0,2,1,"[""Nero d'Avola""]",Italy,Sicily & Sardinia,['Terre Siciliane']
449,Allimant-Laugner,88.8,18.6,89.0,18.0,22,8,"['Pinot Blanc', 'Pinot Noir', 'Pinot Gris', 'Gewürztraminer', 'Riesling', 'Sparkling Blend', 'Sylvaner', 'Muscat']",France,Alsace,['Alsace']
450,Allora,86.0,52.5,86.0,52.5,2,2,"['Red Blend', 'Cabernet Sauvignon']",US,California,"['Napa Valley', 'Napa']"
451,Alloro,93.2,47.4,93.0,40.0,14,2,"['Pinot Noir', 'Chardonnay']",US,Oregon,"['Chehalem Mountains', 'Willamette Valley']"
452,Allram,91.3,26.7,92.0,28.0,23,2,"['Grüner Veltliner', 'Riesling']",Austria,Kamptal,[]
453,Allure,85.7,14.0,86.0,14.0,6,2,"['Moscato', 'Sparkling Blend']",US,California,"['California', 'California Other']"
454,Alluviale,91.0,25.0,91.0,25.0,1,1,['Bordeaux-style Red Blend'],New Zealand,Hawke's Bay,[]
455,Allée Bleue,87.3,18.5,87.5,17.5,6,5,"['Shiraz', 'Red Blend', 'Cabernet Sauvignon-Merlot', 'Chenin Blanc', 'White Blend']",South Africa,Western Cape,[]
456,Alma Andina,86.0,14.5,86.0,14.5,2,2,"['Pinot Grigio', 'Malbec']",Argentina,Mendoza Province,['Mendoza']
457,Alma Fria,90.6,50.1,91.0,58.0,7,2,"['Chardonnay', 'Pinot Noir']",US,California,"['Sonoma Coast', 'Sonoma']"
458,Alma Mora,83.7,11.0,84.0,11.0,3,3,"['Pinot Grigio', 'Malbec', 'Cabernet Sauvignon']",Argentina,Other,['San Juan']
459,Alma Negra,86.9,32.4,88.0,22.0,7,6,"['Bonarda', 'Red Blend', 'Chardonnay', 'Malbec', 'Pinot Noir', 'Sparkling Blend']",Argentina,Mendoza Province,['Mendoza']
460,Alma Rosa,89.8,36.8,90.0,32.0,53,5,"['Chardonnay', 'Sparkling Blend', 'Pinot Noir', 'Pinot Blanc', 'Pinot Gris']",US,California,"['Santa Barbara County', 'Central Coast']"
461,Alma Sol,86.7,28.6,86.0,29.0,10,6,"['Zinfandel', 'Cabernet Sauvignon', 'Sauvignon Blanc', 'Cabernet Sauvignon-Merlot', 'Tempranillo', 'Chardonnay']",US,California,"['Paso Robles', 'Central Coast']"
462,Alma de Cattleya,89.7,21.0,90.0,20.0,3,3,"['Pinot Noir', 'Chardonnay', 'Sauvignon Blanc']",US,California,"['Sonoma County', 'Sonoma']"
463,Alma de Tobia,88.0,54.0,88.0,54.0,1,1,['Tempranillo'],Spain,Northern Spain,['Rioja']
464,Alma de los Andes,87.7,16.7,86.5,15.0,6,4,"['Bonarda', 'Malbec-Cabernet Sauvignon', 'Red Blend', 'Malbec']",Argentina,Mendoza Province,['Mendoza']
465,Alma del Sur,84.8,12.1,85.0,12.0,12,5,"['Bonarda', 'Malbec', 'Cabernet Sauvignon', 'Cabernet Sauvignon-Malbec', 'Torrontés']",Argentina,Mendoza Province,['Mendoza']
466,AlmaTerra,89.8,46.2,90.0,50.0,5,2,"['Viognier', 'Syrah']",US,Washington,"['Columbia Valley (WA)', 'Columbia Valley']"
467,Almacruz,83.0,9.0,83.0,9.0,1,1,['Rosé'],Chile,Colchagua Valley,[]
468,Almaviva,93.2,103.0,93.0,100.0,5,3,"['Bordeaux-style Red Blend', 'Cabernet Blend', 'Red Blend']",Chile,Puente Alto,[]
469,Almez,85.0,9.0,85.0,9.0,1,1,['Tempranillo'],Spain,Central Spain,['Vino de la Tierra de Castilla']
470,Almez,84.0,9.0,84.0,9.0,1,1,['Garnacha'],Spain,Northern Spain,['Cariñena']
471,Almira,86.5,8.0,86.5,8.0,2,1,['Grenache-Syrah'],Spain,Northern Spain,['Campo de Borja']
472,Almquist,86.9,29.4,87.0,30.0,27,18,"['Cabernet Sauvignon', 'Petit Verdot', 'Red Blend', 'Shiraz', 'Merlot', 'Nebbiolo', 'Tempranillo', 'Touriga Nacional', 'Syrah', 'Carmenère', 'Dolcetto', 'Zinfandel', 'Tannat', 'Sangiovese', 'Pinot Noir', 'Pinot Gris', 'Malbec', 'Riesling']",US,Washington,"['Horse Heaven Hills', 'Columbia Valley']"
473,Aloft,94.0,150.0,94.0,150.0,1,1,['Cabernet Sauvignon'],US,California,"['Howell Mountain', 'Napa']"
474,Alois,88.7,43.3,89.0,50.0,3,3,"['Pallagrello Nero', 'Casavecchia', 'Pallagrello Bianco']",Italy,Southern Italy,['Terre del Volturno']
475,Alois Lageder,89.3,30.9,89.0,25.0,32,12,"['Lagrein', 'Red Blend', 'Chardonnay', 'Pinot Bianco', 'Pinot Grigio', 'White Blend', 'Riesling', 'Pinot Nero', 'Pinot Noir', 'Merlot', 'Sauvignon', 'Müller-Thurgau']",Italy,Northeastern Italy,['Alto Adige']
476,Aloja,88.0,14.0,88.0,14.0,1,1,['Red Blend'],Spain,Catalonia,['Montsant']
477,Alonso Cuesta,85.0,24.0,85.0,24.0,1,1,['Red Blend'],Spain,Central Spain,['Mentrida']
478,Alonso del Yerro,88.0,65.0,88.0,65.0,2,2,"['Tinto Fino', 'Tempranillo']",Spain,Northern Spain,['Ribera del Duero']
479,Alouette,86.0,25.0,86.0,25.0,1,1,['Pinot Noir'],US,California,"['Sonoma County', 'Sonoma']"
480,Alpamanta,85.5,23.3,85.0,15.0,11,4,"['Chardonnay', 'Malbec', 'Cabernet Sauvignon', 'Sauvignon Blanc']",Argentina,Mendoza Province,['Mendoza']
481,Alpasión,90.5,32.5,90.5,32.5,2,2,"['Malbec', 'Malbec-Cabernet Franc']",Argentina,Mendoza Province,['Mendoza']
482,Alpataco,84.9,17.2,85.0,20.0,10,5,"['Cabernet Sauvignon', 'Pinot Noir', 'Sauvignon Blanc', 'Merlot', 'Malbec']",Argentina,Other,['Patagonia']
483,Alpha Crucis,90.7,42.3,91.0,29.0,3,2,"['Cabernet Sauvignon', 'Shiraz']",Australia,South Australia,['McLaren Vale']
484,Alpha Domus,85.5,20.7,85.5,14.0,6,4,"['Merlot', 'Bordeaux-style Red Blend', 'Chardonnay', 'Sauvignon Blanc']",New Zealand,Hawke's Bay,[]
485,Alpha Estate,86.7,32.3,87.0,37.0,6,1,['Xinomavro'],Greece,Amyndeon,[]
486,Alpha Estate,87.8,25.2,88.0,20.0,13,6,"['Malagouzia', 'Red Blend', 'Sauvignon Blanc', 'Merlot', 'Malagousia', 'Tannat']",Greece,Florina,[]
487,Alpha Estate,86.0,65.0,86.0,65.0,1,1,['Red Blend'],Greece,Greece,[]
488,Alpha Estate,87.0,35.0,87.0,35.0,1,1,['Red Blend'],Greece,Macedonia,[]
489,Alpha Loire,86.0,17.0,86.0,17.0,2,2,"['Sparkling Blend', 'Sauvignon Blanc']",France,Loire Valley,['Crémant de Loire']
490,Alpha Omega,92.2,130.8,92.0,108.0,39,4,"['Chardonnay', 'Bordeaux-style Red Blend', 'Cabernet Sauvignon', 'Sauvignon Blanc']",US,California,"['Napa Valley', 'Napa']"
491,Alpha Zeta,90.0,,90.0,,1,1,"['Corvina, Rondinella, Molinara']",Italy,Veneto,['Amarone della Valpolicella']
492,Alphart,88.7,25.0,89.0,25.0,3,3,"['Zierfandler-Rotgipfler', 'Chardonnay', 'Rotgipfler']",Austria,Thermenregion,[]
493,Alphonse Mellot,90.8,82.4,91.0,74.0,22,3,"['Rosé', 'Sauvignon Blanc', 'Pinot Noir']",France,Loire Valley,['Sancerre']
494,Alquézar,84.0,12.0,84.0,12.0,1,1,['Moristel'],Spain,Northern Spain,['Somontano']
495,Alta,85.5,26.5,85.5,26.5,2,2,"['Pinot Noir', 'Sauvignon Blanc']",Australia,South Australia,['Adelaide Hills']
496,Alta,88.9,44.9,90.0,42.0,7,4,"['Cabernet Sauvignon', 'Chardonnay', 'Bordeaux-style Red Blend', 'Sauvignon Blanc']",US,California,"['Napa Valley', 'Napa']"
497,Alta Alella,88.9,32.0,89.0,32.0,41,6,"['Syrah', 'Sparkling Blend', 'Pansa Blanca', 'Red Blend', 'White Blend', 'Chardonnay']",Spain,Catalonia,['Alella']
498,Alta Alella,88.0,39.5,88.0,39.5,2,2,"['Red Blend', 'Mataro']",Spain,Spain Other,['Spain']
499,Alta Cima,83.4,15.6,82.0,16.0,5,4,"['Chardonnay', 'Red Blend', 'Merlot', 'Syrah']",Chile,Lontué Valley,[]
500,Alta Colina,90.3,43.4,91.0,46.0,19,7,"['G-S-M', 'Syrah', 'Grenache', 'Viognier', 'Rhône-style Red Blend', 'Marsanne', 'Petite Sirah']",US,California,"['Paso Robles', 'Central Coast']"
501,Alta Delta,83.0,11.0,83.0,11.0,3,3,"['Cabernet Sauvignon', 'Carmenère', 'Chardonnay']",Chile,Curicó Valley,[]
502,Alta Luna,87.4,12.2,87.0,12.0,5,4,"['Pinot Grigio', 'Red Blend', 'Pinot Nero', 'Sauvignon Blanc']",Italy,Northeastern Italy,['Vigneti delle Dolomiti']
503,Alta Marca,86.0,12.0,86.0,12.0,1,1,['Red Blend'],Spain,Central Spain,['Madrid']
504,Alta Maria,89.4,31.3,89.0,28.0,18,5,"['Chardonnay', 'Pinot Noir', 'Sauvignon Blanc', 'Cabernet Sauvignon', 'Grenache']",US,California,"['Santa Maria Valley', 'Central Coast']"
505,Alta Pavina,90.0,30.0,90.0,30.0,1,1,['Tempranillo Blend'],Spain,Northern Spain,['Vino de la Tierra de Castilla y León']
506,Alta Vista,88.5,32.1,88.0,22.0,53,7,"['Malbec', 'Cabernet Sauvignon', 'Malbec-Cabernet Sauvignon', 'Red Blend', 'Chardonnay', 'Bordeaux-style Red Blend', 'Rosé']",Argentina,Mendoza Province,['Mendoza']
507,Alta Vista,87.2,16.2,87.0,16.5,8,1,['Torrontés'],Argentina,Other,['Salta']
508,Altadonna,87.0,15.0,87.0,15.0,1,1,['Pinot Grigio'],Italy,Northeastern Italy,['Delle Venezie']
509,Altadonna,87.0,15.0,87.0,15.0,2,2,"['Grillo', ""Nero d'Avola""]",Italy,Sicily & Sardinia,['Sicilia']
510,Altadonna,86.0,15.0,86.0,15.0,1,1,['Vermentino'],Italy,Tuscany,['Toscana']
511,Altamana,87.7,27.3,89.0,18.0,3,1,['Malbec'],Chile,Maule Valley,[]
512,Altamira,89.2,37.5,89.5,30.0,4,2,"['Malbec', 'Bordeaux-style Red Blend']",Argentina,Mendoza Province,['Uco Valley']
513,Altamura,87.5,52.5,88.0,52.5,4,2,"['Sangiovese', 'Cabernet Sauvignon']",US,California,"['Napa Valley', 'Napa']"
514,Altanuta,87.0,15.0,87.0,15.0,1,1,['Pinot Grigio'],Italy,Veneto,['Valdadige']
515,Altanza,85.5,36.0,85.5,30.5,8,1,['Tempranillo'],Spain,Northern Spain,['Rioja']
516,Altas Cumbres,87.7,9.0,88.0,9.0,3,3,"['Cabernet Sauvignon', 'Cabernet Sauvignon-Malbec', 'Malbec']",Argentina,Mendoza Province,['Mendoza']
517,Altas Quintas,90.8,37.5,91.0,35.0,4,2,"['Portuguese Red', 'Portuguese White']",Portugal,Alentejano,[]
518,Altavia,85.0,25.0,85.0,25.0,1,1,['White Blend'],Italy,Italy Other,['Vino da Tavola']
519,Altavins,86.8,16.7,87.5,15.5,6,3,"['White Blend', 'Red Blend', 'Grenache Blanc']",Spain,Catalonia,['Terra Alta']
520,Altaïr,90.3,75.6,91.0,80.0,9,2,"['Cabernet Blend', 'Red Blend']",Chile,Cachapoal Valley,[]
521,Altaïr,89.7,26.8,90.0,25.0,6,2,"['Cabernet Blend', 'Red Blend']",Chile,Rapel Valley,[]
522,Altemasi,88.6,37.2,89.0,30.0,13,3,"['Sparkling Blend', 'White Blend', 'Chardonnay']",Italy,Northeastern Italy,['Trento']
523,Alter Ego de Palmer,90.0,,90.0,,2,1,['Bordeaux-style Red Blend'],France,Bordeaux,['Margaux']
524,Alterra,82.0,15.0,82.0,15.0,1,1,['Zinfandel'],US,California,"['Sonoma County', 'Sonoma']"
525,Altesino,90.7,66.6,90.5,62.5,30,3,"['Sangiovese', 'Red Blend', 'Sangiovese Grosso']",Italy,Tuscany,['Toscana']
526,Althe'a,87.0,16.0,87.0,16.0,1,1,['Glera'],Italy,Veneto,['Conegliano Valdobbiadene Prosecco Superiore']
527,Althéa,87.5,18.0,87.5,18.0,2,1,['Glera'],Italy,Veneto,['Valdobbiadene Prosecco Superiore']
528,Altino,87.0,16.0,87.0,16.0,2,1,['Tempranillo'],Spain,Northern Spain,['Rioja']
529,Alto 3,83.0,12.7,83.0,13.0,3,2,"['Torrontés', 'Cabernet Sauvignon']",Argentina,Other,['Argentina']
530,Alto Agrelo,81.5,21.0,81.5,21.0,2,2,"['White Blend', 'Cabernet Sauvignon-Malbec']",Argentina,Mendoza Province,['Mendoza']
531,Alto Cinco,83.0,15.0,83.0,15.0,1,1,['Garnacha'],Spain,Northern Spain,['Cariñena']
532,Alto Los Romeros,84.6,9.8,85.0,10.0,5,3,"['Cabernet Sauvignon', 'Sauvignon Blanc', 'Chardonnay']",Chile,Central Valley,[]
533,Alto Los Romeros,87.6,21.7,88.0,18.0,13,5,"['Carmenère', 'Cabernet Sauvignon', 'Red Blend', 'Malbec', 'Merlot']",Chile,Colchagua Valley,[]
534,Alto Los Romeros,86.0,18.0,87.0,18.0,3,1,['Sauvignon Blanc'],Chile,Leyda Valley,[]
535,Alto Los Romeros,83.0,12.5,83.0,12.5,2,2,"['Chardonnay', 'Sauvignon Blanc']",Chile,Maule Valley,[]
536,Alto Moncayo,89.7,67.5,91.0,45.0,17,1,['Garnacha'],Spain,Northern Spain,['Campo de Borja']
537,Alto Roble,83.5,8.0,83.5,8.0,2,2,"['Pinot Noir', 'Cabernet Sauvignon']",Chile,Curicó Valley,[]
538,Alto Salvador,82.5,9.0,82.5,9.0,2,2,"['Malbec', 'Cabernet Sauvignon']",Argentina,Mendoza Province,['Mendoza']
539,Alto de la Ballena,87.5,16.5,87.5,16.5,2,1,['Red Blend'],Uruguay,Uruguay,[]
540,Altocedro,87.6,28.3,87.0,19.0,33,5,"['Petit Verdot', 'Malbec', 'Cabernet Sauvignon', 'Pinot Noir', 'Tempranillo']",Argentina,Mendoza Province,['La Consulta']
541,Altocedro,85.0,20.0,85.0,20.0,1,1,['Malbec'],Argentina,Other,['Cafayate']
542,Altolandon,86.0,30.0,86.0,30.0,2,2,"['Bobal', 'Red Blend']",Spain,Central Spain,['Manchuela']
543,Altoona Hills,81.0,12.0,81.0,12.0,1,1,['Shiraz'],Australia,Australia Other,['South Eastern Australia']
544,Altos Las Hormigas,88.3,19.5,89.0,12.0,11,2,"['Malbec', 'Bonarda']",Argentina,Mendoza Province,['Mendoza']
545,Altos de Cristimil,84.5,20.0,84.5,20.0,2,1,['Albariño'],Spain,Galicia,['Rías Baixas']
546,Altos de San Isidro,86.0,18.0,85.0,18.0,3,3,"['Torrontés', 'Barbera', 'Malbec']",Argentina,Other,['Salta']
547,Altos de Sueño,83.0,16.0,83.0,16.0,1,1,['Sparkling Blend'],Spain,Catalonia,['Cava']
548,Altos de Torona,82.0,28.5,82.0,28.5,2,1,['Albariño'],Spain,Galicia,['Rías Baixas']
549,Altos del Cuco,87.0,10.7,86.0,10.0,3,1,['Red Blend'],Spain,Levante,['Yecla']
550,Altos del Marqués,90.0,25.0,90.0,25.0,1,1,['Tempranillo'],Spain,Northern Spain,['Rioja']
551,Altos del Terral,92.3,103.3,92.0,110.0,3,1,['Tempranillo'],Spain,Northern Spain,['Ribera del Duero']
552,Altosur,83.0,10.0,83.0,10.0,3,3,"['Merlot', 'Chardonnay', 'Cabernet Sauvignon']",Argentina,Mendoza Province,['Mendoza']
553,Altozano,83.2,10.0,83.0,10.0,5,4,"['Tempranillo', 'Tempranillo-Shiraz', 'Verdejo-Sauvignon Blanc', 'Tempranillo-Cabernet Sauvignon']",Spain,Central Spain,['Vino de la Tierra de Castilla']
554,Altozano,84.0,10.0,84.0,10.0,1,1,['Shiraz-Tempranillo'],Spain,Northern Spain,['Tierra del Viños de Zamora']
555,Altvs,90.9,68.6,91.0,75.0,7,2,"['Cabernet Sauvignon', 'Chardonnay']",US,California,"['Napa Valley', 'Napa']"
556,Altùris,86.5,11.5,86.5,11.5,2,2,"['White Blend', 'Pinot Grigio']",Italy,Northeastern Italy,['Venezia Giulia']
557,Aluvé,89.5,44.0,90.0,46.0,4,3,"['Bordeaux-style Red Blend', 'Cabernet Sauvignon', 'Chardonnay']",US,Washington,"['Walla Walla Valley (WA)', 'Columbia Valley']"
558,Alvarez de Toledo,88.8,25.5,90.0,25.0,4,2,"['Godello', 'Mencía']",Spain,Northern Spain,['Bierzo']
559,Alvaro Castro,91.1,41.7,91.0,32.5,16,2,"['Portuguese Red', 'Portuguese White']",Portugal,Dão,[]
560,Alvaro Palacios,93.6,134.4,94.0,70.0,5,1,['Red Blend'],Spain,Catalonia,['Priorat']
561,Alvear,89.9,21.5,90.0,22.0,17,1,['Pedro Ximénez'],Spain,Andalucia,['Montilla-Moriles']
562,Alvear,84.0,15.0,84.0,15.0,1,1,['Tempranillo'],Spain,Central Spain,['Ribera del Guadiana']
563,Alves de Sousa,90.8,56.0,92.0,62.5,4,1,['Portuguese Red'],Portugal,Douro,[]
564,Alves de Sousa,91.0,,91.0,,1,1,['Port'],Portugal,Port,[]
565,Alvinte,87.0,22.0,87.0,22.0,1,1,['Albariño'],Spain,Galicia,['Rías Baixas']
566,Alyris,90.0,55.0,91.0,45.0,3,3,"['Zinfandel', 'Cabernet Sauvignon', 'Chardonnay']",US,California,"['Napa Valley', 'Napa']"
567,Alysian,87.8,42.2,88.0,40.0,13,4,"['Pinot Noir', 'Chardonnay', 'Sauvignon Blanc', 'Viognier']",US,California,"['Russian River Valley', 'Sonoma']"
568,Alzania,87.7,46.7,88.0,40.0,3,1,['Red Blend'],Spain,Northern Spain,['Navarra']
569,Alzinger,92.7,62.5,92.5,60.0,14,2,"['Grüner Veltliner', 'Riesling']",Austria,Wachau,[]
570,Além,83.5,16.0,83.5,16.0,2,1,['Portuguese Red'],Portugal,Alentejano,[]
571,Am Turm,84.8,23.5,84.5,24.0,4,4,"['Chardonnay', 'Riesling', 'Weissburgunder', 'Pinot Noir']",Germany,Pfalz,[]
572,AmByth,86.0,45.0,86.0,45.0,1,1,['Rhône-style Red Blend'],US,California,"['Paso Robles', 'Central Coast']"
573,Amaboko,85.0,10.0,85.0,10.0,1,1,['Chenin Blanc'],South Africa,Wellington,[]
574,Amador Cellars,87.8,29.0,87.0,30.0,11,8,"['Barbera', 'Zinfandel', 'Red Blend', 'Sangiovese', 'Rhône-style Red Blend', 'G-S-M', 'Syrah', 'Aglianico']",US,California,"['Amador County', 'Sierra Foothills']"
575,Amador Foothill Winery,86.0,17.1,86.5,18.0,38,11,"['Zinfandel', 'Sangiovese', 'Syrah-Grenache', 'Sauvignon Blanc-Semillon', 'Aglianico', 'Rhône-style Red Blend', 'Fumé Blanc', 'Sauvignon Blanc', 'Rosé', 'Syrah', 'Grenache']",US,California,"['Shenandoah Valley (CA)', 'Sierra Foothills']"
576,Amador Garcia,93.0,48.0,93.0,48.0,1,1,['Tempranillo'],Spain,Northern Spain,['Rioja']
577,Amadores,83.0,14.7,83.0,13.0,3,3,"['Chardonnay', 'Pinot Noir', 'Sauvignon Blanc']",Argentina,Mendoza Province,['Mendoza']
578,Amalaya,85.4,13.0,85.0,12.0,7,2,"['White Blend', 'Red Blend']",Argentina,Other,['Salta']
579,Amalia,90.0,57.5,90.0,55.0,8,1,['Nebbiolo'],Italy,Piedmont,['Barolo']
580,Amalie Robert,89.0,40.5,89.0,40.0,53,7,"['Pinot Meunier', 'Chardonnay', 'Viognier', 'Pinot Noir', 'Syrah', 'Red Blend', 'Rosé']",US,Oregon,"['Willamette Valley', 'Willamette Valley']"
581,Amalthea Cellars,87.0,17.0,87.0,17.0,1,1,['Cabernet Franc'],US,New Jersey,['New Jersey']
582,Amani,81.0,18.0,81.0,18.0,1,1,['Merlot'],South Africa,Stellenbosch,[]
583,Amantis,91.0,56.7,91.0,50.0,7,2,"['Red Blend', 'Sangiovese']",Italy,Tuscany,['Toscana']
584,Amapola Creek,89.6,63.6,89.0,55.0,5,4,"['Rhône-style Red Blend', 'Chardonnay', 'Cabernet Sauvignon', 'Zinfandel']",US,California,"['Sonoma Valley', 'Sonoma']"
585,Amaral,86.0,19.0,86.0,19.0,1,1,['Sauvignon Blanc'],Chile,Leyda Valley,[]
586,Amaral,85.5,18.0,85.5,18.0,2,2,"['Sauvignon Blanc', 'Chardonnay']",Chile,San Antonio,[]
587,Amarano,89.0,,89.0,,2,2,"['Fiano', 'Aglianico']",Italy,Southern Italy,['Fiano di Avellino']
588,Amaro Vineyard,90.0,40.0,90.0,40.0,1,1,['Cabernet Sauvignon'],US,California,"['Sonoma Valley', 'Sonoma']"
589,Amaroo,82.0,8.0,82.0,8.0,1,1,['Merlot'],Australia,New South Wales,['New South Wales']
590,Amastuola,89.0,24.0,89.0,24.0,2,1,['Primitivo'],Italy,Southern Italy,['Puglia']
591,Amathia,86.0,9.0,86.0,9.0,1,1,['Garnacha'],Spain,Northern Spain,['Calatayud']
592,Amatore,85.0,10.0,85.0,10.0,1,1,['White Blend'],Italy,Veneto,['Veronese']
593,Amavi,90.5,26.9,91.0,28.0,31,3,"['Syrah', 'Sémillon', 'Cabernet Sauvignon']",US,Washington,"['Walla Walla Valley (WA)', 'Columbia Valley']"
594,Amayna,83.3,30.0,82.5,32.5,6,4,"['Syrah', 'Pinot Noir', 'Chardonnay', 'Sauvignon Blanc']",Chile,Leyda Valley,[]
595,Ambasciata del  Buon Vino,87.0,70.0,87.0,70.0,1,1,['Red Blend'],Italy,Veneto,['Amarone della Valpolicella Classico']
596,Ambassador Vineyard,88.3,42.9,88.0,38.0,23,9,"['Bordeaux-style Red Blend', 'Cabernet Sauvignon', 'Red Blend', 'Syrah', 'Grenache', 'Sauvignon Blanc', 'Petit Verdot', 'Cabernet Franc', 'Merlot']",US,Washington,"['Red Mountain', 'Columbia Valley']"
597,Amberhill,82.5,10.0,82.5,10.0,2,2,"['Red Blend', 'White Blend']",US,California,"['California', 'California Other']"
598,Amberley,85.3,24.7,87.0,17.0,3,3,"['Chenin Blanc', 'Cabernet Sauvignon', 'Semillon-Sauvignon Blanc']",Australia,Western Australia,['Margaret River']
599,Ambiente,82.6,8.4,83.0,6.0,5,4,"['Malbec', 'Merlot', 'Cabernet Sauvignon', 'Tempranillo']",Argentina,Mendoza Province,['Mendoza']
600,Ambition,86.0,9.5,86.0,9.5,2,1,['Sparkling Blend'],US,New York,"['New York', 'New York Other']"
601,Ambo Secco,87.0,30.0,87.0,30.0,2,2,"['Pinot Nero', 'Sparkling Blend']",Italy,Italy Other,['Vino Spumante']
602,Ambo Secco,88.0,19.0,88.0,19.0,1,1,['Sparkling Blend'],Italy,Veneto,['Valdobbiadene Prosecco Superiore']
603,Ambrogio e Giovanni Folonari,88.0,42.0,88.0,37.0,3,2,"['Red Blend', 'Chardonnay']",Italy,Tuscany,['Bolgheri']
604,Ambrose,83.0,25.0,83.0,25.0,1,1,['Rosé'],US,California,"['California', 'California Other']"
605,Ambrosini Lorella,89.0,40.0,89.0,40.0,1,1,['Red Blend'],Italy,Tuscany,['Val di Cornia Suvereto']
606,Ambullneo,92.0,73.8,92.0,75.0,4,3,"['Pinot Noir', 'Syrah', 'Chardonnay']",US,California,"['California', 'California Other']"
607,Amelle,87.0,33.7,87.0,36.0,3,2,"['Pinot Noir', 'Zinfandel']",US,California,"['Russian River Valley', 'Sonoma']"
608,American Roots,84.7,19.3,84.0,18.0,3,3,"['Chardonnay', 'Merlot', 'Red Blend']",US,California,"['Monterey', 'Central Coast']"
609,American Thread,91.0,25.0,91.0,25.0,1,1,['Sauvignon Blanc'],US,California,"['Sonoma County', 'Sonoma']"
610,Americano,87.0,17.0,87.0,17.0,1,1,['Petite Sirah'],US,California,"['California', 'California Other']"
611,Amethyst,88.0,17.0,88.0,17.0,1,1,['Sangiovese'],US,California,"['Napa Valley', 'Napa']"
612,Amici,89.2,51.9,90.0,39.5,48,5,"['Cabernet Sauvignon', 'Sauvignon Blanc', 'Pinot Noir', 'Chardonnay', 'Meritage']",US,California,"['Rutherford', 'Napa']"
613,Amicus by X Winery,88.7,46.5,89.5,44.5,6,2,"['Bordeaux-style Red Blend', 'Cabernet Sauvignon']",US,California,['Napa']
614,Amisfield,88.3,34.8,88.0,26.5,16,3,"['Sauvignon Blanc', 'Pinot Noir', 'Pinot Gris']",New Zealand,Central Otago,[]
615,Amista,87.0,22.0,87.0,22.0,1,1,['Chardonnay'],US,California,"['Dry Creek Valley', 'Sonoma']"
616,Amity,87.4,25.6,88.0,22.0,25,4,"['Pinot Noir', 'Pinot Blanc', 'Riesling', 'Gewürztraminer']",US,Oregon,"['Willamette Valley', 'Willamette Valley']"
617,Amity Vineyards,88.1,25.8,88.0,22.0,9,4,"['Gewürztraminer', 'Pinot Noir', 'Pinot Blanc', 'Riesling']",US,Oregon,"['Willamette Valley', 'Willamette Valley']"
618,Amizade,84.0,20.0,84.0,20.0,1,1,['Godello'],Spain,Galicia,['Monterrei']
619,Amizetta,88.9,62.5,88.0,60.0,8,3,"['Cabernet Sauvignon', 'Merlot', 'Bordeaux-style Red Blend']",US,California,"['Napa Valley', 'Napa']"
620,Ammunition,88.5,22.5,88.5,22.5,2,2,"['Pinot Noir', 'Red Blend']",US,California,"['Sonoma County', 'Sonoma']"
621,Amor Fati,91.0,60.0,91.0,60.0,4,3,"['Syrah', 'Chardonnay', 'Grenache']",US,California,"['Santa Maria Valley', 'Central Coast']"
622,Amor de los Andes,83.5,15.0,83.5,15.0,2,2,"['Malbec', 'Tempranillo']",Argentina,Mendoza Province,['Mendoza']
623,Amor de los Andes,83.0,11.0,83.0,11.0,1,1,['Syrah'],Argentina,Other,['La Rioja']
624,Amor-Bendall,86.0,20.0,86.0,20.0,1,1,['Chardonnay'],New Zealand,Gisborne,[]
625,Amore di Amanti,84.0,10.0,84.0,10.0,1,1,['Glera'],Italy,Veneto,['Prosecco']
626,Amos Cellars,90.0,28.0,90.0,28.0,2,2,"['Pinot Noir', 'Chardonnay']",US,California,"['Anderson Valley', 'Mendocino/Lake Counties']"
627,Ampelos,88.3,30.9,88.5,34.5,42,7,"['Syrah', 'Grenache', 'Pinot Noir', 'Syrah-Grenache', 'Viognier', 'Rosé', 'Dornfelder']",US,California,"['Sta. Rita Hills', 'Central Coast']"
628,Amphora,86.2,44.2,86.0,46.0,4,2,"['Chardonnay', 'Pinot Noir']",US,California,"['Russian River Valley', 'Sonoma']"
629,Amusant,84.0,16.0,84.0,16.0,1,1,['Chardonnay'],US,California,"['Napa Valley', 'Napa']"
630,Amuse Bouche,94.0,191.7,94.0,200.0,3,2,"['Bordeaux-style Red Blend', 'Red Blend']",US,California,"['Napa Valley', 'Napa']"
631,Amézola,88.0,20.0,88.0,20.0,1,1,['Tempranillo Blend'],Spain,Northern Spain,['Rioja']
632,An Approach to Relaxation,89.0,59.0,89.0,59.0,1,1,['Grenache'],Australia,South Australia,['Barossa']
633,Anaba,89.4,34.9,90.0,34.0,35,11,"['Pinot Noir', 'Petite Sirah', 'Syrah', 'Rhône-style White Blend', 'Viognier', 'Rhône-style Red Blend', 'Chardonnay', 'Mourvèdre', 'Picpoul', 'Red Blend', 'Grenache']",US,California,"['Sonoma Coast', 'Sonoma']"
634,Anakena,86.2,19.1,86.5,15.5,16,6,"['Cabernet Sauvignon', 'Carmenère', 'Red Blend', 'Pinot Noir', 'Viognier', 'Malbec']",Chile,Cachapoal Valley,[]
635,Anakena,84.0,19.0,84.0,19.0,1,1,['White Blend'],Chile,Chile,[]
636,Anakena,86.0,15.0,86.0,15.0,1,1,['Syrah'],Chile,Colchagua Valley,[]
637,Anakena,85.5,16.2,85.0,16.0,11,4,"['Sauvignon Blanc', 'Pinot Noir', 'White Blend', 'Chardonnay']",Chile,Leyda Valley,[]
638,Anakena,83.0,16.0,83.0,16.0,1,1,['Carignan'],Chile,Maule Valley,[]
639,Anakena,84.5,14.0,84.5,14.0,2,1,['Carmenère'],Chile,Peumo,[]
640,Anakena,87.0,14.2,88.0,15.0,6,4,"['Red Blend', 'Viognier', 'Carmenère', 'White Blend']",Chile,Rapel Valley,[]
641,Anakena,89.0,13.0,89.0,13.0,1,1,['Malbec'],Chile,Requinoa,[]
642,Anakena,84.0,11.0,84.0,11.0,1,1,['Sauvignon Blanc'],Chile,San Antonio,[]
643,Anakota,92.5,77.5,92.5,77.5,4,1,['Cabernet Sauvignon'],US,California,"['Knights Valley', 'Sonoma']"
644,Analemma,89.8,36.1,89.5,29.5,8,3,"['Pinot Noir', 'Gewürztraminer', 'Chardonnay']",US,Washington,"['Columbia Gorge (WA)', 'Washington Other']"
645,Analivia,84.8,10.0,84.5,10.0,8,2,"['Verdejo', 'Sauvignon Blanc']",Spain,Northern Spain,['Rueda']
646,Anam Cara,89.0,42.8,89.0,41.0,42,3,"['Pinot Noir', 'Chardonnay', 'Riesling']",US,Oregon,"['Chehalem Mountains', 'Willamette Valley']"
647,Anapamu,85.8,16.0,86.5,16.0,4,3,"['Pinot Noir', 'Riesling', 'Chardonnay']",US,California,"['Monterey County', 'Central Coast']"
648,Anatomy,82.0,20.0,82.0,20.0,1,1,['Cabernet Sauvignon'],US,California,"['Napa Valley', 'Napa']"
649,Ancestrale,92.0,25.0,92.0,25.0,1,1,['Pinot Noir'],US,California,"['San Luis Obispo County', 'Central Coast']"
650,Ancestry,88.5,26.3,88.0,25.0,11,6,"['Riesling', 'Sangiovese', 'Sauvignon Blanc', 'Chardonnay', 'Bordeaux-style Red Blend', 'Chenin Blanc']",US,Washington,"['Columbia Gorge (WA)', 'Washington Other']"
651,Anciano,85.5,13.0,85.0,12.5,6,1,['Tempranillo'],Spain,Central Spain,['Valdepeñas']
652,Ancien,87.5,41.6,85.5,42.0,8,3,"['Chardonnay', 'Pinot Gris', 'Pinot Noir']",US,California,"['Coombsville', 'Napa']"
653,Ancien,90.0,60.0,90.0,60.0,1,1,['Pinot Noir'],US,Oregon,"['Oregon', 'Oregon Other']"
654,Ancient Cellars,85.9,22.3,87.0,18.0,7,4,"['Pinot Gris', 'Pinot Noir', 'Cabernet Sauvignon', 'Cabernet Franc']",US,Oregon,"['Willamette Valley', 'Willamette Valley']"
655,Ancient Oak Cellars,87.2,40.7,88.0,35.0,19,6,"['Chardonnay', 'Pinot Noir', 'Cabernet Sauvignon', 'Zinfandel', 'Bordeaux-style Red Blend', 'Cabernet Sauvignon-Merlot']",US,California,"['Russian River Valley', 'Sonoma']"
656,Ancient Peaks,87.5,22.8,87.5,17.0,54,11,"['Sauvignon Blanc', 'Merlot', 'Cabernet Sauvignon', 'Syrah', 'Zinfandel', 'Bordeaux-style Red Blend', 'Red Blend', 'Petit Verdot', 'Malbec', 'Petite Sirah', 'Chardonnay']",US,California,"['Paso Robles', 'Central Coast']"
657,Ancient Roots,89.0,9.0,89.0,9.0,1,1,['Red Blend'],US,California,"['California', 'California Other']"
658,Ancilla,88.8,22.3,88.5,23.0,4,1,['Turbiana'],Italy,Lombardy,['Lugana']
659,Andean,86.5,16.0,86.5,16.0,2,1,['Malbec'],Argentina,Mendoza Province,['Mendoza']
660,Andean,84.8,13.4,84.0,13.0,5,3,"['Cabernet Sauvignon', 'Shiraz', 'Chardonnay']",Argentina,Other,['San Juan']
661,Andean Sky,84.4,10.7,85.0,10.0,7,4,"['Malbec', 'Syrah', 'Bonarda', 'Cabernet Sauvignon']",Argentina,Mendoza Province,['Mendoza']
662,Andeluna,86.6,24.4,86.0,20.0,67,10,"['Torrontés', 'Chardonnay', 'Merlot', 'Cabernet Sauvignon', 'Malbec', 'Cabernet Franc', 'Bordeaux-style Red Blend', 'Red Blend', 'Sauvignon Blanc', 'Rosé']",Argentina,Mendoza Province,['Uco Valley']
663,Andes Grapes,83.3,13.7,81.0,12.0,3,2,"['Torrontés', 'Malbec']",Argentina,Mendoza Province,['Mendoza']
664,Andes Plateau,89.0,35.0,89.0,35.0,1,1,['Red Blend'],Chile,Maipo Valley,[]
665,Andis,89.0,24.0,89.0,24.0,47,15,"['Barbera', 'Grenache', 'Zinfandel', 'Cabernet Franc', 'Rosé', 'Primitivo', 'Petite Sirah', 'Meritage', 'Sémillon', 'Sauvignon Blanc', 'Mourvèdre', 'Red Blend', 'Chenin Blanc', 'Roussanne-Viognier', 'White Blend']",US,California,"['Amador County', 'Sierra Foothills']"
666,Andre Lorentz,84.0,15.0,84.0,15.0,1,1,['Riesling'],France,Alsace,['Alsace']
667,Andre et Mireille Tissot,88.6,37.7,89.0,40.0,9,3,"['Sparkling Blend', 'Savagnin', 'Chardonnay']",France,France Other,['Crémant de Jura']
668,Andrea Felici,90.5,25.5,90.5,25.5,2,1,['Verdicchio'],Italy,Central Italy,['Verdicchio dei Castelli di Jesi Classico']
669,Andrea Oberto,90.8,82.5,92.0,90.0,9,3,"['Nebbiolo', 'Barbera', 'Dolcetto']",Italy,Piedmont,['Barolo']
670,Andreas Bender,86.5,28.0,86.5,28.0,2,2,"['Cabernet Sauvignon', 'Pinot Noir']",Germany,Pfalz,[]
671,Andreola,87.7,23.2,87.5,22.0,24,1,['Glera'],Italy,Veneto,['Valdobbiadene Superiore di Cartizze']
672,Andreola Orsola,87.0,21.6,87.0,20.0,8,1,['Prosecco'],Italy,Veneto,['Prosecco Superiore di Cartizze']
673,Andrero,85.0,,85.0,,1,1,['Grillo'],Italy,Sicily & Sardinia,['Terre Siciliane']
674,Andresen,88.7,,88.0,,3,1,['Port'],Portugal,Port,[]
675,Andretti,85.6,35.3,86.0,33.0,39,14,"['Cabernet Sauvignon-Sangiovese', 'Chardonnay', 'Sauvignon Blanc', 'Pinot Noir', 'Zinfandel', 'Barbera', 'Syrah', 'Cabernet Sauvignon', 'Primitivo', 'Sangiovese', 'Red Blend', 'Pinot Grigio', 'Fumé Blanc', 'Merlot']",US,California,"['Napa Valley', 'Napa']"
676,Andrew Geoffrey,92.0,75.0,92.0,75.0,1,1,['Cabernet Sauvignon'],US,California,"['Diamond Mountain District', 'Napa']"
677,Andrew Hardy,91.0,105.0,91.0,105.0,1,1,['Shiraz'],Australia,South Australia,['McLaren Vale']
678,Andrew Harris,88.0,18.0,88.0,18.0,2,1,['Chardonnay'],Australia,New South Wales,['Mudgee']
679,Andrew Januik,90.8,43.3,91.0,40.0,6,1,['Cabernet Sauvignon'],US,Washington,"['Red Mountain', 'Columbia Valley']"
680,Andrew Murray,89.0,26.1,90.0,25.0,27,9,"['Rhône-style Red Blend', 'Syrah', 'Grenache', 'G-S-M', 'Pinot Noir', 'Red Blend', 'Rhône-style White Blend', 'White Blend', 'Rosé']",US,California,"['Santa Ynez Valley', 'Central Coast']"
681,Andrew Peace,83.4,9.9,83.0,10.0,8,3,"['Red Blend', 'Shiraz', 'Chardonnay']",Australia,Australia Other,['South Eastern Australia']
682,Andrew Rich,90.9,29.1,91.0,25.0,9,2,"['Pinot Noir', 'Sauvignon Blanc']",US,Oregon,"['Willamette Valley', 'Willamette Valley']"
683,Andrew Rich,89.0,29.9,89.0,25.0,11,8,"['Grenache', 'Rhône-style Red Blend', 'Red Blend', 'Syrah', 'Roussanne', 'Mourvèdre', 'Gewürztraminer', 'Counoise']",US,Washington,"['Columbia Valley (WA)', 'Columbia Valley']"
684,Andrew Will,91.6,51.3,92.0,55.0,51,7,"['Bordeaux-style Red Blend', 'Red Blend', 'Syrah', 'Merlot', 'Sémillon', 'Sangiovese', 'Cabernet Sauvignon']",US,Washington,"['Yakima Valley', 'Columbia Valley']"
685,Andreza,86.5,14.0,86.5,14.0,2,1,['Red Blend'],Portugal,Douro,[]
686,Andriano,89.2,32.8,88.0,25.0,27,11,"['Sauvignon', 'Pinot Grigio', 'Gewürztraminer', 'Lagrein', 'Red Blend', 'Merlot', 'Sauvignon Blanc', 'Pinot Bianco', 'Schiava', 'Pinot Nero', 'Chardonnay']",Italy,Northeastern Italy,['Alto Adige']
687,Andrieux & Fils,86.0,16.0,85.0,16.0,3,1,['Rosé'],France,Provence,['Côtes de Provence']
688,Andrieux & Fils,86.7,28.0,87.5,27.0,6,2,"['Rhône-style Red Blend', 'Rhône-style White Blend']",France,Rhône Valley,['Châteauneuf-du-Pape']
689,Andrus,94.0,125.0,94.0,125.0,1,1,['Bordeaux-style Red Blend'],US,California,"['Napa Valley', 'Napa']"
690,André Blanck et ses Fils,89.2,27.0,89.0,27.0,6,4,"['Riesling', 'Pinot Blanc', 'Pinot Gris', 'Gewürztraminer']",France,Alsace,['Alsace']
691,André Brunel,89.1,36.8,88.0,45.0,17,2,"['Rhône-style White Blend', 'Rhône-style Red Blend']",France,Rhône Valley,['Côtes du Rhône']
692,André Guichot,85.5,,85.5,,4,2,"['Chardonnay', 'Pinot Noir']",France,Burgundy,['Bourgogne']
693,André Kientzler,89.4,31.7,89.5,29.5,20,8,"['Riesling', 'Muscat', 'Pinot Gris', 'Pinot Blanc', 'Gewürztraminer', 'Sylvaner', 'Alsace white blend', 'Sparkling Blend']",France,Alsace,['Alsace']
694,André et Edmond Figeat,90.5,23.0,90.5,23.0,2,1,['Sauvignon Blanc'],France,Loire Valley,['Pouilly-Fumé']
695,Anecoop,83.5,12.5,83.5,12.5,2,2,"['Moscato', 'Moscatel']",Spain,Levante,['Valencia']
696,Anemoi,85.1,42.0,85.5,42.5,8,3,"['Red Blend', 'Syrah', 'Bordeaux-style Red Blend']",US,Colorado,['Grand Valley']
697,Aneri,84.0,20.0,84.0,20.0,1,1,['Prosecco'],Italy,Veneto,['Prosecco di Valdobbiadene']
698,Anew,87.2,11.4,87.0,11.0,5,2,"['Pinot Grigio', 'Rosé']",US,Washington,"['Columbia Valley (WA)', 'Columbia Valley']"
699,Angel Camp,92.0,52.0,92.0,52.0,1,1,['Pinot Noir'],US,California,['Anderson Valley']
700,Angel Juice,83.0,20.0,83.0,20.0,1,1,['Chardonnay'],US,California,"['Central Coast', 'Central Coast']"
701,Angel Vine,90.0,30.0,90.0,30.0,1,1,['Pinot Noir'],US,Oregon,"['Eola-Amity Hills', 'Willamette Valley']"
702,Angel Vine,89.3,21.9,89.0,22.0,30,4,"['Red Blend', 'Petite Sirah', 'Zinfandel', 'Primitivo']",US,Washington,"['Columbia Valley (WA)', 'Columbia Valley']"
703,Angel's Cup,86.0,12.0,85.5,12.0,4,4,"['Cabernet Sauvignon', 'Chardonnay', 'Pinot Noir', 'Pinot Grigio']",US,California,"['California', 'California Other']"
704,Angel's Secret,85.8,16.8,86.0,17.0,5,4,"['Chardonnay', 'Petite Sirah', 'Zinfandel', 'Sauvignon Blanc']",US,California,"['Carneros', 'Napa-Sonoma']"
705,Angela Estate,91.5,54.0,92.0,54.0,4,1,['Pinot Noir'],US,Oregon,['Willamette Valley']
706,Angeli di Varano,86.0,25.5,86.0,25.5,2,1,['Montepulciano'],Italy,Central Italy,['Conero']
707,Angeline,85.6,15.2,86.0,15.0,40,7,"['Pinot Noir', 'Sauvignon Blanc', 'Rosé', 'Chardonnay', 'Cabernet Sauvignon', 'Merlot', 'Zinfandel']",US,California,"['Mendocino County', 'Mendocino/Lake Counties']"
708,Angelini,84.2,19.0,84.0,17.0,5,2,"['Sangiovese', 'Red Blend']",Italy,Central Italy,['Marche']
709,Angelini,84.0,11.0,84.0,11.0,1,1,['Pinot Grigio'],Italy,Veneto,['Veneto']
710,Angelo Bortolin,87.0,18.0,87.0,18.0,1,1,['Glera'],Italy,Veneto,['Conegliano Valdobbiadene Prosecco Superiore']
711,Angelo Cellars,88.6,80.0,88.0,80.0,5,1,['Cabernet Sauvignon'],US,California,"['Napa Valley', 'Napa']"
712,Angelo Negro & Figli,88.5,,88.0,,4,2,"['Nebbiolo', 'Barbera']",Italy,Piedmont,['Barbaresco']
713,Angels & Cowboys,87.5,19.2,88.0,19.0,6,2,"['Rosé', 'Red Blend']",US,California,"['Sonoma County', 'Sonoma']"
714,Angels Landing,83.0,20.0,83.0,20.0,1,1,['Cabernet Sauvignon'],US,California,"['Napa Valley', 'Napa']"
715,Angerhof Tschida,93.0,,93.0,,2,2,"['Sauvignon Blanc', 'Sämling']",Austria,Burgenland,[]
716,Anglim,89.5,36.0,90.0,38.0,19,9,"['Mourvèdre', 'Syrah-Mourvèdre', 'Viognier', 'Grenache', 'Rhône-style Red Blend', 'Syrah', 'Pinot Noir', 'Rosé', 'Petite Sirah']",US,California,"['Paso Robles', 'Central Coast']"
717,Angosto,86.9,29.6,87.0,30.0,11,2,"['Red Blend', 'White Blend']",Spain,Levante,['Valencia']
718,Angove,91.2,56.1,92.0,65.0,18,7,"['Shiraz', 'Grenache', 'Shiraz-Grenache', 'Chardonnay', 'Rhône-style Red Blend', 'G-S-M', 'Cabernet Sauvignon']",Australia,South Australia,['McLaren Vale']
719,Angove's,85.0,11.0,85.0,11.0,4,4,"['Shiraz', 'Viognier', 'Rosé', 'Cabernet Sauvignon']",Australia,Australia Other,['South Eastern Australia']
720,Angove's,85.4,13.6,85.0,12.0,20,9,"['Sauvignon Blanc', 'Shiraz', 'Viognier', 'Shiraz-Viognier', 'Rosé', 'Cabernet Sauvignon', 'Chardonnay', 'Grenache-Shiraz', 'Riesling']",Australia,South Australia,['Adelaide Hills']
721,Angry Bunch,86.0,15.0,86.0,15.0,1,1,['Zinfandel'],US,California,['Mendocino County']
722,Angulo Innocenti,86.8,23.3,87.0,20.0,6,3,"['Malbec', 'Cabernet Sauvignon', 'Red Blend']",Argentina,Mendoza Province,['Mendoza']
723,Angus The Bull,86.0,16.5,86.0,18.0,4,1,['Cabernet Sauvignon'],Australia,Australia Other,['South Eastern Australia']
724,Aniello,86.0,25.7,86.0,20.0,6,4,"['Merlot', 'Pinot Noir', 'Chardonnay', 'Trousseau']",Argentina,Other,['Patagonia']
725,Anier,90.0,27.0,90.0,20.0,3,2,"['Tempranillo', 'Verdejo']",Spain,Northern Spain,['Ribera del Duero']
726,Animale,89.0,28.0,89.0,28.0,2,1,['Pinot Noir'],US,Oregon,"['Oregon', 'Oregon Other']"
727,Animale,88.2,25.1,88.0,25.0,22,13,"['Dolcetto', 'Mourvèdre', 'Barbera', 'Petite Sirah', 'Zinfandel', 'Petit Verdot', 'Tempranillo', 'Cabernet Franc', 'Carmenère', 'Syrah', 'Merlot', 'Cabernet Sauvignon', 'Red Blend']",US,Washington,"['Columbia Valley (WA)', 'Columbia Valley']"
728,Animo,90.0,85.0,90.0,85.0,1,1,['Cabernet Sauvignon'],US,California,"['Napa Valley', 'Napa']"
729,Anindor,87.5,17.5,87.5,17.5,2,2,"['Pinot Gris', 'Pinot Noir']",US,Oregon,"['Umpqua Valley', 'Southern Oregon']"
730,Anita et André Kuhnel,87.0,20.0,87.0,20.0,1,1,['Gamay'],France,Beaujolais,['Beaujolais-Villages']
731,Ankal,91.0,28.0,91.0,28.0,1,1,['Tempranillo'],Spain,Northern Spain,['Ribera del Duero']
732,Ankh,88.0,65.0,88.0,65.0,1,1,['Cabernet Sauvignon'],US,California,"['Napa Valley', 'Napa']"
733,Ankida Ridge,82.0,30.0,82.0,30.0,1,1,['Chardonnay'],US,Virginia,['Virginia']
734,Anko,83.0,13.0,83.0,13.0,1,1,['Malbec'],Argentina,Mendoza Province,['Mendoza']
735,Anko,87.2,20.2,88.0,19.0,6,2,"['Torrontés', 'Malbec']",Argentina,Other,['Salta']
736,Anna Maria Abbona,88.5,32.2,88.0,27.5,11,3,"['Nebbiolo', 'Red Blend', 'Dolcetto']",Italy,Piedmont,['Barolo']
737,Anna Spinato,85.7,15.6,86.0,16.0,9,3,"['Glera', 'Raboso', 'Pinot Grigio']",Italy,Veneto,['Prosecco']
738,Annabella,83.5,18.0,83.5,18.0,2,1,['Pinot Noir'],US,California,"['Carneros', 'Napa-Sonoma']"
739,Anne Amie,87.3,30.9,87.5,25.0,12,5,"['Pinot Noir', 'Pinot Blanc', 'Müller-Thurgau', 'White Blend', 'Pinot Gris']",US,Oregon,"['Willamette Valley', 'Willamette Valley']"
740,Annefield Vineyards,85.5,22.9,86.0,23.0,12,7,"['Cabernet Sauvignon', 'Rosé', 'White Blend', 'Cabernet Franc', 'Viognier', 'Chardonnay', 'Bordeaux-style Red Blend']",US,Virginia,['Virginia']
741,Annie's Lane,87.2,17.2,87.0,14.0,5,3,"['Riesling', 'Shiraz', 'Chardonnay']",Australia,South Australia,['Clare Valley']
742,Annika Vineyards,88.0,40.0,88.0,40.0,1,1,['Chardonnay'],US,California,"['Livermore Valley', 'Central Coast']"
743,Annosus,82.0,11.0,82.0,11.0,1,1,['Tempranillo'],Spain,Northern Spain,['Ribera del Duero']
744,Anomaly,92.8,91.7,92.0,85.0,6,1,['Cabernet Sauvignon'],US,California,"['St. Helena', 'Napa']"
745,Anonymous,85.0,29.0,85.0,29.0,1,1,['Pinot Noir'],US,California,"['Santa Barbara County', 'Central Coast']"
746,Anselma,90.8,42.0,90.5,42.0,4,1,['Nebbiolo'],Italy,Piedmont,['Barolo']
747,Anselmi,90.0,14.5,90.0,14.5,2,1,['White Blend'],Italy,Northeastern Italy,['Delle Venezie']
748,Anselmi,87.0,23.7,88.0,22.0,3,2,"['Garganega', 'White Blend']",Italy,Veneto,['Veneto']
749,Anselmo Mendes,90.7,17.5,91.0,16.5,13,3,"['Portuguese White', 'Alvarinho', 'Portuguese Red']",Portugal,Vinho Verde,[]
750,Anselmo Vineyards,82.0,33.3,82.0,35.0,3,3,"['Red Blend', 'Merlot', 'Cabernet Sauvignon']",US,California,"['California', 'California Other']"
751,Ansgar Clüsserath,89.2,30.8,89.5,32.5,4,1,['Riesling'],Germany,Mosel,[]
752,Ant Moore,87.0,25.0,87.0,25.0,1,1,['Pinot Noir'],New Zealand,Central Otago,[]
753,Ant Moore,91.0,15.0,91.0,15.0,1,1,['Sauvignon Blanc'],New Zealand,Marlborough,[]
754,Anta,83.5,31.5,83.5,31.5,2,1,['Tempranillo Blend'],Spain,Northern Spain,['Ribera del Duero']
755,Antadze,90.0,26.5,90.0,26.5,2,2,"['Mtsvane', 'Saperavi']",Georgia,Kakheti,[]
756,Antale,87.0,13.0,87.0,13.0,1,1,['Barbera'],Italy,Piedmont,"[""Barbera d'Asti""]"
757,Anterra,85.0,8.0,85.0,8.0,1,1,['Pinot Grigio'],Italy,Northeastern Italy,['Delle Venezie']
758,Anthill,90.3,37.5,90.5,38.0,6,2,"['Pinot Noir', 'Syrah']",US,California,"['Russian River Valley', 'Sonoma']"
759,Anthonij Rupert,92.0,65.0,92.0,65.0,1,1,['Cabernet Sauvignon'],South Africa,Coastal Region,[]
760,Anthonij Rupert,91.0,80.0,91.0,80.0,2,2,"['Bordeaux-style Red Blend', 'Red Blend']",South Africa,Franschhoek,[]
761,Anthony Nappa,89.6,29.8,90.0,22.0,39,15,"['Riesling', 'Merlot', 'Cabernet Franc', 'Cabernet Sauvignon', 'Bordeaux-style Red Blend', 'Pinot Noir', 'Gewürztraminer', 'Petit Verdot', 'Chardonnay', 'Sémillon', 'Sauvignon Blanc', 'Malbec', 'Rosé', 'Red Blend', 'Sparkling Blend']",US,New York,"['Finger Lakes', 'Finger Lakes']"
762,Anthony Road,87.0,19.3,87.0,17.0,21,6,"['Pinot Noir', 'Red Blend', 'Riesling', 'Chardonnay', 'Pinot Gris', 'Gewürztraminer']",US,New York,"['Finger Lakes', 'Finger Lakes']"
763,Anthropology,86.0,11.0,86.0,11.0,1,1,['Shiraz'],Australia,Australia Other,['Central Ranges']
764,Antic,83.0,26.0,83.0,26.0,1,1,['Cabernet Sauvignon'],US,California,"['Alexander Valley', 'Sonoma']"
765,Antica,91.4,60.0,92.0,55.0,7,3,"['Bordeaux-style Red Blend', 'Chardonnay', 'Cabernet Sauvignon']",US,California,"['Napa Valley', 'Napa']"
766,Antica Casa Vinicola Scarpa,88.0,,88.0,,2,2,"['Barbera', 'Nebbiolo']",Italy,Piedmont,"[""Barbera d'Asti""]"
767,Antica Corte,83.8,10.7,83.5,10.0,4,2,"['White Blend', 'Pinot Grigio']",Italy,Northeastern Italy,['Delle Venezie']
768,Antica Corte,87.2,34.7,87.0,25.0,8,2,"['Corvina, Rondinella, Molinara', 'Red Blend']",Italy,Veneto,['Amarone della Valpolicella Classico']
769,Antica Enotria,86.7,19.6,87.0,20.0,7,7,"['Negroamaro', 'Uva di Troia', 'Primitivo', 'Red Blend', 'Montepulciano', 'Falanghina', 'Nero di Troia']",Italy,Southern Italy,['Puglia']
770,Antica Fratta,89.2,40.2,89.0,38.0,13,2,"['Sparkling Blend', 'Chardonnay']",Italy,Lombardy,['Franciacorta']
771,Antica Hirpinia,87.6,25.0,87.0,20.0,5,3,"['Aglianico', 'Greco', 'Fiano']",Italy,Southern Italy,['Taurasi']
772,Antichi Poderi dei Gallina,91.0,,91.0,,1,1,['Nebbiolo'],Italy,Piedmont,['Barbaresco']
773,Antichi Vigneti di Cantalupo,91.0,40.4,91.0,38.0,5,1,['Nebbiolo'],Italy,Piedmont,['Colline Novaresi']
774,Antichi Vinai 1877,88.3,29.8,88.0,25.0,7,3,"['White Blend', 'Red Blend', 'Nerello Mascalese']",Italy,Sicily & Sardinia,['Etna']
775,Antico Borgo di Sugame,87.5,26.0,87.5,26.0,2,1,['Sangiovese'],Italy,Tuscany,['Chianti Classico']
776,Antico Broilo,86.5,19.0,86.5,19.0,2,2,"['Friulano', 'Ribolla Gialla']",Italy,Northeastern Italy,['Colli Orientali del Friuli']
777,Antico Castello,89.0,45.0,89.0,45.0,1,1,['Aglianico'],Italy,Southern Italy,['Taurasi']
778,Antico Colle,88.8,27.8,88.0,22.0,9,2,"['Sangiovese', 'Red Blend']",Italy,Tuscany,['Vino Nobile di Montepulciano']
779,Antier,84.0,20.0,84.0,20.0,1,1,['White Blend'],Spain,Central Spain,['Extremadura']
780,Antier,83.0,70.0,83.0,70.0,1,1,['Sparkling Blend'],Spain,Spain Other,['Spain']
781,Antigal,88.7,41.1,90.0,28.0,9,3,"['Malbec', 'Red Blend', 'Cabernet Sauvignon']",Argentina,Mendoza Province,['Mendoza']
782,Antigua Bodega,81.0,12.0,81.0,12.0,1,1,['Malbec'],Argentina,Other,['San Juan']
783,Antigua Bodega Stagnari,86.7,15.0,87.0,13.0,3,2,"['Tannat', 'Tannat-Merlot']",Uruguay,Canelones,[]
784,Antinori,89.0,36.5,89.0,36.5,2,2,"['White Blend', 'Sauvignon']",Italy,Central Italy,['Umbria']
785,Antinori,90.2,45.5,90.5,36.5,20,5,"['Red Blend', 'Sangiovese', 'Aleatico', 'White Blend', 'Vermentino']",Italy,Tuscany,['Toscana']
786,Antinori-Matte,87.0,55.0,87.0,55.0,1,1,['Cabernet Sauvignon-Carmenère'],Chile,Maipo Valley,[]
787,Antipodean,83.0,,83.0,,1,1,['Chardonnay'],Australia,South Australia,['Eden Valley']
788,Antiquum Farm,91.7,47.6,92.0,55.0,9,2,"['Pinot Noir', 'Pinot Gris']",US,Oregon,"['Willamette Valley', 'Willamette Valley']"
789,Antis,85.0,16.5,86.0,15.0,4,3,"['Cabernet Sauvignon', 'Red Blend', 'Malbec']",Argentina,Mendoza Province,['Mendoza']
790,Antiyal,90.5,48.2,91.0,45.0,21,2,"['Red Blend', 'Syrah-Cabernet']",Chile,Maipo Valley,[]
791,Antler Hill,87.0,50.0,87.0,50.0,1,1,['Cabernet Sauvignon'],US,California,"['Napa Valley', 'Napa']"
792,AntoLin Cellars,88.6,19.1,88.0,19.0,7,6,"['Syrah', 'Cabernet Sauvignon', 'Riesling', 'Chardonnay', 'Malbec', 'Viognier']",US,Washington,"['Yakima Valley', 'Columbia Valley']"
793,Antoine Moltès & Fils,88.0,24.0,89.0,19.0,7,4,"['Pinot Blanc', 'Pinot Gris', 'Riesling', 'Gewürztraminer']",France,Alsace,['Alsace']
794,Antoine Sanzay,88.0,24.0,88.0,24.0,1,1,['Cabernet Franc'],France,Loire Valley,['Saumur-Champigny']
795,Antoine Simoneau,85.0,18.7,85.0,15.0,3,2,"['Malbec-Cabernet Franc', 'Sauvignon Blanc']",France,Loire Valley,['Touraine']
796,Antoine et Rachel Olivier,87.0,,87.0,,1,1,['Chardonnay'],France,Burgundy,['Bourgogne']
797,Antolini,88.8,53.4,90.0,55.0,15,2,"['Corvina, Rondinella, Molinara', 'Red Blend']",Italy,Veneto,['Amarone della Valpolicella Classico']
798,Anton Bauer,84.0,28.0,84.0,28.0,1,1,['Cabernet Blend'],Austria,Donauland,[]
799,Anton Bauer,92.2,34.8,92.0,37.0,20,5,"['Grüner Veltliner', 'Chardonnay', 'Pinot Noir', 'Sparkling Blend', 'Red Blend']",Austria,Wagram,[]
800,Anton Bauer,89.5,27.0,89.5,27.0,14,5,"['Grüner Veltliner', 'Riesling', 'Red Blend', 'Pinot Noir', 'Zweigelt']",Austria,Wagram-Donauland,[]
801,Antonelli,89.5,36.8,90.0,32.0,16,4,"['Red Blend', 'Sagrantino', 'Trebbiano Spoletino', 'Trebbiano']",Italy,Central Italy,['Montefalco Rosso']
802,Antonia Gazzi,88.5,,88.5,,2,1,['Barbera'],Italy,Piedmont,"[""Barbera d'Asti Superiore Nizza""]"
803,Antonin Rodet,86.0,12.5,86.0,12.5,2,1,['Gamay'],France,Beaujolais,['Beaujolais']
804,Antonin Rodet,88.4,32.7,89.0,30.0,31,2,"['Pinot Noir', 'Chardonnay']",France,Burgundy,['Santenay']
805,Antonini Ceresa,86.0,,86.0,,2,1,['Prosecco'],Italy,Veneto,['Prosecco di Valdobbiadene']
806,Antonino Tringali-Casanuova,87.8,24.4,88.0,19.5,9,2,"['Sangiovese', 'Red Blend']",Italy,Tuscany,['Toscana']
807,Antonio Caggiano,89.5,36.7,88.0,30.0,6,4,"['Greco', 'Aglianico', 'Fiano', 'White Blend']",Italy,Southern Italy,['Greco di Tufo']
808,Antonio Cesar Cavalli,83.5,12.6,83.0,12.5,8,5,"['Cabernet Sauvignon', 'Chardonnay', 'Merlot', 'Malbec', 'Malbec-Cabernet Sauvignon']",Argentina,Mendoza Province,['Mendoza']
809,Antonio Cesar Cavalli,84.0,12.3,85.0,12.0,3,2,"['Torrontés', 'Shiraz']",Argentina,Other,['Salta']
810,Antonio Gonzalez,82.5,28.5,82.5,28.5,2,2,"['Malbec', 'Cabernet Sauvignon']",Argentina,Mendoza Province,['Mendoza']
811,Antonio Lopes Ribeiro,88.0,18.0,88.0,18.0,1,1,['Portuguese Red'],Portugal,Douro,[]
812,Antonio Lopes Ribeiro,89.5,18.5,89.5,18.5,2,2,"['Encruzado', 'Portuguese Red']",Portugal,Dão,[]
813,Antonio Mas,89.0,175.0,89.0,175.0,2,2,"['Malbec', 'Cabernet Sauvignon']",Argentina,Mendoza Province,['Tupungato']
814,Antonio Nerviani,85.0,16.0,85.0,16.0,1,1,['Meritage'],Argentina,Mendoza Province,['Mendoza']
815,Antonio Patric,93.0,60.0,93.0,60.0,2,2,"['Cabernet Sauvignon', 'Pinot Noir']",US,California,"['Napa Valley', 'Napa']"
816,Antonio Sanguineti,87.0,,87.0,,1,1,['Red Blend'],Italy,Tuscany,['Toscana']
817,Antoniolo,92.2,67.5,92.5,67.5,4,1,['Nebbiolo'],Italy,Piedmont,['Gattinara']
818,Antonopoulos,87.0,20.8,87.0,21.0,4,3,"['White Blend', 'Cabernet Sauvignon-Cabernet Franc', 'Cabernet Blend']",Greece,Greece,[]
819,Antonopoulos,89.0,16.0,89.0,16.0,1,1,['Moschofilero'],Greece,Mantinia,[]
820,Antonutti,87.2,17.0,87.0,17.0,4,4,"['Sauvignon', 'Traminer', 'Pinot Grigio', 'Friulano']",Italy,Northeastern Italy,['Friuli Grave']
821,Antucura,86.8,23.3,87.0,18.5,18,8,"['Malbec', 'Cabernet Sauvignon-Merlot', 'Bordeaux-style Red Blend', 'Cabernet Sauvignon', 'Pinot Noir', 'Merlot-Cabernet Sauvignon', 'Red Blend', 'Sparkling Blend']",Argentina,Mendoza Province,['Vista Flores']
822,Anura,87.5,24.0,87.5,24.0,2,2,"['Chenin Blanc', 'Red Blend']",South Africa,Paarl,[]
823,Anzivino,93.0,35.0,93.0,35.0,1,1,['Nebbiolo'],Italy,Piedmont,['Gattinara']
824,Apaltagua,86.0,25.0,87.0,13.0,5,2,"['Carmenère', 'Cabernet Sauvignon']",Chile,Apalta,[]
825,Apaltagua,83.8,11.5,83.0,11.0,6,1,['Chardonnay'],Chile,Casablanca Valley,[]
826,Apaltagua,85.0,12.2,84.5,12.0,4,2,"['Rosé', 'Carmenère']",Chile,Central Valley,[]
827,Apaltagua,86.3,23.8,86.0,12.0,19,2,"['Carmenère', 'Cabernet Sauvignon']",Chile,Colchagua Valley,[]
828,Apaltagua,85.0,12.0,85.0,12.0,2,1,['Pinot Noir'],Chile,Curicó Valley,[]
829,Apaltagua,89.3,38.3,89.0,40.0,3,1,['Cabernet Sauvignon'],Chile,Maipo Valley,[]
830,Apaltagua,84.5,12.3,84.0,13.0,6,2,"['Malbec', 'Rosé']",Chile,Maule Valley,[]
831,Apaltagua,86.0,17.2,87.0,19.0,5,3,"['Pinot Noir', 'Sparkling Blend', 'Chardonnay']",Chile,San Antonio,[]
832,Apanta,87.0,26.0,87.0,26.0,1,1,['Xinomavro'],Greece,Naoussa,[]
833,Apegadas Quinta Velha,92.0,,92.0,,3,1,['Portuguese Red'],Portugal,Douro,[]
834,Aperture,92.6,61.0,93.0,55.0,7,4,"['Cabernet Sauvignon', 'Red Blend', 'Cabernet Franc', 'Sauvignon Blanc']",US,California,"['Alexander Valley', 'Sonoma']"
835,Apex,87.9,24.9,88.0,25.0,36,10,"['Merlot', 'Red Blend', 'Syrah', 'Riesling', 'Chardonnay', 'Cabernet Sauvignon', 'Sémillon', 'Sauvignon Blanc', 'Mourvèdre', 'Grenache']",US,Washington,"['Horse Heaven Hills', 'Columbia Valley']"
836,Apex Ascent,89.3,11.0,90.0,11.0,3,2,"['Sauvignon Blanc', 'Chardonnay']",US,Washington,"['Columbia Valley (WA)', 'Columbia Valley']"
837,Apex Cellars,90.0,30.0,90.0,30.0,1,1,['Cabernet Sauvignon'],US,Washington,"['Yakima Valley', 'Columbia Valley']"
838,Apex II,87.8,11.6,88.0,11.0,5,4,"['Sauvignon Blanc', 'Chardonnay', 'Pinot Gris', 'Red Blend']",US,Washington,"['Yakima Valley', 'Columbia Valley']"
839,Apex at Alder Ridge,89.7,40.0,90.0,40.0,3,3,"['Red Blend', 'Cabernet Sauvignon', 'Malbec']",US,Washington,"['Horse Heaven Hills', 'Columbia Valley']"
840,Apogee,92.0,80.0,92.0,80.0,1,1,['Sparkling Blend'],Australia,Tasmania,['Tasmania']
841,Apolloni,87.5,23.8,87.0,19.0,26,8,"['Chardonnay', 'Pinot Grigio', 'Pinot Noir', 'Pinot Blanc', 'Red Blend', 'Pinot Gris', 'Muscat', 'Viognier']",US,Oregon,"['Willamette Valley', 'Willamette Valley']"
842,Apollonio,86.2,22.6,86.0,20.0,5,3,"['Red Blend', 'Negroamaro', 'Primitivo']",Italy,Southern Italy,['Copertino']
843,Apothic,85.8,14.0,86.0,14.0,8,2,"['White Blend', 'Red Blend']",US,California,"['California', 'California Other']"
844,Appollis,84.5,12.0,84.5,12.0,2,2,"['Bordeaux-style Red Blend', 'Red Blend']",South Africa,Wellington,[]
845,Apriori,88.4,35.7,88.0,28.0,10,6,"['Cabernet Sauvignon', 'Rosé', 'Pinot Noir', 'Chardonnay', 'Sauvignon Blanc', 'Red Blend']",US,California,"['Napa Valley', 'Napa']"
846,Apsara,88.0,45.8,88.0,36.0,12,3,"['Syrah', 'Sauvignon Blanc', 'Cabernet Sauvignon']",US,California,"['Carneros', 'Napa-Sonoma']"
847,Apátsági,90.0,26.0,90.0,26.0,1,1,['Hárslevelü'],Hungary,Hungary,[]
848,Aquas,83.0,12.0,83.0,12.0,1,1,['Sparkling Blend'],US,California,"['California', 'California Other']"
849,Aquila del Torre,85.0,22.0,85.0,22.0,3,3,"['Sauvignon Blanc', 'Riesling', 'Friulano']",Italy,Northeastern Italy,['Colli Orientali del Friuli']
850,Aquilina,89.0,15.0,89.0,15.0,1,1,['Malbec'],Argentina,Mendoza Province,['Mendoza']
851,Aquinas,86.3,16.6,86.0,15.0,17,7,"['Cabernet Sauvignon', 'Chardonnay', 'Merlot', 'Pinot Noir', 'Petite Sirah', 'Sauvignon Blanc', 'Bordeaux-style Red Blend']",US,California,"['North Coast', 'North Coast']"
852,Ara,86.2,19.5,86.0,15.0,13,4,"['Pinot Noir', 'Sauvignon Blanc', 'Sauvignon', 'Pinot Gris']",New Zealand,Marlborough,[]
853,Arabella,86.0,11.0,86.0,11.0,1,1,['Sauvignon Blanc'],South Africa,Western Cape,[]
854,Arachon,86.3,,86.0,,3,3,"['Red Blend', 'Blaufränkisch', 'Austrian Red Blend']",Austria,Burgenland,[]
855,Aradon,84.0,10.0,84.0,10.0,1,1,['Viura'],Spain,Northern Spain,['Rioja']
856,Aragosta,84.0,13.0,84.0,13.0,1,1,['Vermentino'],Italy,Sicily & Sardinia,['Vermentino di Sardegna']
857,Aragus,86.0,10.0,86.0,10.0,1,1,['Garnacha'],Spain,Northern Spain,['Campo de Borja']
858,Araldica,87.3,15.4,86.5,12.5,10,4,"['Cortese', 'Barbera', 'Dolcetto', 'Sparkling Blend']",Italy,Piedmont,['Gavi']
859,Aramis,87.2,22.0,87.0,21.5,4,3,"['Shiraz-Cabernet Sauvignon', 'Shiraz', 'Cabernet Sauvignon']",Australia,South Australia,['McLaren Vale']
860,Aranleón,86.5,20.0,86.5,20.0,2,1,['Sparkling Blend'],Spain,Catalonia,['Cava']
861,Aranleón,85.5,16.5,85.5,16.5,2,1,['Red Blend'],Spain,Levante,['Valencia']
862,Aratás,90.8,49.2,91.5,48.5,4,1,['Petite Sirah'],US,California,"['Napa Valley', 'Napa']"
863,Arauco,82.3,11.6,82.0,10.0,10,6,"['Cabernet Sauvignon', 'Carmenère', 'Pinot Grigio', 'Merlot', 'Sauvignon Blanc', 'Chardonnay']",Chile,Central Valley,[]
864,Arauco,83.5,35.5,83.5,35.5,2,2,"['Red Blend', 'Cabernet Sauvignon']",Chile,Maule Valley,[]
865,Araujo,97.0,230.0,97.0,230.0,2,1,['Cabernet Sauvignon'],US,California,"['Napa Valley', 'Napa']"
866,Arbanta,85.0,10.0,85.0,10.0,1,1,['Tempranillo'],Spain,Northern Spain,['Rioja']
867,Arbiola,87.5,13.0,87.0,13.0,4,2,"['Moscato', 'Barbera']",Italy,Piedmont,"[""Moscato d'Asti""]"
868,Arbios,87.2,30.7,87.0,30.0,6,1,['Cabernet Sauvignon'],US,California,"['Alexander Valley', 'Sonoma']"
869,Arbol de Vida,83.0,,83.0,,1,1,['Chardonnay'],Chile,Maule Valley,[]
870,Arboleda,87.1,21.4,88.0,20.0,7,3,"['Chardonnay', 'Pinot Noir', 'Sauvignon Blanc']",Chile,Aconcagua Costa,[]
871,Arboleda,87.2,19.5,87.0,19.0,27,8,"['Syrah', 'Cabernet Sauvignon', 'Sauvignon Blanc', 'Merlot', 'Chardonnay', 'Shiraz', 'Carmenère', 'Pinot Noir']",Chile,Aconcagua Valley,[]
872,Arboleda,86.6,16.0,87.0,15.0,5,1,['Chardonnay'],Chile,Casablanca Valley,[]
873,Arboleda,86.2,17.4,86.0,18.0,11,3,"['Carmenère', 'Merlot', 'Syrah']",Chile,Colchagua Valley,[]
874,Arboleda,85.8,16.5,85.5,16.5,4,1,['Sauvignon Blanc'],Chile,Leyda Valley,[]
875,Arboleda,86.0,15.0,86.0,15.0,1,1,['Cabernet Sauvignon'],Chile,Maipo Valley,[]
876,Arbor Bench Vineyards,86.0,48.0,86.0,48.0,1,1,['Cabernet Sauvignon'],US,California,"['Dry Creek Valley', 'Sonoma']"
877,Arbor Brook,90.3,42.7,90.0,45.0,21,2,"['Pinot Noir', 'Pinot Gris']",US,Oregon,"['Chehalem Mountains', 'Willamette Valley']"
878,Arbor Crest,89.3,18.7,90.0,18.0,43,11,"['Cabernet Sauvignon', 'Cabernet Franc', 'Sauvignon Blanc', 'Chardonnay', 'Merlot', 'Meritage', 'Syrah', 'Sangiovese', 'Malbec', 'Petite Sirah', 'Red Blend']",US,Washington,"['Columbia Valley (WA)', 'Columbia Valley']"
879,Arbor Hill,85.0,13.0,85.0,13.0,1,1,['Riesling'],US,New York,"['Finger Lakes', 'Finger Lakes']"
880,Arbéta,87.0,30.8,87.0,32.5,6,2,"['Barbera', 'Nebbiolo']",Italy,Piedmont,"[""Barbera d'Alba""]"
881,Arbëri,88.0,20.0,88.0,20.0,1,1,['Kallmet'],Albania,Mirditë,[]
882,Arcadian,89.1,52.3,90.0,50.0,23,3,"['Pinot Noir', 'Chardonnay', 'Syrah']",US,California,"['Santa Maria Valley', 'Central Coast']"
883,Arcane Cellars,86.7,23.7,87.5,21.0,6,5,"['Riesling', 'Pinot Gris', 'Pinot Blanc', 'Pinot Noir', 'Cabernet Sauvignon']",US,Oregon,"['Dundee Hills', 'Willamette Valley']"
884,Archer,84.5,23.5,84.5,23.5,2,2,"['Pinot Gris', 'Pinot Noir']",US,Oregon,"['Chehalem Mountains', 'Willamette Valley']"
885,Archer Roose,87.0,30.0,87.0,30.0,1,1,['Carmenère'],Chile,Colchagua Valley,[]
886,Archer Roose,86.0,30.0,86.0,30.0,1,1,['Cabernet Sauvignon'],Chile,Maipo Valley,[]
887,Archery Summit,91.1,82.6,92.0,85.0,51,2,"['Pinot Noir', 'Pinot Gris']",US,Oregon,"['Willamette Valley', 'Willamette Valley']"
888,Archetype,87.8,20.8,88.0,17.0,4,2,"['Cabernet Sauvignon-Shiraz', 'Shiraz']",Australia,South Australia,['Barossa']
889,Archeus,88.0,46.0,88.0,46.0,2,2,"['Cabernet Sauvignon', 'Syrah']",US,Washington,"['Red Mountain', 'Columbia Valley']"
890,Archgate Cellars,86.7,14.0,87.0,15.0,3,3,"['Cabernet Sauvignon', 'Pinot Grigio', 'Zinfandel']",US,California,"['Lodi', 'Central Valley']"
891,Archimedes,90.5,72.5,90.5,72.5,2,1,['Cabernet Sauvignon'],US,California,"['Alexander Valley', 'Sonoma']"
892,Archium,88.9,33.3,88.5,34.0,14,5,"['Rhône-style Red Blend', 'Syrah', 'Grenache', 'Syrah-Grenache', 'Rosé']",US,California,"['Santa Ynez Valley', 'Central Coast']"
893,Archival,88.0,32.0,88.0,32.0,2,2,"['Chardonnay', 'Petite Sirah']",US,California,"['Sonoma Mountain', 'Sonoma']"
894,Arché,85.0,30.7,85.0,24.0,3,2,"['Roussanne', 'Syrah']",US,Texas,['Texas High Plains']
895,Arciero,82.5,12.8,82.5,13.0,4,4,"['Petite Sirah', 'Chardonnay', 'Merlot', 'Red Blend']",US,California,"['Paso Robles', 'Central Coast']"
896,Arcs,81.0,11.0,81.0,11.0,1,1,['Carignane'],Spain,Catalonia,['Terra Alta']
897,Arcudi,93.0,150.0,93.0,150.0,1,1,['Cabernet Sauvignon'],US,California,"['Howell Mountain', 'Napa']"
898,Ardales,84.0,16.7,84.0,16.0,3,1,['Tempranillo'],Spain,Central Spain,['Vino de la Tierra de Castilla']
899,Ardente,89.5,45.0,89.5,45.0,2,1,['Cabernet Sauvignon'],US,California,"['Atlas Peak', 'Napa']"
900,Ardenvoir,91.0,20.3,92.0,22.0,7,4,"['Sémillon', 'Rosé', 'Sauvignon Blanc', 'Chardonnay']",US,Washington,"['Columbia Valley (WA)', 'Columbia Valley']"
901,Ardiri,87.0,20.5,87.0,20.5,2,2,"['Pinot Noir', 'White Blend']",US,Oregon,"['Willamette Valley', 'Willamette Valley']"
902,Ardiri Winery and Vineyards,85.0,29.0,85.0,29.0,1,1,['Pinot Noir'],US,California,"['California', 'California Other']"
903,Ardor,90.7,43.1,91.0,50.0,23,5,"['Syrah', 'Mourvèdre', 'Rosé', 'White Blend', 'Grenache']",US,Washington,"['Walla Walla Valley (WA)', 'Columbia Valley']"
904,Arduini,87.9,37.1,88.5,26.0,14,2,"['Corvina, Rondinella, Molinara', 'Red Blend']",Italy,Veneto,['Valpolicella Classico Superiore Ripasso']
905,Areo,85.2,15.5,86.0,15.5,4,3,"['Malbec', 'Pinot Noir', 'Merlot']",Argentina,Other,['Neuquén']
906,Aresti,84.7,13.0,84.0,12.0,3,2,"['Sauvignon Blanc', 'Pinot Noir']",Chile,Casablanca Valley,[]
907,Aresti,84.0,10.0,84.0,10.0,3,3,"['Gewürztraminer', 'Pinot Noir', 'Carmenère']",Chile,Central Valley,[]
908,Aresti,81.0,8.0,81.0,8.0,2,2,"['Merlot', 'Cabernet Sauvignon']",Chile,Chile,[]
909,Aresti,85.0,14.8,84.5,14.5,4,2,"['Red Blend', 'Cabernet Sauvignon']",Chile,Colchagua Valley,[]
910,Aresti,85.4,16.4,85.0,13.0,48,9,"['Gewürztraminer', 'Red Blend', 'Cabernet Sauvignon', 'Carmenère', 'Chardonnay', 'Sauvignon Blanc', 'Pinot Noir', 'Merlot', 'Carmenère-Syrah']",Chile,Curicó Valley,[]
911,Aresti,83.5,16.0,83.5,16.0,2,1,['Sauvignon Blanc'],Chile,Leyda Valley,[]
912,Aresti,86.7,13.3,88.0,12.0,3,3,"['Syrah', 'Cabernet Sauvignon', 'Carmenère']",Chile,Maipo Valley,[]
913,Aresti,86.0,12.0,86.0,12.0,1,1,['Carmenère'],Chile,Rapel Valley,[]
914,Aresti,83.7,12.4,83.0,13.0,9,4,"['Cabernet Sauvignon', 'Merlot', 'Carmenère', 'Sauvignon Blanc']",Chile,Rio Claro,[]
915,Argami,85.0,18.0,85.0,18.0,1,1,['Verdejo'],Spain,Northern Spain,['Rueda']
916,Argana,83.0,12.0,83.5,12.0,4,4,"['Malbec', 'Merlot', 'Syrah', 'Cabernet Sauvignon']",Argentina,Mendoza Province,['Mendoza']
917,Arge & Tina,83.0,8.4,83.0,8.0,5,3,"['Malbec', 'Cabernet Sauvignon', 'Chardonnay']",Argentina,Other,['San Juan']
918,Argentiera,89.0,46.0,89.0,46.0,2,1,['Red Blend'],Italy,Tuscany,['Bolgheri']
919,Argento,85.4,13.4,85.0,13.0,27,5,"['Pinot Grigio', 'Cabernet Sauvignon', 'Malbec', 'Bonarda', 'Chardonnay']",Argentina,Mendoza Province,['Mendoza']
920,Argento,84.5,14.5,84.5,14.5,2,1,['Torrontés'],Argentina,Other,['Salta']
921,Arger-Martucci,88.2,41.6,88.0,40.0,19,8,"['Cabernet Franc', 'Bordeaux-style Red Blend', 'Cabernet Sauvignon', 'Syrah', 'Sauvignon Blanc-Semillon', 'Viognier', 'Red Blend', 'Pinot Noir']",US,California,"['Napa Valley', 'Napa']"
922,Argiano,90.2,90.0,90.0,72.5,24,3,"['Red Blend', 'Sangiovese', 'Sangiovese Grosso']",Italy,Tuscany,['Toscana']
923,Argie,89.0,17.0,89.0,17.0,1,1,['Bonarda'],Argentina,Mendoza Province,['Mendoza']
924,Argie,84.5,16.0,84.5,16.0,2,1,['Torrontés'],Argentina,Other,['La Rioja']
925,Argillae,87.2,16.2,87.0,16.0,6,3,"['Grechetto', 'White Blend', 'Red Blend']",Italy,Central Italy,['Umbria']
926,Argiolas,89.0,32.5,89.0,20.0,44,10,"['Red Blend', 'Vermentino', 'Cannonau', 'Nasco', 'White Blend', 'Rosé', 'Carignano', 'Nuragus', 'Monica', 'Rosato']",Italy,Sicily & Sardinia,['Isola dei Nuraghi']
927,Argot,88.6,51.0,88.0,50.0,5,2,"['Chardonnay', 'Pinot Noir']",US,California,"['Bennett Valley', 'Sonoma']"
928,Argyle,89.5,39.8,90.0,40.0,45,5,"['Sparkling Blend', 'Pinot Noir', 'Riesling', 'Chardonnay', 'Champagne Blend']",US,Oregon,"['Willamette Valley', 'Willamette Valley']"
929,Argyros,84.0,21.0,84.0,21.0,2,2,"['Aidani', 'White Blend']",Greece,Cyclades,[]
930,Argyros,87.7,25.1,88.0,26.0,13,4,"['Assyrtiko', 'Assyrtico', 'White Blend', 'Red Blend']",Greece,Santorini,[]
931,Ariano,81.0,7.0,81.0,7.0,2,2,"['Merlot', 'Cabernet Sauvignon']",Uruguay,Canelones,[]
932,Ariano Hermanos,86.0,24.0,85.0,16.0,3,3,"['Tannat-Syrah', 'Tannat-Cabernet Franc', 'Tannat']",Uruguay,Canelones,[]
933,Aril,92.2,46.0,92.0,45.0,5,1,['Syrah'],US,California,"['Atlas Peak', 'Napa']"
934,Arissa Jane,85.0,35.0,85.0,35.0,1,1,['Pinot Noir'],US,California,"['Sonoma Coast', 'Sonoma']"
935,Arista,91.6,55.6,92.0,56.0,61,3,"['Pinot Noir', 'Gewürztraminer', 'Chardonnay']",US,California,"['Russian River Valley', 'Sonoma']"
936,Arizona Angel,83.0,11.0,83.0,11.0,1,1,['White Blend'],US,Arizona,['Arizona']
937,Arizona Stronghold,86.0,30.0,86.0,31.0,4,4,"['Chardonnay', 'Cabernet Sauvignon', 'Mourvèdre', 'Bordeaux-style Red Blend']",US,America,[]
938,Arizona Stronghold,84.0,24.0,84.0,24.0,2,2,"['Red Blend', 'Malvasia']",US,Arizona,['Cochise County']
939,Arkenstone,93.3,91.7,94.5,95.0,6,3,"['Bordeaux-style Red Blend', 'Syrah', 'Sauvignon Blanc']",US,California,"['Howell Mountain', 'Napa']"
940,Armand Roux,84.0,8.0,84.0,8.0,1,1,['Bordeaux-style Red Blend'],France,Bordeaux,['Bordeaux']
941,Armand de Brignac,90.7,475.0,91.0,450.0,3,2,"['Champagne Blend', 'Chardonnay']",France,Champagne,['Champagne']
942,Armanino Family Cellars,88.1,61.0,88.0,55.0,24,2,"['Pinot Noir', 'Cabernet Sauvignon']",US,California,"['Russian River Valley', 'Sonoma']"
943,Armas de Guerra,85.5,12.0,85.5,12.0,2,2,"['Mencía', 'Rosado']",Spain,Northern Spain,['Bierzo']
944,Armida,87.8,37.3,88.0,40.0,51,9,"['Cabernet Sauvignon', 'Chardonnay', 'Pinot Noir', 'Sauvignon Blanc', 'Zinfandel', 'Red Blend', 'Gewürztraminer', 'White Blend', 'Petite Sirah']",US,California,"['Alexander Valley', 'Sonoma']"
945,Armilla,90.2,53.8,89.5,63.0,6,2,"['Sangiovese', 'Sangiovese Grosso']",Italy,Tuscany,['Brunello di Montalcino']
946,Armitage,92.0,55.0,92.0,55.0,1,1,['Pinot Noir'],US,California,"['Santa Cruz Mountains', 'Central Coast']"
947,Armosa,84.3,30.0,84.0,30.0,3,2,"[""Nero d'Avola"", 'Moscato']",Italy,Sicily & Sardinia,['Sicilia']
948,Armstrong Family,87.5,27.5,88.0,28.0,11,7,"['Cabernet Sauvignon', 'Viognier', 'Syrah', 'White Blend', 'Cabernet Franc', 'Bordeaux-style Red Blend', 'Riesling']",US,Washington,"['Columbia Valley (WA)', 'Columbia Valley']"
949,Arnaldo Caprai,90.7,54.2,90.0,50.0,28,3,"['Sagrantino', 'Red Blend', 'Grechetto']",Italy,Central Italy,['Sagrantino di Montefalco']
950,Arnaldo Rivera,87.3,,87.0,,3,1,['Nebbiolo'],Italy,Piedmont,['Barolo']
951,Arnaud Baillot,90.0,59.8,89.0,39.0,5,2,"['Chardonnay', 'Pinot Noir']",France,Burgundy,['Montagny']
952,Arnaud de Villeneuve,87.7,31.0,86.0,20.0,3,3,"['White Blend', 'Muscat', 'Rosé']",France,Languedoc-Roussillon,['Rivesaltes']
953,Arndorfer,89.0,54.0,89.0,54.0,1,1,['Roter Veltliner'],Austria,Austria,[]
954,Arndorfer,92.0,26.5,92.0,26.5,2,2,"['Riesling', 'Grüner Veltliner']",Austria,Kamptal,[]
955,Arndorfer,90.0,33.3,91.0,28.0,16,9,"['Grüner Veltliner', 'Austrian white blend', 'Zweigelt', 'Roter Veltliner', 'Austrian Red Blend', 'Riesling', 'Red Blend', 'White Blend', 'Sparkling Blend']",Austria,Niederösterreich,[]
956,Arndorfer,92.0,55.0,92.0,55.0,1,1,['Sparkling Blend'],Austria,Österreichischer Sekt,[]
957,Arndt,88.7,31.3,88.0,32.0,3,3,"['Red Blend', 'Merlot', 'Zinfandel']",US,California,"['Paso Robles', 'Central Coast']"
958,Arniston Bay,83.7,10.3,84.0,10.0,3,3,"['Chenin Blanc-Chardonnay', 'Pinotage', 'Merlot-Shiraz']",South Africa,Western Cape,[]
959,Arnold Palmer,84.0,15.0,84.0,15.0,1,1,['Chardonnay'],US,California,"['California', 'California Other']"
960,Arnoux & Fils,87.0,,87.0,,2,1,['Pinot Noir'],France,Burgundy,['Savigny-lès-Beaune']
961,Arns,88.5,69.4,88.5,75.0,8,2,"['Cabernet Sauvignon', 'Syrah']",US,California,"['Napa Valley', 'Napa']"
962,Aroma,80.0,9.0,80.0,9.0,1,1,['Sauvignon'],Chile,Chile,[]
963,Aromal,80.0,15.0,80.0,15.0,1,1,['Verdejo'],Spain,Northern Spain,['Rueda']
964,AronHill,87.3,42.0,86.5,41.0,6,5,"['Chardonnay', 'Primitivo', 'Bordeaux-style Red Blend', 'Cabernet Sauvignon', 'Red Blend']",US,California,"['Central Coast', 'Central Coast']"
965,Arpepe,91.7,71.4,91.0,68.0,7,1,['Nebbiolo'],Italy,Lombardy,['Valtellina Superiore']
966,Array,90.4,29.9,90.0,32.0,8,1,['Chardonnay'],US,Washington,"['Columbia Valley (WA)', 'Columbia Valley']"
967,Arrayán,85.2,28.5,85.0,25.0,4,2,"['Red Blend', 'Syrah']",Spain,Central Spain,['Mentrida']
968,Arregi,86.0,20.0,86.0,20.0,1,1,['White Blend'],Spain,Northern Spain,['Getariako Txakolina']
969,Arroba,85.0,20.0,85.0,20.0,2,2,"['Cabernet Sauvignon', 'Pinot Noir']",US,California,"['Alexander Valley', 'Sonoma']"
970,Arrocal,88.3,38.5,90.0,22.0,19,4,"['Rosé', 'Tempranillo', 'Tinto Fino', 'Tempranillo Blend']",Spain,Northern Spain,['Ribera del Duero']
971,Arrogant Frog,85.5,11.0,85.5,10.0,6,5,"['Cabernet Sauvignon-Merlot', 'Chardonnay-Viognier', 'Pinot Noir', 'Chardonnay', 'Rosé']",France,Languedoc-Roussillon,"[""Pays d'Oc""]"
972,Arrow Creek,83.0,15.7,83.0,18.0,24,8,"['Chardonnay', 'Meritage', 'Pinot Noir', 'Cabernet Sauvignon', 'Pinot Grigio', 'Merlot', 'White Blend', 'Red Blend']",US,California,"['California', 'California Other']"
973,Arrowhead Mountain,83.5,40.0,83.5,40.0,2,2,"['Zinfandel', 'Red Blend']",US,California,"['Sonoma Valley', 'Sonoma']"
974,Arrowhead Spring,86.0,23.5,86.0,23.5,2,1,['Red Blend'],US,New York,"['New York', 'New York Other']"
975,Arrowood,89.4,41.1,90.0,35.0,64,12,"['Chardonnay', 'White Riesling', 'Merlot', 'Cabernet Sauvignon', 'Syrah', 'Viognier', 'Malbec', 'Rhône-style Red Blend', 'Rhône-style White Blend', 'Riesling', 'Bordeaux-style Red Blend', 'Gewürztraminer']",US,California,"['Sonoma County', 'Sonoma']"
976,Arroyo,85.5,14.2,86.0,13.5,4,1,['Tempranillo'],Spain,Northern Spain,['Ribera del Duero']
977,Arrumaco,84.6,9.0,85.0,9.0,7,3,"['Verdejo', 'Rosé', 'Tempranillo']",Spain,Spain Other,['Spain']
978,Art of Earth,84.0,15.0,84.0,15.0,1,1,['Riesling'],Germany,Rheinhessen,[]
979,Artadi,90.0,34.0,91.0,45.0,3,2,"['Monastrell', 'Monastrell-Syrah']",Spain,Levante,['Alicante']
980,Artadi,90.8,89.0,91.0,65.0,25,6,"['Tempranillo Blend', 'Tempranillo', 'Rosado', 'Rosé', 'Garnacha', 'Garnacha Blanca']",Spain,Northern Spain,['Rioja']
981,Arteaga,85.0,19.0,85.0,19.0,1,1,['Red Blend'],Spain,Northern Spain,['Navarra']
982,Artemayor,87.0,46.0,87.0,46.0,1,1,['Bobal'],Spain,Levante,['Utiel-Requena']
983,Artemovsk,84.6,13.0,85.0,13.0,5,2,"['Sparkling Blend', 'Muscat']",Ukraine,Ukraine,[]
984,Artes del Sur,87.5,18.5,87.5,18.5,2,2,"['Cabernet Sauvignon', 'Malbec']",Argentina,Mendoza Province,['Uco Valley']
985,Artesa,88.0,36.4,88.0,29.0,84,13,"['Cabernet Sauvignon', 'Merlot', 'Bordeaux-style Red Blend', 'Pinot Blanc', 'Sauvignon Blanc', 'Albariño', 'Chardonnay', 'Pinot Noir', 'Red Blend', 'Cabernet Franc', 'Tempranillo', 'Tempranillo-Cabernet Sauvignon', 'Cabernet Blend']",US,California,"['Napa Valley', 'Napa']"
986,Artesana,87.1,19.9,87.0,18.0,9,4,"['Tannat', 'Tannat-Merlot', 'Red Blend', 'Rosé']",Uruguay,Canelones,[]
987,Artevino,88.2,30.5,87.5,32.0,4,3,"['Chardonnay', 'Zinfandel', 'Pinot Noir']",US,California,"['Mendocino', 'Mendocino/Lake Counties']"
988,Artezin,87.9,23.2,89.0,25.0,21,4,"['Zinfandel', 'Charbono', 'Carignan', 'Petite Sirah']",US,California,"['Mendocino County', 'Mendocino/Lake Counties']"
989,Arthur Metz,87.5,19.2,87.5,18.0,10,4,"['Gewürztraminer', 'Riesling', 'Sparkling Blend', 'Pinot Noir']",France,Alsace,['Alsace']
990,Arthur's Creek,84.5,32.5,84.5,32.5,2,2,"['Cabernet Sauvignon', 'Chardonnay']",Australia,Victoria,['Yarra Valley']
991,Artiga Fustel,84.0,10.0,84.0,10.0,1,1,['Tempranillo'],Spain,Central Spain,['La Mancha']
992,Artimino,87.4,15.8,87.0,20.0,5,1,['Red Blend'],Italy,Tuscany,['Carmignano']
993,Artisan Uprising,88.7,34.0,88.0,35.0,3,3,"['Malbec', 'Petite Sirah', 'Merlot']",US,California,"['Paso Robles', 'Central Coast']"
994,Artisan Wines DI Franz Scheider,89.2,16.2,89.0,15.0,4,3,"['St. Laurent', 'Welschriesling', 'Zweigelt']",Austria,Burgenland,[]
995,Artisanal Wine Cellars,84.8,28.5,85.0,28.0,4,1,['Pinot Noir'],US,Oregon,"['Chehalem Mountains', 'Willamette Valley']"
996,Artner,88.0,13.0,88.0,13.0,1,1,['Grüner Veltliner'],Austria,Austria,[]
997,Artner,90.6,26.1,90.0,15.0,11,4,"['Zweigelt', 'Grüner Veltliner', 'Blaufränkisch', 'Riesling']",Austria,Carnuntum,[]
998,Artur Steinmann,88.0,29.0,88.0,29.0,1,1,['Riesling'],Germany,Franken,[]
999,Arunda,87.0,9.0,87.0,9.0,1,1,['Chardonnay'],Australia,Australia Other,['South Eastern Australia']
1000,Arunda,88.0,35.0,88.0,35.0,3,1,['Sparkling Blend'],Italy,Northeastern Italy,['Alto Adige']
1001,Arzuaga,89.0,60.0,90.0,40.0,5,2,"['Tempranillo', 'Tempranillo Blend']",Spain,Northern Spain,['Ribera del Duero']
1002,Arínzano,85.4,35.6,84.0,20.0,5,4,"['Red Blend', 'Tempranillo-Merlot', 'Tempranillo', 'Chardonnay']",Spain,Northern Spain,['Pago de Arínzano']
1003,As Laxas,89.5,20.0,90.0,22.0,13,1,['Albariño'],Spain,Galicia,['Rías Baixas']
1004,Asara,86.5,30.5,86.5,30.5,2,2,"['Red Blend', 'Bordeaux-style Red Blend']",South Africa,Stellenbosch,[]
1005,Ascencion,83.0,15.0,83.0,15.0,1,1,['Torrontés'],Argentina,Other,['Salta']
1006,Ascencion,90.0,56.0,90.0,56.0,1,1,['Syrah'],US,California,"['Paso Robles', 'Central Coast']"
1007,Ascension Cellars,86.9,44.0,87.0,38.5,18,11,"['Bordeaux-style Red Blend', 'Rosé', 'Red Blend', 'Rhône-style Red Blend', 'White Blend', 'G-S-M', 'Primitivo', 'Viognier', 'Rhône-style White Blend', 'Cabernet Sauvignon', 'Syrah']",US,California,"['Paso Robles', 'Central Coast']"
1008,Ascevi Luwa,85.8,19.8,85.5,18.5,4,1,['Pinot Grigio'],Italy,Northeastern Italy,['Collio']
1009,Ascheri,90.6,66.5,90.0,50.0,11,2,"['Barbera', 'Nebbiolo']",Italy,Piedmont,"[""Barbera d'Alba""]"
1010,Asensio,84.2,22.5,84.0,25.5,4,3,"['Red Blend', 'Merlot', 'Cabernet Sauvignon']",Spain,Northern Spain,['Navarra']
1011,Asensio,88.0,22.0,88.0,22.0,1,1,['Moscatel'],Spain,Spain Other,['Spain']
1012,Ash Hollow,88.2,24.8,88.5,22.0,12,10,"['Merlot', 'Gewürztraminer', 'Syrah', 'White Blend', 'Cabernet Sauvignon', 'Red Blend', 'Sauvignon Blanc', 'Pinot Gris', 'Bordeaux-style Red Blend', 'Malbec']",US,Washington,"['Columbia Valley (WA)', 'Columbia Valley']"
1013,Ashan,90.7,38.9,91.0,40.0,9,1,['Chardonnay'],US,Washington,"['Yakima Valley', 'Columbia Valley']"
1014,Ashland Vineyards,83.0,8.0,83.0,8.0,1,1,['Chardonnay'],US,Oregon,"['Rogue Valley', 'Southern Oregon']"
1015,Ashokawna,81.0,17.0,81.0,17.0,1,1,['Pinot Noir'],US,California,"['Russian River Valley', 'Sonoma']"
1016,Aspaldi,89.2,18.0,89.5,19.0,4,3,"['Tempranillo Blend', 'Red Blend', 'Tempranillo']",Spain,Northern Spain,['Rioja']
1017,Assembly,85.0,15.0,85.0,15.0,1,1,['Zinfandel'],US,California,"['Lodi', 'Central Valley']"
1018,Assolati,86.0,21.5,86.0,21.5,2,2,"['Red Blend', 'Sangiovese']",Italy,Tuscany,['Montecucco']
1019,Assuli,86.8,19.0,86.5,19.0,4,2,"[""Nero d'Avola"", 'Grillo']",Italy,Sicily & Sardinia,['Terre Siciliane']
1020,Astoria,83.0,12.0,83.0,12.0,1,1,['Moscato'],Italy,Italy Other,['Italy']
1021,Astoria,88.0,15.0,88.0,15.0,2,2,"['Sauvignon Blanc', 'Pinot Grigio']",Italy,Northeastern Italy,['Delle Venezie']
1022,Astoria,87.0,18.6,87.0,19.0,43,8,"['Glera', 'Prosecco', 'White Blend', 'Moscato', 'Red Blend', 'Cabernet Sauvignon', 'Merlot', 'Cabernet Franc']",Italy,Veneto,['Conegliano Valdobbiadene Prosecco Superiore']
1023,Astorre Noti,86.8,21.2,86.5,22.0,4,1,['Red Blend'],Italy,Tuscany,['Vino Nobile di Montepulciano']
1024,Astrale e Terra,85.4,39.5,85.0,39.0,10,6,"['Cabernet Sauvignon', 'Syrah', 'Sauvignon Blanc', 'Merlot', 'Cabernet Blend', 'Red Blend']",US,California,"['Atlas Peak', 'Napa']"
1025,Astrales,92.1,77.4,92.0,77.5,10,3,"['Tinto Fino', 'Tempranillo', 'Tempranillo Blend']",Spain,Northern Spain,['Ribera del Duero']
1026,Astrolabe,89.0,24.4,89.0,23.0,9,4,"['Pinot Gris', 'Sauvignon Blanc', 'Chenin Blanc', 'Pinot Noir']",New Zealand,Marlborough,[]
1027,Asuncion Ridge,89.3,43.3,90.0,38.0,23,8,"['Pinot Noir', 'Rhône-style Red Blend', 'Red Blend', 'Rosé', 'Sauvignon Blanc', 'Cabernet Sauvignon-Syrah', 'Viognier', 'G-S-M']",US,California,"['San Luis Obispo County', 'Central Coast']"
1028,Asunto de Vino,85.0,12.0,86.0,12.0,3,3,"['Chardonnay', 'Cabernet Sauvignon', 'Carmenère']",Chile,Central Valley,[]
1029,Ata Rangi,89.6,36.6,90.0,27.0,11,2,"['Sauvignon Blanc', 'Pinot Noir']",New Zealand,Martinborough,[]
1030,Ataide da Costa Martins Seredo,89.5,,89.5,,2,1,['Portuguese Red'],Portugal,Bairrada,[]
1031,Atalaya,87.7,19.4,87.0,16.0,7,3,"['Garnacha-Monastrell', 'Red Blend', 'Garnacha']",Spain,Central Spain,['Almansa']
1032,Atalaya do Mar,86.0,13.0,86.0,13.0,1,1,['Mencía'],Spain,Galicia,['Monterrei']
1033,Atalayas de Golbán,86.7,18.9,87.0,19.0,7,3,"['Tinto Fino', 'Red Blend', 'Tempranillo']",Spain,Northern Spain,['Ribera del Duero']
1034,Atali Winery,86.0,55.0,86.0,55.0,1,1,['Cabernet Sauvignon'],US,California,"['Oak Knoll District', 'Napa']"
1035,Atalon,89.8,34.0,89.5,35.0,12,4,"['Sauvignon Blanc', 'Cabernet Sauvignon', 'Bordeaux-style Red Blend', 'Cabernet Blend']",US,California,"['Napa Valley', 'Napa']"
1036,Ataraxia,93.0,,93.0,,1,1,['Chardonnay'],South Africa,Hemel en Aarde,[]
1037,Ataraxia,88.0,26.7,88.0,30.0,4,2,"['Red Blend', 'Sauvignon Blanc']",South Africa,Western Cape,[]
1038,Ataíde Semedo,91.0,25.0,91.0,25.0,2,1,['Portuguese Red'],Portugal,Bairrada,[]
1039,Athair,87.0,34.0,86.5,34.0,4,2,"['Pinot Noir', 'Chardonnay']",US,California,"['Russian River Valley', 'Sonoma']"
1040,Athiná,90.0,19.0,90.0,19.0,1,1,['Assyrtico'],Greece,Santorini,[]
1041,Aticus,87.5,27.5,87.5,27.5,2,1,['Tempranillo'],Spain,Northern Spain,['Rioja']
1042,Atipax,84.5,24.5,84.5,24.5,2,1,['Red Blend'],Argentina,Mendoza Province,['Mendoza']
1043,Atlas Peak,90.5,65.6,91.0,86.0,19,5,"['Cabernet Sauvignon', 'Chardonnay', 'Sangiovese', 'Bordeaux-style Red Blend', 'Cabernet Blend']",US,California,"['Mount Veeder', 'Napa']"
1044,Atmosphere,89.0,32.1,88.0,30.0,7,4,"['Cabernet Sauvignon', 'Fumé Blanc', 'Marsanne-Roussanne', 'Syrah']",US,California,"['Sonoma Valley', 'Sonoma']"
1045,Atrea,89.3,23.1,89.0,25.0,9,3,"['Viognier-Roussanne', 'Red Blend', 'White Blend']",US,California,"['Mendocino County', 'Mendocino/Lake Counties']"
1046,Attems,87.5,28.1,87.0,20.5,17,5,"['White Blend', 'Sauvignon', 'Pinot Grigio', 'Sauvignon Blanc', 'Ribolla Gialla']",Italy,Northeastern Italy,['Collio']
1047,Attic Cellar,89.0,13.0,89.0,13.0,1,1,['Riesling'],US,New York,"['Finger Lakes', 'Finger Lakes']"
1048,Atticus,88.5,24.0,88.5,24.0,2,1,['Pinot Noir'],US,Oregon,"['Willamette Valley', 'Willamette Valley']"
1049,Attilio Ghisolfi,91.0,73.0,91.0,74.5,9,3,"['Red Blend', 'Nebbiolo', 'Barbera']",Italy,Piedmont,['Langhe']
1050,Attimo,85.0,19.5,85.5,18.5,4,3,"['Chardonnay', 'Cabernet Franc', 'Vidal Blanc']",US,Virginia,['Virginia']
1051,Attis,84.0,23.8,84.5,22.5,4,1,['Albariño'],Spain,Galicia,['Rías Baixas']
1052,Atwater,86.9,20.8,87.0,17.0,53,17,"['Blaufränkisch', 'Pinot Gris', 'Riesling', 'Gewürztraminer', 'White Blend', 'Red Blend', 'Merlot', 'Cabernet Franc', 'Sparkling Blend', 'Chardonnay', 'Cabernet Sauvignon-Merlot', 'Meritage', 'Vidal Blanc', 'Syrah', 'Pinot Noir', 'Rosé', 'Cabernet Sauvignon']",US,New York,"['Finger Lakes', 'Finger Lakes']"
1053,Atze's Corner,90.5,20.0,90.5,20.0,2,2,"['Shiraz', 'G-S-M']",Australia,South Australia,['Barossa Valley']
1054,Au Bon Climat,92.1,37.6,93.0,35.0,43,3,"['Pinot Noir', 'Chardonnay', 'White Blend']",US,California,"['Santa Maria Valley', 'Central Coast']"
1055,Au Contraire,91.8,29.0,92.0,30.0,5,2,"['Chardonnay', 'Pinot Noir']",US,California,"['Russian River Valley', 'Sonoma']"
1056,Au Jus,89.0,20.0,89.0,20.0,1,1,['Chardonnay'],US,California,"['Monterey County', 'Central Coast']"
1057,Au Pied du Mont Chauve,91.3,72.4,92.0,65.0,19,2,"['Chardonnay', 'Pinot Noir']",France,Burgundy,['Chassagne-Montrachet']
1058,Au Sommet,95.5,250.0,95.5,250.0,2,1,['Cabernet Sauvignon'],US,California,"['Atlas Peak', 'Napa']"
1059,Aubichon Cellars,90.4,40.1,91.0,35.5,28,4,"['Chardonnay', 'Pinot Noir', 'Pinot Gris', 'Grenache']",US,Oregon,"['Willamette Valley', 'Willamette Valley']"
1060,Aubry,90.7,64.2,91.0,63.0,17,2,"['Chardonnay', 'Champagne Blend']",France,Champagne,['Champagne']
1061,Auburn,86.5,37.0,86.5,37.0,2,2,"['Chardonnay', 'Cabernet Sauvignon']",US,California,"['Napa Valley', 'Napa']"
1062,AuburnJames,87.0,59.3,87.0,52.0,9,5,"['Cabernet Sauvignon', 'Bordeaux-style Red Blend', 'Chardonnay', 'Pinot Noir', 'Red Blend']",US,California,"['Napa Valley', 'Napa']"
1063,Auclair,88.3,36.1,88.0,39.0,18,5,"['Bordeaux-style White Blend', 'Cabernet Sauvignon', 'Bordeaux-style Red Blend', 'Cabernet Franc', 'Sauvignon Blanc']",US,Washington,"['Columbia Valley (WA)', 'Columbia Valley']"
1064,Audelssa,87.0,71.0,87.0,71.0,2,2,"['Bordeaux-style Red Blend', 'Cabernet Sauvignon']",US,California,"['Sonoma Valley', 'Sonoma']"
1065,Audelssa Sonoma,89.0,27.0,89.0,27.0,1,1,['Cabernet Sauvignon'],US,California,"['Sonoma Valley', 'Sonoma']"
1066,Audrey et Christine Binner,86.5,,86.5,,2,1,['Riesling'],France,Alsace,['Alsace']
1067,Audubon Cellars,82.0,14.0,82.0,14.0,1,1,['Zinfandel'],US,California,"['Amador County', 'Sierra Foothills']"
1068,Augey,86.0,11.0,85.0,11.0,3,2,"['Bordeaux-style White Blend', 'Bordeaux-style Red Blend']",France,Bordeaux,['Bordeaux Blanc']
1069,August Briggs,89.7,40.9,90.0,40.0,14,6,"['Chardonnay', 'Charbono', 'Cabernet Sauvignon', 'Zinfandel', 'Pinot Noir', 'Pinot Meunier']",US,California,"['Carneros', 'Napa-Sonoma']"
1070,August Kesseler,89.4,19.0,89.0,18.0,5,2,"['Riesling', 'Pinot Noir']",Germany,Pfalz,[]
1071,August Kesseler,90.8,59.4,91.5,52.5,18,4,"['Riesling', 'Spätburgunder', 'Pinot Noir', 'Rosé']",Germany,Rheingau,[]
1072,August Ridge,87.8,30.0,87.5,27.0,4,3,"['Red Blend', 'Sangiovese', 'Nebbiolo']",US,California,"['Paso Robles', 'Central Coast']"
1073,August Truth,87.3,38.7,88.0,42.0,3,2,"['Pinot Noir', 'Chardonnay']",US,California,"['Mendocino Ridge', 'Mendocino/Lake Counties']"
1074,August West,89.2,40.5,90.5,39.0,14,2,"['Pinot Noir', 'Chardonnay']",US,California,"['Santa Lucia Highlands', 'Central Coast']"
1075,Augusta Winery,84.2,13.7,84.0,14.0,6,4,"['Vignoles', 'Norton', 'Chambourcin', 'Seyval Blanc']",US,Missouri,['Missouri']
1076,Auguste Bonhomme,87.0,13.0,87.0,13.0,1,1,['Sauvignon Blanc'],France,France Other,['Vin de France']
1077,Auguste et Pierre-Marie Clape,90.2,69.5,90.0,69.5,4,1,['Syrah'],France,Rhône Valley,['Cornas']
1078,Augustin Florent,82.0,9.0,82.0,9.0,1,1,['Syrah'],France,Languedoc-Roussillon,"[""Vin de Pays d'Oc""]"
1079,Auntsfield,88.0,17.0,88.0,17.0,1,1,['Sauvignon Blanc'],New Zealand,Marlborough,[]
1080,Aura,86.0,18.0,86.0,18.0,2,1,['Verdejo'],Spain,Northern Spain,['Rueda']
1081,Aura,86.0,14.0,86.0,14.0,1,1,['Chardonnay'],US,California,"['California', 'California Other']"
1082,Aurelio Settimo,91.2,47.2,91.5,50.0,12,2,"['Nebbiolo', 'Dolcetto']",Italy,Piedmont,['Barolo']
1083,Aurielle,90.7,90.0,90.0,90.0,3,1,['Cabernet Sauvignon'],US,California,"['Napa Valley', 'Napa']"
1084,Auriga,86.0,20.0,86.0,20.0,1,1,['Sangiovese'],US,California,"['El Dorado', 'Sierra Foothills']"
1085,Aurora,85.5,22.5,85.5,22.5,2,2,"['Chardonnay', 'Shiraz']",Australia,South Australia,['McLaren Vale']
1086,Aurora Cellars,82.0,10.0,82.0,10.0,1,1,['Bordeaux-style Red Blend'],Brazil,Serra Gaúcha,[]
1087,Aurum,88.0,25.0,88.0,25.0,2,2,"['Riesling', 'Pinot Noir']",New Zealand,Central Otago,[]
1088,Auspicion,84.5,13.0,84.5,13.0,4,2,"['Chardonnay', 'Cabernet Sauvignon']",US,California,"['California', 'California Other']"
1089,Austerity,85.6,16.6,86.0,17.0,8,5,"['Pinot Noir', 'Cabernet Sauvignon', 'Red Blend', 'White Blend', 'Chardonnay']",US,California,"['Santa Lucia Highlands', 'Central Coast']"
1090,Austin Hope,89.4,48.0,90.5,42.0,20,7,"['Grenache', 'Syrah', 'Red Blend', 'Roussanne', 'Mourvèdre-Syrah', 'Mourvèdre', 'G-S-M']",US,California,"['Paso Robles', 'Central Coast']"
1091,Austin Robaire,86.0,46.4,85.0,26.0,5,3,"['Cabernet Sauvignon', 'Syrah', 'Pinot Noir']",US,Washington,"['Columbia Valley (WA)', 'Columbia Valley']"
1092,Authentique,89.5,46.5,89.5,46.5,2,1,['Pinot Noir'],US,Oregon,"['Eola-Amity Hills', 'Willamette Valley']"
1093,AutoMoto,87.0,13.0,87.0,13.0,1,1,['Riesling'],US,California,"['California', 'California Other']"
1094,Autonom,87.5,33.0,87.5,33.0,2,2,"['Rhône-style Red Blend', 'Syrah']",US,California,"['California', 'California Other']"
1095,Autoritas,84.4,9.6,85.0,10.0,5,5,"['Malbec', 'Chardonnay', 'Cabernet Sauvignon', 'Sauvignon Blanc', 'Rosé']",Chile,Central Valley,[]
1096,Autoritas,87.8,15.5,88.0,17.0,4,4,"['Malbec', 'Carmenère', 'Cabernet Sauvignon', 'Shiraz']",Chile,Colchagua Valley,[]
1097,Autoritas,81.0,11.0,81.0,11.0,1,1,['Sauvignon Blanc'],Chile,Leyda Valley,[]
1098,Autry Cellars,85.0,39.0,85.0,39.0,2,2,"['Petite Sirah', 'Bordeaux-style Red Blend']",US,California,"['Paso Robles', 'Central Coast']"
1099,Autréau de Champillon,88.5,42.5,88.5,42.5,2,1,['Champagne Blend'],France,Champagne,['Champagne']
1100,Autumn Hill,84.2,17.8,85.0,18.0,8,6,"['Nebbiolo', 'Merlot-Petite Verdot', 'Cabernet Sauvignon', 'Chardonnay', 'Cabernet Franc', 'Bordeaux-style Red Blend']",US,Virginia,['Monticello']
1101,Avaler,88.0,25.0,88.0,25.0,1,1,['Rhône-style Red Blend'],US,California,"['Sonoma County', 'Sonoma']"
1102,Avalon,87.0,14.8,87.0,13.0,9,3,"['Cabernet Sauvignon', 'Chardonnay', 'Merlot']",US,California,"['California', 'California Other']"
1103,Avancia,87.7,27.0,88.0,25.0,7,3,"['Godello', 'Mencía', 'Rosé']",Spain,Northern Spain,['Valdeorras']
1104,Avant,88.0,15.7,88.0,17.0,3,3,"['Chardonnay', 'Red Blend', 'Sauvignon Blanc']",US,California,"['California', 'California Other']"
1105,Avanthia,88.9,35.0,89.0,27.5,10,2,"['Mencía', 'Godello']",Spain,Northern Spain,['Valdeorras']
1106,Avanti,83.0,,83.0,,1,1,['Pinot Grigio'],Italy,Lombardy,['Provincia di Pavia']
1107,Avantis,84.8,21.8,85.5,21.5,4,3,"['Roditis', 'Sauvignon Blanc', 'Syrah']",Greece,Beotia,[]
1108,Avantis,87.0,75.0,87.0,75.0,1,1,['Syrah'],Greece,Evia,[]
1109,Avanzi,87.5,24.0,87.5,24.0,2,1,['Turbiana'],Italy,Lombardy,['Lugana']
1110,Aveleda,91.4,20.7,92.0,14.0,18,5,"['Portuguese Red', 'Portuguese White', 'Touriga Nacional', 'Touriga Nacional-Cabernet Sauvignon', 'Cabernet Blend']",Portugal,Bairrada,[]
1111,Aveleda,90.8,13.0,91.0,13.0,5,3,"['Touriga Nacional-Cabernet Sauvignon', 'Portuguese Red', 'Touriga Nacional']",Portugal,Beiras,[]
1112,Aveleda,86.9,8.6,86.5,9.0,14,2,"['Portuguese Red', 'Portuguese White']",Portugal,Douro,[]
1113,Aveleda,89.6,14.2,90.0,13.0,11,2,"['Alvarinho', 'Portuguese White']",Portugal,Minho,[]
1114,Aveleda,83.5,8.0,83.5,8.0,2,1,['Portuguese Red'],Portugal,Portuguese Table Wine,[]
1115,Aveleda,84.5,11.0,84.5,11.0,2,1,['Portuguese Sparkling'],Portugal,Vinho Espumante,[]
1116,Aveleda,86.1,9.3,85.0,9.0,45,5,"['Portuguese White', 'Portuguese Rosé', 'Rosé', 'Alvarinho', 'Portuguese Sparkling']",Portugal,Vinho Verde,[]
1117,Avelina,86.0,14.3,87.0,15.0,3,3,"['White Blend', 'Merlot', 'Pinot Grigio']",US,California,"['North Coast', 'North Coast']"
1118,Avennia,91.5,42.2,91.0,40.0,25,5,"['Sauvignon Blanc', 'Syrah', 'Bordeaux-style Red Blend', 'Rhône-style Red Blend', 'Red Blend']",US,Washington,"['Yakima Valley', 'Columbia Valley']"
1119,Aventino,92.0,46.0,92.0,46.0,1,1,['Tempranillo'],Spain,Northern Spain,['Ribera del Duero']
1120,Avenue,85.2,13.5,85.0,12.0,4,4,"['Cabernet Sauvignon', 'Malbec', 'Torrontés', 'Malbec-Cabernet Sauvignon']",Argentina,Mendoza Province,['Mendoza']
1121,Avenue,83.0,11.0,83.0,11.0,4,4,"['Merlot', 'Cabernet Sauvignon', 'Zinfandel', 'Chardonnay']",US,California,"['California', 'California Other']"
1122,Aver Family Vineyards,88.6,43.5,88.0,45.0,11,6,"['Red Blend', 'Rhône-style Red Blend', 'Petite Sirah', 'Syrah', 'Cabernet Sauvignon', 'Carignane']",US,California,"['California', 'California Other']"
1123,Avery Lane,86.0,9.5,86.0,10.0,4,3,"['Riesling', 'Cabernet Sauvignon', 'Merlot']",US,Washington,"['Washington', 'Washington Other']"
1124,Avia,86.0,7.0,86.0,7.0,3,3,"['Chardonnay', 'Pinot Grigio', 'Pinot Noir']",Slovenia,Primorska,[]
1125,Aviary,86.0,20.0,86.0,20.0,1,1,['Chardonnay'],US,California,"['Napa Valley', 'Napa']"
1126,Avide,86.0,18.0,86.0,18.0,2,1,['Frappato'],Italy,Italy Other,['Vino Spumante']
1127,Avide,87.1,48.8,87.0,50.0,14,5,"['Red Blend', 'Syrah', ""Nero d'Avola"", 'Insolia', 'Rosé']",Italy,Sicily & Sardinia,['Sicilia']
1128,Avignonesi,89.8,57.6,89.0,28.0,23,7,"['Sangiovese', 'Merlot', 'Prugnolo Gentile', 'White Blend', 'Sauvignon Blanc', 'Chardonnay', 'Red Blend']",Italy,Tuscany,['Vino Nobile di Montepulciano']
1129,Avignonesi-Capannelle,91.3,138.3,92.0,155.0,3,1,['Red Blend'],Italy,Tuscany,['Toscana']
1130,Avila,84.0,11.0,84.0,11.0,2,2,"['Chardonnay', 'Rhône-style Red Blend']",US,California,"['San Luis Obispo County', 'Central Coast']"
1131,Avinyó,86.0,18.0,86.0,18.0,2,1,['Sparkling Blend'],Spain,Catalonia,['Cava']
1132,Avissi,86.0,17.0,86.0,17.0,1,1,['Glera'],Italy,Veneto,['Prosecco']
1133,Avondale,88.0,18.5,88.0,18.5,2,2,"['Rosé', 'Sparkling Blend']",South Africa,Coastal Region,[]
1134,Avondale,89.5,23.8,90.0,22.5,4,2,"['White Blend', 'Chenin Blanc']",South Africa,Paarl,[]
1135,Avondale,91.0,12.0,91.0,12.0,1,1,['Chenin Blanc'],South Africa,Wellington,[]
1136,Avontuur,87.7,26.3,88.0,26.0,3,3,"['Pinot Noir', 'Cabernet Franc', 'Cabernet Sauvignon']",South Africa,Stellenbosch,[]
1137,Awatere River,87.2,23.5,87.5,22.0,4,3,"['Pinot Noir', 'Sauvignon Blanc', 'Pinot Gris']",New Zealand,Marlborough,[]
1138,Awning,88.0,17.0,88.0,17.0,1,1,['Cabernet Sauvignon'],Chile,Apalta,[]
1139,Axios,90.0,125.0,90.0,125.0,2,1,['Cabernet Sauvignon'],US,California,"['Napa Valley', 'Napa']"
1140,Axis Mundi,87.0,20.0,87.0,20.0,1,1,['Mourvèdre'],US,California,"['Santa Ynez Valley', 'Central Coast']"
1141,Ayala,90.7,89.4,91.0,70.0,14,2,"['Champagne Blend', 'Chardonnay']",France,Champagne,['Champagne']
1142,Aylin,86.0,14.0,86.0,14.0,1,1,['Sauvignon Blanc'],Chile,Leyda Valley,[]
1143,Aymara,85.6,14.2,85.0,13.0,5,4,"['Torrontés', 'Malbec', 'Cabernet Sauvignon', 'Cabernet Franc']",Argentina,Mendoza Province,['Maipú']
1144,Ayoub,89.0,75.0,89.0,75.0,1,1,['Red Blend'],US,America,[]
1145,Ayoub,93.1,56.1,93.0,55.0,15,2,"['Pinot Noir', 'Chardonnay']",US,Oregon,"['Willamette Valley', 'Willamette Valley']"
1146,Azabache,82.0,14.0,82.0,14.0,1,1,['Garnacha'],Spain,Northern Spain,['Rioja']
1147,Azalea Springs,91.0,52.5,91.0,52.5,2,2,"['Merlot', 'Cabernet Sauvignon']",US,California,"['Napa Valley', 'Napa']"
1148,Azamor,89.9,37.0,90.0,28.0,10,4,"['Portuguese Red', 'Petit Verdot', 'Petite Verdot', 'Portuguese White']",Portugal,Alentejano,[]
1149,Azari,88.6,72.0,90.0,70.0,5,4,"['Cabernet Sauvignon', 'Shiraz', 'Rosé', 'Pinot Noir']",US,California,"['Rutherford', 'Napa']"
1150,Azelia,92.2,80.7,92.5,85.0,8,1,['Nebbiolo'],Italy,Piedmont,['Barolo']
1151,Azienda Agricola Cogno,87.0,34.8,87.0,24.5,7,3,"['Dolcetto', 'Barbera', 'Nebbiolo']",Italy,Piedmont,"[""Dolcetto d'Alba""]"
1152,Azienda Agricola Milazzo,83.0,16.0,83.0,16.0,1,1,['Red Blend'],Italy,Sicily & Sardinia,['Sicilia']
1153,Azienda Agricola Roberto Ceraudo Strongoli,86.5,37.5,86.5,37.5,2,2,"['Chardonnay', 'Red Blend']",Italy,Southern Italy,['Val di Neto']
1154,Azienda Vinicola Fratelli Fabiano,85.0,6.0,85.0,6.0,1,1,['Pinot Grigio'],Italy,Southern Italy,['Terra degli Osci']
1155,Azul y Garanza,81.5,17.5,81.5,17.5,2,2,"['Tempranillo-Cabernet Sauvignon', 'Cabernet Sauvignon-Merlot']",Spain,Northern Spain,['Navarra']
1156,Azur,87.4,31.4,87.0,26.0,5,3,"['Rosé', 'Sauvignon Blanc', 'Red Blend']",US,California,"['California', 'California Other']"
1157,Azzaro,86.0,42.0,86.0,42.0,1,1,['Zinfandel'],US,California,"['Sonoma Valley', 'Sonoma']"
1158,Año Verde,88.0,30.0,88.0,30.0,1,1,['Pinot Noir'],US,California,"['Santa Barbara County', 'Central Coast']"
1159,Añoro,86.0,25.0,86.0,25.0,1,1,['Chardonnay'],Argentina,Mendoza Province,['Mendoza']
1160,B Cellars,91.2,77.5,92.0,64.0,47,10,"['Sauvignon Blanc', 'Syrah', 'Cabernet Sauvignon', 'Chardonnay', 'Cabernet Sauvignon-Syrah', 'White Blend', 'Red Blend', 'Cabernet Blend', 'Pinot Noir', 'Bordeaux-style Red Blend']",US,California,"['Napa Valley', 'Napa']"
1161,B Side,88.6,26.4,90.0,25.0,9,2,"['Cabernet Sauvignon', 'Red Blend']",US,California,"['Napa Valley', 'Napa']"
1162,B Vintners,91.0,,91.0,,1,1,['Cinsault'],South Africa,Stellenbosch,[]
1163,B Vintners,88.0,33.0,88.0,33.0,1,1,['Chardonnay'],South Africa,Walker Bay,[]
1164,B Wise,87.0,24.0,87.0,24.0,1,1,['Red Blend'],US,California,"['Sonoma Valley', 'Sonoma']"
1165,B&E;,85.0,26.6,84.0,25.0,9,5,"['Red Blend', 'Cabernet Sauvignon', 'Merlot', 'Cabernet Sauvignon-Syrah', 'Bordeaux-style Red Blend']",US,California,"['Paso Robles', 'Central Coast']"
1166,B. Leighton,93.0,51.0,93.0,45.0,5,4,"['Petit Verdot', 'Grenache', 'Syrah', 'Rhône-style Red Blend']",US,Washington,"['Yakima Valley', 'Columbia Valley']"
1167,B. Lovely,82.0,12.0,82.0,12.0,2,2,"['Pinot Gris', 'Gewürztraminer']",US,Washington,"['Washington', 'Washington Other']"
1168,B.R. Cohn,88.0,40.6,88.0,35.0,29,6,"['Syrah-Cabernet', 'Pinot Noir', 'Cabernet Sauvignon', 'Chardonnay', 'Red Blend', 'Zinfandel']",US,California,"['Sonoma Valley', 'Sonoma']"
1169,B3,91.0,27.0,91.0,27.0,1,1,['Cabernet Merlot'],Australia,South Australia,['Barossa']
1170,BBQ Wine Company,86.3,15.0,87.0,15.0,3,2,"['Red Blend', 'White Blend']",US,America,[]
1171,BEC,84.0,12.0,84.0,12.0,1,1,['Malbec'],Argentina,Mendoza Province,['Mendoza']
1172,BKB,90.0,35.0,90.0,35.0,1,1,['Pinot Noir'],US,Oregon,"['Eola-Amity Hills', 'Willamette Valley']"
1173,BOND,93.7,224.3,94.0,225.0,23,3,"['Bordeaux-style Red Blend', 'Cabernet Blend', 'Red Blend']",US,California,"['Napa Valley', 'Napa']"
1174,Babcock,89.3,39.6,89.0,40.0,87,11,"['Pinot Noir', 'Chardonnay', 'Syrah', 'Sauvignon Blanc', 'Cabernet Sauvignon', 'Pinot Gris', 'Bordeaux-style Red Blend', 'Pinot Grigio', 'Shiraz', 'Red Blend', 'Grenache']",US,California,"['Sta. Rita Hills', 'Central Coast']"
1175,Babich,89.6,45.8,90.0,47.5,5,2,"['Bordeaux-style Red Blend', 'Syrah']",New Zealand,Hawke's Bay,[]
1176,Babich,86.0,15.3,85.0,15.0,3,2,"['Riesling', 'Sauvignon Blanc']",New Zealand,Marlborough,[]
1177,Baby Bear,91.5,48.0,91.5,48.0,2,1,['Syrah'],US,Washington,"['Columbia Valley (WA)', 'Columbia Valley']"
1178,Bacalhôa Wines of Portugal,87.3,14.2,87.0,12.0,13,2,"['Portuguese Red', 'Portuguese White']",Portugal,Alentejano,[]
1179,Bacalhôa Wines of Portugal,93.0,28.0,93.0,28.0,1,1,['Portuguese Red'],Portugal,Douro,[]
1180,Bacalhôa Wines of Portugal,89.7,20.7,90.0,15.0,3,2,"['Portuguese Red', 'Encruzado']",Portugal,Dão,[]
1181,Bacalhôa Wines of Portugal,87.6,15.2,87.0,15.0,5,2,"['Portuguese Red', 'Alvarinho']",Portugal,Lisboa,[]
1182,Bacalhôa Wines of Portugal,89.6,18.0,90.0,20.0,5,2,"['Moscatel Roxo', 'Moscatel']",Portugal,Moscatel de Setúbal,[]
1183,Bacalhôa Wines of Portugal,88.0,15.0,88.0,15.0,1,1,['Castelão'],Portugal,Palmela,[]
1184,Bacalhôa Wines of Portugal,87.9,20.0,88.0,16.5,36,10,"['Merlot', 'Portuguese Red', 'Bordeaux-style Red Blend', 'Cabernet Sauvignon', 'Portuguese White', 'Syrah', 'Chardonnay', 'Portuguese Rosé', 'Rosé', 'White Blend']",Portugal,Península de Setúbal,[]
1185,Bacalhôa Wines of Portugal,88.0,15.8,87.5,12.0,8,5,"['Castelão', 'Portuguese White', 'Touriga Nacional', 'Portuguese Red', 'Rosé']",Portugal,Setubal,[]
1186,Bacalhôa Wines of Portugal,89.7,17.3,92.0,12.0,3,2,"['Portuguese White', 'Bordeaux-style Red Blend']",Portugal,Terras do Sado,[]
1187,Bacalhôa Wines of Portugal,86.0,19.0,86.0,19.0,1,1,['Portuguese Sparkling'],Portugal,Vinho Espumante,[]
1188,Bacalhôa Wines of Portugal,85.0,20.0,85.0,20.0,3,2,"['Portuguese Sparkling', 'Chardonnay']",Portugal,Vinho Espumante de Qualidade,[]
1189,Bacasis,84.0,14.0,84.0,14.0,1,1,['Cabernet Sauvignon-Merlot'],Spain,Catalonia,['Pla de Bages']
1190,Baccinetti,87.6,35.6,88.0,35.0,7,2,"['Sangiovese', 'Sangiovese Grosso']",Italy,Tuscany,['Brunello di Montalcino']
1191,Bach,87.0,11.0,87.0,11.0,1,1,['Sparkling Blend'],Spain,Catalonia,['Cava']
1192,Bachelder,90.0,34.0,90.0,34.0,1,1,['Pinot Noir'],Canada,Ontario,"[""St. David's Bench""]"
1193,Bacigalupi,89.6,53.8,90.0,56.0,5,4,"['Chardonnay', 'Pinot Noir', 'Zinfandel', 'Petite Sirah']",US,California,"['Russian River Valley', 'Sonoma']"
1194,Bacio Divino,88.3,66.4,88.0,72.5,18,8,"['Red Blend', 'Sangiovese', 'Syrah', 'Pinot Noir', 'Cabernet Sauvignon', 'Cabernet Blend', 'Chardonnay', 'Bordeaux-style Red Blend']",US,California,"['Napa Valley', 'Napa']"
1195,Bacio della Luna,86.0,21.7,86.0,20.0,3,2,"['Pinot Nero', 'Glera']",Italy,Veneto,['Veneto']
1196,Back Seat,83.0,20.0,83.0,20.0,1,1,['Bordeaux-style Red Blend'],US,California,"['California', 'California Other']"
1197,Backhouse,84.2,7.0,84.0,7.0,11,5,"['Pinot Noir', 'Cabernet Sauvignon', 'Chardonnay', 'Pinot Grigio', 'Merlot']",US,California,"['California', 'California Other']"
1198,Backsberg,87.4,16.7,88.0,14.0,9,3,"['Shiraz', 'Pinotage', 'Sauvignon Blanc']",South Africa,Coastal Region,[]
1199,Backsberg,86.4,17.7,87.0,15.0,19,8,"['Merlot', 'Red Blend', 'Chardonnay', 'Shiraz', 'Cabernet Sauvignon', 'Sauvignon Blanc', 'Cabernet Sauvignon-Merlot', 'Viognier']",South Africa,Paarl,[]
1200,Backsberg,88.0,25.0,88.0,25.0,1,1,['Viognier'],South Africa,South Africa,[]
1201,Backsberg,87.0,13.0,88.0,13.0,3,2,"['Chenin Blanc', 'Chardonnay']",South Africa,Western Cape,[]
1202,Backstage Winery,88.0,150.0,88.0,150.0,1,1,['Cabernet Sauvignon'],US,California,"['Napa Valley', 'Napa']"
1203,Badabing,84.5,,84.5,,2,2,"[""Nero d'Avola"", 'Grillo']",Italy,Sicily & Sardinia,['Sicilia']
1204,Badger Hound,84.0,20.0,84.0,20.0,1,1,['Zinfandel'],US,California,"['Sonoma County', 'Sonoma']"
1205,Badger Mountain,86.5,10.0,86.5,10.0,2,1,['Chardonnay'],US,Washington,"['Columbia Valley (WA)', 'Columbia Valley']"
1206,Badia a Coltibuono,88.7,26.2,89.0,20.0,26,3,"['Sangiovese', 'White Blend', 'Red Blend']",Italy,Tuscany,['Vin Santo del Chianti Classico']
1207,Badia di Morrona,87.7,27.4,88.0,25.0,7,2,"['Sangiovese', 'Red Blend']",Italy,Tuscany,['Toscana']
1208,Baehner Fournier,88.6,31.0,89.0,34.0,5,3,"['Sauvignon Blanc', 'Cabernet Sauvignon', 'Bordeaux-style Red Blend']",US,California,"['Happy Canyon of Santa Barbara', 'Central Coast']"
1209,Baer,90.6,36.0,91.0,39.0,29,5,"['Red Blend', 'Bordeaux-style Red Blend', 'Chardonnay', 'Malbec', 'Merlot']",US,Washington,"['Columbia Valley (WA)', 'Columbia Valley']"
1210,Baglio Curatolo Arini 1875,85.8,11.8,86.0,10.0,6,2,"[""Nero d'Avola"", 'Grillo']",Italy,Sicily & Sardinia,['Sicilia']
1211,Baglio del Cristo di Campobello,88.6,28.1,88.0,26.0,41,6,"['White Blend', 'Grillo', 'Red Blend', 'Syrah', ""Nero d'Avola"", 'Chardonnay']",Italy,Sicily & Sardinia,['Sicilia']
1212,Baglio di Pianetto,87.6,27.0,88.0,25.5,37,12,"['Grillo', ""Nero d'Avola"", 'White Blend', 'Petite Verdot', 'Merlot', 'Viognier', 'Moscato', 'Red Blend', 'Petit Verdot', 'Syrah', 'Frappato', 'Insolia']",Italy,Sicily & Sardinia,['Sicilia']
1213,Bagrationi 1882,84.4,17.6,84.0,13.0,5,1,['Sparkling Blend'],Georgia,Georgia,[]
1214,Bagueri,88.5,28.0,88.5,28.0,2,2,"['Chardonnay', 'Cabernet Sauvignon']",Slovenia,Goriska Brda,[]
1215,Baica,90.0,36.5,90.0,36.5,2,1,['Monastrell'],Spain,Levante,['Jumilla']
1216,Baigorri,88.8,30.9,90.0,32.0,9,2,"['Viura', 'Tempranillo']",Spain,Northern Spain,['Rioja']
1217,Bailarin,93.0,48.0,93.0,48.0,1,1,['Pinot Noir'],US,California,"['Russian River Valley', 'Sonoma']"
1218,Baileyana,89.4,30.1,90.0,30.0,39,4,"['Pinot Noir', 'Chardonnay', 'Syrah', 'Sauvignon Blanc']",US,California,"['Edna Valley', 'Central Coast']"
1219,Bailiwick,89.9,34.5,90.0,36.0,26,3,"['Vermentino', 'Pinot Noir', 'Cabernet Franc']",US,California,"['California', 'California Other']"
1220,Bailli de Bourg,85.5,18.0,85.5,18.0,2,1,['Bordeaux-style Red Blend'],France,Bordeaux,['Côtes de Bourg']
1221,Bailli de Provence,84.2,14.2,84.5,15.0,4,1,['Rosé'],France,Provence,['Côtes de Provence']
1222,Bailly-Lapierre,88.8,23.0,89.5,24.0,44,7,"['Pinot Noir', 'Chardonnay', 'Champagne Blend', 'Red Blend', 'Sparkling Blend', 'Pinot Noir-Gamay', 'Sauvignon Blanc']",France,Burgundy,['Crémant de Bourgogne']
1223,Bailly-Lapierre,83.0,17.0,83.0,17.0,2,2,"['Red Blend', 'White Blend']",France,France Other,['Vin Mousseux']
1224,Baily,89.0,37.0,90.0,30.0,4,4,"['Sauvignon Blanc-Semillon', 'Meritage', 'Chardonnay', 'Cabernet Sauvignon']",US,California,"['Temecula Valley', 'South Coast']"
1225,Bain's Way,86.0,11.0,86.0,11.0,1,1,['Chenin Blanc'],South Africa,Wellington,[]
1226,Baiocchi Wines,89.8,33.5,90.0,39.0,17,12,"['Rosé', 'Syrah-Tempranillo', 'Grenache-Syrah', 'Syrah-Grenache', 'Mourvèdre', 'Grenache', 'Grenache Blend', 'Viognier', 'Syrah', 'Tempranillo Blend', 'Rhône-style Red Blend', 'Tempranillo']",US,California,"['Fair Play', 'Sierra Foothills']"
1227,Baiting Hollow Farm Vineyard,84.8,26.6,85.0,25.0,6,5,"['Merlot', 'Bordeaux-style Red Blend', 'White Blend', 'Riesling', 'Chardonnay']",US,New York,"['North Fork of Long Island', 'Long Island']"
1228,Baja Tanga,83.0,13.0,83.0,13.0,1,1,['Sparkling Blend'],Argentina,Mendoza Province,['Mendoza']
1229,Baker & Brain,90.7,35.7,91.0,35.0,22,8,"['Syrah', 'Rhône-style Red Blend', 'Pinot Noir', 'Grenache', 'Grüner Veltliner', 'Chenin Blanc', 'Syrah-Grenache', 'Grenache Blanc']",US,California,"['Monterey County', 'Central Coast']"
1230,Baker Lane,90.2,36.3,91.0,38.0,12,2,"['Syrah', 'Pinot Noir']",US,California,"['Sonoma Coast', 'Sonoma']"
1231,Balancing Act,88.3,15.0,88.5,15.0,6,2,"['Cabernet Sauvignon', 'Chardonnay']",US,Washington,"['Washington', 'Washington Other']"
1232,Balbas,90.8,44.8,91.0,40.0,4,2,"['Tempranillo-Cabernet Sauvignon', 'Tinto del Pais']",Spain,Northern Spain,['Ribera del Duero']
1233,Balbi,83.0,8.0,83.0,8.0,1,1,['Malbec'],Argentina,Mendoza Province,['Mendoza']
1234,Balboa,88.5,25.6,88.0,22.0,30,9,"['Red Blend', 'Sangiovese', 'Merlot', 'Syrah', 'White Blend', 'Cabernet Sauvignon', 'Sauvignon Blanc', 'Malbec', 'Roussanne']",US,Washington,"['Walla Walla Valley (WA)', 'Columbia Valley']"
1235,Balcom & Moe,83.0,20.0,83.0,20.0,1,1,['Cabernet Sauvignon'],US,Washington,"['Washington', 'Washington Other']"
1236,Bald Hills,87.0,34.0,87.0,34.0,2,2,"['Riesling', 'Pinot Noir']",New Zealand,Central Otago,[]
1237,Baldacci,92.2,66.3,93.0,65.0,19,4,"['Cabernet Sauvignon', 'Red Blend', 'Pinot Noir', 'Chardonnay']",US,California,"['Stags Leap District', 'Napa']"
1238,Baldassari Family Wines,87.3,30.2,86.5,30.0,6,2,"['Syrah', 'Pinot Noir']",US,California,"['North Coast', 'North Coast']"
1239,Balderdash,85.0,45.0,85.0,45.0,1,1,['Syrah'],US,California,"['Paso Robles', 'Central Coast']"
1240,Baldetti Alfonso,86.0,30.0,86.0,30.0,2,2,"['Syrah', 'Sangiovese']",Italy,Tuscany,['Cortona']
1241,Baldi,85.3,20.3,86.0,18.0,3,1,['Glera'],Italy,Veneto,['Conegliano Valdobbiadene Prosecco Superiore']
1242,Balduzzi,85.3,14.9,85.5,11.5,18,7,"['Merlot', 'Sauvignon Blanc', 'Red Blend', 'Cabernet Sauvignon', 'Carmenère', 'Cabernet Sauvignon-Carmenère', 'Chardonnay']",Chile,Maule Valley,[]
1243,Balestri Valda,88.0,14.3,89.0,16.0,3,2,"['Garganega', 'White Blend']",Italy,Veneto,['Soave Classico']
1244,Balgownie Estate,89.1,25.6,89.0,25.0,8,2,"['Cabernet Sauvignon', 'Shiraz']",Australia,Victoria,['Bendigo']
1245,Balia di Zola,88.0,28.0,88.0,28.0,1,1,['Sangiovese'],Italy,Central Italy,['Romagna']
1246,Balistreri,81.5,27.0,81.5,27.0,2,2,"['Cabernet Sauvignon', 'Cabernet Franc']",US,Colorado,['Grand Valley']
1247,Balkan Hills,85.0,8.0,85.0,8.0,1,1,['Muscat'],Bulgaria,Targovishte,[]
1248,Ballancin,87.0,12.0,87.0,12.0,1,1,['Glera'],Italy,Veneto,['Conegliano Valdobbiadene Prosecco Superiore']
1249,Ballandean,85.0,13.0,85.0,13.0,1,1,['Semillon-Sauvignon Blanc'],Australia,Queensland,['Granite Belt']
1250,Ballard Lane,86.8,11.2,87.0,12.0,5,5,"['Sauvignon Blanc', 'Pinot Noir', 'Merlot', 'Chardonnay', 'Cabernet Sauvignon']",US,California,"['Central Coast', 'Central Coast']"
1251,Ballast Stone Estate Wines,84.3,10.8,84.5,9.5,6,4,"['Shiraz', 'Cabernet Sauvignon', 'Grenache', 'Merlot']",Australia,South Australia,['McLaren Vale']
1252,Ballatore,84.2,9.2,84.0,9.5,8,1,['Sparkling Blend'],US,California,"['California', 'California Other']"
1253,Ballentine,88.6,28.0,88.0,25.0,53,12,"['Cabernet Sauvignon', 'Zinfandel', 'Petite Sirah', 'Chenin Blanc', 'Merlot', 'Petite Verdot', 'Malvasia Bianca', 'Cabernet Franc', 'Petit Verdot', 'Port', 'Merlot-Cabernet Franc', 'White Blend']",US,California,"['Napa Valley', 'Napa']"
1254,Balletto,89.0,29.7,89.5,28.0,88,9,"['Gewürztraminer', 'Pinot Noir', 'Chardonnay', 'Zinfandel', 'Syrah', 'Rosé', 'Pinot Gris', 'Sparkling Blend', 'Sauvignon Blanc']",US,California,"['Russian River Valley', 'Sonoma']"
1255,Ballot Millot et Fils,88.7,66.7,88.0,72.0,3,1,['Chardonnay'],France,Burgundy,['Meursault']
1256,Balma Venitia,86.0,11.5,86.0,11.5,2,2,"['Rosé', 'Rhône-style Red Blend']",France,Rhône Valley,['Ventoux']
1257,Balnaves of Coonawarra,86.6,30.8,87.0,30.0,5,4,"['Cabernet Sauvignon', 'Cabernet Sauvignon-Merlot', 'Bordeaux-style Red Blend', 'Chardonnay']",Australia,South Australia,['Coonawarra']
1258,Balnea,87.0,12.0,87.0,12.0,1,1,['Verdejo'],Spain,Northern Spain,['Rueda']
1259,Balo,88.5,37.2,88.5,35.5,8,3,"['Riesling', 'Pinot Gris', 'Pinot Noir']",US,California,"['Anderson Valley', 'Mendocino/Lake Counties']"
1260,Balthasar Ress,91.3,25.5,91.0,25.0,6,1,['Riesling'],Germany,Rheingau,[]
1261,Balthazar of the Barossa,88.0,35.0,88.0,35.0,1,1,['Shiraz'],Australia,South Australia,['Barossa Valley']
1262,Baluarte,85.5,,85.5,,2,2,"['Verdejo', 'Tempranillo']",Spain,Northern Spain,['Rueda']
1263,Balverne,86.5,30.1,86.0,29.5,10,5,"['Pinot Noir', 'Chardonnay', 'Cabernet Sauvignon', 'Sauvignon Blanc', 'Sangiovese']",US,California,"['Russian River Valley', 'Sonoma']"
1264,Balía di Zola,88.0,24.7,88.0,20.0,3,1,['Sangiovese'],Italy,Central Italy,['Forlì']
1265,Bambinuto,89.7,28.5,90.0,28.5,3,1,['Greco'],Italy,Southern Italy,['Greco di Tufo']
1266,Bandiera,84.2,10.0,84.0,10.0,4,3,"['Merlot', 'Cabernet Sauvignon', 'Chardonnay']",US,California,"['California', 'California Other']"
1267,Bandini Villa Pomona,87.0,,87.0,,1,1,['Sangiovese'],Italy,Tuscany,['Chianti Classico']
1268,Bandit,84.2,5.7,84.0,4.0,6,3,"['Merlot', 'Chardonnay', 'Cabernet Sauvignon']",US,California,"['California', 'California Other']"
1269,Bandit,84.0,8.0,84.0,8.0,1,1,['Riesling'],US,Washington,"['Washington', 'Washington Other']"
1270,Banear,86.3,11.5,86.0,11.5,3,3,"['White Blend', 'Sauvignon', 'Pinot Grigio']",Italy,Northeastern Italy,['Delle Venezie']
1271,Banero,84.0,8.0,84.0,8.0,1,1,['Glera'],Italy,Veneto,['Prosecco']
1272,Banfi,88.0,,88.0,,1,1,['Sparkling Blend'],Italy,Italy Other,['Italy']
1273,Banfi,87.8,26.2,89.0,24.0,5,3,"['Sparkling Blend', 'Sangiovese', 'Pinot Nero']",Italy,Piedmont,['Piedmont']
1274,Banfi,87.6,38.7,87.0,17.0,45,8,"['Sangiovese', 'White Blend', 'Red Blend', 'Pinot Grigio', 'Rosé', 'Rosato', 'Chardonnay-Pinot Grigio', 'Cabernet Sauvignon-Sangiovese']",Italy,Tuscany,['Brunello di Montalcino']
1275,Banknote,87.0,32.0,86.0,32.0,3,1,['Red Blend'],US,California,"['Napa Valley', 'Napa']"
1276,Bannister,89.0,28.0,89.0,28.0,2,1,['Chardonnay'],US,California,"['Russian River Valley', 'Sonoma']"
1277,Bannock Brae,88.0,38.0,87.0,38.0,3,1,['Pinot Noir'],New Zealand,Central Otago,[]
1278,Banrock Station,84.4,6.2,84.0,6.0,14,6,"['Chardonnay', 'Riesling', 'Shiraz', 'Semillon-Chardonnay', 'Shiraz-Cabernet Sauvignon', 'Merlot']",Australia,Australia Other,['South Eastern Australia']
1279,Banshee Wines,87.7,29.3,86.0,25.0,3,2,"['Pinot Noir', 'Sauvignon Blanc']",US,California,"['Sonoma Coast', 'Sonoma']"
1280,Banyan,87.6,14.0,87.0,12.0,5,2,"['Gewürztraminer', 'Riesling']",US,California,"['Monterey County', 'Central Coast']"
1281,Baobab,87.0,8.0,87.0,8.0,1,1,['Merlot'],South Africa,Western Cape,[]
1282,Bar Dog,87.0,13.0,87.0,13.0,1,1,['Cabernet Sauvignon'],US,California,"['California', 'California Other']"
1283,Baracchi,88.0,25.0,88.0,25.0,1,1,['Trebbiano'],Italy,Italy Other,['Vino Spumante']
1284,Baracchi,88.0,57.0,88.0,57.0,2,2,"['Red Blend', 'Pinot Nero']",Italy,Tuscany,['Toscana']
1285,Baracchi Riccardo,88.4,42.5,88.0,42.5,5,4,"['Trebbiano', 'Merlot', 'Syrah', 'Red Blend']",Italy,Tuscany,['Toscana']
1286,Barahonda,88.0,25.0,88.0,25.0,1,1,['Monastrell'],Spain,Levante,['Yecla']
1287,Barale Fratelli,90.0,72.1,90.0,69.0,24,1,['Nebbiolo'],Italy,Piedmont,['Barolo']
1288,Barba,85.8,17.2,86.0,16.0,8,2,"['Montepulciano', 'Pecorino']",Italy,Central Italy,"[""Montepulciano d'Abruzzo""]"
1289,Barbadillo,89.0,9.0,89.0,9.0,1,1,['Sherry'],Spain,Andalucia,['Jerez']
1290,Barbanera,88.0,23.0,88.0,23.0,1,1,['Red Blend'],Italy,Tuscany,['Vino Nobile di Montepulciano']
1291,Barbed Wire,89.0,14.0,89.0,14.0,2,2,"['Red Blend', 'Cabernet Sauvignon']",US,California,"['North Coast', 'North Coast']"
1292,Barber,86.3,22.0,88.0,22.0,7,3,"['Sauvignon Blanc', 'Zinfandel', 'Red Blend']",US,California,"['Dry Creek Valley', 'Sonoma']"
1293,Barberani,88.4,30.1,88.0,30.0,33,8,"['Aleatico', 'Moscato', 'Vermentino', 'White Blend', 'Grechetto', 'Red Blend', 'Pinot Nero', 'Rosé']",Italy,Central Italy,['Umbria']
1294,Barbi,85.3,,85.0,,7,3,"['Sangiovese', 'White Blend', 'Red Blend']",Italy,Central Italy,['Umbria']
1295,Barbi,89.0,50.0,89.0,50.0,1,1,['Sangiovese'],Italy,Tuscany,['Brunello di Montalcino']
1296,Barbieri,92.1,45.2,92.0,48.0,13,3,"['Syrah', 'Grenache', 'Vermentino']",US,California,"['Santa Barbara County', 'Central Coast']"
1297,Barbour,91.0,100.0,91.0,100.0,1,1,['Cabernet Sauvignon'],US,California,"['Napa Valley', 'Napa']"
1298,Barboursville Vineyards,87.7,34.3,88.0,32.0,26,9,"['Cabernet Franc', 'Bordeaux-style Red Blend', 'Nebbiolo', 'Viognier', 'Vermentino', 'White Blend', 'Petit Verdot', 'Petite Verdot', 'Cabernet Sauvignon']",US,Virginia,['Virginia']
1299,Barbàcan,88.0,37.5,88.0,37.5,2,1,['Nebbiolo'],Italy,Lombardy,['Valtellina Superiore']
1300,Barcino,86.0,16.0,86.0,16.0,1,1,['Sparkling Blend'],Spain,Catalonia,['Cava']
1301,Barden,92.7,58.1,93.0,50.0,9,4,"['Chardonnay', 'White Blend', 'Pinot Noir', 'Syrah']",US,California,"['Sta. Rita Hills', 'Central Coast']"
1302,Bardessono,89.2,39.9,90.0,37.0,9,3,"['Cabernet Sauvignon', 'Chardonnay', 'Petite Sirah']",US,California,"['Yountville', 'Napa']"
1303,Barefoot,83.8,7.2,84.0,7.0,25,12,"['Cabernet Sauvignon', 'Merlot', 'Shiraz', 'Sauvignon Blanc', 'Moscato', 'Pinot Grigio', 'Red Blend', 'Riesling', 'Chardonnay', 'Zinfandel', 'Pinot Noir', 'Champagne Blend']",US,California,"['California', 'California Other']"
1304,Barefoot Bubbly,84.7,10.5,85.0,11.0,15,4,"['Sparkling Blend', 'Moscato', 'Pinot Grigio', 'Zinfandel']",US,California,"['California', 'California Other']"
1305,Barefoot Cellars,83.6,8.2,84.0,7.0,19,11,"['Zinfandel', 'Merlot', 'Cabernet Sauvignon', 'Shiraz', 'Chardonnay', 'White Blend', 'Red Blend', 'Pinot Noir', 'Pinot Grigio', 'Sauvignon Blanc', 'Champagne Blend']",US,California,"['Sonoma County', 'Sonoma']"
1306,Barefoot Refresh,84.5,8.0,84.5,8.0,2,2,"['Rosé', 'White Blend']",US,California,"['California', 'California Other']"
1307,Bargetto,86.7,29.8,86.0,24.5,52,9,"['Pinot Grigio', 'Merlot', 'Chardonnay', 'Zinfandel', 'Gewürztraminer', 'Dolcetto', 'Red Blend', 'Pinot Noir', 'Nebbiolo']",US,California,"['Monterey County', 'Central Coast']"
1308,Barham Mendelsohn,92.0,40.0,92.0,40.0,1,1,['Pinot Noir'],US,California,"['Russian River Valley', 'Sonoma']"
1309,Baricci,91.3,49.6,90.0,49.5,9,2,"['Sangiovese', 'Sangiovese Grosso']",Italy,Tuscany,['Brunello di Montalcino']
1310,Barinas,86.0,18.0,86.0,18.0,1,1,['Monastrell'],Spain,Levante,['Jumilla']
1311,Barista,86.3,15.0,86.0,15.0,3,1,['Pinotage'],South Africa,Western Cape,[]
1312,Barkan,85.0,12.7,85.0,12.0,3,2,"['Merlot-Argaman', 'Chardonnay']",Israel,Dan,[]
1313,Barkan,86.7,34.0,87.0,42.0,9,2,"['Cabernet Sauvignon', 'Chardonnay']",Israel,Galil,[]
1314,Barkan,87.7,37.3,89.0,25.0,3,2,"['Cabernet Sauvignon', 'Shiraz']",Israel,Galilee,[]
1315,Barkan,89.0,42.0,89.0,42.0,1,1,['Cabernet Sauvignon'],Israel,Israel,[]
1316,Barkan,88.6,26.8,90.0,25.0,5,4,"['Pinotage', 'Shiraz', 'Red Blend', 'Chardonnay']",Israel,Judean Hills,[]
1317,Barkan,85.7,12.3,84.0,12.0,3,1,['Pinot Noir'],Israel,Negev,[]
1318,Barkan,81.0,22.0,81.0,22.0,1,1,['Tempranillo'],Israel,Samson,[]
1319,Barker's Marque,87.5,13.1,89.0,13.0,17,2,"['Sauvignon Blanc', 'Riesling']",New Zealand,Marlborough,[]
1320,Barking Frog,86.5,30.0,86.5,30.0,2,2,"['Syrah', 'Barbera']",US,Washington,"['Washington', 'Washington Other']"
1321,Barking Sheep,82.0,10.0,82.0,10.0,1,1,['Malbec'],Argentina,Mendoza Province,['Mendoza']
1322,Barlow,87.9,37.6,87.0,36.0,17,5,"['Cabernet Sauvignon', 'Merlot', 'Red Blend', 'Sauvignon Blanc', 'Bordeaux-style Red Blend']",US,California,"['Napa Valley', 'Napa']"
1323,Barnard Griffin,88.8,18.7,89.0,17.0,73,23,"['Pinot Gris', 'Sangiovese', 'Cabernet Sauvignon', 'Fumé Blanc', 'Chardonnay', 'Merlot', 'Syrah', 'White Riesling', 'Petit Verdot', 'Malbec', 'Orange Muscat', 'Viognier', 'Riesling', 'Albariño', 'Sauvignon Blanc', 'Cabernet Merlot', 'White Blend', 'Sémillon', 'Zinfandel', 'Bordeaux-style Red Blend', 'Rosé', 'Roussanne', 'Cabernet Sauvignon-Merlot']",US,Washington,"['Columbia Valley (WA)', 'Columbia Valley']"
1324,Barnaut,86.0,58.0,86.0,58.0,1,1,['Champagne Blend'],France,Champagne,['Champagne']
1325,Barnett,90.2,60.8,90.0,48.0,33,4,"['Pinot Noir', 'Chardonnay', 'Merlot', 'Cabernet Sauvignon']",US,California,"['Anderson Valley', 'Mendocino/Lake Counties']"
1326,Barnstormer,87.8,21.5,87.5,20.0,8,4,"['Riesling', 'Cabernet Franc', 'Blaufränkisch', 'Cabernet Franc-Merlot']",US,New York,"['Seneca Lake', 'Finger Lakes']"
1327,Barnwood,86.2,23.2,85.5,22.0,4,4,"['Tempranillo', 'Sauvignon Blanc', 'Cabernet Sauvignon', 'Red Blend']",US,California,"['San Luis Obispo County', 'Central Coast']"
1328,Baron Albert,89.0,65.0,89.0,65.0,1,1,['Champagne Blend'],France,Champagne,['Champagne']
1329,Baron Cooper,83.5,24.0,83.5,24.0,2,2,"['Chardonnay', 'Zinfandel']",US,California,"['California', 'California Other']"
1330,Baron De Ley,87.5,32.2,88.0,27.0,34,7,"['Garnacha', 'Tempranillo Blend', 'White Blend', 'Tempranillo', 'Tempranillo-Cabernet Sauvignon', 'Maturana', 'Rosado']",Spain,Northern Spain,['Rioja']
1331,Baron Ermengaud,89.0,19.0,89.0,19.0,1,1,['Rhône-style Red Blend'],France,Languedoc-Roussillon,['Faugères']
1332,Baron Gassier,84.0,12.0,84.0,9.5,4,1,['Rosé'],France,Provence,['Côtes de Provence']
1333,Baron Herzog,84.5,12.1,84.5,13.0,12,4,"['Cabernet Sauvignon', 'Chardonnay', 'Zinfandel', 'Chenin Blanc']",US,California,"['Paso Robles', 'Central Coast']"
1334,Baron Knyphausen,89.5,70.9,90.0,57.0,44,2,"['Riesling', 'Spätburgunder']",Germany,Rheingau,[]
1335,Baron Knyphausen,90.0,36.0,90.0,36.0,1,1,['Riesling'],Germany,Rheinhessen,[]
1336,Baron Philippe de Rothschild,86.0,12.0,86.0,12.0,3,3,"['Carmenère', 'Cabernet Sauvignon', 'Sauvignon Blanc']",Chile,Central Valley,[]
1337,Baron Philippe de Rothschild,88.0,15.0,88.0,15.0,1,1,['Bordeaux-style Red Blend'],Chile,Chile,[]
1338,Baron Philippe de Rothschild,85.8,13.8,85.5,14.5,4,3,"['Red Blend', 'Bordeaux-style Red Blend', 'Carmenère']",Chile,Maipo Valley,[]
1339,Baron Philippe de Rothschild,84.8,11.9,85.0,11.0,26,5,"['Rosé', 'Bordeaux-style White Blend', 'Bordeaux-style Red Blend', 'White Blend', 'Sauvignon Blanc']",France,Bordeaux,['Bordeaux Rosé']
1340,Baron Philippe de Rothschild,84.0,9.0,84.0,9.0,4,4,"['Merlot', 'Cabernet Sauvignon', 'Pinot Noir', 'Chardonnay']",France,Languedoc-Roussillon,"[""Vin de Pays d'Oc""]"
1341,Baron Widmann,90.0,24.0,90.0,24.0,1,1,['Schiava'],Italy,Northeastern Italy,['Alto Adige']
1342,Baron d'Arignac,85.0,7.0,85.0,7.0,1,1,['White Blend'],France,Southwest France,['Gers']
1343,Baron de Escal,85.5,10.0,85.5,10.0,2,1,['Tempranillo Blend'],Spain,Northern Spain,['Rioja']
1344,Baron di Pauli,88.8,36.8,89.0,31.5,4,3,"['White Blend', 'Lagrein', 'Schiava']",Italy,Northeastern Italy,['Vigneti delle Dolomiti']
1345,Baron la Rose,86.0,14.0,86.0,14.0,2,2,"['Bordeaux-style Red Blend', 'Bordeaux-style White Blend']",France,Bordeaux,['Bordeaux']
1346,Baron zu Knyphausen,87.0,21.7,86.0,23.0,4,1,['Riesling'],Germany,Rheingau,[]
1347,Baron-Fuenté,90.1,47.7,90.5,37.0,14,2,"['Champagne Blend', 'Chardonnay']",France,Champagne,['Champagne']
1348,Baroncini,85.3,12.1,86.0,10.0,7,2,"['Sangiovese', 'White Blend']",Italy,Tuscany,['Chianti Colli Senesi']
1349,Barone,84.0,11.0,84.0,11.0,2,1,['Pinot Grigio'],Italy,Northeastern Italy,['Delle Venezie']
1350,Barone Cornacchia,87.0,16.6,87.0,14.0,5,2,"['Montepulciano', 'Trebbiano']",Italy,Central Italy,"[""Montepulciano d'Abruzzo""]"
1351,Barone Fini,83.5,11.0,83.5,11.0,2,1,['Pinot Grigio'],Italy,Veneto,['Valdadige']
1352,Barone Montalto,86.0,16.2,86.5,15.0,4,3,"[""Nero d'Avola"", 'White Blend', 'Red Blend']",Italy,Sicily & Sardinia,['Terre Siciliane']
1353,Barone Pizzini,89.7,44.4,90.0,45.0,21,3,"['Sparkling Blend', 'Chardonnay', 'Pinot Nero']",Italy,Lombardy,['Franciacorta']
1354,Barone Ricasoli,89.3,39.2,89.0,39.0,34,6,"['Red Blend', 'Sangiovese', 'White Blend', 'Malvasia', 'Chardonnay', 'Merlot']",Italy,Tuscany,['Vin Santo del Chianti Classico']
1355,Barone Sergio,87.5,20.0,87.5,20.0,2,1,['Grillo'],Italy,Sicily & Sardinia,['Terre Siciliane']
1356,Barone di Villagrande,89.8,20.5,90.0,20.0,9,4,"['Carricante', 'Rosato', 'White Blend', 'Red Blend']",Italy,Sicily & Sardinia,['Etna']
1357,Baronet,87.0,15.0,87.0,15.0,1,1,['Red Blend'],Spain,Northern Spain,['Rioja']
1358,Barons,88.8,38.0,88.5,33.5,8,4,"['Cabernet Sauvignon', 'Sauvignon Blanc', 'Bordeaux-style Red Blend', 'Sémillon']",US,Washington,"['Red Mountain', 'Columbia Valley']"
1359,Barons Edmund Benjamin de Rothschild,87.0,29.5,87.0,29.5,2,1,['Bordeaux-style Red Blend'],France,Bordeaux,['Haut-Médoc']
1360,Barons V,88.5,27.0,88.5,24.0,4,3,"['Sauvignon Blanc', 'Cabernet Sauvignon', 'Bordeaux-style Red Blend']",US,Washington,"['Columbia Valley (WA)', 'Columbia Valley']"
1361,Barons de Rothschild,96.0,390.0,96.0,390.0,1,1,['Chardonnay'],France,Champagne,['Champagne']
1362,Barossa Jack,91.0,28.0,91.0,28.0,1,1,['Shiraz'],Australia,South Australia,['Barossa']
1363,Barossa Old Vine Company,93.0,105.0,93.0,105.0,1,1,['Shiraz'],Australia,South Australia,['Barossa']
1364,Barossa Valley Estate,88.3,39.1,88.5,31.0,18,2,"['Shiraz', 'Chardonnay']",Australia,South Australia,['South Australia']
1365,Barra,84.6,20.0,85.0,20.0,5,5,"['Cabernet Sauvignon', 'Petite Sirah', 'Zinfandel', 'Pinot Noir', 'Rosé']",US,California,"['Mendocino', 'Mendocino/Lake Counties']"
1366,Barra of Mendocino,85.6,20.2,85.5,19.0,16,7,"['Red Blend', 'Sangiovese', 'Pinot Noir', 'Chardonnay', 'Pinot Grigio', 'Cabernet Sauvignon', 'Petite Sirah']",US,California,"['Mendocino', 'Mendocino/Lake Counties']"
1367,Barrack,91.0,49.0,91.5,41.0,4,4,"['Semillon-Sauvignon Blanc', 'Bordeaux-style White Blend', 'Merlot', 'Bordeaux-style Red Blend']",US,California,"['Happy Canyon of Santa Barbara', 'Central Coast']"
1368,Barraco,84.0,35.0,84.0,35.0,2,2,"['Zibibbo', 'Grillo']",Italy,Sicily & Sardinia,['Sicilia']
1369,Barrage Cellars,88.4,32.6,88.0,35.0,11,7,"['Cabernet Sauvignon', 'Viognier', 'Chardonnay', 'Cabernet Franc', 'Merlot', 'Syrah', 'Malbec']",US,Washington,"['Columbia Valley (WA)', 'Columbia Valley']"
1370,Barrat-Masson,88.0,55.0,88.0,55.0,1,1,['Chardonnay'],France,Champagne,['Champagne']
1371,Barratt,88.0,40.0,88.0,40.0,1,1,['Chardonnay'],Australia,South Australia,['Piccadilly Valley']
1372,Barrel Oak,85.2,28.4,85.0,27.0,14,9,"['Chardonnay', 'White Blend', 'Viognier', 'Merlot', 'Cabernet Franc', 'Petit Verdot', 'Cabernet Sauvignon', 'Red Blend', 'Petit Manseng']",US,Virginia,['Virginia']
1373,Barrel Racer,85.8,21.5,86.0,21.5,6,4,"['Sauvignon Blanc', 'Fiano', 'Sangiovese', 'Barbera']",US,California,"['Solano County', 'North Coast']"
1374,Barrel Ranch,90.0,13.0,90.0,13.0,1,1,['Cabernet Sauvignon'],US,California,"['California', 'California Other']"
1375,Barrel Road,88.0,17.0,88.0,17.0,1,1,['Red Blend'],US,California,"['California', 'California Other']"
1376,Barren Ridge,85.0,19.0,85.0,19.0,2,2,"['Viognier', 'Vidal Blanc']",US,Virginia,['Shenandoah Valley']
1377,Barreto,84.3,22.3,84.5,21.0,6,5,"['Tempranillo', 'Touriga Nacional', 'Red Blend', 'Port', 'Verdelho']",US,California,"['Paso Robles', 'Central Coast']"
1378,Barrister,90.2,27.2,90.0,27.5,56,10,"['Sauvignon Blanc', 'Sangiovese', 'Malbec', 'Red Blend', 'Merlot', 'Cabernet Franc', 'Cabernet Sauvignon', 'Riesling', 'Syrah', 'Petit Verdot']",US,Washington,"['Red Mountain', 'Columbia Valley']"
1379,Barrière Frères,85.5,9.5,85.0,9.5,4,2,"['Bordeaux-style Red Blend', 'Bordeaux-style White Blend']",France,Bordeaux,['Bordeaux']
1380,Barrière Frères,85.0,12.0,85.0,12.0,1,1,['Merlot'],France,Languedoc-Roussillon,"[""Vin de Pays d'Oc""]"
1381,Barros,86.5,24.0,86.5,24.0,2,2,"['Portuguese White', 'Port']",Portugal,Douro,[]
1382,Barros,88.2,68.4,88.0,49.0,25,1,['Port'],Portugal,Port,[]
1383,Barrymore,88.5,16.5,88.5,16.5,2,1,['Pinot Grigio'],US,California,"['Monterey', 'Central Coast']"
1384,Barrymore by Carmel Road,90.0,18.0,90.0,18.0,1,1,['Pinot Noir'],US,California,"['Monterey County', 'Central Coast']"
1385,Barta,90.0,38.0,90.0,38.0,1,1,['Furmint'],Hungary,Tokaj,[]
1386,Barta,91.0,47.0,91.0,47.0,1,1,['Furmint'],Hungary,Tokaji,[]
1387,Bartali,86.5,15.0,86.5,15.0,2,1,['Red Blend'],Italy,Tuscany,['Chianti']
1388,Bartalotti,89.3,56.0,89.0,60.0,3,1,['Cabernet Sauvignon'],US,California,"['Rutherford', 'Napa']"
1389,Bartenura,87.0,12.0,87.0,12.0,1,1,['Sparkling Blend'],Italy,Italy Other,['Italy']
1390,Bartenura,88.0,12.5,88.0,12.5,2,1,['Moscato'],Italy,Piedmont,['Asti']
1391,Bartenura,86.0,11.0,86.0,11.0,1,1,['Sangiovese'],Italy,Tuscany,['Chianti']
1392,Bartenura,83.5,8.5,83.5,8.5,2,1,['Pinot Grigio'],Italy,Veneto,['Veneto']
1393,Barth René,85.2,19.8,85.0,19.5,4,3,"['Riesling', 'Pinot Blanc', 'Gewürztraminer']",France,Alsace,['Alsace']
1394,Bartho Eksteen,92.0,,92.0,,1,1,['Sauvignon Blanc'],South Africa,Hemel en Aarde,[]
1395,Bartholomew Park,89.5,36.5,89.5,36.5,6,3,"['Sauvignon Blanc', 'Zinfandel', 'Cabernet Sauvignon']",US,California,"['Sonoma County-Napa County', 'Napa-Sonoma']"
1396,Barton,90.0,36.2,91.0,36.0,15,12,"['Tempranillo', 'Zinfandel', 'Sauvignon Blanc', 'Rosé', 'Cabernet Sauvignon', 'Syrah', 'Rhône-style White Blend', 'Grenache', 'Chenin Blanc', 'Rhône-style Red Blend', 'Bordeaux-style Red Blend', 'Grenache Blanc']",US,California,"['Paso Robles Willow Creek District', 'Central Coast']"
1397,Barton & Guestier,84.9,10.1,85.0,10.0,10,2,"['Gamay', 'Gamay Noir']",France,Beaujolais,['Beaujolais-Villages']
1398,Barton & Guestier,86.0,18.9,86.0,15.0,51,3,"['Bordeaux-style Red Blend', 'Bordeaux-style White Blend', 'Merlot-Cabernet Sauvignon']",France,Bordeaux,['Médoc']
1399,Barton & Guestier,85.0,18.0,85.0,20.0,7,1,['Chardonnay'],France,Burgundy,['Mâcon-Villages']
1400,Barton & Guestier,84.2,11.3,84.0,10.0,6,4,"['Pinot Noir', 'Chardonnay', 'Rhône-style Red Blend', 'Sparkling Blend']",France,France Other,['Ile de Beauté']
1401,Barton & Guestier,84.0,8.4,84.0,9.0,14,6,"['Chardonnay', 'Merlot', 'Cabernet Sauvignon', 'Pinot Noir', 'Shiraz', 'Grenache Noir']",France,Languedoc-Roussillon,"[""Vin de Pays d'Oc""]"
1402,Barton & Guestier,83.7,10.7,84.0,10.0,15,6,"['Sauvignon Blanc', 'Melon', 'Rosé', 'Chenin Blanc', 'Grolleau', 'Red Blend']",France,Loire Valley,['Vin de Pays du Val de Loire']
1403,Barton & Guestier,85.6,14.7,85.5,13.0,10,2,"['Rosé', 'Rhône-style Red Blend']",France,Provence,['Côtes de Provence']
1404,Barton & Guestier,86.3,19.8,86.5,16.5,6,2,"['Rhône-style Red Blend', 'Syrah-Grenache']",France,Rhône Valley,['Châteauneuf-du-Pape']
1405,Barton & Guestier,85.7,7.7,86.0,8.0,3,1,['Sauvignon Blanc'],France,Southwest France,['Côtes de Gascogne']
1406,Bartz-Allen,88.5,36.8,88.0,37.5,4,2,"['Pinot Noir', 'Chardonnay']",US,California,"['Sonoma Coast', 'Sonoma']"
1407,Barwang,83.0,9.0,83.0,9.0,1,1,['Merlot'],Australia,Australia Other,['South Eastern Australia']
1408,Barwang,87.5,17.0,87.5,17.0,2,2,"['Merlot', 'Shiraz']",Australia,South Australia,['Coonawarra']
1409,Barwang,84.0,14.0,84.0,14.0,1,1,['Chardonnay'],Australia,Victoria,['Yarra Valley']
1410,Barzagoso,84.0,16.0,84.0,16.0,1,1,['Tempranillo'],Spain,Northern Spain,['Rioja']
1411,Barão de Vilar,88.1,24.4,88.0,20.0,7,3,"['Portuguese Red', 'Touriga Nacional Blend', 'Touriga Nacional']",Portugal,Douro,[]
1412,Barão de Vilar,88.8,42.3,88.5,38.0,22,1,['Port'],Portugal,Port,[]
1413,Barón de Oña,87.0,24.0,87.0,24.0,1,1,['Tempranillo'],Spain,Northern Spain,['Rioja']
1414,Basagoiti,89.5,34.0,89.5,34.0,2,1,['Red Blend'],Spain,Northern Spain,['Rioja']
1415,Basalt,89.9,26.0,90.0,24.0,9,7,"['Merlot', 'Red Blend', 'Cabernet Franc', 'Bordeaux-style Red Blend', 'Syrah', 'Cabernet Sauvignon', 'Sémillon']",US,Washington,"['Columbia Valley (WA)', 'Columbia Valley']"
1416,Basel Cellars,87.2,33.3,87.0,34.0,55,12,"['Syrah', 'Cabernet Sauvignon', 'Merlot', 'Cabernet Franc', 'Bordeaux-style Red Blend', 'Malbec', 'Red Blend', 'Chardonnay', 'Claret', 'Carmenère', 'Sauvignon Blanc', 'Merlot-Cabernet Franc']",US,Washington,"['Walla Walla Valley (WA)', 'Columbia Valley']"
1417,Basico,84.0,9.0,84.0,9.0,2,2,"['Tempranillo-Cabernet Sauvignon', 'Sauvignon Blanc']",Spain,Central Spain,['La Mancha']
1418,Basile,86.0,37.0,86.0,37.0,1,1,['Sangiovese'],Italy,Tuscany,['Montecucco']
1419,Basilicus,89.0,26.0,89.0,26.0,2,2,"['White Blend', 'Furmint']",Hungary,Tokaj,[]
1420,Basilisco,89.8,30.0,89.0,27.5,13,2,"['Aglianico', 'White Blend']",Italy,Southern Italy,['Aglianico del Vulture']
1421,Bask,84.0,20.0,84.0,20.0,2,1,['Viognier'],US,California,"['Suisun Valley', 'North Coast']"
1422,Basson Family,84.0,24.0,84.0,24.0,1,1,['Red Blend'],South Africa,Darling,[]
1423,Bastgen,88.8,23.8,88.5,19.0,6,1,['Riesling'],Germany,Mosel,[]
1424,Bastgen,89.3,22.3,90.0,23.0,3,1,['Riesling'],Germany,Mosel-Saar-Ruwer,[]
1425,Bastianich,85.0,15.5,85.0,15.5,2,1,['Malvasia Istriana'],Croatia,Istria,[]
1426,Bastianich,88.1,38.9,89.0,39.0,7,4,"['White Blend', 'Tocai Friulano', 'Friulano', 'Sauvignon']",Italy,Northeastern Italy,['Venezia Giulia']
1427,Bastianich,84.5,15.5,84.5,15.5,2,1,['Ribolla Gialla'],Slovenia,Brda,[]
1428,Bastide des Deux Lunes,86.0,16.0,86.0,16.0,1,1,['Rosé'],France,Provence,['Côtes de Provence']
1429,Bastía,86.0,34.0,86.0,34.0,1,1,['Chardonnay'],Italy,Piedmont,['Langhe']
1430,Batasiolo,90.5,68.0,90.5,79.0,4,1,['Nebbiolo'],Italy,Piedmont,['Barolo']
1431,Bateaux Cellars,87.0,23.0,87.0,23.0,1,1,['Syrah'],US,Washington,"['Yakima Valley', 'Columbia Valley']"
1432,Batič,88.7,35.3,88.5,32.5,6,6,"['Merlot-Cabernet Franc', 'White Blend', 'Cabernet Franc', 'Pinela', 'Sauvignon', 'Rosé']",Slovenia,Vipavska Dolina,[]
1433,Battaglio,87.6,57.8,87.5,60.0,10,3,"['Nebbiolo', 'Arneis', 'Barbera']",Italy,Piedmont,['Barolo']
1434,Battistini,88.0,33.0,88.0,33.0,1,1,['Sangiovese'],Italy,Central Italy,['Romagna']
1435,Battle Axe,81.0,15.0,81.0,15.0,1,1,['Malbec'],Argentina,Other,['Argentina']
1436,Battle Creek,87.1,25.6,88.0,16.0,7,1,['Pinot Noir'],US,Oregon,"['Oregon', 'Oregon Other']"
1437,Battle of Bosworth,88.0,25.0,88.0,25.0,3,2,"['Shiraz', 'Shiraz-Viognier']",Australia,South Australia,['McLaren Vale']
1438,Batzella,89.1,27.3,89.0,24.0,13,3,"['Red Blend', 'Syrah', 'White Blend']",Italy,Tuscany,['Bolgheri Superiore']
1439,Batán de Salas,85.0,14.5,85.0,15.0,4,3,"['Syrah', 'Cabernet Sauvignon', 'Chardonnay']",Spain,Northern Spain,['Somontano']
1440,Bauchet Père et Fils,84.0,33.0,84.0,33.0,1,1,['Champagne Blend'],France,Champagne,['Champagne']
1441,Bauer,85.0,,85.0,,2,1,['Grüner Veltliner'],Austria,Niederösterreich,[]
1442,Bauer,89.0,,89.0,,1,1,['Grüner Veltliner'],Austria,Wagram-Donauland,[]
1443,Bauer Haus,82.0,8.0,82.0,8.0,1,1,['Riesling'],Germany,Nahe,[]
1444,Baumann,87.7,19.7,86.0,16.0,3,2,"['Gewürztraminer', 'Pinot Gris']",France,Alsace,['Alsace']
1445,Bautista Simona,85.0,12.5,85.0,12.5,2,1,['Malbec'],Argentina,Mendoza Province,['Mendoza']
1446,Baux Wine,85.0,35.0,85.0,35.0,1,1,['Red Blend'],US,California,"['Russian River Valley', 'Sonoma']"
1447,Bava,88.2,33.6,88.0,25.0,11,4,"['Nebbiolo', 'Moscato', 'Barbera', 'Dolcetto']",Italy,Piedmont,['Barolo']
1448,Baxter,90.9,45.3,91.0,45.0,17,4,"['Carignan', 'Pinot Noir', 'Syrah', 'Chardonnay']",US,California,"['Mendocino', 'Mendocino/Lake Counties']"
1449,Baywood,86.0,18.5,86.0,15.0,4,3,"['Symphony', 'White Blend', 'Merlot']",US,California,"['California', 'California Other']"
1450,Bazelet HaGolan,88.5,46.7,88.5,40.0,4,2,"['Cabernet Sauvignon', 'Merlot']",Israel,Galilee,[]
1451,Bazelet HaGolan,89.7,46.7,91.0,40.0,3,2,"['Cabernet Sauvignon', 'Merlot']",Israel,Golan Heights,[]
1452,Beach Head,86.0,16.5,86.0,16.5,4,3,"['Sauvignon Blanc-Semillon', 'Rosé', 'Semillon-Sauvignon Blanc']",Australia,Western Australia,['Margaret River']
1453,Beach Kite,82.9,7.1,83.0,7.0,7,4,"['Cabernet Sauvignon', 'Moscato', 'Pinot Noir', 'Sauvignon Blanc']",Chile,Central Valley,[]
1454,Beacon Hill,87.5,47.5,87.5,41.5,4,2,"['Pinot Noir', 'Riesling']",US,Oregon,"['Chehalem Mountains', 'Willamette Valley']"
1455,Bear Creek,89.0,30.0,89.0,30.0,1,1,['Pinot Noir'],US,Oregon,"['Rogue Valley', 'Southern Oregon']"
1456,Bearboat,86.2,17.2,85.5,17.0,4,2,"['Chardonnay', 'Syrah']",US,California,"['Russian River Valley', 'Sonoma']"
1457,Beast,90.2,24.8,90.0,25.0,5,2,"['Red Blend', 'Riesling']",US,Washington,"['Columbia Valley (WA)', 'Columbia Valley']"
1458,Beastly Vines,89.0,15.0,89.0,15.0,1,1,['Red Blend'],Australia,South Australia,['South Australia']
1459,Beau Joubert,86.3,13.0,86.0,13.0,34,11,"['Merlot-Cabernet Sauvignon', 'Cabernet Sauvignon', 'Sauvignon Blanc', 'Merlot', 'Chardonnay', 'Chenin Blanc-Sauvignon Blanc', 'Red Blend', 'Shiraz', 'Shiraz-Cabernet Sauvignon', 'White Blend', 'Chenin Blanc']",South Africa,Stellenbosch,[]
1460,Beaucanon,88.0,34.9,88.0,30.0,15,6,"['Cabernet Sauvignon', 'Merlot', 'Petit Verdot', 'Cabernet Franc', 'Chardonnay', 'Bordeaux-style Red Blend']",US,California,"['Napa Valley', 'Napa']"
1461,Beaulieu Vineyard,88.4,45.9,88.0,30.0,91,10,"['Cabernet Sauvignon-Syrah', 'Cabernet Sauvignon', 'Merlot', 'Zinfandel', 'Bordeaux-style Red Blend', 'Pinot Noir', 'Red Blend', 'Chardonnay', 'Cabernet Blend', 'Syrah']",US,California,"['Napa Valley', 'Napa']"
1462,Beaumont,90.8,30.0,91.0,30.0,4,1,['Chenin Blanc'],South Africa,Bot River,[]
1463,Beaumont,88.0,18.0,88.0,18.0,1,1,['Shiraz'],South Africa,South Africa,[]
1464,Beaumont,88.5,18.5,88.5,18.5,4,2,"['Chenin Blanc', 'Bordeaux-style Red Blend']",South Africa,Walker Bay,[]
1465,Beaumont des Crayères,88.4,50.8,89.0,45.0,9,1,['Champagne Blend'],France,Champagne,['Champagne']
1466,Beauregard,88.7,43.2,89.0,45.0,43,8,"['Pinot Noir', 'Chardonnay', 'Cabernet Sauvignon', 'Syrah', 'Merlot', 'Zinfandel', 'Pinot Gris', 'Sparkling Blend']",US,California,"['Ben Lomond Mountain', 'Central Coast']"
1467,Beautiful Dream,82.0,10.0,82.0,10.0,1,1,['Pinot Grigio'],US,California,"['California', 'California Other']"
1468,Beaver Creek,85.3,32.5,85.0,29.0,10,5,"['Red Blend', 'Zinfandel', 'Cabernet Sauvignon', 'Petite Sirah', 'Merlot']",US,California,"['Napa Valley', 'Napa']"
1469,Beccarello,88.0,45.0,88.0,45.0,2,2,"['Friulano', 'Refosco']",Italy,Veneto,['Lison-Pramaggiore']
1470,Becker,86.6,32.4,87.0,25.0,8,8,"['Roussanne', 'Rosé', 'Tempranillo', 'Merlot', 'Rhône-style Red Blend', 'Viognier', 'Cabernet Franc-Merlot', 'Cabernet Sauvignon']",US,Texas,['Texas High Plains']
1471,Beckett's Flat,84.0,17.5,84.0,17.5,2,2,"['Cabernet Sauvignon-Shiraz', 'Sémillon']",Australia,Western Australia,['Margaret River']
1472,Beckmen,90.2,37.6,91.0,32.0,23,7,"['Syrah', 'Rosé', 'Grenache', 'Rhône-style White Blend', 'Rhône-style Red Blend', 'Sauvignon Blanc', 'Red Blend']",US,California,"['Santa Ynez Valley', 'Central Coast']"
1473,Beckon,91.0,30.0,91.0,30.0,2,2,"['Chardonnay', 'Pinot Noir']",US,California,"['Central Coast', 'Central Coast']"
1474,Bedarra,85.0,22.5,84.5,21.5,8,3,"['Chardonnay', 'White Blend', 'Red Blend']",US,California,"['Dry Creek Valley', 'Sonoma']"
1475,Bedell,87.7,40.4,88.0,40.0,55,15,"['Malbec', 'Sparkling Blend', 'Chardonnay', 'Rosé', 'Merlot', 'Red Blend', 'Cabernet Sauvignon', 'Viognier', 'Gewürztraminer', 'White Blend', 'Sauvignon Blanc', 'Cabernet Franc', 'Bordeaux-style Red Blend', 'Riesling', 'Merlot-Cabernet Franc']",US,New York,"['North Fork of Long Island', 'Long Island']"
1476,Bedford Thompson,81.0,20.0,81.0,20.0,1,1,['Syrah'],US,California,"['Santa Barbara County', 'Central Coast']"
1477,Bedouet,88.0,15.0,88.0,15.0,1,1,['Melon'],France,Loire Valley,['Muscadet Sèvre et Maine']
1478,Beekeeper Cellars,89.7,63.3,89.0,60.0,3,1,['Zinfandel'],US,California,"['Sonoma County', 'Sonoma']"
1479,Beelgara,84.4,8.4,84.0,8.0,5,4,"['Chardonnay', 'Sparkling Blend', 'Shiraz', 'Red Blend']",Australia,Australia Other,['South Eastern Australia']
1480,Beelgara,87.0,39.0,87.0,39.0,1,1,['Shiraz'],Australia,South Australia,['Clare Valley']
1481,Begali,89.2,39.2,90.0,45.0,22,2,"['Corvina, Rondinella, Molinara', 'Red Blend']",Italy,Veneto,['Amarone della Valpolicella Classico']
1482,Behrens & Hitchcock,84.5,70.0,84.5,70.0,2,1,['Cabernet Sauvignon'],US,California,"['Napa Valley', 'Napa']"
1483,Bejot Vins et Terroirs,90.0,17.0,90.0,17.0,1,1,['Rosé'],France,Provence,['Côtes de Provence Sainte-Victoire']
1484,Bel Arbor,84.0,6.0,84.0,6.0,2,2,"['Chardonnay', 'Cabernet Sauvignon']",US,California,"['California', 'California Other']"
1485,Bel Colle,90.5,61.5,91.0,60.0,17,1,['Nebbiolo'],Italy,Piedmont,['Barolo']
1486,Bel Lago,88.2,24.2,88.0,25.0,5,3,"['Pinot Noir', 'Chardonnay', 'Auxerrois']",US,Michigan,['Leelanau Peninsula']
1487,Bel Vino,87.0,34.2,87.0,32.5,4,3,"['Red Blend', 'Muscat', 'Chardonnay']",US,California,"['California', 'California Other']"
1488,Belasco de Baquedano,87.8,23.9,88.0,25.0,17,3,"['Rosé', 'Malbec', 'Sparkling Blend']",Argentina,Mendoza Province,['Mendoza']
1489,Belden Barns,89.7,37.2,90.0,38.0,15,7,"['Syrah', 'Pinot Noir', 'Grüner Veltliner', 'Sparkling Blend', 'Chardonnay', 'Grenache', 'Sauvignon Blanc']",US,California,"['Sonoma Mountain', 'Sonoma']"
1490,Beldui,83.0,19.0,83.0,19.0,1,1,['White Blend'],Spain,Spain Other,['Spain']
1491,Bele Casel,86.0,16.7,86.0,17.0,3,1,['Glera'],Italy,Veneto,['Asolo Prosecco Superiore']
1492,Belguardo,85.0,17.0,85.0,17.0,1,1,['Rosé'],Italy,Tuscany,['Toscana']
1493,Belharra,89.6,29.4,90.0,28.0,5,2,"['Syrah', 'Chardonnay']",US,California,"['Carneros', 'Napa-Sonoma']"
1494,Belhurst,86.5,22.4,87.0,19.0,19,9,"['Merlot', 'Pinot Noir', 'Cabernet Franc', 'Riesling', 'Sparkling Blend', 'Rosé', 'Pinot Grigio', 'Chardonnay', 'Bordeaux-style Red Blend']",US,New York,"['New York', 'New York Other']"
1495,Belisario,88.2,19.0,88.0,18.0,5,1,['Verdicchio'],Italy,Central Italy,['Verdicchio di Matelica']
1496,Bell,87.7,51.5,87.5,40.0,46,7,"['Cabernet Sauvignon', 'Red Blend', 'Syrah', 'Bordeaux-style Red Blend', 'Chardonnay', 'Merlot', 'Sauvignon Blanc']",US,California,"['Napa Valley', 'Napa']"
1497,Bell,88.0,22.5,88.0,22.5,2,1,['Pinot Gris'],US,Oregon,"['Willamette Valley', 'Willamette Valley']"
1498,Bella,89.8,39.7,91.0,38.0,41,3,"['Zinfandel', 'Syrah', 'Petite Sirah']",US,California,"['Sonoma County', 'Sonoma']"
1499,Bella Bollè,83.5,9.0,83.5,9.0,4,1,['Moscato'],Italy,Piedmont,"[""Moscato d'Asti""]"
1500,Bella Donna,84.0,10.0,84.0,10.0,1,1,['Pinot Grigio'],Italy,Northeastern Italy,['Delle Venezie']
1501,Bella Grace,88.5,25.9,88.5,25.0,14,9,"['Zinfandel', 'Barbera', 'Roussanne', 'Vermentino', 'Rhône-style Red Blend', 'Grenache Blanc', 'Red Blend', 'Rhône-style White Blend', 'Primitivo']",US,California,"['Amador County', 'Sierra Foothills']"
1502,Bella Luna,86.6,39.2,87.0,40.0,13,8,"['Zinfandel', 'Cabernet Sauvignon-Sangiovese', 'Sangiovese', 'Barbera', 'Rosé', 'Tempranillo', 'White Blend', 'Sangiovese Cabernet']",US,California,"['Adelaida District', 'Central Coast']"
1503,Bella Piazza,85.0,28.5,85.0,25.0,11,5,"['Zinfandel', 'Syrah', 'Sangiovese', 'Barbera', 'Montepulciano']",US,California,"['Shenandoah Valley (CA)', 'Sierra Foothills']"
1504,Bella Ragazza,84.5,9.0,84.5,9.0,2,1,['Pinot Grigio'],US,California,"['California', 'California Other']"
1505,Bella Sera,84.0,7.0,84.0,7.0,2,1,['Pinot Grigio'],Italy,Northeastern Italy,['Delle Venezie']
1506,Bella Union,94.0,85.0,94.0,85.0,1,1,['Cabernet Sauvignon'],US,California,"['Napa Valley', 'Napa']"
1507,Bella Vetta,88.7,35.3,88.0,35.0,7,2,"['Cabernet Sauvignon', 'Zinfandel']",US,California,"['Howell Mountain', 'Napa']"
1508,Bella Victorian,89.7,41.7,91.0,40.0,3,3,"['Grenache', 'Syrah', 'Dornfelder']",US,California,"['Sta. Rita Hills', 'Central Coast']"
1509,Bella Victorian Vineyard,88.7,49.7,88.0,40.0,3,3,"['Syrah', 'Grenache', 'Cabernet Sauvignon']",US,California,"['California', 'California Other']"
1510,Bella Vigna,82.0,16.0,82.0,16.0,1,1,['Zinfandel'],US,California,"['Lodi', 'Central Valley']"
1511,Bellacana,84.5,27.0,84.5,27.0,2,2,"['Chardonnay', 'Cabernet Sauvignon']",US,California,"['Alexander Valley', 'Sonoma']"
1512,Bellangelo,87.1,19.8,87.0,18.0,34,11,"['Gewürztraminer', 'Riesling', 'Chardonnay', 'Cabernet Franc', 'Bordeaux-style Red Blend', 'Cabernet Sauvignon', 'Pinot Noir', 'Cabernet Sauvignon-Merlot', 'Merlot-Cabernet Sauvignon', 'Rosé', 'Merlot']",US,New York,"['Seneca Lake', 'Finger Lakes']"
1513,Bellaria,88.4,63.6,88.0,60.0,13,2,"['Sangiovese', 'Sangiovese Grosso']",Italy,Tuscany,['Brunello di Montalcino']
1514,Bellarina,86.0,36.0,86.0,36.0,1,1,['Sangiovese'],Italy,Tuscany,['Brunello di Montalcino']
1515,Bellarine Estate,88.0,15.0,88.0,15.0,1,1,['Chardonnay'],Australia,Australia Other,['South Eastern Australia']
1516,Bellarine Estate,81.0,15.0,81.0,15.0,1,1,['Shiraz'],Australia,Victoria,['Bellarine Peninsula']
1517,Bellavista,89.9,57.5,90.0,58.0,44,3,"['Chardonnay', 'Sparkling Blend', 'Champagne Blend']",Italy,Lombardy,['Terre di Franciacorta']
1518,Belle Ambiance,86.3,10.0,86.0,10.0,16,5,"['Cabernet Sauvignon', 'Chardonnay', 'Red Blend', 'Pinot Grigio', 'Pinot Noir']",US,California,"['California', 'California Other']"
1519,Belle Glos,88.9,42.7,89.0,44.0,22,1,['Pinot Noir'],US,California,"['Sonoma Coast', 'Sonoma']"
1520,Belle Made For You,83.3,5.0,83.0,5.0,3,3,"['Cabernet Sauvignon', 'Red Blend', 'White Blend']",France,France Other,['Vin de France']
1521,Belle Vallée,84.8,26.3,85.0,22.5,12,3,"['Pinot Gris', 'Pinot Noir', 'Merlot']",US,Oregon,"['Willamette Valley', 'Willamette Valley']"
1522,Bellenda,85.8,20.1,85.0,19.0,22,3,"['Glera', 'Prosecco', 'Cabernet Sauvignon']",Italy,Veneto,['Conegliano Valdobbiadene Prosecco Superiore']
1523,Belles Vignes,85.0,10.0,85.0,10.0,1,1,['Red Blend'],France,France Other,['Vin de France']
1524,Belliard Vins Selections,88.7,121.0,88.0,125.0,3,2,"['Merlot', 'Cabernet Sauvignon']",France,Bordeaux,['Pomerol']
1525,Bellingham,87.6,22.5,88.0,15.0,13,7,"['Chenin Blanc', 'Shiraz', 'Sauvignon Blanc', 'White Blend', 'Pinotage', 'Merlot', 'Red Blend']",South Africa,Coastal Region,[]
1526,Bellingham,88.5,16.0,88.5,16.0,2,2,"['Chenin Blanc', 'White Blend']",South Africa,Franschhoek,[]
1527,Bellingham,89.0,17.0,89.0,17.0,1,1,['Chenin Blanc'],South Africa,Paarl,[]
1528,Bellini,85.8,16.6,86.0,18.5,8,2,"['Red Blend', 'Sangiovese']",Italy,Tuscany,['Toscana']
1529,Bellini,86.0,60.0,86.0,60.0,1,1,['Red Blend'],Italy,Veneto,['Amarone della Valpolicella Classico']
1530,Bellisco,82.0,11.0,82.0,11.0,1,1,['Sparkling Blend'],Spain,Catalonia,['Cava']
1531,Bello Family Vineyards,88.0,94.8,87.5,90.0,8,3,"['Cabernet Sauvignon', 'Marsanne', 'Chardonnay']",US,California,"['Napa Valley', 'Napa']"
1532,Bellussi,86.5,16.2,87.0,15.0,24,2,"['Glera', 'Prosecco']",Italy,Veneto,['Conegliano Valdobbiadene Prosecco Superiore']
1533,Bellwether,87.8,23.8,88.0,22.0,12,3,"['Pinot Noir', 'Rosé', 'Riesling']",US,New York,"['Finger Lakes', 'Finger Lakes']"
1534,Belmondo,82.0,5.5,82.0,5.5,2,1,['Pinot Grigio'],Italy,Lombardy,['Pavia']
1535,Belmonte,89.0,19.0,89.0,19.0,2,1,['Sauvignon Blanc'],New Zealand,Marlborough,[]
1536,Beloaré,82.0,11.0,82.0,11.0,1,1,['Riesling'],Romania,Romania,[]
1537,Belpoggio,88.6,48.2,88.0,50.0,8,2,"['Sangiovese', 'Sangiovese Grosso']",Italy,Tuscany,['Brunello di Montalcino']
1538,Beltane Ranch,87.7,34.6,88.0,29.0,7,2,"['Sauvignon Blanc', 'Zinfandel']",US,California,"['Sonoma Valley', 'Sonoma']"
1539,Belvedere,87.2,23.0,87.0,23.0,8,4,"['Merlot', 'Chardonnay', 'Pinot Noir', 'Cabernet Sauvignon']",US,California,"['Sonoma County', 'Sonoma']"
1540,Ben Haines,90.0,36.0,91.0,28.0,3,3,"['Marsanne', 'Marsanne-Roussanne', 'Syrah']",Australia,Victoria,['Yarra Valley']
1541,Ben Hogan,85.1,27.0,85.0,27.0,9,5,"['Zinfandel', 'Cabernet Sauvignon', 'Syrah', 'Red Blend', 'Chardonnay']",US,California,"['Paso Robles', 'Central Coast']"
1542,Ben Ish,84.0,20.0,84.0,20.0,1,1,['Cabernet Sauvignon'],Chile,Chile,[]
1543,Ben Ish,86.0,20.0,86.0,20.0,2,2,"['Red Blend', 'Zinfandel']",US,California,"['California', 'California Other']"
1544,BenMarco,88.7,20.0,89.0,20.0,3,1,['Cabernet Sauvignon'],Argentina,Mendoza Province,['Mendoza']
1545,Benaddiction,85.0,15.0,85.0,15.0,1,1,['Cabernet Sauvignon'],US,California,"['California', 'California Other']"
1546,Benaddiction,89.0,15.0,89.0,15.0,1,1,['Chardonnay'],US,New York,"['New York', 'New York Other']"
1547,Benanti,90.0,40.0,90.0,40.0,1,1,['Carricante'],Italy,Italy Other,['Vino Spumante']
1548,Benanti,89.9,42.5,90.0,39.0,57,8,"['Carricante', 'Nerello Mascalese', 'Red Blend', 'Nerello Cappuccio', 'Moscato', ""Nero d'Avola"", 'White Blend', 'Zibibbo']",Italy,Sicily & Sardinia,['Etna']
1549,Benazzoli,84.0,,84.0,,1,1,"['Corvina, Rondinella, Molinara']",Italy,Veneto,['Bardolino Chiaretto']
1550,Bench,89.2,23.6,88.0,24.0,5,4,"['Pinot Noir', 'Merlot', 'Cabernet Sauvignon', 'Chardonnay']",US,California,"['Sonoma Coast', 'Sonoma']"
1551,Bending Branch,85.3,37.3,86.0,34.0,3,3,"['Red Blend', 'Roussanne', 'Viognier']",US,Texas,['Texas']
1552,Benedetto,83.0,11.0,83.0,11.0,1,1,['Pinot Grigio'],Italy,Northeastern Italy,['Delle Venezie']
1553,Benedetto,82.0,11.0,82.0,11.0,1,1,['Red Blend'],Italy,Tuscany,['Chianti']
1554,Benegas,86.2,20.6,87.0,15.0,29,11,"['Cabernet Sauvignon', 'Malbec', 'Syrah', 'Chardonnay', 'Sangiovese', 'Chardonnay-Sauvignon', 'Cabernet Franc', 'Red Blend', 'Meritage', 'Bordeaux-style Red Blend', 'Rosé']",Argentina,Mendoza Province,['Mendoza']
1555,Benessere,87.6,33.5,87.0,30.0,50,10,"['Sangiovese', 'Zinfandel', 'Red Blend', 'Pinot Grigio', 'Rosé', 'Muscat Canelli', 'Sagrantino', 'Cabernet Sauvignon', 'Moscato', 'Aglianico']",US,California,"['St. Helena', 'Napa']"
1556,Beni di Batasiolo,88.0,37.0,88.0,37.0,2,1,['Sparkling Blend'],Italy,Italy Other,['Vino Spumante']
1557,Beni di Batasiolo,89.4,50.5,90.0,45.0,48,6,"['Nebbiolo', 'Barbera', 'Moscato', 'Cortese', 'Dolcetto', 'Sparkling Blend']",Italy,Piedmont,['Barolo']
1558,Benincasa,86.5,19.5,87.0,18.0,4,2,"['Red Blend', 'Sagrantino']",Italy,Central Italy,['Montefalco Rosso']
1559,Benito Ferrara,87.2,25.2,86.0,25.5,6,3,"['Greco', 'Fiano', 'Aglianico']",Italy,Southern Italy,['Greco di Tufo']
1560,Benito Santos,82.5,28.5,82.5,28.5,2,1,['Albariño'],Spain,Galicia,['Rías Baixas']
1561,Benjamin Leroux,92.0,70.5,92.0,70.5,2,2,"['Pinot Noir', 'Chardonnay']",France,Burgundy,['Nuits-St.-Georges']
1562,Benjamin Romeo,91.2,95.0,92.5,88.5,4,2,"['White Blend', 'Tempranillo']",Spain,Northern Spain,['Rioja']
1563,Benjamin de Rothschild & Vega Sicilia SA,92.8,75.0,93.0,85.0,5,2,"['Tempranillo Blend', 'Tempranillo']",Spain,Northern Spain,['Rioja']
1564,Benmarl,86.4,19.3,86.0,19.0,10,8,"['Traminette', 'Seyval Blanc', 'Baco Noir', 'Cabernet Franc', 'Merlot', 'Chardonnay', 'Bordeaux-style Red Blend', 'Riesling']",US,New York,"['New York', 'New York Other']"
1565,Bennati,84.0,,84.0,,1,1,['Trebbiano di Lugana'],Italy,Lombardy,['Lugana']
1566,Bennati,88.0,,88.0,,1,1,"['Corvina, Rondinella, Molinara']",Italy,Veneto,['Valpolicella Classico Superiore Ripasso']
1567,Bennett Family,86.0,22.5,86.0,22.5,2,2,"['Chardonnay', 'Cabernet Sauvignon']",US,California,"['Russian River Valley', 'Sonoma']"
1568,Bennett Lane,89.4,55.7,90.0,47.0,30,7,"['Cabernet Sauvignon', 'Red Blend', 'Chardonnay', 'Bordeaux-style Red Blend', 'White Blend', 'Syrah', 'Merlot']",US,California,"['Napa Valley', 'Napa']"
1569,Bennett Valley Cellars,87.0,27.0,86.0,24.0,3,2,"['Pinot Noir', 'Chardonnay']",US,California,"['Bennett Valley', 'Sonoma']"
1570,Benovia,91.4,52.2,92.0,56.0,27,3,"['Pinot Noir', 'Chardonnay', 'Zinfandel']",US,California,"['Russian River Valley', 'Sonoma']"
1571,Benoît Cocteaux,90.0,55.0,90.0,55.0,1,1,['Chardonnay'],France,Champagne,['Champagne']
1572,Benoît Daridan,88.4,19.8,87.5,18.0,10,4,"['Romorantin', 'Sauvignon Blanc-Chardonnay', 'Pinot Noir-Gamay', 'Rosé']",France,Loire Valley,['Cour-Cheverny']
1573,Benoît Girard,90.0,,90.0,,1,1,['Sauvignon Blanc'],France,Loire Valley,['Sancerre']
1574,Benoît Mulin,88.0,25.0,88.0,25.0,1,1,['Sparkling Blend'],France,France Other,['Crémant de Jura']
1575,Benson Ferry,84.5,30.0,84.5,30.0,2,2,"['Port', 'Syrah']",US,California,"['Lodi', 'Central Valley']"
1576,Bentley,92.0,125.0,92.0,125.0,1,1,['Cabernet Sauvignon'],US,California,"['Oakville', 'Napa']"
1577,Benton-Lane,86.8,31.6,87.0,26.0,20,4,"['Pinot Noir', 'Pinot Gris', 'Chardonnay', 'Pinot Blanc']",US,Oregon,"['Willamette Valley', 'Willamette Valley']"
1578,Benvenuti,90.0,17.0,90.0,17.0,1,1,['Malvasia Istriana'],Croatia,Istria,[]
1579,Benvenuto de la Serna,88.4,20.4,89.0,18.0,14,4,"['Red Blend', 'Malbec', 'Malbec-Merlot', 'Viognier']",Argentina,Mendoza Province,['Uco Valley']
1580,Benziger,88.2,31.5,88.0,22.0,59,12,"['Chardonnay', 'Sauvignon Blanc', 'Merlot', 'Bordeaux-style Red Blend', 'Red Blend', 'Cabernet Sauvignon', 'Pinot Noir', 'Rosé', 'Cabernet Blend', 'Petite Sirah', 'Fumé Blanc', 'Syrah']",US,California,"['Sonoma County', 'Sonoma']"
1581,Benziger,85.0,20.0,85.0,20.0,1,1,['Pinot Gris'],US,Oregon,"['Oregon', 'Oregon Other']"
1582,Bera,88.3,35.3,88.0,40.0,7,3,"['Nebbiolo', 'Moscato', 'Barbera']",Italy,Piedmont,['Barbaresco']
1583,Beran,89.0,24.0,89.0,24.0,1,1,['Zinfandel'],US,California,"['California', 'California Other']"
1584,Beran,83.0,28.0,83.0,28.0,1,1,['Pinot Noir'],US,Oregon,"['Willamette Valley', 'Willamette Valley']"
1585,Berberana,83.8,11.0,83.0,11.0,4,1,['Sparkling Blend'],Spain,Catalonia,['Cava']
1586,Berberana,83.5,8.0,83.5,8.0,2,2,"['Shiraz-Tempranillo', 'Tempranillo']",Spain,Central Spain,['Tierra de Castilla']
1587,Berberana,86.0,14.3,86.0,13.0,7,2,"['Tempranillo', 'Tempranillo Blend']",Spain,Northern Spain,['Rioja']
1588,Berco Do Infante,85.0,6.0,85.0,6.0,1,1,['Portuguese Red'],Portugal,Estremadura,[]
1589,Beresan,90.2,26.5,90.0,29.0,4,4,"['Cabernet Sauvignon', 'Malbec', 'Red Blend', 'Carmenère']",US,Oregon,"['Walla Walla Valley (OR)', 'Oregon Other']"
1590,Beresan,90.6,26.3,90.0,29.0,36,10,"['Rhône-style White Blend', 'Merlot', 'Cabernet Sauvignon', 'Syrah', 'Red Blend', 'Malbec', 'Carmenère', 'Sémillon', 'Cabernet Franc', 'Bordeaux-style Red Blend']",US,Washington,"['Walla Walla Valley (WA)', 'Columbia Valley']"
1591,Beresford,87.6,20.2,88.0,25.0,5,5,"['Rosé', 'Cabernet Sauvignon', 'Sauvignon Blanc', 'Pinot Grigio', 'Chardonnay']",Australia,South Australia,['McLaren Vale']
1592,Beresini Vineyards,87.0,45.0,87.0,45.0,1,1,['Pinot Noir'],US,California,"['Carneros', 'Napa-Sonoma']"
1593,Berger,91.7,23.3,92.0,20.0,3,2,"['Grüner Veltliner', 'Riesling']",Austria,Kremstal,[]
1594,Berger,86.0,17.0,86.0,17.0,4,2,"['Grüner Veltliner', 'Gelber Muskateller']",Austria,Niederösterreich,[]
1595,Bergevin Lane,89.0,26.9,89.0,24.5,40,12,"['Merlot', 'Viognier', 'Red Blend', 'Syrah', 'White Blend', 'Bordeaux-style Red Blend', 'Chardonnay', 'Cabernet Sauvignon', 'Sémillon', 'Roussanne', 'Sauvignon Blanc', 'Malbec']",US,Washington,"['Walla Walla Valley (WA)', 'Columbia Valley']"
1596,Bergsig,84.0,11.0,84.0,11.0,2,2,"['Sauvignon Blanc', 'Pinotage']",South Africa,Breede River Valley,[]
1597,Bergström,92.4,64.4,93.0,65.0,47,3,"['Pinot Noir', 'Chardonnay', 'Pinot Gris']",US,Oregon,"['Chehalem Mountains', 'Willamette Valley']"
1598,Beringer,88.4,45.9,88.0,35.0,100,14,"['Cabernet Sauvignon', 'White Blend', 'Merlot', 'Sauvignon Blanc', 'Pinot Noir', 'Sauvignon Blanc-Semillon', 'Bordeaux-style Red Blend', 'Chardonnay', 'Semillon-Sauvignon Blanc', 'Pinot Grigio', 'Zinfandel', 'Port', 'Viognier', 'Red Blend']",US,California,"['St. Helena', 'Napa']"
1599,Berlucchi,88.8,32.2,89.0,34.0,9,2,"['Sparkling Blend', 'Chardonnay']",Italy,Lombardy,['Franciacorta']
1600,Bernard Baudry,91.7,27.8,92.0,28.0,7,1,['Cabernet Franc'],France,Loire Valley,['Chinon']
1601,Bernard Defaix,88.5,22.0,88.5,22.0,2,1,['Chardonnay'],France,Burgundy,['Chablis']
1602,Bernard Machado,86.0,40.0,86.0,40.0,1,1,['Pinot Noir'],US,Oregon,"['Chehalem Mountains', 'Willamette Valley']"
1603,Bernard Magrez,90.0,32.5,90.0,32.5,2,1,['Malbec'],Argentina,Mendoza Province,['Mendoza']
1604,Bernard Magrez,88.3,25.4,89.0,22.0,32,5,"['Bordeaux-style Red Blend', 'Bordeaux-style White Blend', 'Rhône-style Red Blend', 'Rosé', 'Merlot']",France,Bordeaux,['Premieres Côtes de Blaye']
1605,Bernard Magrez,88.8,29.8,88.0,26.5,5,3,"['Rhône-style Red Blend', 'Rosé', 'Red Blend']",France,Languedoc-Roussillon,['Côtes du Roussillon']
1606,Bernard Magrez,89.1,27.0,89.0,20.0,13,1,['Rosé'],France,Provence,['Côtes de Provence']
1607,Bernard Magrez,88.0,25.0,88.0,25.0,1,1,['Rhône-style White Blend'],France,Rhône Valley,['Laudun']
1608,Bernard Magrez,89.7,35.0,90.0,35.0,3,1,['Syrah-Grenache'],Morocco,Guerrouane,[]
1609,Bernard Magrez,86.0,40.0,86.0,40.0,1,1,['Portuguese Red'],Portugal,Douro,[]
1610,Bernard Magrez,89.5,50.5,89.5,50.5,2,1,['Red Blend'],Spain,Catalonia,['Priorat']
1611,Bernard Magrez,91.0,50.5,91.0,50.5,2,2,"['Tempranillo', 'Tinta de Toro']",Spain,Northern Spain,['Toro']
1612,Bernard Remy,88.0,37.0,88.0,37.0,1,1,['Champagne Blend'],France,Champagne,['Champagne']
1613,Bernard Reverdy et Fils,89.2,35.5,89.5,36.0,4,2,"['Rosé', 'Sauvignon Blanc']",France,Loire Valley,['Sancerre']
1614,Bernard et Christophe Richel,86.2,16.0,86.0,16.0,5,1,['Jacquère'],France,France Other,['Vin de Savoie']
1615,Bernardis,88.0,30.0,88.0,30.0,1,1,['Verduzzo'],Italy,Northeastern Italy,['Friuli']
1616,Bernardus,88.7,42.9,89.0,40.0,115,9,"['Chardonnay', 'Sauvignon Blanc', 'Pinot Noir', 'Cabernet Sauvignon', 'Bordeaux-style Red Blend', 'Cabernet Blend', 'Rosé', 'Meritage', 'Red Blend']",US,California,"['Santa Lucia Highlands', 'Central Coast']"
1617,Bernat,88.8,31.0,89.5,30.0,6,2,"['Nebbiolo', 'Syrah']",US,California,"['Santa Ynez Valley', 'Central Coast']"
1618,Bernhard Eifel,86.0,22.5,86.0,22.5,2,1,['Riesling'],Germany,Mosel-Saar-Ruwer,[]
1619,Bernhard Huber,91.7,89.5,91.0,103.0,6,2,"['Pinot Noir', 'Spätburgunder']",Germany,Baden,[]
1620,Bernhard Ott,90.8,21.2,91.0,22.0,4,1,['Grüner Veltliner'],Austria,Niederösterreich,[]
1621,Bernhard Ott,91.9,50.4,92.0,49.0,7,1,['Grüner Veltliner'],Austria,Wagram,[]
1622,Bernhard Ott,90.5,51.0,90.5,62.0,6,1,['Grüner Veltliner'],Austria,Wagram-Donauland,[]
1623,Bernier,84.3,12.3,84.0,12.0,3,2,"['Chardonnay', 'Sauvignon Blanc']",France,Loire Valley,['Val de Loire']
1624,Beronia,87.8,24.0,88.0,20.0,23,6,"['Tempranillo Blend', 'Tempranillo', 'Viura', 'Rosado', 'Verdejo', 'Red Blend']",Spain,Northern Spain,['Rioja']
1625,Berryessa Gap,85.9,21.0,87.0,20.0,13,8,"['Verdelho', 'Sauvignon Blanc', 'Zinfandel', 'Syrah', 'Petite Sirah', 'Tempranillo', 'Albariño', 'Red Blend']",US,California,"['Yolo County', 'Central Valley']"
1626,Berryhill,91.0,15.0,91.0,15.0,1,1,['Sauvignon Blanc'],US,California,"['Lodi', 'Central Valley']"
1627,Bersano,88.5,39.0,88.0,36.5,32,5,"['Nebbiolo', 'Moscato', 'Barbera', 'Arneis', 'Cortese']",Italy,Piedmont,['Barbaresco']
1628,Bersi Serlini,88.0,37.2,88.0,39.0,6,2,"['Chardonnay', 'Sparkling Blend']",Italy,Lombardy,['Franciacorta']
1629,Berta Franquet,90.0,35.0,90.0,35.0,1,1,['Red Blend'],Spain,Catalonia,['Priorat']
1630,Bertaini,87.0,,87.0,,1,1,['Garganega'],Italy,Veneto,['Soave Colli Scaligeri']
1631,Bertani,88.0,25.0,88.0,25.0,1,1,['Trebbiano'],Italy,Lombardy,['Lugana']
1632,Bertani,87.0,18.0,87.0,18.0,2,1,['White Blend'],Italy,Northeastern Italy,['Delle Venezie']
1633,Bertani,88.8,45.1,87.0,25.0,33,5,"['Corvina, Rondinella, Molinara', 'Garganega', 'Red Blend', 'Cabernet Sauvignon', 'White Blend']",Italy,Veneto,['Valpolicella Classico Superiore']
1634,Bertolani,83.7,16.0,84.0,16.0,3,1,['Lambrusco'],Italy,Central Italy,['Emilia']
1635,Bertoldi,86.0,,86.0,,1,1,"['Corvina, Rondinella, Molinara']",Italy,Veneto,['Bardolino Classico']
1636,Bertrand Ambroise,88.2,78.0,88.0,60.5,12,2,"['Pinot Noir', 'Chardonnay']",France,Burgundy,['Nuits-St.-Georges']
1637,Bertrand Jeannot et Fils,91.0,50.0,91.0,50.0,1,1,['Sauvignon Blanc'],France,Loire Valley,['Pouilly-Fumé']
1638,Bertrand-Delespierre,87.2,57.3,87.0,56.0,11,1,['Champagne Blend'],France,Champagne,['Champagne']
1639,Besadien,85.0,29.0,85.0,29.0,1,1,['Pinot Noir'],US,Oregon,"['Willamette Valley', 'Willamette Valley']"
1640,Besitos,84.0,15.0,84.0,15.0,1,1,['Red Blend'],US,California,"['California', 'California Other']"
1641,Besllum,87.5,28.0,87.5,28.0,2,1,['Red Blend'],Spain,Catalonia,['Montsant']
1642,Beso de Vino,84.7,10.0,85.0,10.0,3,2,"['Syrah-Grenache', 'Garnacha']",Spain,Northern Spain,['Cariñena']
1643,Besombes Moc Baril,83.0,12.5,83.0,12.5,2,2,"['Rosé', 'Cabernet Franc']",France,Loire Valley,"[""Rosé d'Anjou""]"
1644,Bessa,90.2,24.4,90.0,15.0,5,2,"['Red Blend', 'Merlot']",Bulgaria,Thracian Valley,[]
1645,Besserat de Bellefon,90.0,70.4,90.0,69.5,19,3,"['Chardonnay', 'Champagne Blend', 'Pinot Noir']",France,Champagne,['Champagne']
1646,Bestheim,91.8,22.5,91.0,22.5,4,3,"['Sparkling Blend', 'Riesling', 'Pinot Gris']",France,Alsace,"[""Crémant d'Alsace""]"
1647,Bethany Vineyard,85.3,27.0,86.0,28.0,3,2,"['Barbera', 'Pinot Noir']",US,Washington,"['Columbia Valley (WA)', 'Columbia Valley']"
1648,Bethel Heights,91.4,49.3,92.0,56.0,25,3,"['Pinot Noir', 'Chardonnay', 'Pinot Blanc']",US,Oregon,"['Eola-Amity Hills', 'Willamette Valley']"
1649,Better Half,86.0,130.0,86.0,130.0,1,1,['Bordeaux-style Red Blend'],US,California,"['Napa Valley', 'Napa']"
1650,Betwixt,90.8,32.0,90.5,32.5,4,3,"['Chardonnay', 'Pinot Noir', 'Grenache']",US,California,"['Santa Cruz Mountains', 'Central Coast']"
1651,Betz Family,93.0,55.7,93.0,55.0,67,6,"['Syrah', 'Rhône-style Red Blend', 'Grenache', 'Cabernet Sauvignon', 'Bordeaux-style Red Blend', 'Red Blend']",US,Washington,"['Yakima Valley', 'Columbia Valley']"
1652,Bevela,91.0,37.5,91.0,37.5,2,2,"['Teroldego', 'Syrah']",US,California,"['Santa Barbara County', 'Central Coast']"
1653,Bewitched,86.0,30.0,86.0,30.0,1,1,['Pinot Noir'],US,California,"['Russian River Valley', 'Sonoma']"
1654,Bex,87.0,10.0,87.0,10.0,2,1,['Riesling'],Germany,Nahe,[]
1655,Beyerskloof,86.0,11.0,86.0,11.0,1,1,['White Blend'],South Africa,Coastal Region,[]
1656,Beyerskloof,89.0,30.0,89.0,19.0,11,3,"['Pinotage', 'Red Blend', 'Cabernet Sauvignon-Merlot']",South Africa,Stellenbosch,[]
1657,Bialla,91.3,125.0,92.0,125.0,3,1,['Cabernet Sauvignon'],US,California,"['Napa Valley', 'Napa']"
1658,Bianca Vigna,86.7,16.8,87.0,16.0,6,2,"['Glera', 'Prosecco']",Italy,Veneto,['Conegliano Valdobbiadene Prosecco Superiore']
1659,BiancaVigna,89.6,20.8,89.0,23.0,5,1,['Glera'],Italy,Veneto,['Conegliano Valdobbiadene Prosecco Superiore']
1660,Biancariva,84.0,,84.0,,1,1,['Glera'],Italy,Veneto,['Conegliano Valdobbiadene Prosecco Superiore']
1661,Bianchi,85.6,19.7,86.0,19.0,58,15,"['Chardonnay', 'Syrah', 'Pinot Noir', 'Petite Sirah', 'Cabernet Franc', 'Sauvignon Blanc', 'Zinfandel', 'Cabernet Sauvignon', 'Pinot Grigio', 'Bordeaux-style Red Blend', 'Rhône-style Red Blend', 'Merlot', 'Moscato', 'Red Blend', 'G-S-M']",US,California,"['Santa Barbara County', 'Central Coast']"
1662,Biasotto,86.0,13.0,86.0,13.0,1,1,['Glera'],Italy,Veneto,['Prosecco']
1663,Bibbiano,88.7,25.0,89.0,25.0,13,3,"['Sangiovese', 'Red Blend', 'White Blend']",Italy,Tuscany,['Chianti Classico']
1664,Bibi Graetz,89.5,61.2,89.0,40.0,8,3,"['Red Blend', 'Sangiovese', 'Ansonica']",Italy,Tuscany,['Toscana']
1665,Bibich,88.0,19.0,88.0,19.0,1,1,['Grenache'],Croatia,Croatia,[]
1666,Bibich,86.9,23.5,87.0,19.0,11,4,"['White Blend', 'Posip', 'Red Blend', 'Debit']",Croatia,North Dalmatia,[]
1667,Biecher & Schaal,92.6,37.1,93.0,32.5,14,3,"['Alsace white blend', 'Riesling', 'Gewürztraminer']",France,Alsace,['Alsace']
1668,Biegler,88.0,,88.0,,2,2,"['Rotgipfler', 'Pinot Blanc']",Austria,Thermenregion,[]
1669,Bieler Family,87.0,13.0,87.0,13.0,1,1,['Pinot Grigio'],US,Washington,"['Washington', 'Washington Other']"
1670,Bieler Père et Fils,83.0,10.0,83.0,10.0,1,1,['Rosé'],France,Languedoc-Roussillon,['Vin de Pays des Côtes de Thau']
1671,Bieler Père et Fils,86.5,11.0,86.5,11.0,2,1,['Rosé'],France,Provence,"[""Coteaux d'Aix-en-Provence""]"
1672,Bieler Père et Fils,88.0,15.0,88.0,15.0,1,1,['Rhône-style Red Blend'],France,Rhône Valley,['Côtes du Rhône Villages']
1673,Bien Nacido,92.5,53.7,92.0,55.0,15,4,"['Chardonnay', 'Pinot Noir', 'Syrah', 'Grenache']",US,California,"['Santa Maria Valley', 'Central Coast']"
1674,Big Ass,87.5,15.0,87.0,15.0,4,3,"['Zinfandel', 'Cabernet Sauvignon', 'Syrah']",US,California,"['Sonoma County', 'Sonoma']"
1675,Big Basin,91.2,47.3,92.0,48.0,51,10,"['Chardonnay', 'Syrah', 'Pinot Noir', 'G-S-M', 'Roussanne', 'Red Blend', 'Syrah-Cabernet Sauvignon', 'Rhône-style Red Blend', 'Grenache', 'Grenache-Syrah']",US,California,"['Monterey County', 'Central Coast']"
1676,Big Daddy Vineyards,84.0,9.0,83.0,9.0,4,4,"['Chardonnay', 'Malbec', 'Merlot', 'Syrah']",Argentina,Mendoza Province,['Mendoza']
1677,Big DeVine,88.0,15.0,88.0,15.0,3,3,"['Cabernet Sauvignon', 'Chardonnay', 'Red Blend']",US,Washington,"['Columbia Valley (WA)', 'Columbia Valley']"
1678,Big Face,84.0,10.0,84.0,10.0,2,2,"['Cabernet Sauvignon', 'Shiraz']",South Africa,Western Cape,[]
1679,Big Fat Llama,83.0,8.0,83.0,8.0,1,1,['Chardonnay'],Chile,Chile,[]
1680,Big Fish,86.0,45.0,86.0,45.0,2,2,"['Zinfandel', 'Syrah']",US,California,"['Dry Creek Valley', 'Sonoma']"
1681,Big Guy,88.0,20.0,88.0,20.0,1,1,['Red Blend'],US,California,"['California', 'California Other']"
1682,Big House,84.3,11.5,84.0,10.0,24,8,"['Syrah', 'Petite Sirah', 'Red Blend', 'Pinot Grigio', 'White Blend', 'Rhône-style Red Blend', 'Chardonnay', 'Cabernet Sauvignon']",US,California,"['Central Coast', 'Central Coast']"
1683,Big Sky,90.0,30.0,90.0,30.0,1,1,['Pinot Noir'],New Zealand,Martinborough,[]
1684,Big Smooth,88.5,18.0,88.5,18.0,2,1,['Zinfandel'],US,California,"['California', 'California Other']"
1685,Big Table Farm,90.2,44.1,90.0,48.0,17,6,"['Pinot Noir', 'Pinot Gris', 'White Blend', 'Chardonnay', 'Rosé', 'Edelzwicker']",US,Oregon,"['Willamette Valley', 'Willamette Valley']"
1686,Big Vine,85.0,18.0,85.0,18.0,1,1,['Cabernet Sauvignon'],US,California,"['Napa Valley', 'Napa']"
1687,Big Yellow,82.0,11.0,82.0,11.0,2,1,['Cabernet Sauvignon'],US,California,"['Mendocino County', 'Mendocino/Lake Counties']"
1688,Bighorn,86.1,33.1,86.5,33.0,14,4,"['Chardonnay', 'Cabernet Sauvignon', 'Syrah', 'Merlot']",US,California,"['Carneros', 'Napa-Sonoma']"
1689,Bigi,85.7,12.4,86.0,12.5,12,2,"['Red Blend', 'White Blend']",Italy,Central Italy,['Umbria']
1690,Bigvine,85.0,19.0,85.0,19.0,1,1,['Cabernet Sauvignon'],US,California,"['Napa Valley', 'Napa']"
1691,Bilancia,90.0,55.0,90.0,55.0,3,3,"['Syrah', 'Shiraz-Viognier', 'Syrah-Viognier']",New Zealand,Hawke's Bay,[]
1692,Billabong,81.0,8.0,81.0,8.0,1,1,['Merlot'],Australia,Australia Other,['South Eastern Australia']
1693,Billecart-Salmon,92.7,91.9,93.0,80.0,28,2,"['Champagne Blend', 'Chardonnay']",France,Champagne,['Champagne']
1694,Billhook,88.3,23.8,88.5,20.0,6,3,"['Cabernet Sauvignon', 'Rhône-style White Blend', 'Rhône-style Red Blend']",US,California,"['Napa Valley', 'Napa']"
1695,Billsboro,86.9,19.4,87.0,17.0,36,10,"['Sauvignon Blanc', 'Pinot Noir', 'Cabernet Sauvignon', 'Riesling', 'Pinot Gris', 'Cabernet Franc', 'Chardonnay', 'Syrah', 'Rosé', 'Cabernet-Syrah']",US,New York,"['Finger Lakes', 'Finger Lakes']"
1696,Biltmore,86.7,25.0,85.0,25.0,3,3,"['Pinot Noir', 'Cabernet Franc', 'Sparkling Blend']",US,California,"['Russian River Valley', 'Sonoma']"
1697,Biltmore,86.0,15.0,86.0,15.0,1,1,['Chardonnay'],US,North Carolina,['North Carolina']
1698,Biltmore Estate,87.0,25.0,87.0,25.0,1,1,['Sparkling Blend'],US,America,[]
1699,Biltmore Estate,88.5,25.0,88.5,25.0,4,2,"['Cabernet Sauvignon', 'Sparkling Blend']",US,California,"['Dry Creek Valley', 'Sonoma']"
1700,Biltmore Estate,82.0,30.0,82.0,30.0,1,1,['Chardonnay'],US,North Carolina,['North Carolina']
1701,Bilton,88.5,31.3,88.5,27.0,4,4,"['Red Blend', 'Bordeaux-style Red Blend', 'Shiraz', 'Cabernet Sauvignon']",South Africa,Stellenbosch,[]
1702,Bin 36,85.1,18.2,83.0,18.0,8,7,"['Cabernet Sauvignon', 'Sauvignon Blanc', 'Pinot Noir', 'Zinfandel', 'Chardonnay', 'Merlot', 'Syrah']",US,California,"['California', 'California Other']"
1703,Bindella,88.4,35.8,89.0,32.5,14,5,"['Red Blend', 'White Blend', 'Sauvignon Blanc', 'Sangiovese', 'Prugnolo Gentile']",Italy,Tuscany,['Vino Nobile di Montepulciano']
1704,Bindi Sergardi,87.4,33.3,87.0,24.5,10,2,"['Sangiovese', 'Red Blend']",Italy,Tuscany,['Chianti Classico']
1705,Bink,88.1,30.4,89.0,26.5,14,6,"['Pinot Noir', 'Sauvignon Blanc', 'Merlot', 'Red Blend', 'Rosé', 'Syrah']",US,California,"['Anderson Valley', 'Mendocino/Lake Counties']"
1706,Binomio,88.5,40.0,88.5,50.0,4,1,['Montepulciano'],Italy,Central Italy,"[""Montepulciano d'Abruzzo""]"
1707,Binyamina,87.2,28.6,86.5,25.0,14,9,"['Shiraz', 'Syrah', 'Gewürztraminer', 'Red Blend', 'Cabernet Sauvignon', 'Merlot', 'Zinfandel', 'Carignan', 'Bordeaux-style Red Blend']",Israel,Galilee,[]
1708,Binyamina,87.3,19.7,87.0,20.0,3,1,['Chardonnay'],Israel,Judean Hills,[]
1709,Binyamina,88.6,24.6,89.0,16.0,5,3,"['Cabernet Sauvignon-Merlot', 'Red Blend', 'Cabernet Sauvignon-Shiraz']",Israel,Samson,[]
1710,Binyamina,85.8,20.8,85.0,25.0,5,4,"['Cabernet Sauvignon', 'Sauvignon Blanc', 'Merlot', 'Shiraz']",Israel,Upper Galilee,[]
1711,Binz,87.7,14.0,88.0,14.0,3,2,"['Pinot Gris', 'Riesling']",Germany,Rheinhessen,[]
1712,Biokult,90.0,14.0,90.0,14.0,2,2,"['Zweigelt', 'Grüner Veltliner']",Austria,Austria,[]
1713,Biokult,87.0,14.0,87.0,14.0,1,1,['Grüner Veltliner'],Austria,Niederösterreich,[]
1714,Biokult,88.0,16.0,88.0,16.0,1,1,['Pinot Noir'],Austria,Österreichischer Sekt,[]
1715,Biondi,92.2,44.5,92.0,45.0,11,4,"['White Blend', 'Red Blend', 'Nerello Mascalese', 'Carricante']",Italy,Sicily & Sardinia,['Etna']
1716,Biondi Santi,92.5,303.8,93.0,180.0,22,2,"['Sangiovese', 'Sangiovese Grosso']",Italy,Tuscany,['Brunello di Montalcino']
1717,Birch Creek,82.0,42.0,82.0,42.0,1,1,['Chardonnay'],US,California,"['Mendocino County', 'Mendocino/Lake Counties']"
1718,Bird,88.3,21.3,89.0,20.0,6,5,"['Sauvignon Blanc', 'Pinot Gris', 'Gewürztraminer', 'Riesling', 'Pinot Noir']",New Zealand,Marlborough,[]
1719,Bird in Hand,86.0,22.5,86.0,22.5,2,2,"['Sauvignon Blanc', 'Chardonnay']",Australia,South Australia,['Adelaide Hills']
1720,Birdland,88.0,19.0,88.0,19.0,1,1,['Zinfandel'],US,California,"['Paso Robles', 'Central Coast']"
1721,Birgit Braunstein,89.5,,89.5,,2,2,"['St. Laurent', 'Zweigelt']",Austria,Burgenland,[]
1722,Birgit Braunstein,88.0,,88.0,,1,1,['Chardonnay'],Austria,Leithaberg,[]
1723,Birichino,88.8,17.5,89.0,16.0,12,5,"['Rosé', 'Malvasia Bianca', 'Pinot Noir', 'Grenache', 'Chenin Blanc']",US,California,"['California', 'California Other']"
1724,Biscaye Baie,87.0,11.0,87.0,11.0,1,1,['Sauvignon Blanc'],France,Southwest France,['Côtes de Gascogne']
1725,Bisceglia,87.9,24.7,88.0,25.0,25,6,"['Aglianico', 'Red Blend', 'Syrah', 'Chardonnay', 'Moscato', 'Falanghina']",Italy,Southern Italy,['Aglianico del Vulture']
1726,Bischöfliche Weingüter Trier,89.9,22.4,90.0,23.0,28,1,['Riesling'],Germany,Mosel,[]
1727,Bishop Creek,87.0,40.0,87.0,40.0,1,1,['Pinot Noir'],US,Oregon,"['Yamhill-Carlton District', 'Willamette Valley']"
1728,Bishop Creek Cellars,88.0,40.0,88.0,40.0,1,1,['Pinot Noir'],US,Oregon,"['Yamhill-Carlton District', 'Willamette Valley']"
1729,Bishop's Peak,87.3,18.4,88.0,18.0,23,7,"['Cabernet Sauvignon', 'Sauvignon Blanc', 'Syrah', 'Chardonnay', 'Pinot Noir', 'Bordeaux-style Red Blend', 'Red Blend']",US,California,"['Paso Robles', 'Central Coast']"
1730,Bisol,89.2,33.6,89.0,25.0,34,4,"['Glera', 'Prosecco', 'Sparkling Blend', 'White Blend']",Italy,Veneto,['Prosecco di Valdobbiadene Superiore']
1731,Bissoni,87.5,,87.5,,2,1,['Sangiovese'],Italy,Central Italy,['Romagna']
1732,Bitner,86.8,26.3,86.0,27.0,4,3,"['Riesling', 'Red Blend', 'Tempranillo']",US,Idaho,[]
1733,Bitácora,82.5,9.5,82.5,9.5,2,1,['Verdejo'],Spain,Northern Spain,['Rueda']
1734,Biutiful,85.7,14.3,85.5,14.0,6,3,"['Sparkling Blend', 'Garnacha', 'Macabeo-Chardonnay']",Spain,Catalonia,['Cava']
1735,Bivio,85.0,12.0,85.0,12.0,1,1,['Pinot Grigio'],Italy,Northeastern Italy,['Delle Venezie']
1736,Bixio,86.7,11.0,86.5,11.0,6,3,"['Garganega', 'Corvina, Rondinella, Molinara', 'Red Blend']",Italy,Veneto,['Soave Classico']
1737,Bixler Vineyards,86.0,15.0,86.0,15.0,2,2,"['Red Blend', 'White Blend']",US,California,"['California', 'California Other']"
1738,Bizoe,90.2,28.0,90.0,28.0,5,2,"['Semillon-Sauvignon Blanc', 'Syrah']",South Africa,Western Cape,[]
1739,Bjorn,93.0,75.0,93.0,75.0,1,1,['Cabernet Sauvignon'],US,California,"['Howell Mountain', 'Napa']"
1740,Bjornstad,92.3,41.1,92.0,40.0,22,3,"['Pinot Noir', 'Chardonnay', 'Pinot Meunier']",US,California,"['Sonoma Coast', 'Sonoma']"
1741,Björnson,88.8,29.2,88.5,32.0,4,3,"['Pinot Noir', 'Chardonnay', 'Auxerrois']",US,Oregon,"['Eola-Amity Hills', 'Willamette Valley']"
1742,Blaauwklippen,84.0,27.0,84.0,27.0,1,1,['Shiraz'],South Africa,Coastal Region,[]
1743,Black & White,86.0,24.0,86.0,24.0,1,1,['Cabernet Sauvignon'],US,California,"['Napa Valley', 'Napa']"
1744,Black Bart,83.0,65.0,83.0,65.0,1,1,['Syrah'],US,California,"['Napa Valley', 'Napa']"
1745,Black Bart's Bride,82.0,50.0,82.0,50.0,1,1,['White Blend'],US,California,"['Napa Valley', 'Napa']"
1746,"Black Bear, Red Chair",85.0,18.0,85.0,18.0,1,1,['Petite Sirah'],US,California,"['Sierra Foothills', 'Sierra Foothills']"
1747,Black Box,82.3,25.0,83.0,25.0,3,1,['Malbec'],Argentina,Mendoza Province,['Mendoza']
1748,Black Box,81.5,25.0,81.5,25.0,2,1,['Sauvignon Blanc'],Chile,Central Valley,[]
1749,Black Box,84.6,24.3,84.0,25.0,34,9,"['Cabernet Sauvignon', 'Red Blend', 'Moscato', 'Pinot Grigio', 'Shiraz', 'Merlot', 'Chardonnay', 'Riesling', 'Pinot Noir']",US,California,"['Central Coast', 'Central Coast']"
1750,Black Box,83.7,25.0,84.0,25.0,3,1,['Riesling'],US,Washington,"['Columbia Valley (WA)', 'Columbia Valley']"
1751,Black C,80.0,9.0,80.0,9.0,1,1,['Feteasca Neagra'],Romania,Romania,[]
1752,Black Cabra,85.7,10.7,86.0,11.0,3,3,"['Malbec', 'Cabernet Sauvignon', 'Chardonnay']",Argentina,Mendoza Province,['Mendoza']
1753,Black Cat,92.0,48.0,92.0,48.0,2,2,"['Red Blend', 'Syrah']",US,California,"['Napa Valley', 'Napa']"
1754,Black Cordon,92.2,85.8,92.0,70.0,6,2,"['Chardonnay', 'Cabernet Sauvignon']",US,California,"['Sonoma Coast', 'Sonoma']"
1755,Black Cottage,87.0,24.0,87.0,24.0,1,1,['Pinot Noir'],New Zealand,Marlborough,[]
1756,Black Coyote,89.4,73.4,87.0,85.0,5,1,['Cabernet Sauvignon'],US,California,"['Napa Valley', 'Napa']"
1757,Black Creek,82.0,10.0,82.0,10.0,1,1,['Verdelho'],Australia,New South Wales,['Hunter Valley']
1758,Black Elephant,86.0,18.0,86.0,18.0,1,1,['Sauvignon Blanc'],South Africa,Franschhoek,[]
1759,Black Hills,90.3,37.8,90.0,33.5,6,6,"['Carmenère', 'Semillon-Sauvignon Blanc', 'Chardonnay', 'Viognier', 'Bordeaux-style Red Blend', 'Syrah']",Canada,British Columbia,['Okanagan Valley']
1760,Black Ink,84.3,10.3,85.0,10.0,3,2,"['Red Blend', 'Rosé']",US,California,"['California', 'California Other']"
1761,Black Kite,91.5,53.8,92.0,52.0,45,2,"['Pinot Noir', 'Chardonnay']",US,California,"['Anderson Valley', 'Mendocino/Lake Counties']"
1762,Black Magnolia,90.0,22.0,90.0,22.0,1,1,['Pinot Noir'],US,Oregon,"['Willamette Valley', 'Willamette Valley']"
1763,Black Opal,84.0,10.5,84.0,10.5,2,1,['Chardonnay'],Australia,Australia Other,['South Eastern Australia']
1764,Black Opal,83.0,16.0,83.0,16.0,1,1,['Cabernet Sauvignon-Merlot'],Australia,South Australia,['Barossa Valley']
1765,Black Pearl,87.7,18.3,87.0,18.0,3,3,"['Cabernet Sauvignon-Shiraz', 'Shiraz-Cabernet Sauvignon', 'Red Blend']",South Africa,Paarl,[]
1766,Black Ridge,90.2,43.6,91.0,45.0,23,4,"['Bordeaux-style Red Blend', 'Pinot Noir', 'Viognier', 'Chardonnay']",US,California,"['Santa Cruz Mountains', 'Central Coast']"
1767,Black Rock,87.7,24.0,87.0,24.0,3,3,"['White Blend', 'Red Blend', 'Rhône-style Red Blend']",South Africa,Swartland,[]
1768,Black Saint Peter,88.5,16.5,88.5,16.5,2,1,['Zinfandel'],US,California,"['Lodi', 'Central Valley']"
1769,Black Sears,93.0,42.0,93.0,42.0,1,1,['Zinfandel'],US,California,"['Howell Mountain', 'Napa']"
1770,Black Sheep,84.0,17.8,84.5,19.0,6,5,"['Zinfandel', 'Cinsault', 'Shiraz', 'Sémillon', 'Cabernet Sauvignon']",US,California,"['Amador County', 'Sierra Foothills']"
1771,Black Stallion,89.2,48.0,90.0,35.0,53,11,"['Cabernet Sauvignon', 'Sauvignon Blanc', 'Zinfandel', 'Chardonnay', 'Pinot Noir', 'Syrah', 'Red Blend', 'Merlot', 'Pinot Grigio', 'Rosé', 'Viognier']",US,California,"['Napa Valley', 'Napa']"
1772,Black Star Farms,86.4,25.4,86.0,23.0,7,6,"['Riesling', 'Pinot Blanc', 'Cabernet Franc', 'Pinot Gris', 'Pinot Noir', 'Merlot-Cabernet Franc']",US,Michigan,['Michigan']
1773,Black Swan,83.5,8.0,83.5,8.0,4,4,"['Riesling', 'Pinot Grigio', 'Cabernet Sauvignon', 'Chardonnay']",Australia,Australia Other,['South Eastern Australia']
1774,Black's Station,87.2,12.0,88.0,12.0,6,4,"['Red Blend', 'Cabernet Sauvignon', 'Chardonnay', 'Malbec']",US,California,"['Yolo County', 'Central Valley']"
1775,BlackCap,90.0,53.8,91.5,53.5,4,2,"['Chardonnay', 'Pinot Noir']",US,Oregon,"['Dundee Hills', 'Willamette Valley']"
1776,Blackbilly,86.3,20.5,85.0,20.5,3,3,"['Pinot Gris', 'Shiraz', 'G-S-M']",Australia,South Australia,['Adelaide Hills']
1777,Blackbird Vineyards,90.9,82.3,91.0,90.0,40,5,"['Bordeaux-style Red Blend', 'Sauvignon Blanc-Semillon', 'Rosé', 'Red Blend', 'Merlot']",US,California,"['Napa Valley', 'Napa']"
1778,Blackburn Wine Company,84.4,16.6,85.0,15.0,5,4,"['Cabernet Sauvignon', 'Red Blend', 'Pinot Noir', 'Zinfandel']",US,California,"['Paso Robles', 'Central Coast']"
1779,Blackett,90.0,50.7,91.0,65.0,3,1,['Port'],Portugal,Port,[]
1780,Blackjack,89.8,49.5,90.5,46.5,6,5,"['Chardonnay', 'Bordeaux-style Red Blend', 'Pinot Noir', 'Cabernet Sauvignon', 'Merlot']",US,California,"['Santa Barbara County', 'Central Coast']"
1781,Blacklist,85.0,,85.0,,1,1,['Cabernet Sauvignon'],US,California,"['Paso Robles', 'Central Coast']"
1782,Blacksmith,87.6,16.9,87.0,18.0,8,6,"['Syrah', 'Pinot Noir', 'Chardonnay', 'Merlot', 'Cabernet Sauvignon', 'Red Blend']",US,Washington,"['Columbia Valley (WA)', 'Columbia Valley']"
1783,Blackstone,85.3,16.3,85.0,16.0,29,11,"['Pinot Noir', 'Merlot', 'Chardonnay', 'Bordeaux-style Red Blend', 'Pinot Grigio', 'Riesling', 'Cabernet Sauvignon', 'Red Blend', 'Gewürztraminer', 'Zinfandel', 'Syrah']",US,California,"['Monterey County', 'Central Coast']"
1784,Bladen,86.0,11.0,86.0,11.0,1,1,['Riesling'],New Zealand,Marlborough,[]
1785,Blair,90.5,288.5,91.0,45.0,8,2,"['Chardonnay', 'Pinot Noir']",US,California,"['Arroyo Seco', 'Central Coast']"
1786,Blair Fox,90.1,39.5,91.0,40.5,8,4,"['Syrah', 'Viognier', 'Petite Sirah', 'Grenache']",US,California,"['Santa Barbara County', 'Central Coast']"
1787,Blakeslee,89.6,38.4,90.0,37.0,12,3,"['Pinot Noir', 'Chardonnay', 'Riesling']",US,Oregon,"['Chehalem Mountains', 'Willamette Valley']"
1788,Blanc de Bleu,82.5,20.0,82.5,20.0,2,1,['Sparkling Blend'],US,California,"['California', 'California Other']"
1789,Blanc de Lynch-Bages,89.0,36.5,89.0,36.5,2,1,['Bordeaux-style White Blend'],France,Bordeaux,['Bordeaux Blanc']
1790,Blanchard & Lurton,87.0,30.0,87.0,30.0,1,1,['White Blend'],Argentina,Mendoza Province,['Vista Flores']
1791,Blanchard Family,86.7,28.7,86.0,26.0,3,3,"['Zinfandel', 'Red Blend', 'Cabernet Sauvignon']",US,California,"['Sonoma Coast', 'Sonoma']"
1792,Blanco Nieva,87.9,23.1,88.0,22.0,22,3,"['Verdejo', 'Sauvignon', 'Sauvignon Blanc']",Spain,Northern Spain,['Rueda']
1793,Blandy's,91.9,93.0,92.0,50.0,12,6,"['Sercial', 'Madeira Blend', 'Malmsey', 'Verdelho', 'Terrantez', 'Bual']",Portugal,Madeira,[]
1794,Blanville,87.7,23.7,89.0,25.0,3,3,"['Rhône-style Red Blend', 'White Blend', 'Rosé']",France,Languedoc-Roussillon,['Languedoc']
1795,Blason,85.2,10.6,85.0,10.0,5,5,"['Friulano', 'White Blend', 'Pinot Grigio', 'Sauvignon', 'Rosé']",Italy,Northeastern Italy,['Friuli Isonzo']
1796,Blason de Bourgogne,86.0,10.0,86.0,10.0,2,2,"['Chardonnay', 'Champagne Blend']",France,Burgundy,['Mâcon-Villages']
1797,Blasón de San Juan,85.7,19.7,86.0,19.0,3,1,['Tinto del Pais'],Spain,Northern Spain,['Ribera del Duero']
1798,Bleasdale,86.9,15.9,87.0,15.0,15,9,"['Shiraz', 'Verdelho', 'Cabernet Sauvignon', 'Shiraz-Cabernet Sauvignon', 'Malbec', 'Red Blend', 'Cabernet Blend', 'White Blend', 'Cabernet Sauvignon-Shiraz']",Australia,South Australia,['Langhorne Creek']
1799,Blecua,91.0,,91.0,,1,1,['Red Blend'],Spain,Northern Spain,['Somontano']
1800,Blessing,90.0,42.5,90.0,42.5,2,1,['Pinot Noir'],US,California,"['Sonoma Coast', 'Sonoma']"
1801,Blind Trail,87.0,25.0,87.0,25.0,1,1,['Pinot Noir'],New Zealand,Central Otago,[]
1802,Blindfold,88.0,32.0,88.0,32.0,1,1,['White Blend'],US,California,"['California', 'California Other']"
1803,Bliss,84.3,13.8,83.0,13.0,10,6,"['Sauvignon Blanc', 'Chardonnay', 'Merlot', 'Pinot Noir', 'Cabernet Sauvignon', 'Rosé']",US,California,"['Mendocino', 'Mendocino/Lake Counties']"
1804,Block 50,85.5,9.5,85.5,9.5,2,2,"['Shiraz', 'Cabernet Sauvignon']",Australia,Australia Other,['Central Ranges']
1805,Block 88,86.0,26.0,86.0,26.0,1,1,['Red Blend'],US,California,"['Napa Valley', 'Napa']"
1806,Block Nine,85.6,13.6,85.0,13.0,5,1,['Pinot Noir'],US,California,"['California', 'California Other']"
1807,Block Wines,90.6,39.3,92.0,40.0,7,5,"['Syrah', 'Cabernet Sauvignon', 'Pinot Noir', 'Grenache', 'Sémillon']",US,Washington,"['Walla Walla Valley (WA)', 'Columbia Valley']"
1808,Blockheadia Ringnosii,84.0,22.0,84.0,22.0,1,1,['Zinfandel'],US,California,"['Sonoma County', 'Sonoma']"
1809,Blocks,88.0,18.0,88.0,18.0,1,1,['Sauvignon Blanc'],New Zealand,Marlborough,[]
1810,Blondie,87.0,19.0,87.0,19.0,1,1,['Chardonnay'],US,California,"['Napa Valley', 'Napa']"
1811,Bloom,83.3,7.3,83.0,7.0,3,2,"['Riesling', 'Müller-Thurgau']",Germany,Mosel-Saar-Ruwer,[]
1812,Bloom,83.0,7.0,83.0,7.0,1,1,['Pinot Gris'],Germany,Nahe,[]
1813,Bloomer Creek,87.6,25.3,88.0,23.0,40,9,"['Gewürztraminer', 'Riesling', 'Bordeaux-style Red Blend', 'Cabernet Sauvignon', 'Pinot Noir', 'Chardonnay', 'Red Blend', 'Cabernet Franc', 'Cabernet Franc-Merlot']",US,New York,"['Finger Lakes', 'Finger Lakes']"
1814,Bloomfield,81.6,27.2,81.0,25.0,5,5,"['Pinot Noir', 'Cabernet Sauvignon', 'Syrah', 'Chardonnay', 'White Blend']",US,California,"['San Francisco Bay', 'Central Coast']"
1815,Blue Cove,85.5,10.0,85.5,10.0,8,6,"['Sauvignon Blanc', 'Shiraz', 'Cabernet Sauvignon', 'Rosé', 'Viognier', 'Merlot']",South Africa,Western Cape,[]
1816,Blue Farm,93.1,70.0,93.5,65.0,14,2,"['Pinot Noir', 'Chardonnay']",US,California,"['Sonoma Coast', 'Sonoma']"
1817,Blue Fish,87.1,10.0,87.0,10.0,9,1,['Riesling'],Germany,Pfalz,[]
1818,Blue Hawk,86.0,16.0,86.0,16.0,1,1,['Pinot Noir'],US,California,"['Central Coast', 'Central Coast']"
1819,Blue Moon,84.7,10.7,85.0,10.0,3,1,['Riesling'],US,Oregon,"['Oregon', 'Oregon Other']"
1820,Blue Nomad,86.7,14.3,87.0,14.0,3,3,"['Pinot Noir', 'White Blend', 'Red Blend']",US,California,"['Sonoma Coast', 'Sonoma']"
1821,Blue Oak,87.5,52.5,87.5,52.5,2,2,"['Cabernet Sauvignon', 'Bordeaux-style Red Blend']",US,California,"['Coombsville', 'Napa']"
1822,Blue Oasis,93.0,52.0,93.0,52.0,2,1,['Pinot Noir'],US,California,"['Mendocino County', 'Mendocino/Lake Counties']"
1823,Blue Pirate,84.0,25.0,84.0,25.0,1,1,['Pinot Noir'],US,Oregon,"['Oregon', 'Oregon Other']"
1824,Blue Pirate,86.5,12.0,86.5,12.0,2,1,['Pinot Gris'],US,Washington,"['Columbia Valley (WA)', 'Columbia Valley']"
1825,Blue Plate,87.8,12.0,87.5,11.0,4,2,"['Chenin Blanc', 'Grenache']",US,California,"['Clarksburg', 'Central Valley']"
1826,Blue Pyrenees,87.2,18.0,87.5,18.0,4,2,"['Shiraz', 'Chardonnay']",Australia,Victoria,['Pyrenees']
1827,Blue Reef,81.5,9.0,81.5,9.0,2,2,"['Shiraz', 'Shiraz-Cabernet Sauvignon']",Australia,Australia Other,['South Eastern Australia']
1828,Blue Rock,90.1,48.1,91.0,46.0,24,9,"['Cabernet Sauvignon', 'Red Blend', 'Syrah', 'Malbec', 'Pinot Noir', 'Sauvignon Blanc-Semillon', 'Merlot', 'Bordeaux-style Red Blend', 'Chardonnay']",US,California,"['Alexander Valley', 'Sonoma']"
1829,Blue Teal,83.7,9.7,83.0,10.0,3,2,"['Riesling', 'Cabernet Sauvignon']",US,New Mexico,['New Mexico']
1830,Blue Tongue,83.3,8.7,83.0,9.0,3,2,"['Shiraz', 'Chardonnay']",Australia,Australia Other,['South Eastern Australia']
1831,Blue Valley,87.2,29.7,87.5,28.0,6,4,"['Muskat Ottonel', 'Sauvignon Blanc', 'Petit Verdot', 'Cabernet Franc']",US,Virginia,['Middleburg']
1832,Bluenose,85.9,23.5,85.0,25.0,11,4,"['Zinfandel', 'Syrah', 'Chardonnay', 'Petite Sirah']",US,California,"['Sonoma County', 'Sonoma']"
1833,Bluestone,84.9,23.1,85.0,24.0,7,5,"['Viognier', 'Chardonnay', 'Cabernet Sauvignon', 'Petit Verdot', 'Meritage']",US,Virginia,['Virginia']
1834,Blustone,87.0,30.7,87.0,32.0,4,4,"['Chardonnay', 'Riesling', 'Red Blend', 'Pinot Noir']",US,Michigan,['Leelanau Peninsula']
1835,Blümel,85.7,22.5,86.0,22.5,3,3,"['Rosé', 'Grauburgunder', 'Riesling']",Germany,Rheinhessen,[]
1836,Boa Nova,82.0,16.0,82.0,16.0,1,1,['Portuguese Red'],Portugal,Alentejano,[]
1837,Board Track Racer,88.9,22.6,88.5,22.5,8,6,"['Red Blend', 'Rhône-style Red Blend', 'Rosé', 'Chardonnay', 'Bordeaux-style Red Blend', 'Cabernet Sauvignon']",US,Washington,"['Columbia Valley (WA)', 'Columbia Valley']"
1838,Boas Quintas,88.5,23.5,88.0,19.0,11,3,"['Portuguese Red', 'Encruzado', 'Touriga Nacional']",Portugal,Dão,[]
1839,Boasso,87.3,49.0,88.0,49.0,6,1,['Nebbiolo'],Italy,Piedmont,['Barolo']
1840,Boatique,89.9,31.0,90.0,30.5,8,6,"['Cabernet Sauvignon', 'Sauvignon Blanc', 'Petite Sirah', 'Malbec', 'Rosé', 'Zinfandel']",US,California,"['Red Hills Lake County', 'Mendocino/Lake Counties']"
1841,Bocage,84.5,12.0,85.0,12.0,8,2,"['Chardonnay', 'Merlot']",US,California,"['Monterey', 'Central Coast']"
1842,Bocale,87.2,27.2,87.0,22.5,6,3,"['Red Blend', 'Trebbiano Spoletino', 'Sagrantino']",Italy,Central Italy,['Montefalco Rosso']
1843,Boccadigabbia,90.5,34.0,90.5,34.0,2,2,"['Cabernet Sauvignon', 'Red Blend']",Italy,Central Italy,['Marche']
1844,Boccantino,83.0,11.0,83.0,11.0,1,1,['Cannonau'],Italy,Sicily & Sardinia,['Cannonau di Sardegna']
1845,Bocce,84.0,6.0,84.0,6.0,1,1,['Red Blend'],US,California,"['California', 'California Other']"
1846,Bocchino,86.0,15.0,86.0,15.0,2,2,"['Barbera', 'Chardonnay']",Italy,Piedmont,"[""Barbera d'Asti""]"
1847,Bocelli,86.8,29.5,87.0,22.5,4,3,"['Red Blend', 'Sangiovese', 'White Blend']",Italy,Tuscany,['Toscana']
1848,Bocelli,85.7,18.0,86.0,19.0,3,1,['Glera'],Italy,Veneto,['Prosecco']
1849,Bock,86.0,39.5,87.0,29.0,11,8,"['Cabernet Franc', 'Kadarka', 'Kekfrankos', 'Cabernet Sauvignon-Cabernet Franc', 'Bordeaux-style Red Blend', 'Hárslevelü', 'Cabernet Blend', 'Red Blend']",Hungary,Villány,[]
1850,Bocopa,85.0,12.4,85.0,13.0,27,10,"['Monastrell', 'Red Blend', 'Macabeo', 'White Blend', 'Rosé', 'Moscatel de Alejandría', 'Sparkling Blend', 'Tempranillo', 'Moscatel', 'Moscato']",Spain,Levante,['Alicante']
1851,Bodega Aconquija,87.8,15.3,88.0,15.0,5,3,"['Malbec', 'Red Blend', 'Syrah']",Argentina,Mendoza Province,['Uco Valley']
1852,Bodega Antigua Usanza,87.0,15.0,87.0,15.0,1,1,['Tempranillo'],Spain,Northern Spain,['Rioja']
1853,Bodega Atamisque,84.6,18.0,84.0,16.0,5,5,"['Malbec', 'Viognier', 'Sauvignon Blanc', 'Cabernet Sauvignon', 'Chardonnay']",Argentina,Mendoza Province,['Tupungato']
1854,Bodega Beleluin,83.3,19.0,84.0,11.0,3,2,"['Tempranillo', 'Viura']",Spain,Northern Spain,['Rioja']
1855,Bodega Belgrano,87.5,15.0,87.5,15.0,2,1,['Malbec'],Argentina,Mendoza Province,['Mendoza']
1856,Bodega Calle,86.8,17.4,87.0,17.0,5,4,"['Malbec', 'Bordeaux-style Red Blend', 'Red Blend', 'Tempranillo']",Argentina,Mendoza Province,['Mendoza']
1857,Bodega Carlos Pizzorno,82.0,12.0,82.0,12.0,1,1,['Tannat'],Uruguay,Uruguay,[]
1858,Bodega Carmen Rodríguez,91.2,55.8,92.0,32.5,6,1,['Tinta de Toro'],Spain,Northern Spain,['Toro']
1859,Bodega Carmine Granata,84.3,18.9,83.5,15.0,18,4,"['Malbec', 'Cabernet Sauvignon', 'Sémillon', 'Pinot Noir']",Argentina,Mendoza Province,['Luján de Cuyo']
1860,Bodega Catena Zapata,90.7,70.6,91.0,55.0,76,5,"['Malbec', 'Cabernet Sauvignon', 'Red Blend', 'Chardonnay', 'Cabernet Sauvignon-Malbec']",Argentina,Mendoza Province,['Mendoza']
1861,Bodega Cecchin,84.0,15.0,84.0,15.0,1,1,['Cabernet Sauvignon'],Argentina,Mendoza Province,['Mendoza']
1862,Bodega Chacra,90.1,80.4,90.0,60.0,18,1,['Pinot Noir'],Argentina,Other,['Río Negro Valley']
1863,Bodega Classica,87.6,20.4,87.5,15.0,10,3,"['Tempranillo Blend', 'Tempranillo', 'Rosado']",Spain,Northern Spain,['Rioja']
1864,Bodega Cuarto Dominio,86.6,24.2,85.5,17.5,18,2,"['Malbec', 'Pinot Grigio']",Argentina,Mendoza Province,['Mendoza']
1865,Bodega Don Bosco,83.3,9.0,84.0,8.0,3,3,"['Malbec', 'Torrontés', 'Cabernet Sauvignon']",Argentina,Mendoza Province,['Maipú']
1866,Bodega El Transito,83.0,13.6,83.0,13.0,5,2,"['Torrontés', 'Malbec']",Argentina,Other,['Salta']
1867,Bodega Elena de Mendoza,84.0,11.0,85.0,11.0,3,3,"['Chardonnay', 'Malbec', 'Red Blend']",Argentina,Mendoza Province,['Mendoza']
1868,Bodega Familia Barberis,82.9,11.7,83.0,10.0,9,5,"['Malbec', 'Chardonnay', 'Tempranillo', 'Cabernet Sauvignon', 'Merlot']",Argentina,Mendoza Province,['Mendoza']
1869,Bodega Filippo Figari,88.0,26.0,88.0,26.0,1,1,['Malbec'],Argentina,Mendoza Province,['Mendoza']
1870,Bodega Furlotti,89.5,26.0,89.5,26.0,2,1,['Malbec'],Argentina,Mendoza Province,['Luján de Cuyo']
1871,Bodega Goulart,87.5,19.7,86.5,16.0,14,4,"['Torrontés', 'Malbec', 'Malbec-Cabernet Sauvignon', 'Malbec-Cabernet Franc']",Argentina,Mendoza Province,['Luján de Cuyo']
1872,Bodega Jario,87.0,14.0,87.0,14.0,1,1,['Red Blend'],Spain,Northern Spain,['Rioja']
1873,Bodega José Quattrocchi,81.0,14.0,81.0,14.0,1,1,['Syrah'],Argentina,Mendoza Province,['Mendoza']
1874,Bodega La Serrana,86.0,13.0,86.0,13.0,1,1,['Mencía'],Spain,Northern Spain,['Bierzo']
1875,Bodega Las Cañitas,87.5,28.5,87.5,28.5,2,2,"['Malbec-Cabernet Sauvignon', 'Malbec']",Argentina,Other,['Argentina']
1876,Bodega Lurton,84.9,11.1,84.5,10.5,10,5,"['Cabernet Sauvignon', 'Malbec', 'Torrontés', 'Rosé', 'Chardonnay']",Argentina,Mendoza Province,['Mendoza']
1877,Bodega Maestre,92.0,29.0,92.0,29.0,1,1,['Malbec'],Argentina,Mendoza Province,['Mendoza']
1878,Bodega Margot,84.7,17.0,85.0,17.0,3,3,"['Pinot Noir', 'Malbec', 'Sauvignon Blanc']",Argentina,Mendoza Province,['Mendoza']
1879,Bodega Melgarajo,82.3,16.7,82.0,15.0,3,2,"['Verdejo', 'Prieto Picudo']",Spain,Northern Spain,['Vino de la Tierra de Castilla y León']
1880,Bodega Merced del Estero,85.5,15.5,85.5,15.5,2,2,"['Malbec', 'Torrontés']",Argentina,Other,['San Juan']
1881,Bodega NQN,86.6,13.7,87.0,13.0,23,7,"['Malbec', 'White Blend', 'Pinot Noir', 'Cabernet Sauvignon', 'Merlot', 'Red Blend', 'Sauvignon Blanc']",Argentina,Other,['Patagonia']
1882,Bodega Noemía de Patagonia,90.0,71.5,90.0,52.0,21,1,['Malbec'],Argentina,Other,['Río Negro Valley']
1883,Bodega Norton,86.5,17.0,86.0,14.0,95,10,"['Malbec', 'Merlot', 'Cabernet Sauvignon', 'Torrontés', 'Chardonnay', 'Sauvignon Blanc', 'Bordeaux-style Red Blend', 'Sparkling Blend', 'Red Blend', 'Syrah']",Argentina,Mendoza Province,['Mendoza']
1884,Bodega Otto Bestué,86.7,14.6,87.0,15.0,11,5,"['Cabernet Sauvignon-Tempranillo', 'Tempranillo-Cabernet Sauvignon', 'Chardonnay', 'Syrah-Grenache', 'Red Blend']",Spain,Northern Spain,['Somontano']
1885,Bodega Patritti,87.6,19.4,88.0,22.0,8,6,"['Red Blend', 'Malbec', 'Cabernet Sauvignon', 'Pinot Noir', 'Bordeaux-style Red Blend', 'Cabernet Sauvignon-Merlot']",Argentina,Other,['Patagonia']
1886,Bodega Poesia,87.3,41.7,87.0,20.0,3,2,"['Malbec', 'Red Blend']",Argentina,Mendoza Province,['Mendoza']
1887,Bodega Privada,83.7,9.7,84.0,9.0,3,2,"['Cabernet Sauvignon', 'Malbec']",Argentina,Mendoza Province,['Mendoza']
1888,Bodega Rancho,87.0,33.8,87.5,35.0,4,2,"['Syrah', 'Viognier']",US,California,"['Bennett Valley', 'Sonoma']"
1889,Bodega Renacer,89.5,29.4,89.5,20.0,30,5,"['Malbec', 'Red Blend', 'Cabernet Franc', 'Cabernet Sauvignon', 'Rosé']",Argentina,Mendoza Province,['Mendoza']
1890,Bodega Renacer,88.0,12.0,88.0,12.0,2,1,['Sauvignon Blanc'],Chile,Casablanca Valley,[]
1891,Bodega Rolland,88.5,32.0,90.0,28.0,6,3,"['Malbec', 'Pinot Noir', 'Sauvignon Blanc']",Argentina,Mendoza Province,['Mendoza']
1892,Bodega Rolland,92.3,54.7,93.0,70.0,3,2,"['Malbec', 'Malbec-Cabernet Sauvignon']",Argentina,Other,['Cafayate']
1893,Bodega San Pedro Apóstol,81.5,13.0,81.5,13.0,2,2,"['Tempranillo Blend', 'Tempranillo']",Spain,Northern Spain,['Rioja']
1894,Bodega San Pedro Regalado,86.2,23.5,86.0,20.0,4,1,['Tempranillo'],Spain,Northern Spain,['Ribera del Duero']
1895,Bodega Tacuil,87.8,63.1,88.5,57.5,8,6,"['Malbec', 'Red Blend', 'Malbec-Cabernet Sauvignon', 'Malbec-Cabernet', 'Bordeaux-style Red Blend', 'Sauvignon Blanc']",Argentina,Other,['Salta']
1896,Bodega Tierra Colorada,86.0,10.0,86.0,10.0,1,1,['Torrontés'],Argentina,Mendoza Province,['Mendoza']
1897,Bodega Tintoralba,81.0,10.0,81.0,10.0,1,1,['Garnacha'],Spain,Central Spain,['Almansa']
1898,Bodega Toneles,86.7,19.0,87.0,16.0,3,2,"['Cabernet Sauvignon', 'Malbec']",Argentina,Mendoza Province,['Mendoza']
1899,Bodega Trenza,89.0,48.0,89.0,48.0,1,1,['Monastrell'],Spain,Levante,['Yecla']
1900,Bodega Virgen de la Sierra,84.0,11.7,85.0,14.0,3,2,"['Garnacha', 'Macabeo']",Spain,Northern Spain,['Calatayud']
1901,Bodega Vistandes,84.4,11.6,84.0,10.0,5,4,"['Cabernet Sauvignon', 'Torrontés', 'Malbec', 'Malbec-Cabernet Sauvignon']",Argentina,Mendoza Province,['Mendoza']
1902,Bodega Vistandes,82.5,12.0,82.5,12.0,2,2,"['Malbec', 'Cabernet Sauvignon']",Argentina,Other,['Famatina Valley']
1903,Bodega Volcanes de Chile,85.8,23.2,86.0,24.0,4,1,['Pinot Noir'],Chile,Bío Bío Valley,[]
1904,Bodega Volcanes de Chile,92.0,20.0,92.0,20.0,1,1,['Red Blend'],Chile,Central Valley,[]
1905,Bodega Volcanes de Chile,87.8,15.3,87.5,13.0,4,1,['Sauvignon Blanc'],Chile,Leyda Valley,[]
1906,Bodega Volcanes de Chile,87.7,15.3,87.0,13.0,3,2,"['Cabernet Sauvignon', 'Pinot Noir']",Chile,Maipo Valley,[]
1907,Bodega Volcanes de Chile,89.7,33.3,89.0,35.0,3,2,"['Red Blend', 'Syrah-Carignan']",Chile,Maule Valley,[]
1908,Bodega Volcanes de Chile,86.0,13.0,86.0,13.0,2,1,['Cabernet Sauvignon'],Chile,Rapel Valley,[]
1909,Bodega Y Cavas De Weinert,90.0,26.0,90.0,26.0,1,1,['Bordeaux-style Red Blend'],Argentina,Mendoza Province,['Luján de Cuyo']
1910,Bodega Zafado,84.0,14.0,84.0,14.0,2,2,"['Chardonnay', 'Cabernet Sauvignon']",Argentina,Mendoza Province,['Mendoza']
1911,Bodega de Edgar,88.9,34.5,90.0,37.0,13,6,"['Garnacha', 'Red Blend', 'Albariño', 'Tempranillo', 'Rhône-style Red Blend', 'Mourvèdre']",US,California,"['Central Coast', 'Central Coast']"
1912,Bodega del Abad,91.3,73.3,91.0,75.0,3,1,['Mencía'],Spain,Northern Spain,['Bierzo']
1913,Bodega del Fin del Mundo,86.6,27.4,86.0,19.0,9,6,"['Malbec', 'Pinot Noir', 'Cabernet Franc', 'Bordeaux-style Red Blend', 'Red Blend', 'Chardonnay']",Argentina,Other,['Neuquén']
1914,Bodega del Romero,85.0,,85.0,,2,1,['Tempranillo Blend'],Spain,Northern Spain,['Navarra']
1915,Bodega del Sur,85.7,22.3,86.0,21.0,3,3,"['Red Blend', 'Syrah', 'Sangiovese']",US,California,"['Calaveras County', 'Sierra Foothills']"
1916,Bodegas 1898,86.8,14.7,88.0,12.0,10,5,"['Macabeo-Chardonnay', 'Tempranillo-Cabernet Sauvignon', 'Garnacha', 'Tempranillo', 'Cabernet Sauvignon-Tempranillo']",Spain,Catalonia,['Catalunya']
1917,Bodegas Abanico,86.8,21.8,86.0,22.0,4,2,"['Godello', 'Tinta de Toro']",Spain,Northern Spain,['Valdeorras']
1918,Bodegas Abel de Mendoza,88.5,39.0,88.5,39.0,2,1,['Tempranillo'],Spain,Northern Spain,['Rioja']
1919,Bodegas Adriá,86.5,11.0,86.5,11.0,2,1,['Mencía'],Spain,Northern Spain,['Bierzo']
1920,Bodegas Agapito Rico,86.3,10.3,86.0,11.0,3,1,['Monastrell'],Spain,Levante,['Jumilla']
1921,Bodegas Agustín Cubero,83.0,10.0,83.0,10.0,2,2,"['Garnacha', 'Red Blend']",Spain,Northern Spain,['Calatayud']
1922,Bodegas Alanís,83.0,10.0,83.0,10.0,1,1,['Mencía'],Spain,Spain Other,['Spain']
1923,Bodegas Alconde,84.2,23.2,84.0,19.0,5,4,"['Verdejo', 'Garnacha', 'Tempranillo', 'Red Blend']",Spain,Northern Spain,['Rueda']
1924,Bodegas Alejandro Fernandez,84.0,32.0,84.0,32.0,1,1,['Tempranillo'],Spain,Central Spain,['La Mancha']
1925,Bodegas Alejandro Fernandez,91.0,36.0,91.0,36.0,1,1,['Tempranillo'],Spain,Northern Spain,['Ribera del Duero']
1926,Bodegas Aletta,84.0,8.0,84.0,8.0,1,1,['Garnacha'],Spain,Northern Spain,['Campo de Borja']
1927,Bodegas Antano,85.0,10.0,85.0,10.0,1,1,['White Blend'],Spain,Northern Spain,['Rueda']
1928,Bodegas Antaño,86.0,26.0,86.0,26.0,2,1,['Verdejo'],Spain,Northern Spain,['Rueda']
1929,Bodegas Aquitania,86.4,20.8,87.0,18.0,5,1,['Albariño'],Spain,Galicia,['Rías Baixas']
1930,Bodegas Aragonesas,85.0,8.8,85.0,9.0,19,7,"['Red Blend', 'Garnacha', 'Garnacha-Syrah', 'Garnacha-Tempranillo', 'Grenache Blend', 'Viura-Chardonnay', 'Tempranillo-Garnacha']",Spain,Northern Spain,['Campo de Borja']
1931,Bodegas Aresan,83.3,29.0,82.0,35.0,3,1,['Red Blend'],Spain,Central Spain,['Tierra de Castilla']
1932,Bodegas Artazu,86.0,20.8,86.0,12.0,4,1,['Garnacha'],Spain,Northern Spain,['Navarra']
1933,Bodegas Ateca,87.9,20.8,88.0,16.0,12,2,"['Garnacha', 'Verdejo']",Spain,Northern Spain,['Calatayud']
1934,Bodegas Añadas,85.7,21.0,85.0,20.0,3,3,"['Garnacha-Cabernet', 'Tempranillo-Merlot', 'Syrah-Tempranillo']",Spain,Northern Spain,['Cariñena']
1935,Bodegas B.G.,83.0,66.0,83.0,66.0,1,1,['Red Blend'],Spain,Catalonia,['Priorat']
1936,Bodegas Balcona,88.0,23.0,88.0,23.0,1,1,['Red Blend'],Spain,Levante,['Bullas']
1937,Bodegas Barriosa,82.7,13.7,84.0,13.0,3,1,['Tempranillo'],Spain,Northern Spain,['Rioja']
1938,Bodegas Barón,88.0,16.0,88.0,16.0,1,1,['Sherry'],Spain,Andalucia,['Jerez']
1939,Bodegas Berceo,87.5,19.0,87.0,18.0,6,2,"['Tempranillo Blend', 'Tempranillo']",Spain,Northern Spain,['Rioja']
1940,Bodegas Bernabe Navarro,90.0,17.0,90.0,17.0,1,1,['Red Blend'],Spain,Levante,['Alicante']
1941,Bodegas Bilbainas,88.0,25.2,88.0,15.0,20,2,"['Tempranillo', 'Tempranillo Blend']",Spain,Northern Spain,['Rioja']
1942,Bodegas Bleda,86.8,15.5,86.5,15.0,4,1,['Monastrell'],Spain,Levante,['Jumilla']
1943,Bodegas Borbore,84.7,10.0,83.0,10.0,3,3,"['Cabernet Sauvignon', 'Torrontés', 'Malbec']",Argentina,Other,['Tulum Valley']
1944,Bodegas Breton,86.0,42.5,86.0,42.5,2,2,"['Tempranillo', 'Tempranillo Blend']",Spain,Northern Spain,['Rioja']
1945,Bodegas Campante,84.7,11.1,85.0,10.0,7,2,"['White Blend', 'Godello']",Spain,Galicia,['Ribeiro']
1946,Bodegas Campiña,86.0,15.0,86.0,15.0,1,1,['Tinta de Toro'],Spain,Northern Spain,['Toro']
1947,Bodegas Carballal,86.0,16.0,85.0,15.0,3,1,['Albariño'],Spain,Galicia,['Rías Baixas']
1948,Bodegas Carchelo,88.9,19.6,89.0,16.0,8,1,['Red Blend'],Spain,Levante,['Jumilla']
1949,Bodegas Carlos Magaña S.L.,81.0,11.0,81.0,11.0,1,1,['Merlot-Cabernet Sauvignon'],Spain,Northern Spain,['Navarra']
1950,Bodegas Caro,89.7,35.3,90.0,31.5,14,5,"['Bordeaux-style Red Blend', 'Malbec-Cabernet Sauvignon', 'Cabernet Sauvignon-Malbec', 'Malbec', 'Red Blend']",Argentina,Mendoza Province,['Mendoza']
1951,Bodegas Carrau,83.9,19.0,83.0,14.0,7,3,"['Tannat', 'Pinot Noir', 'Chardonnay']",Uruguay,Uruguay,[]
1952,Bodegas Cerrosol,85.2,11.2,85.0,12.0,5,3,"['Sauvignon', 'Verdejo', 'Sauvignon Blanc']",Spain,Northern Spain,['Rueda']
1953,Bodegas Concavins,85.2,11.2,85.0,12.0,5,2,"['Red Blend', 'White Blend']",Spain,Catalonia,['Catalunya']
1954,Bodegas Conde,91.0,96.0,91.0,96.0,1,1,['Tinto del Pais'],Spain,Northern Spain,['Ribera del Duero']
1955,Bodegas Copaboca,84.2,10.0,84.5,9.5,4,3,"['Verdejo', 'Tempranillo-Garnacha', 'White Blend']",Spain,Northern Spain,['Rueda']
1956,Bodegas Corellanas,84.5,12.2,85.5,12.5,4,3,"['Red Blend', 'Tempranillo', 'Rosé']",Spain,Northern Spain,['Navarra']
1957,Bodegas Corral,88.5,29.5,90.0,27.5,4,2,"['Red Blend', 'Tempranillo Blend']",Spain,Northern Spain,['Rioja']
1958,Bodegas Cristo de la Vega,84.7,11.0,86.0,12.0,3,3,"['Verdejo', 'Tempranillo', 'Tempranillo-Syrah']",Spain,Central Spain,['La Mancha']
1959,Bodegas Dios Baco S.L.,89.8,28.7,90.0,18.0,38,3,"['Sherry', 'Pedro Ximénez', 'Palomino']",Spain,Andalucia,['Jerez']
1960,Bodegas Docampo,87.0,27.0,87.0,27.0,2,1,['White Blend'],Spain,Galicia,['Ribeiro']
1961,Bodegas Eguren,84.6,10.3,85.0,9.0,7,6,"['Shiraz-Tempranillo', 'Tempranillo', 'White Blend', 'Rosé', 'Cabernet Sauvignon', 'Sauvignon Blanc']",Spain,Central Spain,['Vino de la Tierra de Castilla']
1962,Bodegas Eidosela,90.0,15.0,90.0,15.0,1,1,['Albariño'],Spain,Galicia,['Rías Baixas']
1963,Bodegas El Indiano,88.0,30.0,88.0,30.0,1,1,['White Blend'],Spain,Northern Spain,['Rioja']
1964,Bodegas El Por Venir de los Andes,85.0,49.0,85.0,49.0,1,1,['Malbec'],Argentina,Other,['Cafayate']
1965,Bodegas El Porvenir De Los Andes,86.0,21.7,85.0,20.0,3,1,['Red Blend'],Argentina,Other,['Cafayate']
1966,Bodegas Epifanio Rivera,90.0,34.0,90.0,34.0,2,1,['Tempranillo'],Spain,Northern Spain,['Ribera del Duero']
1967,Bodegas Escorihuela,86.3,12.0,86.0,13.0,9,5,"['Malbec', 'Cabernet Sauvignon', 'Chardonnay', 'Cabernet Sauvignon-Malbec', 'Syrah']",Argentina,Mendoza Province,['Mendoza']
1968,Bodegas Escorihuela,84.0,13.0,84.0,13.0,1,1,['Verdejo'],Spain,Northern Spain,['Vino de la Tierra de Castilla y León']
1969,Bodegas Escudero,86.6,39.2,86.0,22.0,9,4,"['Tempranillo Blend', 'White Blend', 'Red Blend', 'Tempranillo']",Spain,Northern Spain,['Rioja']
1970,Bodegas Fabre,90.0,20.0,90.0,20.0,2,1,['Malbec'],Argentina,Mendoza Province,['Mendoza']
1971,Bodegas Fabre,90.0,15.0,90.0,15.0,1,1,['Cabernet Sauvignon'],Argentina,Other,['Patagonia']
1972,Bodegas Fariña,85.5,21.4,85.0,13.0,31,5,"['Tinta de Toro', 'Tempranillo Blend', 'Malvasia', 'Tempranillo', 'Red Blend']",Spain,Northern Spain,['Toro']
1973,Bodegas Faustino,87.8,32.0,88.0,16.0,29,5,"['Tempranillo', 'Tempranillo Blend', 'Rosé', 'Rosado', 'Viura']",Spain,Northern Spain,['Rioja']
1974,Bodegas Fontana,84.4,8.6,85.0,8.0,7,3,"['Macabeo-Moscatel', 'Tempranillo', 'Tempranillo Blend']",Spain,Central Spain,['Uclés']
1975,Bodegas Franco-Españolas,86.0,16.4,86.0,12.0,31,6,"['Tempranillo', 'Viura', 'White Blend', 'Rosé', 'Tempranillo Blend', 'Tempranillo-Garnacha']",Spain,Northern Spain,['Rioja']
1976,Bodegas Fuentespina,87.9,38.2,87.0,18.0,13,3,"['Tempranillo Blend', 'Tempranillo', 'Red Blend']",Spain,Northern Spain,['Ribera del Duero']
1977,Bodegas Garci Grande,86.7,12.7,86.0,14.0,3,2,"['White Blend', 'Verdejo']",Spain,Northern Spain,['Rueda']
1978,Bodegas Gutiérrez de la Vega,90.2,38.4,90.5,29.0,6,3,"['Monastrell', 'Muscat', 'Moscatel']",Spain,Levante,['Alicante']
1979,Bodegas Gutiérrez de la Vega,88.8,28.8,89.0,30.0,4,3,"['Moscatel', 'Monastrell', 'Red Blend']",Spain,Spain Other,['Spain']
1980,Bodegas Herederos Ribas,88.0,31.0,88.0,31.0,1,1,['Red Blend'],Spain,Spanish Islands,['Vi de la Terra Illes Balears']
1981,Bodegas Hidalgo,92.6,107.0,93.0,120.0,7,2,"['Sherry', 'Pedro Ximénez']",Spain,Andalucia,['Jerez']
1982,Bodegas Hidalgo,87.0,31.0,87.0,31.0,2,2,"['Grenache', 'Tempranillo']",Spain,Northern Spain,['Calatayud']
1983,Bodegas Hispano Suizas,85.0,52.0,85.0,52.0,2,1,['Sparkling Blend'],Spain,Catalonia,['Cava']
1984,Bodegas Hnos. Pérez Pascuas,85.3,34.7,87.0,28.0,3,3,"['Tinto Fino', 'Tempranillo', 'Tempranillo Blend']",Spain,Northern Spain,['Ribera del Duero']
1985,Bodegas Imperiales,88.0,50.0,90.0,45.0,3,2,"['Tempranillo', 'Tempranillo Blend']",Spain,Northern Spain,['Ribera del Duero']
1986,Bodegas Iranzo,83.8,13.0,83.5,10.5,12,4,"['Tempranillo', 'Cabernet Sauvignon-Tempranillo', 'Sauvignon Blanc', 'Tempranillo-Cabernet Sauvignon']",Spain,Levante,['Utiel-Requena']
1987,Bodegas Isidro Milagro,84.0,9.0,84.0,9.0,1,1,['Red Blend'],Spain,Central Spain,['Vino de la Tierra de Castilla']
1988,Bodegas Julián Chivite,86.4,25.2,85.0,14.0,18,7,"['Tempranillo', 'Garnacha', 'Tempranillo Blend', 'Rosé', 'Chardonnay', 'Moscatel', 'White Blend']",Spain,Northern Spain,['Navarra']
1989,Bodegas LAN,87.5,26.0,88.0,25.0,8,3,"['Tempranillo Blend', 'Tempranillo', 'Red Blend']",Spain,Northern Spain,['Rioja']
1990,Bodegas La Cartuja,86.0,16.5,86.0,16.5,2,1,['Red Blend'],Spain,Catalonia,['Priorat']
1991,Bodegas La Guarda,83.0,12.0,83.0,12.0,1,1,['Malbec'],Argentina,Other,['San Juan']
1992,Bodegas La Horra,91.0,50.5,91.0,50.5,2,1,['Tempranillo'],Spain,Northern Spain,['Ribera del Duero']
1993,Bodegas Landaluce,89.9,31.3,91.0,19.0,7,2,"['Tempranillo', 'White Blend']",Spain,Northern Spain,['Rioja']
1994,Bodegas Langa,84.0,18.0,84.0,18.0,3,3,"['Red Blend', 'Grenache', 'Garnacha']",Spain,Northern Spain,['Calatayud']
1995,Bodegas Langa,85.0,20.0,85.0,20.0,1,1,['Garnacha Blanca'],Spain,Spain Other,['Spain']
1996,Bodegas Leda,90.2,38.0,89.0,45.0,5,1,['Tempranillo'],Spain,Northern Spain,['Vino de la Tierra de Castilla y León']
1997,Bodegas Leza García,84.2,14.8,85.0,12.0,5,2,"['Tempranillo Blend', 'Tempranillo']",Spain,Northern Spain,['Rioja']
1998,Bodegas Lomablanca,81.0,9.0,81.0,9.0,1,1,['Tempranillo-Garnacha'],Spain,Northern Spain,['Cariñena']
1999,Bodegas Los Llanos,83.9,11.4,84.0,11.0,7,2,"['Tempranillo', 'Red Blend']",Spain,Central Spain,['Valdepeñas']
2000,Bodegas Lozano,82.0,10.0,82.0,10.0,1,1,['Sparkling Blend'],Spain,Spain Other,['Spain']
2001,Bodegas Luis Gurpegui Muga,84.0,11.0,84.0,10.0,4,2,"['Tempranillo', 'White Blend']",Spain,Central Spain,['Extremadura']
2002,Bodegas Luis Gurpegui Muga,85.5,10.8,84.5,10.5,4,2,"['Red Blend', 'Garnacha']",Spain,Northern Spain,['Rioja']
2003,Bodegas Luzón,87.2,13.7,87.0,9.0,29,6,"['Monastrell', 'Red Blend', 'Monastrell-Syrah', 'White Blend', 'Macabeo', 'Merlot']",Spain,Levante,['Jumilla']
2004,Bodegas López Panach,81.0,13.0,81.0,13.0,1,1,['Tempranillo'],Spain,Central Spain,['Vino de la Tierra de Castilla']
2005,Bodegas M,85.5,25.0,85.5,25.0,2,2,"['Albariño', 'Tempranillo']",US,California,"['Edna Valley', 'Central Coast']"
2006,Bodegas Manutara,87.0,15.0,87.0,15.0,1,1,['Chardonnay'],Chile,Maule Valley,[]
2007,Bodegas Marcelino Diaz,81.5,13.0,81.5,13.0,2,2,"['Pardina', 'Red Blend']",Spain,Central Spain,['Ribera del Guadiana']
2008,Bodegas Martinez Corta,84.0,12.0,84.0,12.0,2,1,['Tempranillo'],Spain,Northern Spain,['Rioja']
2009,Bodegas Medina,81.0,10.0,81.0,10.0,1,1,['Macabeo'],Spain,Catalonia,['Cava']
2010,Bodegas Medina,82.6,16.0,82.0,12.0,5,3,"['Red Blend', 'Cabernet Sauvignon', 'Rosé']",Spain,Central Spain,['Extremadura']
2011,Bodegas Medrano Irazu,87.0,33.0,87.0,33.0,1,1,['Tempranillo'],Spain,Northern Spain,['Rioja']
2012,Bodegas Monte La Reina,83.0,13.0,83.0,13.0,1,1,['Tinta de Toro'],Spain,Northern Spain,['Toro']
2013,Bodegas Muriel,88.5,20.0,88.5,20.0,2,1,['Albariño'],Spain,Galicia,['Rías Baixas']
2014,Bodegas Muriel,87.1,23.6,87.0,20.0,23,7,"['Tempranillo', 'Viura', 'White Blend', 'Graciano', 'Red Blend', 'Chardonnay', 'Rosado']",Spain,Northern Spain,['Rioja']
2015,Bodegas Murtia,86.8,22.2,87.0,15.0,5,1,['Monastrell'],Spain,Levante,['Jumilla']
2016,Bodegas Murviedro,85.5,12.0,85.5,12.0,2,1,['Bobal'],Spain,Levante,['Utiel-Requena']
2017,Bodegas Mähler-Besse,87.3,14.7,87.0,12.0,3,2,"['Red Blend', 'Monastrell']",Spain,Levante,['Jumilla']
2018,Bodegas Mähler-Besse,88.0,12.0,88.0,12.0,1,1,['Tinta de Toro'],Spain,Northern Spain,['Toro']
2019,Bodegas Navajas,82.3,14.0,82.0,14.0,3,3,"['Tempranillo Blend', 'Red Blend', 'Viura']",Spain,Northern Spain,['Rioja']
2020,Bodegas Navarro López,84.3,13.6,84.0,11.0,33,5,"['Tempranillo', 'Tempranillo-Garnacha', 'Tempranillo-Cabernet Sauvignon', 'Garnacha', 'Red Blend']",Spain,Central Spain,['Valdepeñas']
2021,Bodegas Navarro López,85.0,9.0,85.0,9.0,1,1,['Tempranillo'],Spain,Northern Spain,['Vino de la Tierra de Castilla y León']
2022,Bodegas Núñez,86.0,17.0,86.0,17.0,2,1,['Albariño'],Spain,Galicia,['Rías Baixas']
2023,Bodegas Olarra,87.1,24.5,88.0,18.0,11,1,['Tempranillo Blend'],Spain,Northern Spain,['Rioja']
2024,Bodegas Olivares,85.0,11.0,85.0,11.0,1,1,['Monastrell'],Spain,Levante,['Jumilla']
2025,Bodegas Ondalan,86.5,29.0,86.5,29.0,2,2,"['Tempranillo Blend', 'Graciano']",Spain,Northern Spain,['Rioja']
2026,Bodegas Ondarre,83.0,15.0,83.0,15.0,1,1,['Macabeo'],Spain,Catalonia,['Cava']
2027,Bodegas Ondarre,88.0,20.2,88.0,18.0,5,2,"['Tempranillo Blend', 'Graciano']",Spain,Northern Spain,['Rioja']
2028,Bodegas Ontañón,87.0,17.6,87.0,14.0,21,7,"['Rosado', 'Tempranillo', 'Tempranillo Blend', 'Viura', 'Red Blend', 'Rosé', 'Tempranillo-Garnacha']",Spain,Northern Spain,['Rioja']
2029,Bodegas Orusco,82.2,12.5,82.0,12.0,4,4,"['Rosé', 'Malvar', 'Tempranillo', 'Tempranillo-Shiraz']",Spain,Central Spain,['Vinos de Madrid']
2030,Bodegas Palacio,88.1,24.9,88.5,20.0,36,3,"['Tempranillo', 'White Blend', 'Tempranillo Blend']",Spain,Northern Spain,['Rioja']
2031,Bodegas Paniza,84.4,13.4,85.0,13.0,16,9,"['Garnacha-Syrah', 'Tempranillo-Cabernet Sauvignon', 'Rosé', 'Viura-Chardonnay', 'Garnacha', 'Carineña', 'Red Blend', 'Garnacha-Cabernet', 'Garnacha-Tempranillo']",Spain,Northern Spain,['Cariñena']
2032,Bodegas Paso Robles,85.5,28.5,85.5,28.0,4,3,"['Tempranillo', 'Tempranillo-Cabernet Sauvignon', 'Tempranillo Blend']",US,California,"['Paso Robles', 'Central Coast']"
2033,Bodegas Perica,88.7,17.3,89.0,18.0,3,2,"['Viura', 'Tempranillo Blend']",Spain,Northern Spain,['Rioja']
2034,Bodegas Peñafiel,87.2,27.6,87.0,24.0,16,4,"['Tempranillo Blend', 'Tempranillo', 'Red Blend', 'Verdejo']",Spain,Northern Spain,['Ribera del Duero']
2035,Bodegas Peñaflor,86.0,13.0,86.0,13.0,1,1,['Shiraz-Malbec'],Argentina,Other,['San Juan']
2036,Bodegas Piedemonte,85.0,12.3,83.0,13.0,3,2,"['Red Blend', 'Cabernet Sauvignon']",Spain,Northern Spain,['Navarra']
2037,Bodegas Piqueras,83.0,10.0,83.0,10.0,1,1,['Garnacha'],Spain,Central Spain,['Almansa']
2038,Bodegas Pirineos,84.0,16.0,85.0,11.0,12,6,"['Garnacha-Monastrell', 'Red Blend', 'White Blend', 'Tempranillo', 'Parraleta', 'Macabeo-Gewürztraminer']",Spain,Northern Spain,['Somontano']
2039,Bodegas Qumrán,85.5,25.0,85.5,30.0,4,1,['Tempranillo'],Spain,Northern Spain,['Ribera del Duero']
2040,Bodegas Rafael Cambra,87.4,38.5,87.0,30.0,11,4,"['Garnacha', 'Red Blend', 'Monastrell', 'Cabernet Sauvignon-Cabernet Franc']",Spain,Levante,['Valencia']
2041,Bodegas Ramon Ramos,87.0,15.7,89.0,17.0,3,2,"['Tempranillo', 'Tinta de Toro']",Spain,Northern Spain,['Toro']
2042,Bodegas Real,84.0,10.0,84.0,10.0,1,1,['Tempranillo'],Spain,Central Spain,['Vino de la Tierra de Castilla']
2043,Bodegas Recuero,86.0,,86.0,,1,1,['Red Blend'],Spain,Central Spain,['Vino de la Tierra de Castilla']
2044,Bodegas Reyes,84.5,23.5,84.0,23.0,4,1,['Tempranillo'],Spain,Northern Spain,['Ribera del Duero']
2045,Bodegas Ribón,87.0,32.0,87.0,32.0,1,1,['Tempranillo'],Spain,Northern Spain,['Ribera del Duero']
2046,Bodegas Riojanas,88.0,26.5,88.5,25.5,24,5,"['Tempranillo', 'Viura', 'Tempranillo Blend', 'White Blend', 'Verdejo']",Spain,Northern Spain,['Rioja']
2047,Bodegas Riolanc,85.8,14.3,85.5,14.0,4,2,"['Tempranillo Blend', 'Tempranillo']",Spain,Northern Spain,['Rioja']
2048,Bodegas Roda,90.8,104.5,90.0,67.0,13,2,"['Tempranillo', 'Tempranillo Blend']",Spain,Northern Spain,['Rioja']
2049,Bodegas San Isidro,87.8,14.5,87.0,13.5,4,2,"['Monastrell', 'Monastrell-Syrah']",Spain,Levante,['Jumilla']
2050,Bodegas San Isidro,86.0,12.0,86.0,12.0,1,1,['Grenache'],Spain,Northern Spain,['Calatayud']
2051,Bodegas San Martín,82.7,8.7,83.0,8.0,3,2,"['Tempranillo Blend', 'Red Blend']",Spain,Northern Spain,['Navarra']
2052,Bodegas San Prudencio,87.0,22.0,87.0,22.0,1,1,['Red Blend'],Spain,Northern Spain,['Rioja']
2053,Bodegas San Valero,85.8,16.3,86.0,14.0,13,4,"['Garnacha', 'Red Blend', 'Chardonnay', 'White Blend']",Spain,Northern Spain,['Cariñena']
2054,Bodegas Silvano Garcia,85.3,16.9,85.5,14.0,10,2,"['Red Blend', 'Monastrell']",Spain,Levante,['Jumilla']
2055,Bodegas Soledad,86.0,16.0,86.0,16.0,1,1,['Tempranillo'],Spain,Central Spain,['Uclés']
2056,Bodegas Solo Privee,87.0,13.0,87.0,13.0,1,1,['Sparkling Blend'],Spain,Catalonia,['Cava']
2057,Bodegas Tarima,87.0,8.0,87.0,8.0,1,1,['Monastrell'],Spain,Levante,['Jumilla']
2058,Bodegas Tempore,85.0,13.7,85.0,12.0,3,2,"['Garnacha', 'Tempranillo']",Spain,Northern Spain,['Vino de la Tierra del Bajo Aragón']
2059,Bodegas Tintoralba,83.2,12.5,82.5,11.0,4,2,"['Garnacha', 'Red Blend']",Spain,Central Spain,['Almansa']
2060,Bodegas Tobía,86.6,23.4,87.0,20.0,12,5,"['Rosado', 'Tempranillo Blend', 'Tempranillo', 'White Blend', 'Viura']",Spain,Northern Spain,['Rioja']
2061,"Bodegas Toro Albala, SL",90.8,73.4,90.0,29.0,5,1,['Pedro Ximénez'],Spain,Andalucia,['Montilla-Moriles']
2062,Bodegas Torreduero,86.0,11.0,86.0,11.0,1,1,['Tinta de Toro'],Spain,Northern Spain,['Toro']
2063,Bodegas Ugalde,88.0,20.0,88.0,20.0,1,1,['Tempranillo Blend'],Spain,Northern Spain,['Rioja']
2064,Bodegas Valdemar,85.4,21.4,85.0,17.5,79,12,"['Tempranillo Blend', 'Tempranillo', 'Garnacha', 'Rosado', 'Tempranillo Blanco', 'Viura-Verdejo', 'Viura', 'Tempranillo-Garnacha', 'Maturana', 'Rosé', 'Graciano', 'Macabeo']",Spain,Northern Spain,['Rioja']
2065,Bodegas Valderroa,90.2,35.8,91.0,26.5,4,2,"['White Blend', 'Godello']",Spain,Northern Spain,['Valdeorras']
2066,Bodegas Vegalfaro,87.0,17.5,87.0,17.5,2,1,['Red Blend'],Spain,Levante,['Utiel-Requena']
2067,Bodegas Ventura De Vega,83.0,13.3,83.0,12.5,6,3,"['Viura', 'Tempranillo', 'Shiraz-Tempranillo']",Spain,Central Spain,['Ribera del Guadiana']
2068,Bodegas Vidal Soblechero,87.7,17.3,87.0,18.0,3,1,['Verdejo'],Spain,Northern Spain,['Rueda']
2069,Bodegas Vinos de León,84.5,10.5,84.5,10.5,2,2,"['Red Blend', 'Tempranillo Blend']",Spain,Northern Spain,['Vino de la Tierra de Castilla y León']
2070,Bodegas Virgen del Águila,85.2,14.8,85.0,13.0,10,4,"['Red Blend', 'Syrah-Grenache', 'Garnacha', 'Tempranillo Blend']",Spain,Northern Spain,['Cariñena']
2071,Bodegas Vínícola Real,87.8,63.8,88.0,51.5,4,4,"['Tempranillo Blend', 'Red Blend', 'Tempranillo', 'White Blend']",Spain,Northern Spain,['Rioja']
2072,Bodegas Yuste,88.0,72.3,88.0,24.0,6,2,"['Sherry', 'Palomino']",Spain,Andalucia,['Manzanilla-Sanlúcar de Barrameda']
2073,Bodegas Zugober,87.7,16.7,87.0,18.0,3,2,"['Tempranillo', 'Tempranillo Blend']",Spain,Northern Spain,['Rioja']
2074,Bodegas de los Rios Prieto,88.0,26.0,88.0,26.0,1,1,['Tempranillo'],Spain,Northern Spain,['Ribera del Duero']
2075,Bodegas del Mundo,80.0,8.0,80.0,8.0,3,3,"['Tempranillo', 'Garnacha', 'Viura']",Spain,Northern Spain,['Rioja']
2076,Bodegas del Muni,86.0,20.0,86.0,20.0,1,1,['Tempranillo Blend'],Spain,Central Spain,['Vino de la Tierra de Castilla']
2077,Bodegas del Paramo,83.0,37.0,83.0,37.0,1,1,['Prieto Picudo'],Spain,Northern Spain,['Vino de la Tierra de Castilla y León']
2078,Bodegas la Aldea,84.0,8.0,84.0,8.0,1,1,['Monastrell'],Spain,Levante,['Jumilla']
2079,Bodegas la Aldea,84.5,8.0,84.5,8.0,2,1,['Garnacha'],Spain,Northern Spain,['Cariñena']
2080,Bodegas la Casa de Lúcolo,83.0,16.0,83.0,16.0,2,1,['Garnacha'],Spain,Northern Spain,['Navarra']
2081,Bodegas y Vinedos del Jalón,85.5,11.5,85.5,11.5,2,1,['Grenache'],Spain,Northern Spain,['Calatayud']
2082,Bodegas y Vinos de Lécera,82.0,9.0,82.0,9.0,1,1,['Garnacha'],Spain,Northern Spain,['Vino de la Tierra del Bajo Aragón']
2083,Bodegas y Viñedos Castiblanque,84.0,23.0,84.0,23.0,3,3,"['Syrah', 'Cabernet Sauvignon', 'Tempranillo']",Spain,Central Spain,['Vino de la Tierra de Castilla']
2084,Bodegas y Viñedos Noe,81.3,16.0,81.0,17.0,3,2,"['Tempranillo-Garnacha', 'Viura']",Spain,Northern Spain,['Rioja']
2085,Bodegas y Viñedos Rauda,86.0,33.5,86.0,33.5,2,1,['Tempranillo'],Spain,Northern Spain,['Ribera del Duero']
2086,Bodegas y Viñedos Tábula,89.6,51.3,90.0,32.0,15,3,"['Tempranillo', 'Tempranillo Blend', 'Verdejo']",Spain,Northern Spain,['Ribera del Duero']
2087,Bodegas y Viñedos del Jaro,92.0,,92.0,,1,1,['Tinto del Pais'],Spain,Northern Spain,['Ribera del Duero']
2088,Bodegones Del Sur,83.5,17.0,83.5,17.0,2,2,"['Red Blend', 'Tannat']",Uruguay,Juanico,[]
2089,Bodini,86.5,11.0,86.5,11.0,2,1,['Malbec'],Argentina,Mendoza Province,['Mendoza']
2090,Bodkin,90.2,21.6,90.0,20.0,19,7,"['Sauvignon Blanc', 'Muscat Canelli', 'Red Blend', 'Zinfandel', 'Chardonnay', 'Syrah', 'Gewürztraminer']",US,California,"['Russian River Valley', 'Sonoma']"
2091,Boeckel,90.3,28.8,90.0,29.0,54,9,"['Riesling', 'Pinot Noir', 'Pinot Gris', 'Gewürztraminer', 'Pinot Blanc', 'Sylvaner', 'Auxerrois', 'Chardonnay', 'Sparkling Blend']",France,Alsace,['Alsace']
2092,Boedecker Cellars,88.3,34.9,88.0,34.0,21,4,"['Chardonnay', 'Pinot Noir', 'Pinot Gris', 'Grenache']",US,Oregon,"['Willamette Valley', 'Willamette Valley']"
2093,Boeger,88.4,17.9,89.0,18.0,37,15,"['Barbera', 'Sauvignon Blanc', 'Merlot', 'Tempranillo', 'Zinfandel', 'Red Blend', 'Pinot Gris', 'Rosé', 'Petite Sirah', 'Primitivo', 'Pinot Noir', 'Sangiovese', 'Chardonnay', 'Carignane', 'Cabernet Franc']",US,California,"['El Dorado', 'Sierra Foothills']"
2094,Boekenhoutskloof,90.7,47.0,91.0,47.0,3,1,['Syrah'],South Africa,Coastal Region,[]
2095,Boekenhoutskloof,90.0,37.9,90.5,46.0,10,4,"['Sémillon', 'Cabernet Sauvignon', 'White Blend', 'Syrah']",South Africa,Franschhoek,[]
2096,Boekenhoutskloof,92.0,,92.0,,1,1,['Syrah'],South Africa,Swartland,[]
2097,Boekenhoutskloof,87.1,16.3,87.0,11.0,11,4,"['White Blend', 'Rhône-style Red Blend', 'Red Blend', 'Rosé']",South Africa,Western Cape,[]
2098,Boekenoogen,90.4,42.2,91.0,40.0,37,7,"['Viognier', 'Pinot Noir', 'Syrah', 'Chardonnay', 'Petite Sirah', 'Zinfandel', 'Cabernet Sauvignon']",US,California,"['Monterey', 'Central Coast']"
2099,Boeschen Vineyards,92.8,103.8,93.5,95.0,4,3,"['Cabernet Sauvignon', 'Petit Verdot', 'Bordeaux-style Red Blend']",US,California,"['St. Helena', 'Napa']"
2100,Boete,90.7,41.3,91.0,42.0,3,2,"['Cabernet Franc', 'Cabernet Sauvignon']",US,California,"['Carmel Valley', 'Central Coast']"
2101,Boffa,88.7,39.9,89.0,48.0,12,3,"['Barbera', 'Nebbiolo', 'Dolcetto']",Italy,Piedmont,"[""Barbera d'Alba""]"
2102,Bogatell,86.0,12.0,86.0,12.0,2,2,"['Rosé', 'Garnacha Blanca']",Spain,Catalonia,['Terra Alta']
2103,Bogati,84.6,24.9,85.0,25.0,13,11,"['White Blend', 'Bordeaux-style Red Blend', 'Cabernet Franc', 'Viognier', 'Malbec', 'Merlot', 'Red Blend', 'Petit Verdot', 'Chardonnay', 'Seyval Blanc', 'Sauvignon Blanc']",US,Virginia,['Virginia']
2104,Boggy Creek,86.5,17.5,86.5,17.5,2,1,['Cabernet Sauvignon'],Australia,Victoria,['King Valley']
2105,Bogle,85.6,11.2,85.0,11.0,79,11,"['Cabernet Sauvignon', 'Sauvignon Blanc', 'Chardonnay', 'Red Blend', 'Petite Sirah', 'Merlot', 'Zinfandel', 'Pinot Noir', 'Riesling', 'Chenin Blanc', 'Port']",US,California,"['California', 'California Other']"
2106,Boheme,91.4,49.6,92.0,49.0,22,3,"['Pinot Noir', 'Chardonnay', 'Syrah']",US,California,"['Sonoma Coast', 'Sonoma']"
2107,Bohigas,85.9,15.4,87.0,15.5,8,3,"['Sparkling Blend', 'Xarel-lo', 'Chardonnay']",Spain,Catalonia,['Cava']
2108,Boho,82.0,24.0,82.0,24.0,1,1,['Chardonnay'],US,California,"['Central Coast', 'Central Coast']"
2109,Bohórquez,87.0,36.0,87.0,36.0,1,1,['Tempranillo Blend'],Spain,Northern Spain,['Ribera del Duero']
2110,Boitano,85.0,18.7,85.0,18.0,3,3,"['Barbera', 'Sangiovese', 'Port']",US,California,"['Shenandoah Valley (CA)', 'Sierra Foothills']"
2111,Boizel,89.6,74.2,89.0,59.0,29,3,"['Champagne Blend', 'Pinot Noir', 'Chardonnay']",France,Champagne,['Champagne']
2112,Bokisch,89.1,19.7,90.5,21.0,12,6,"['Graciano', 'Monastrell', 'Tempranillo', 'Albariño', 'Garnacha', 'Verdejo']",US,California,"['Mokelumne River', 'Central Valley']"
2113,Boland,88.0,18.0,88.0,18.0,1,1,['Pinotage'],South Africa,Paarl,[]
2114,Bolen,89.0,60.0,89.0,60.0,1,1,['Merlot'],US,California,"['Oak Knoll District', 'Napa']"
2115,Bolla,83.0,,83.0,,1,1,['Moscato'],Italy,Lombardy,['Pavia']
2116,Bolla,84.5,9.5,84.5,9.5,2,1,['Pinot Grigio'],Italy,Northeastern Italy,['Collio']
2117,Bolla,86.5,9.0,86.5,9.0,2,2,"[""Nero d'Avola"", 'White Blend']",Italy,Sicily & Sardinia,['Sicilia']
2118,Bolla,86.8,25.9,87.0,15.5,32,5,"['White Blend', 'Corvina, Rondinella, Molinara', 'Garganega', 'Red Blend', 'Glera']",Italy,Veneto,['Soave Classico Superiore']
2119,Bollig-Lehnert,88.1,19.6,88.0,20.0,20,1,['Riesling'],Germany,Mosel,[]
2120,Bollig-Lehnert,91.0,34.8,91.0,34.5,4,1,['Riesling'],Germany,Mosel-Saar-Ruwer,[]
2121,Bollinger,93.1,129.2,92.5,105.0,14,1,['Champagne Blend'],France,Champagne,['Champagne']
2122,Bollini,86.6,13.6,87.0,13.0,10,3,"['Pinot Grigio', 'Chardonnay', 'Merlot']",Italy,Northeastern Italy,['Trentino']
2123,Bolney Wine Estate,91.1,48.7,91.0,50.0,8,4,"['Chardonnay', 'Pinot Noir', 'White Blend', 'Sparkling Blend']",England,England,[]
2124,Bolsignano,92.0,90.0,91.0,90.0,3,2,"['Sangiovese', 'Sangiovese Grosso']",Italy,Tuscany,['Brunello di Montalcino']
2125,Bomb,89.2,50.0,90.0,50.0,4,1,['Pinot Noir'],US,Oregon,"['Willamette Valley', 'Willamette Valley']"
2126,Bomb,89.7,50.0,90.0,50.0,3,1,['Cabernet Sauvignon'],US,Washington,"['Columbia Valley (WA)', 'Columbia Valley']"
2127,Bon Cap,87.5,12.5,87.5,12.5,2,2,"['Viognier', 'Chardonnay-Viognier']",South Africa,Eilandia,[]
2128,Bon Cap,83.6,11.0,84.0,10.0,5,4,"['Sauvignon Blanc', 'Sparkling Blend', 'Cabernet Sauvignon', 'Syrah-Cabernet']",South Africa,Robertson,[]
2129,Bon Coeur,89.3,70.0,90.0,65.0,3,1,['Cabernet Sauvignon'],US,California,"['Oakville', 'Napa']"
2130,Bon Niche,89.4,39.3,90.0,40.0,7,5,"['Red Blend', 'Petit Verdot', 'Viognier', 'Malbec', 'Bordeaux-style Red Blend']",US,California,"['Paso Robles', 'Central Coast']"
2131,BonAnno,87.0,20.0,87.0,20.0,1,1,['Cabernet Sauvignon'],US,California,"['Napa Valley', 'Napa']"
2132,Bonacchi,87.6,33.3,87.0,39.0,35,3,"['Sangiovese', 'Sangiovese Grosso', 'Red Blend']",Italy,Tuscany,['Brunello di Montalcino']
2133,Bonaccorsi,92.0,45.8,93.0,45.0,22,4,"['Syrah', 'Pinot Noir', 'Chardonnay', 'Viognier']",US,California,"['Santa Maria Valley', 'Central Coast']"
2134,Bonair,87.5,19.5,88.0,20.0,21,7,"['Gewürztraminer', 'Chardonnay', 'Cabernet Sauvignon', 'Riesling', 'Merlot', 'Malbec', 'Cabernet Franc']",US,Washington,"['Yakima Valley', 'Columbia Valley']"
2135,Bonal,85.0,10.0,85.0,10.0,1,1,['Tempranillo'],Spain,Central Spain,['Valdepeñas']
2136,Bonavita,83.0,32.5,83.0,32.5,2,2,"['Red Blend', 'Rosato']",Italy,Sicily & Sardinia,['Faro']
2137,Bonazzi,88.7,,89.0,,3,2,"['Corvina, Rondinella, Molinara', 'Red Blend']",Italy,Veneto,['Amarone della Valpolicella Classico']
2138,Bonazzi Dario e Fabio,88.5,,89.0,,8,2,"['Corvina, Rondinella, Molinara', 'Red Blend']",Italy,Veneto,['Amarone della Valpolicella Classico']
2139,Boneshaker,87.8,22.2,87.0,25.0,4,1,['Zinfandel'],US,California,"['Lodi', 'Central Valley']"
2140,Bonfiglio,87.3,19.0,86.0,18.0,3,2,"['Cabernet Sauvignon', 'Pignoletto']",Italy,Central Italy,['Colli Bolognesi']
2141,Bonneau,86.0,36.6,86.0,34.0,17,6,"['Cabernet Sauvignon', 'Chardonnay', 'Zinfandel', 'Rosé', 'Meritage', 'Pinot Noir']",US,California,"['Sonoma Valley', 'Sonoma']"
2142,Bonnet-Huteau,91.0,15.0,91.0,15.0,8,1,['Melon'],France,Loire Valley,['Muscadet Sèvre et Maine']
2143,Bonny Doon,89.4,30.3,90.0,26.0,45,12,"['Rhône-style White Blend', 'Roussanne', 'Syrah', 'Grenache', 'Riesling', 'Rhône-style Red Blend', 'Red Blend', 'White Blend', 'Rosé', 'Muscat', 'Claret', 'Sparkling Blend']",US,California,"['Arroyo Seco', 'Central Coast']"
2144,Bonotto delle Tezze,85.4,14.2,85.0,15.0,14,8,"['Sparkling Blend', 'Tai', 'Raboso', 'Pinot Grigio', 'Glera', 'Red Blend', 'Cabernet Franc', 'Manzoni']",Italy,Veneto,['Veneto']
2145,Bonpas,86.0,12.0,86.0,12.0,1,1,['Rhône-style Red Blend'],France,Rhône Valley,['Côtes du Rhône']
2146,Bonterra,87.9,19.4,88.0,16.0,89,17,"['Viognier', 'Rhône-style Red Blend', 'Merlot', 'Zinfandel', 'Chardonnay', 'Sauvignon Blanc', 'Riesling', 'Pinot Noir', 'Syrah', 'Muscat', 'Red Blend', 'Cabernet Sauvignon', 'Rosé', 'Roussanne', 'Marsanne', 'White Blend', 'Bordeaux-style Red Blend']",US,California,"['Mendocino-Lake', 'North Coast']"
2147,Bontzu,88.0,32.9,89.0,29.0,7,7,"['Malbec', 'Grenache', 'Carmenère', 'Pinot Gris', 'Viognier', 'Gewürztraminer', 'G-S-M']",US,Washington,"['Walla Walla Valley (WA)', 'Columbia Valley']"
2148,Bonvino,84.0,12.0,84.0,12.0,1,1,['Riesling'],Romania,Vânju Mare,[]
2149,BookCliff,80.0,12.0,80.0,12.0,1,1,['White Blend'],US,Colorado,['Colorado']
2150,Bookpurnong Hill,85.0,40.0,85.0,40.0,1,1,['Petit Verdot'],Australia,Australia Other,['South Eastern Australia']
2151,Bookpurnong Hill,85.5,40.0,85.5,40.0,2,2,"['Cabernet Sauvignon', 'Rhône-style Red Blend']",Australia,South Australia,['Riverland']
2152,Bookster,85.0,31.0,85.0,31.0,2,2,"['Cabernet Sauvignon', 'Chardonnay']",US,California,"['Napa Valley', 'Napa']"
2153,Bookwalter,88.2,29.4,88.0,35.0,5,3,"['Cabernet Sauvignon', 'Merlot', 'Chardonnay']",US,Washington,"['Columbia Valley (WA)', 'Columbia Valley']"
2154,Boomtown,87.1,16.1,87.0,15.0,37,5,"['Chardonnay', 'Syrah', 'Pinot Gris', 'Cabernet Sauvignon', 'Merlot']",US,Washington,"['Washington', 'Washington Other']"
2155,Bootleg,85.0,17.5,85.0,17.5,2,1,['Sangiovese'],Italy,Tuscany,['Chianti']
2156,Bootleg,90.0,38.5,90.0,38.5,2,1,['Red Blend'],US,California,"['Napa County', 'Napa']"
2157,Bootstrap,85.0,13.7,86.0,14.0,3,1,['Red Blend'],US,California,"['California', 'California Other']"
2158,Borges,86.6,10.3,87.0,9.0,18,4,"['Portuguese Red', 'Portuguese White', 'Portuguese Rosé', 'Rosé']",Portugal,Douro,[]
2159,Borges,86.4,10.1,86.0,8.0,12,3,"['Portuguese Red', 'Touriga Nacional', 'Portuguese White']",Portugal,Dão,[]
2160,Borges,87.9,25.1,88.0,21.5,14,1,['Port'],Portugal,Port,[]
2161,Borges,85.5,12.5,85.0,12.0,6,1,['Portuguese Sparkling'],Portugal,Vinho Espumante de Qualidade,[]
2162,Borges,85.8,10.3,86.0,12.0,10,2,"['Portuguese White', 'Alvarinho']",Portugal,Vinho Verde,[]
2163,Borgo Conventi,87.6,20.2,87.0,16.5,9,5,"['Pinot Grigio', 'Chardonnay', 'Friulano', 'Sauvignon', 'Sauvignon Blanc']",Italy,Northeastern Italy,['Collio']
2164,Borgo Isolabella,87.7,40.0,88.0,40.0,3,2,"['Moscato', 'Barbera']",Italy,Piedmont,['Loazzolo']
2165,Borgo Magredo,85.0,14.0,85.0,14.0,2,1,['Pinot Grigio'],Italy,Northeastern Italy,['Friuli Grave']
2166,Borgo Magredo,86.3,15.3,87.0,15.0,3,2,"['Prosecco', 'Glera']",Italy,Veneto,['Prosecco del Veneto']
2167,Borgo Maragliano,87.5,30.4,87.0,30.0,6,3,"['Sparkling Blend', 'Chardonnay', 'Pinot Nero']",Italy,Italy Other,['Vino Spumante']
2168,Borgo Maragliano,86.8,18.8,87.0,16.0,5,3,"['Brachetto', 'Chardonnay', 'Moscato']",Italy,Piedmont,['Piedmont']
2169,Borgo Moncalvo,83.0,18.0,83.0,18.0,1,1,['Moscato'],Italy,Piedmont,"[""Moscato d'Asti""]"
2170,Borgo Pretale,89.0,50.0,89.0,50.0,1,1,['Sangiovese'],Italy,Tuscany,['Colli della Toscana Centrale']
2171,Borgo Salcetino,87.2,22.7,87.0,23.0,4,2,"['Sangiovese', 'Red Blend']",Italy,Tuscany,['Chianti']
2172,Borgo San Daniele,89.4,32.0,89.0,32.0,5,3,"['Malvasia', 'Pinot Grigio', 'Friulano']",Italy,Northeastern Italy,['Friuli Isonzo']
2173,Borgo San Leo,86.0,12.0,86.0,12.0,1,1,['Prosecco'],Italy,Veneto,['Prosecco del Veneto']
2174,Borgo Scopeto,89.0,26.7,89.0,24.0,21,2,"['Red Blend', 'Sangiovese']",Italy,Tuscany,['Toscana']
2175,Borgo dei Vassalli,87.0,10.0,87.0,10.0,1,1,['Pinot Grigio'],Italy,Northeastern Italy,['Venezia Giulia']
2176,Borgo del Tiglio,92.0,73.8,92.0,80.0,6,4,"['Friulano', 'Sauvignon', 'White Blend', 'Chardonnay']",Italy,Northeastern Italy,['Collio']
2177,Borgo di Colloredo,86.1,18.2,86.0,18.0,16,8,"['Red Blend', 'Malvasia', 'Aglianico', 'Montepulciano', 'Falanghina', 'White Blend', 'Greco', 'Sangiovese']",Italy,Southern Italy,['Biferno Rosso']
2178,Borgogno,90.6,106.4,90.0,119.0,10,2,"['Nebbiolo', 'Dolcetto']",Italy,Piedmont,['Barolo']
2179,Borgogno F.lli Serio e Battista,88.6,39.9,89.0,43.0,17,3,"['Nebbiolo', 'Barbera', 'Dolcetto']",Italy,Piedmont,['Barolo']
2180,Borgogno Giacomo e Figli,90.0,91.0,90.0,102.0,3,1,['Nebbiolo'],Italy,Piedmont,['Barolo']
2181,Borgognot,89.0,35.0,89.0,35.0,1,1,['Nebbiolo'],Italy,Piedmont,['Barolo']
2182,Borgoluce,87.4,22.2,87.0,22.0,11,1,['Glera'],Italy,Veneto,['Conegliano Valdobbiadene Prosecco Superiore']
2183,Borie la Vitarelle,84.0,11.0,84.0,11.0,1,1,['Merlot-Grenache'],France,Languedoc-Roussillon,['Vin de Pays des Coteaux de Murviel']
2184,Borjón,89.2,36.9,90.0,25.0,13,8,"['Red Blend', 'Barbera', 'Sangiovese', 'Primitivo', 'Petite Sirah', 'Zinfandel', 'Cabernet Sauvignon', 'Rosé']",US,California,"['Shenandoah Valley (CA)', 'Sierra Foothills']"
2185,Borne,88.0,28.0,88.0,28.0,1,1,['Chardonnay'],US,California,['Anderson Valley']
2186,Boroli,90.3,60.8,90.0,71.0,14,2,"['Nebbiolo', 'Barbera']",Italy,Piedmont,['Barolo']
2187,Borra,87.8,24.9,88.0,22.0,29,7,"['Vermentino', 'White Blend', 'Red Blend', 'Gewürztraminer', 'Syrah', 'Rhône-style Red Blend', 'Barbera']",US,California,"['Lodi', 'Central Valley']"
2188,Borrellie,87.3,22.7,87.0,25.0,3,3,"['Zinfandel', 'Chardonnay', 'Pinot Noir']",US,California,"['Sonoma County', 'Sonoma']"
2189,Borsao,86.2,9.4,86.5,8.0,44,7,"['Garnacha', 'Red Blend', 'Rosé', 'Viura', 'Grenache', 'Macabeo', 'Macabeo-Chardonnay']",Spain,Northern Spain,['Campo de Borja']
2190,Borsao,85.0,9.0,85.0,9.0,1,1,['Viura'],Spain,Spain Other,['Spain']
2191,Borthwick Vineyard,88.3,17.7,90.0,18.0,3,1,['Sauvignon Blanc'],New Zealand,Wairarapa,[]
2192,Bortolin,86.3,23.1,86.0,23.0,14,2,"['Prosecco', 'Glera']",Italy,Veneto,['Prosecco Superiore di Cartizze']
2193,Bortolin Angelo,89.2,24.7,89.5,23.0,4,1,['Glera'],Italy,Veneto,['Valdobbiadene Prosecco Superiore']
2194,Bortolomiol,88.7,23.0,89.0,22.0,24,2,"['Glera', 'Prosecco']",Italy,Veneto,['Conegliano Valdobbiadene Prosecco Superiore']
2195,Bortolotti,87.2,20.0,87.0,19.0,30,3,"['Glera', 'Prosecco', 'Sparkling Blend']",Italy,Veneto,['Conegliano Valdobbiadene Prosecco Superiore']
2196,Bortoluzzi,87.0,18.9,87.0,20.0,15,4,"['Friulano', 'Pinot Grigio', 'Sauvignon', 'Chardonnay']",Italy,Northeastern Italy,['Collio']
2197,Bortomiol,88.0,22.0,88.0,22.0,1,1,['Glera'],Italy,Veneto,['Valdobbiadene Prosecco Superiore']
2198,Boscarelli,90.3,52.8,90.0,45.0,21,4,"['Red Blend', 'Sangiovese', 'Prugnolo Gentile', 'White Blend']",Italy,Tuscany,['Vino Nobile di Montepulciano']
2199,Boschendal,86.7,16.3,87.0,16.0,14,7,"['Chenin Blanc', 'Rosé', 'Sauvignon Blanc', 'Shiraz', 'Cabernet Sauvignon', 'Chardonnay', 'Merlot']",South Africa,Coastal Region,[]
2200,Boschendal,89.0,62.5,89.0,62.5,2,2,"['Chardonnay', 'Pinot Noir']",South Africa,Elgin,[]
2201,Boschendal,90.0,14.0,90.0,14.0,2,1,['Sauvignon Blanc'],South Africa,Franschhoek,[]
2202,Boschendal,86.2,19.8,86.5,20.0,4,3,"['Chardonnay-Semillon', 'Chardonnay', 'Sparkling Blend']",South Africa,Western Cape,[]
2203,Boschkloof,91.0,,91.0,,2,2,"['Shiraz', 'Syrah']",South Africa,Stellenbosch,[]
2204,Boschkloof,85.0,18.0,85.0,18.0,1,1,['Syrah'],South Africa,Vlootenburg,[]
2205,Bosco Nestore,85.8,13.0,86.0,13.0,5,3,"['Montepulciano', 'Chardonnay', 'Rosato']",Italy,Central Italy,"[""Montepulciano d'Abruzzo""]"
2206,Bosco dei Cirmioli,84.0,,84.0,,1,1,['Montepulciano'],Italy,Central Italy,"[""Montepulciano d'Abruzzo""]"
2207,Bosco dei Cirmioli,84.5,,84.5,,2,2,"['Chardonnay', 'Sauvignon']",Italy,Northeastern Italy,['Delle Venezie']
2208,Bosco del Merlo,88.0,,88.0,,3,2,"['White Blend', 'Red Blend']",Italy,Northeastern Italy,['Delle Venezie']
2209,Bosco del Merlo,85.2,16.0,85.5,16.0,4,3,"['Pinot Grigio', 'Sauvignon', 'Refosco']",Italy,Veneto,['Venezia']
2210,Bosio,87.5,23.3,87.0,18.0,12,5,"['Nebbiolo', 'Moscato', 'Brachetto', 'Barbera', 'Dolcetto']",Italy,Piedmont,['Barolo']
2211,Bosio,85.0,15.0,85.0,15.0,1,1,['Moscato'],Italy,Southern Italy,['Puglia']
2212,Bosman Family Vineyards,88.3,30.3,89.0,28.0,3,3,"['Pinotage', 'Red Blend', 'Cabernet Sauvignon']",South Africa,Wellington,[]
2213,Bosque De Matasnos,90.0,60.0,90.0,60.0,1,1,['Red Blend'],Spain,Northern Spain,['Ribera del Duero']
2214,Bossy Boots,84.0,12.0,85.0,12.0,3,3,"['Cabernet Sauvignon', 'Sauvignon Blanc', 'Merlot']",Chile,Maule Valley,[]
2215,Bostavan,86.8,9.5,87.0,9.5,8,5,"['Merlot', 'White Blend', 'Cabernet Sauvignon', 'Red Blend', 'Chardonnay']",Moldova,Moldova,[]
2216,Bota Box,83.3,22.0,84.0,23.0,3,2,"['Malbec', 'Moscato']",Argentina,Mendoza Province,['Mendoza']
2217,Bota Box,84.0,23.0,84.0,23.0,1,1,['Pinot Noir'],Chile,Chile,[]
2218,Bota Box,84.7,21.6,84.0,23.0,43,12,"['Red Blend', 'Chardonnay', 'Cabernet Sauvignon', 'Merlot', 'Riesling', 'Pinot Grigio', 'Zinfandel', 'Malbec', 'Sauvignon Blanc', 'Shiraz', 'Moscato', 'Rosé']",US,California,"['California', 'California Other']"
2219,Botalcura,84.5,16.0,84.5,16.0,2,2,"['Sauvignon Blanc', 'Chardonnay']",Chile,Casablanca Valley,[]
2220,Botalcura,84.1,20.1,84.0,12.0,11,5,"['Red Blend', 'Chardonnay-Viognier', 'Merlot', 'Carmenère', 'Syrah']",Chile,Central Valley,[]
2221,Botalcura,84.7,20.0,85.0,20.0,3,2,"['Carmenère', 'Cabernet Franc']",Chile,Curicó Valley,[]
2222,Botalcura,84.5,18.5,84.5,18.5,2,1,['Malbec'],Chile,Maipo Valley,[]
2223,Botalcura,85.8,15.1,85.5,17.0,8,5,"['Malbec', 'Sauvignon Blanc', 'Cabernet Franc', 'Carmenère', 'Cabernet Sauvignon']",Chile,Maule Valley,[]
2224,Botalcura,85.2,18.8,86.5,18.5,4,2,"['Cabernet Sauvignon', 'Carmenère']",Chile,Rapel Valley,[]
2225,Botanica,89.0,22.0,89.0,22.0,1,1,['Chenin Blanc'],South Africa,Western Cape,[]
2226,Botromagno,86.9,18.2,87.0,18.0,14,8,"['Primitivo', 'Red Blend', 'Uva di Troia', 'Malvasia', 'White Blend', 'Malvasia Bianca', 'Rosato', 'Fiano']",Italy,Southern Italy,['Puglia']
2227,Bott Frères,87.4,21.0,87.0,20.0,19,7,"['Riesling', 'Sparkling Blend', 'Muscat', 'Pinot Noir', 'Gewürztraminer', 'Pinot Blanc', 'Pinot Gris']",France,Alsace,['Alsace']
2228,Bottazza,86.0,,86.0,,1,1,['Barbera'],Italy,Piedmont,['Barbera del Monferrato']
2229,Bottega,87.5,,87.5,,2,1,['Sangiovese'],Italy,Tuscany,['Rosso di Montalcino']
2230,Bottega,85.9,51.8,85.0,30.0,11,6,"['Glera', 'Corvina, Rondinella, Molinara', 'Moscato', 'Red Blend', 'Sparkling Blend', 'Pinot Nero']",Italy,Veneto,['Veneto']
2231,Bottega Vinai,88.0,18.0,88.0,18.0,1,1,['Pinot Nero'],Italy,Northeastern Italy,['Trentino']
2232,Bottega Vinaia,87.6,17.8,88.0,18.0,9,5,"['Pinot Grigio', 'Teroldego', 'Lagrein', 'Sauvignon', 'Nosiola']",Italy,Northeastern Italy,['Trentino']
2233,Botter,86.0,12.5,86.0,12.5,3,2,"[""Nero d'Avola"", 'Red Blend']",Italy,Sicily & Sardinia,['Sicilia']
2234,Botter,87.0,10.0,87.0,10.0,3,2,"['Red Blend', 'Primitivo']",Italy,Southern Italy,['Salice Salentino']
2235,Botter,85.6,16.5,86.0,16.0,5,1,['Glera'],Italy,Veneto,['Prosecco']
2236,Botti in Balzi,87.0,,87.0,,1,1,['White Blend'],Italy,Tuscany,['Toscana']
2237,Bouchaine,87.7,35.8,88.0,30.0,31,3,"['Pinot Noir', 'Chardonnay', 'Pinot Meunier']",US,California,"['Carneros', 'Napa-Sonoma']"
2238,Bouchard Aîné & Fils,84.3,13.0,85.0,13.0,3,1,['Gamay'],France,Beaujolais,['Beaujolais']
2239,Bouchard Aîné & Fils,87.6,57.5,88.0,52.0,40,2,"['Pinot Noir', 'Chardonnay']",France,Burgundy,['Beaune']
2240,Bouchard Aîné et Fils,89.6,65.4,91.0,69.0,5,2,"['Pinot Noir', 'Chardonnay']",France,Burgundy,['Beaune']
2241,Bouchard Finlayson,90.0,55.0,90.0,55.0,1,1,['Pinot Noir'],South Africa,Hemel en Aarde,[]
2242,Bouchard Finlayson,89.2,28.0,90.5,27.5,4,1,['Chardonnay'],South Africa,Overberg,[]
2243,Bouchard Finlayson,86.0,15.0,86.0,15.0,1,1,['Sauvignon Blanc'],South Africa,Stellenbosch,[]
2244,Bouchard Finlayson,87.9,27.9,88.0,26.0,9,4,"['Sauvignon Blanc', 'Pinot Noir', 'Chardonnay', 'Red Blend']",South Africa,Walker Bay,[]
2245,Bouchard Finlayson,86.0,18.5,86.0,18.5,2,1,['White Blend'],South Africa,Western Cape,[]
2246,Bouchard Père & Fils,91.0,112.2,91.0,67.5,135,2,"['Chardonnay', 'Pinot Noir']",France,Burgundy,['Chevalier-Montrachet']
2247,Bouchié-Chatelier,90.0,60.0,90.0,60.0,2,1,['Sauvignon Blanc'],France,Loire Valley,['Pouilly-Fumé']
2248,Bouchié-Chatellier,90.0,23.0,90.0,23.0,1,1,['Sauvignon Blanc'],France,Loire Valley,['Pouilly-Fumé']
2249,Bouché Père et Fils,88.0,39.0,88.0,39.0,1,1,['Champagne Blend'],France,Champagne,['Champagne']
2250,Boude Baudin,90.8,74.2,91.0,59.0,6,2,"['Champagne Blend', 'Chardonnay']",France,Champagne,['Champagne']
2251,Boudreaux Cellars,90.2,51.0,90.0,47.5,34,8,"['Syrah', 'Merlot', 'Chardonnay', 'Cabernet Sauvignon', 'Riesling', 'Sangiovese', 'Malbec', 'Red Blend']",US,Washington,"['Walla Walla Valley (WA)', 'Columbia Valley']"
2252,Bougetz,88.8,48.1,89.5,47.0,10,3,"['Cabernet Sauvignon', 'Sauvignon Blanc', 'Pinot Noir']",US,California,"['Napa Valley', 'Napa']"
2253,Bougrier,85.0,12.5,85.0,12.5,8,4,"['Rosé', 'Pinot Noir', 'Chardonnay', 'Sauvignon Blanc']",France,France Other,['Vin de France']
2254,Bougrier,84.4,13.8,84.5,14.0,32,5,"['Sauvignon Blanc', 'Melon', 'Rosé', 'Chenin Blanc', 'Cabernet Franc']",France,Loire Valley,['Touraine']
2255,Bouké,85.4,19.2,86.0,19.0,5,3,"['Rosé', 'Red Blend', 'White Blend']",US,New York,"['North Fork of Long Island', 'Long Island']"
2256,Bouldervines,86.0,,86.0,,1,1,['Sauvignon Blanc'],New Zealand,Marlborough,[]
2257,Boundary Breaks,90.5,24.4,91.0,21.0,14,1,['Riesling'],US,New York,"['Finger Lakes', 'Finger Lakes']"
2258,Bouquet,86.5,20.0,86.5,20.0,2,2,"['Sauvignon Blanc', 'Cabernet Franc']",US,New York,"['North Fork of Long Island', 'Long Island']"
2259,Bourassa Vineyards,86.6,42.4,87.0,43.5,14,10,"['Bordeaux-style Red Blend', 'Cabernet Franc', 'Petite Verdot', 'Petite Sirah', 'Syrah', 'Cabernet Sauvignon', 'Port', 'Merlot', 'Zinfandel', 'Chardonnay']",US,California,"['Napa Valley', 'Napa']"
2260,Bourgeois Family,89.0,10.0,89.0,10.0,1,1,['Merlot-Grenache'],France,France Other,['Vin de Pays de la Méditerranée']
2261,Bourgeois Family,84.5,16.0,84.5,16.0,2,2,"['Chardonnay', 'Sparkling Blend']",France,Languedoc-Roussillon,"[""Pays d'Oc""]"
2262,Bourgeois Family,86.0,11.7,86.0,12.0,3,2,"['Rhône-style White Blend', 'Rhône-style Red Blend']",France,Rhône Valley,['Côtes-du-Ventoux']
2263,Boutari,86.0,20.0,86.0,20.0,1,1,['Savatiano'],Greece,Attica,[]
2264,Boutari,84.3,21.7,84.0,15.0,3,2,"['Red Blend', 'Vilana']",Greece,Crete,[]
2265,Boutari,88.0,35.0,88.0,35.0,2,1,['Red Blend'],Greece,Goumenissa,[]
2266,Boutari,86.5,30.5,86.5,26.5,4,1,['Red Blend'],Greece,Greece,[]
2267,Boutari,86.0,27.0,86.0,27.0,1,1,['Cabernet Blend'],Greece,Korinthia,[]
2268,Boutari,85.0,25.0,85.0,25.0,1,1,['Red Blend'],Greece,Macedonia,[]
2269,Boutari,87.6,16.7,87.0,17.0,9,1,['Moschofilero'],Greece,Mantinia,[]
2270,Boutari,85.8,19.8,85.5,17.0,6,1,['Xinomavro'],Greece,Naoussa,[]
2271,Boutari,85.2,16.8,85.0,17.0,5,1,['Agiorgitiko'],Greece,Nemea,[]
2272,Boutari,87.6,23.6,88.0,21.0,13,2,"['Assyrtiko', 'Assyrtico']",Greece,Santorini,[]
2273,Boutinot,84.0,10.0,84.0,10.0,1,1,['Gamay'],France,Beaujolais,['Beaujolais-Villages']
2274,Boutinot,87.0,15.0,87.0,15.0,1,1,['Chardonnay'],France,Burgundy,['Bourgogne']
2275,Boutinot,88.0,18.0,88.0,18.0,2,2,"['Rhône-style Red Blend', 'Rosé']",France,Rhône Valley,['Côtes du Rhône Villages']
2276,Boutique Wines,88.0,22.0,88.0,22.0,1,1,['Chardonnay'],Australia,South Australia,['Adelaide Hills']
2277,Boutíque Wildflower,84.0,11.0,84.0,11.0,1,1,['Chardonnay'],Australia,Australia Other,['South Eastern Australia']
2278,Bouvet-Ladubay,85.6,15.0,86.0,14.0,9,4,"['Sparkling Blend', 'White Blend', 'Red Blend', 'Chenin Blanc-Chardonnay']",France,France Other,['Vin Mousseux']
2279,Bouvet-Ladubay,89.4,16.5,89.0,17.0,20,5,"['Sparkling Blend', 'Cabernet Franc', 'Chenin Blanc-Chardonnay', 'Chardonnay', 'Chenin Blanc']",France,Loire Valley,['Saumur']
2280,Bouza,88.7,36.7,88.0,43.0,3,2,"['Red Blend', 'Tannat']",Uruguay,Canelones,[]
2281,Bouza,89.3,31.7,89.5,25.0,10,4,"['Red Blend', 'Albariño', 'Tannat', 'Tempranillo-Tannat']",Uruguay,Montevideo,[]
2282,Bouza,87.7,31.7,89.0,25.0,3,2,"['Tannat', 'Albariño']",Uruguay,Uruguay,[]
2283,Bouza Grande,89.0,22.0,89.0,22.0,1,1,['Albariño'],Spain,Galicia,['Rías Baixas']
2284,Bouza de Carril,84.7,19.0,84.0,20.0,3,1,['Albariño'],Spain,Galicia,['Rías Baixas']
2285,Bouza do Rei,91.0,15.0,91.0,15.0,1,1,['Albariño'],Spain,Galicia,['Rías Baixas']
2286,Bovale,86.7,14.7,86.0,15.0,3,1,['Bobal'],Spain,Levante,['Utiel-Requena']
2287,Bovin,84.5,15.4,84.5,15.0,10,6,"['Vranec', 'Red Blend', 'Cabernet Sauvignon', 'Sauvignon', 'Chardonnay', 'White Blend']",Macedonia,Tikves,[]
2288,Bowe Joubert Vineyard & Winery,88.0,12.0,88.0,12.0,1,1,['Sauvignon Blanc'],South Africa,Stellenbosch,[]
2289,Bowen Estate,88.5,29.5,88.5,29.5,2,2,"['Shiraz', 'Cabernet Sauvignon']",Australia,South Australia,['Coonawarra']
2290,Bowers Harbor,86.1,21.2,86.0,18.0,8,2,"['Riesling', 'Chardonnay']",US,Michigan,['Old Mission Peninsula']
2291,Bowman Cellars,85.3,31.3,85.0,32.0,3,3,"['Chardonnay', 'Cabernet Sauvignon', 'Pinot Noir']",US,California,"['Russian River Valley', 'Sonoma']"
2292,Bowtie,84.5,14.0,84.5,14.0,2,2,"['Red Blend', 'White Blend']",US,California,"['California', 'California Other']"
2293,Box Car,86.0,28.0,86.0,28.0,1,1,['Pinot Noir'],US,California,"['Sonoma Coast', 'Sonoma']"
2294,Box O'Birds,89.0,17.0,89.0,17.0,2,1,['Sauvignon Blanc'],New Zealand,Marlborough,[]
2295,Box Stallion,83.0,25.0,83.0,25.0,2,1,['Chardonnay'],Australia,Victoria,['Mornington Peninsula']
2296,Boxwood,85.3,23.0,85.0,25.0,13,4,"['Cabernet Franc-Merlot', 'Rosé', 'Bordeaux-style Red Blend', 'Red Blend']",US,Virginia,['Middleburg']
2297,Boyanci,90.2,75.6,90.0,60.0,8,4,"['Cabernet Sauvignon', 'Cabernet Franc', 'Red Blend', 'Cabernet Blend']",US,California,"['Napa Valley', 'Napa']"
2298,Boyer,89.0,14.0,89.0,14.0,1,1,['Riesling'],US,California,"['Monterey', 'Central Coast']"
2299,Boyle MacDonald,87.2,27.0,87.5,22.0,4,4,"['Zinfandel', 'Rosé', 'Cabernet Sauvignon', 'Petite Sirah']",US,California,"['Sierra Foothills', 'Sierra Foothills']"
2300,Bozzano,85.0,35.0,85.0,35.0,1,1,['Merlot'],US,California,"['Santa Barbara County', 'Central Coast']"
2301,Boëté,88.1,36.7,88.0,36.0,11,3,"['Bordeaux-style Red Blend', 'Cabernet Franc', 'Cabernet Sauvignon']",US,California,"['Carmel Valley', 'Central Coast']"
2302,Bracamonte,87.0,14.5,87.0,14.5,2,1,['Tempranillo'],Spain,Northern Spain,['Ribera del Duero']
2303,Bracco,89.0,25.0,89.0,25.0,1,1,['White Blend'],Italy,Northeastern Italy,['Collio']
2304,Bracco Bosca,87.5,16.0,87.5,16.0,2,1,['Tannat'],Uruguay,Atlantida,[]
2305,Bradford Mountain,86.0,29.5,86.0,31.0,8,2,"['Syrah', 'Zinfandel']",US,California,"['Dry Creek Valley', 'Sonoma']"
2306,Bradgate,87.1,11.8,87.0,10.0,8,4,"['Sauvignon Blanc-Chenin Blanc', 'Syrah', 'Red Blend', 'White Blend']",South Africa,Stellenbosch,[]
2307,Bradley,84.2,21.0,84.0,20.0,4,2,"['Riesling', 'Pinot Noir']",US,Oregon,"['Elkton Oregon', 'Southern Oregon']"
2308,Brady Cellars,86.3,28.7,87.0,35.0,3,3,"['Bordeaux-style Red Blend', 'Rosé', 'Cabernet Sauvignon']",US,Washington,"['Columbia Valley (WA)', 'Columbia Valley']"
2309,Brady Family,87.5,75.0,87.5,75.0,2,1,['Red Blend'],US,California,"['Napa Valley', 'Napa']"
2310,Braida di Giacomo Bologna,90.8,27.9,91.0,23.0,12,3,"['Barbera', 'Moscato', 'Red Blend']",Italy,Piedmont,"[""Barbera d'Asti""]"
2311,Brampton,87.7,12.4,88.0,12.0,7,4,"['Shiraz', 'Chardonnay', 'Viognier', 'Rosé']",South Africa,Coastal Region,[]
2312,Brampton,87.7,14.0,87.0,14.0,3,2,"['Shiraz', 'Cabernet Sauvignon']",South Africa,Stellenbosch,[]
2313,Brampton,86.8,11.5,86.0,11.5,4,2,"['Sauvignon Blanc', 'Chardonnay']",South Africa,Western Cape,[]
2314,Brancaia,89.3,45.2,88.5,37.5,18,3,"['Red Blend', 'Sangiovese', 'White Blend']",Italy,Tuscany,['Toscana']
2315,Brancher,87.5,18.0,87.5,18.0,2,1,['Glera'],Italy,Veneto,['Valdobbiadene Prosecco Superiore']
2316,Branchini,92.0,45.0,92.0,45.0,1,1,['Albana'],Italy,Central Italy,['Albana di Romagna']
2317,Brancott,86.4,20.1,86.0,24.0,7,2,"['Chardonnay', 'Gewürztraminer']",New Zealand,Gisborne,[]
2318,Brancott,89.0,25.0,89.0,25.0,1,1,['Gewürztraminer'],New Zealand,Hawke's Bay,[]
2319,Brancott,87.8,22.2,88.0,20.0,45,6,"['Sauvignon Blanc', 'Pinot Noir', 'Chardonnay', 'Cabernet Sauvignon', 'Merlot', 'Pinot Grigio']",New Zealand,Marlborough,[]
2320,Brancott,86.0,12.5,86.0,12.5,2,1,['Pinot Noir'],New Zealand,South Island,[]
2321,Brandborg,87.8,21.0,88.0,18.0,30,6,"['Pinot Noir', 'Pinot Gris', 'Syrah', 'Riesling', 'Gewürztraminer', 'Sauvignon Blanc']",US,Oregon,"['Umpqua Valley', 'Southern Oregon']"
2322,Brander,88.4,26.0,88.0,25.0,100,13,"['Sauvignon Blanc', 'Cabernet Sauvignon', 'Merlot', 'Cabernet Franc', 'Syrah', 'Semillon-Sauvignon Blanc', 'Chardonnay', 'Red Blend', 'White Blend', 'Rosé', 'Bordeaux-style Red Blend', 'Sauvignon Blanc-Semillon', 'Cabernet Blend']",US,California,['Central Coast']
2323,Brandini,90.0,64.0,89.5,79.0,4,2,"['Nebbiolo', 'Dolcetto']",Italy,Piedmont,['Barolo']
2324,Brandl,89.8,25.2,90.0,25.0,9,2,"['Riesling', 'Grüner Veltliner']",Austria,Kamptal,[]
2325,Brandl,90.0,24.0,90.0,24.0,1,1,['Grüner Veltliner'],Austria,Niederösterreich,[]
2326,Brandlin,90.0,78.8,90.0,85.0,6,2,"['Cabernet Sauvignon', 'Bordeaux-style Red Blend']",US,California,"['Mount Veeder', 'Napa']"
2327,Brangero,90.0,62.0,90.0,62.0,1,1,['Nebbiolo'],Italy,Piedmont,['Barolo']
2328,Branson Coach House,91.0,105.0,91.0,105.0,1,1,['Cabernet Sauvignon'],Australia,South Australia,['Barossa Valley']
2329,Braschi,88.7,30.0,89.0,25.0,3,2,"['Albana', 'Sangiovese']",Italy,Central Italy,['Romagna']
2330,Brash Higgins,92.0,40.0,92.0,40.0,1,1,['Shiraz'],Australia,South Australia,['McLaren Vale']
2331,Brass Tacks,86.2,15.0,86.5,15.0,10,4,"['Petite Sirah', 'Merlot', 'Cabernet Sauvignon', 'Riesling']",US,California,"['North Coast', 'North Coast']"
2332,Brassfield,86.4,19.5,86.0,16.0,27,12,"['Red Blend', 'Pinot Noir', 'Rhône-style Red Blend', 'Sauvignon Blanc', 'Riesling', 'Pinot Grigio', 'White Blend', 'Syrah', 'Zinfandel', 'Pinot Gris', 'Rosé', 'Malbec']",US,California,"['High Valley', 'Mendocino/Lake Counties']"
2333,Bratanov,89.0,19.0,89.0,19.0,2,2,"['Merlot-Syrah', 'Tamianka']",Bulgaria,Thracian Valley,[]
2334,Bratcher,89.2,31.2,90.0,32.5,4,2,"['Pinot Noir', 'Chardonnay']",US,California,"['Santa Maria Valley', 'Central Coast']"
2335,Bravante,89.0,56.0,89.0,56.0,2,2,"['Cabernet Sauvignon', 'Merlot']",US,California,"['Howell Mountain', 'Napa']"
2336,Brave & Maiden,91.1,53.0,91.0,57.5,10,6,"['Syrah', 'Cabernet Sauvignon', 'Merlot', 'Red Blend', 'Cabernet Franc', 'Sauvignon Blanc']",US,California,"['Santa Ynez Valley', 'Central Coast']"
2337,Braveheart,89.0,20.0,89.0,20.0,1,1,['Cabernet Sauvignon'],US,California,"['California', 'California Other']"
2338,Bravium,89.0,33.8,88.5,34.0,12,3,"['Pinot Noir', 'Chardonnay', 'Rosé']",US,California,"['Sonoma Coast', 'Sonoma']"
2339,Bray,84.7,18.8,85.0,19.0,11,9,"['Tempranillo', 'Barbera', 'Primitivo', 'Petite Sirah', 'Red Blend', 'Zinfandel', 'Alicante Bouschet', 'Verdelho', 'Sangiovese']",US,California,"['Shenandoah Valley (CA)', 'Sierra Foothills']"
2340,Brazin,86.4,21.8,86.0,18.0,11,1,['Zinfandel'],US,California,"['Lodi', 'Central Valley']"
2341,Brazin Cellars,86.0,18.0,86.0,18.0,1,1,['Zinfandel'],US,California,"['Lodi', 'Central Valley']"
2342,Bread & Butter,85.1,17.0,84.0,18.0,7,3,"['Chardonnay', 'Riesling', 'Pinot Noir']",US,California,"['California', 'California Other']"
2343,Breathless,89.2,30.3,89.0,30.0,12,3,"['Sparkling Blend', 'Chardonnay', 'Pinot Gris']",US,California,"['Sonoma County', 'Sonoma']"
2344,Breaux,86.0,25.8,86.0,24.0,12,9,"['Nebbiolo', 'Cabernet Franc', 'Bordeaux-style Red Blend', 'Sauvignon Blanc', 'Rosé', 'Merlot', 'Cabernet Sauvignon', 'Chardonnay', 'Viognier']",US,Virginia,['Virginia']
2345,Breca,86.0,10.0,86.0,10.0,1,1,['Garnacha'],Spain,Northern Spain,['Calatayud']
2346,Brecon Estate,90.8,43.6,91.0,42.0,29,14,"['Grenache', 'Syrah', 'Petite Sirah', 'Viognier-Grenache Blanc', 'Rhône-style Red Blend', 'Cabernet Sauvignon', 'Albariño', 'Mourvèdre', 'Petit Verdot', 'Tannat', 'Red Blend', 'Meritage', 'Cabernet Franc', 'Cabernet Sauvignon-Syrah']",US,California,"['Adelaida District', 'Central Coast']"
2347,Bree,86.0,10.0,86.0,10.0,2,2,"['Pinot Noir', 'Riesling']",Germany,Pfalz,[]
2348,Breggo,89.4,41.4,89.5,40.0,18,5,"['Chardonnay', 'Pinot Noir', 'Sauvignon Blanc', 'Gewürztraminer', 'Pinot Gris']",US,California,"['Anderson Valley', 'Mendocino/Lake Counties']"
2349,Brella,85.0,20.0,85.0,20.0,2,1,['Pinot Noir'],US,Oregon,"['Oregon', 'Oregon Other']"
2350,Bremerton,85.8,18.8,87.0,19.0,4,3,"['Verdelho', 'Red Blend', 'Sauvignon Blanc']",Australia,South Australia,['Langhorne Creek']
2351,Brengman Brothers,85.5,36.2,85.0,30.0,4,4,"['Bordeaux-style Red Blend', 'Rosé', 'Riesling', 'Chardonnay']",US,Michigan,['Leelanau Peninsula']
2352,Brennan,86.4,25.0,86.0,25.0,11,5,"[""Nero d'Avola"", 'Roussanne', 'Tempranillo', 'Viognier', 'Rosé']",US,Texas,['Texas']
2353,Bressan,89.9,39.2,90.0,36.0,12,7,"['Verduzzo', 'White Blend', 'Verduzzo Friulano ', 'Pinot Grigio', 'Tocai Friulano', 'Pinot Nero', 'Pignolo']",Italy,Northeastern Italy,['Venezia Giulia']
2354,Bressia,87.9,44.9,89.0,32.0,16,7,"['Bordeaux-style Red Blend', 'Malbec', 'Red Blend', 'Cabernet Sauvignon', 'White Blend', 'Cabernet Franc', 'Syrah']",Argentina,Mendoza Province,['Mendoza']
2355,Bret Brothers,88.4,42.0,88.0,42.0,20,1,['Chardonnay'],France,Burgundy,['Viré-Clessé']
2356,Brewer-Clifton,92.1,64.6,92.0,64.0,21,2,"['Pinot Noir', 'Chardonnay']",US,California,"['Sta. Rita Hills', 'Central Coast']"
2357,Brezza,92.3,50.9,93.0,55.0,30,3,"['Nebbiolo', 'Barbera', 'Dolcetto']",Italy,Piedmont,['Barolo']
2358,Brian Benson,91.4,51.7,92.0,55.0,9,7,"['Syrah-Mourvèdre', 'Rhône-style Red Blend', 'Primitivo', 'Red Blend', 'Cabernet Sauvignon-Syrah', 'Syrah', 'G-S-M']",US,California,"['Paso Robles', 'Central Coast']"
2359,Brian Carter Cellars,89.8,33.9,90.0,31.0,80,13,"['Red Blend', 'Rhône-style Red Blend', 'Bordeaux-style Red Blend', 'White Blend', 'Grenache-Shiraz', 'Sangiovese', 'Port', 'Grenache', 'Touriga Nacional', 'Rosé', 'Cabernet Sauvignon', 'Viognier', 'Merlot']",US,Washington,"['Yakima Valley', 'Columbia Valley']"
2360,Briar Rose,82.0,68.0,82.0,68.0,1,1,['Cabernet Sauvignon'],US,California,"['Temecula', 'South Coast']"
2361,Bric Cenciurio,91.3,62.5,92.0,61.0,15,2,"['Nebbiolo', 'Barbera']",Italy,Piedmont,['Barolo']
2362,Bricco Grilli,89.0,,88.0,,3,1,['Nebbiolo'],Italy,Piedmont,['Barbaresco']
2363,Bricco Maiolica,88.2,29.8,88.0,25.0,5,3,"['Dolcetto', 'Barbera', 'Nebbiolo']",Italy,Piedmont,"[""Dolcetto di Diano d'Alba""]"
2364,Bricco Mondalino,86.0,36.0,86.0,36.0,1,1,['Barbera'],Italy,Piedmont,"[""Barbera d'Asti""]"
2365,Bricco dei Guazzi,85.4,20.4,87.0,20.0,5,3,"['Barbera', 'Cortese', 'Red Blend']",Italy,Piedmont,['Barbera del Monferrato']
2366,Bricco del Prete,87.0,,87.0,,1,1,['Nebbiolo'],Italy,Piedmont,['Roero']
2367,Brice Station,84.5,17.0,84.5,17.0,2,2,"['Cabernet Franc', 'Cabernet Sauvignon']",US,California,"['Calaveras County', 'Sierra Foothills']"
2368,Briceland,89.0,23.2,90.0,21.0,5,4,"['Arneis', 'Chardonnay', 'Cabernet Sauvignon', 'Syrah']",US,California,['Mendocino County']
2369,Brick & Mortar,90.4,37.4,91.0,42.0,17,4,"['Pinot Noir', 'Rosé', 'Chardonnay', 'Pinot-Chardonnay']",US,California,"['Napa Valley', 'Napa']"
2370,Brick House,92.4,44.9,92.0,45.0,13,3,"['Gamay Noir', 'Pinot Noir', 'Chardonnay']",US,Oregon,"['Ribbon Ridge', 'Willamette Valley']"
2371,Brick Road,85.0,30.0,85.0,30.0,1,1,['Shiraz'],Australia,South Australia,['McLaren Vale']
2372,Bride Valley Vineyard,92.7,78.3,93.0,75.0,3,1,['Sparkling Blend'],England,England,[]
2373,Bridge Press,90.3,30.0,91.0,30.0,3,3,"['Cabernet Franc', 'Cabernet Sauvignon', 'Merlot']",US,Washington,"['Walla Walla Valley (WA)', 'Columbia Valley']"
2374,Bridgeview,84.8,15.0,84.0,12.5,24,11,"['Red Blend', 'Muscat', 'Pinot Gris', 'Gewürztraminer', 'Syrah', 'Viognier', 'Merlot', 'Pinot Noir', 'Riesling', 'Cabernet Sauvignon-Merlot', 'Chardonnay']",US,Oregon,"['Applegate Valley', 'Southern Oregon']"
2375,Bridgeway,84.8,19.6,85.0,20.0,5,4,"['Cabernet Sauvignon', 'Zinfandel', 'Syrah', 'Chardonnay']",US,California,"['Napa Valley', 'Napa']"
2376,Bridgman,86.9,12.3,86.0,13.0,9,6,"['Chardonnay', 'Syrah', 'Riesling', 'Merlot', 'Roussanne', 'Cabernet Sauvignon']",US,Washington,"['Columbia Valley (WA)', 'Columbia Valley']"
2377,Bridlewood,86.3,22.2,86.0,18.0,47,11,"['Chardonnay', 'Pinot Noir', 'Red Blend', 'Rhône-style Red Blend', 'Sauvignon Blanc', 'Cabernet Sauvignon', 'Syrah', 'Viognier', 'G-S-M', 'Zinfandel', 'Merlot']",US,California,"['Monterey County', 'Central Coast']"
2378,Brigadoon,89.6,25.7,90.0,23.0,7,3,"['Pinot Blanc', 'Pinot Noir', 'Riesling']",US,Oregon,"['Willamette Valley', 'Willamette Valley']"
2379,Brigaldara,88.8,53.7,90.0,60.0,12,2,"['Corvina, Rondinella, Molinara', 'Red Blend']",Italy,Veneto,['Amarone della Valpolicella']
2380,Bright Angel WInes,89.0,43.3,89.0,40.0,3,2,"['Chardonnay', 'Cabernet Sauvignon']",US,California,"['Sta. Rita Hills', 'Central Coast']"
2381,Bright Angel Wines,88.0,50.0,88.0,50.0,1,1,['Pinot Noir'],US,California,"['Sonoma Coast', 'Sonoma']"
2382,Brilliant Mistake,92.0,85.0,92.0,85.0,1,1,['Cabernet Sauvignon'],US,California,"['Stags Leap District', 'Napa']"
2383,Brimoncourt,88.8,65.0,88.0,65.0,4,1,['Champagne Blend'],France,Champagne,['Champagne']
2384,Brimstone,87.0,17.0,87.0,17.0,1,1,['Red Blend'],US,Oregon,"['Columbia Valley (OR)', 'Oregon Other']"
2385,Brion,92.2,75.0,92.0,72.5,4,1,['Cabernet Sauvignon'],US,California,"['Napa Valley', 'Napa']"
2386,Brittan Vineyards,92.7,50.0,93.0,45.0,11,2,"['Pinot Noir', 'Chardonnay']",US,Oregon,"['Willamette Valley', 'Willamette Valley']"
2387,Brjnda,88.0,20.0,88.0,20.0,1,1,['Nebbiolo'],Italy,Piedmont,"[""Nebbiolo d'Alba""]"
2388,Broadbent,87.0,15.0,87.0,15.0,2,1,['Malbec'],Argentina,Mendoza Province,['Mendoza']
2389,Broadbent,89.0,14.0,89.0,14.0,1,1,['Grüner Veltliner'],Austria,Niederösterreich,[]
2390,Broadbent,87.6,49.0,88.0,49.0,5,1,['Madeira Blend'],Portugal,Madeira,[]
2391,Broadbent,90.3,48.0,92.0,48.0,3,1,['Port'],Portugal,Port,[]
2392,Broadbent,85.0,10.0,85.0,10.0,2,1,['Portuguese White'],Portugal,Vinho Verde,[]
2393,Broadley,90.2,33.0,91.0,27.5,6,1,['Pinot Noir'],US,Oregon,"['Willamette Valley', 'Willamette Valley']"
2394,Broadside,88.9,41.6,88.0,18.0,9,3,"['Cabernet Sauvignon', 'Chardonnay', 'Merlot']",US,California,"['Paso Robles', 'Central Coast']"
2395,Broadway Vineyards,86.0,36.3,86.5,35.0,10,3,"['Chardonnay', 'Syrah', 'Merlot']",US,California,"['Carneros', 'Napa-Sonoma']"
2396,Broc Cellars,90.0,24.0,90.0,24.0,1,1,['Valdiguié'],US,California,"['Solano County Green Valley', 'North Coast']"
2397,Brocatelli Galli,89.0,30.0,89.0,30.0,1,1,['Red Blend'],Italy,Central Italy,['Torgiano Rosso Riserva']
2398,Broccardo,88.0,38.0,88.0,49.0,5,3,"['Barbera', 'Nebbiolo', 'Dolcetto']",Italy,Piedmont,"[""Barbera d'Alba""]"
2399,Brochelle Vineyards,83.8,34.5,84.0,35.0,4,4,"['Syrah', 'Chardonnay', 'Zinfandel', 'Cabernet Sauvignon']",US,California,"['Paso Robles', 'Central Coast']"
2400,Brogan,91.0,76.0,93.0,65.0,5,1,['Pinot Noir'],US,California,"['Russian River Valley', 'Sonoma']"
2401,Broglia,85.0,19.1,85.0,21.0,9,1,['Cortese'],Italy,Piedmont,['Gavi']
2402,Broke Ass,84.0,4.0,84.0,4.0,1,1,['Malbec-Syrah'],Argentina,Mendoza Province,['Mendoza']
2403,Broken Clouds,89.0,13.0,89.0,13.0,2,2,"['Pinot Noir', 'Chardonnay']",US,California,"['Sonoma Coast', 'Sonoma']"
2404,Broken Earth,82.5,8.0,82.5,8.0,2,2,"['Shiraz', 'Chardonnay']",Australia,Australia Other,['South Eastern Australia']
2405,Broken Earth,87.4,30.6,87.0,24.0,17,9,"['Cabernet Sauvignon', 'Merlot', 'Petit Verdot', 'Albariño', 'Verdelho', 'Grenache', 'Chardonnay', 'Vermentino', 'Petite Sirah']",US,California,"['Paso Robles', 'Central Coast']"
2406,Brokenwood,89.3,25.0,90.0,27.0,3,2,"['Red Blend', 'Shiraz']",Australia,Australia Other,['South Eastern Australia']
2407,Brokenwood,89.3,55.3,90.0,36.0,13,2,"['Shiraz', 'Sémillon']",Australia,New South Wales,['Hunter Valley']
2408,Brokenwood,88.0,47.7,88.0,46.0,3,1,['Shiraz'],Australia,South Australia,['Barossa Valley-McLaren Vale']
2409,Brokenwood,89.0,22.0,89.0,22.0,2,1,['Pinot Noir'],Australia,Victoria,['Beechworth']
2410,Broll Mountain Vineyards,87.5,31.5,88.0,31.5,4,3,"['Petite Sirah', 'Syrah', 'Merlot']",US,California,"['Calaveras County', 'Sierra Foothills']"
2411,Broman,89.3,39.3,90.0,48.0,10,2,"['Cabernet Sauvignon', 'Sauvignon Blanc']",US,California,"['Napa Valley', 'Napa']"
2412,Brookdale Vineyards,89.2,46.7,89.0,45.0,6,1,['Cabernet Sauvignon'],US,California,"['Napa Valley', 'Napa']"
2413,Brookland Valley,87.0,19.3,87.0,16.0,3,3,"['Chardonnay', 'Cabernet Sauvignon-Merlot', 'Semillon-Sauvignon Blanc']",Australia,Western Australia,['Margaret River']
2414,Brooklyn Oenology,86.0,23.1,86.0,17.5,15,7,"['White Blend', 'Chardonnay', 'Riesling', 'Rosé', 'Bordeaux-style Red Blend', 'Red Blend', 'Pinot Gris']",US,New York,"['North Fork of Long Island', 'Long Island']"
2415,Brooklyn West,88.3,38.7,88.5,37.0,6,5,"['Riesling', 'Cabernet Franc', 'Zinfandel', 'Red Blend', 'Barbera']",US,California,"['Santa Ynez Valley', 'Central Coast']"
2416,Brooklyn Winery,88.0,32.2,88.5,32.5,4,4,"['Cabernet Sauvignon', 'Pinot Noir', 'Malbec', 'Zinfandel']",US,California,"['Sonoma Valley', 'Sonoma']"
2417,Brooklyn Winery,89.0,22.5,89.0,21.5,4,3,"['Cabernet Franc', 'Riesling', 'Chardonnay']",US,New York,"['Finger Lakes', 'Finger Lakes']"
2418,Brookman,87.0,60.0,87.0,60.0,1,1,['Cabernet Sauvignon'],US,California,"['Napa Valley', 'Napa']"
2419,Brooks,89.8,30.9,89.5,24.0,22,6,"['Pinot Noir', 'Riesling', 'White Blend', 'Pinot Blanc', 'Gewürztraminer', 'Rosé']",US,Oregon,"['Eola-Amity Hills', 'Willamette Valley']"
2420,Brophy Clark,87.9,21.9,88.0,20.0,21,6,"['Zinfandel', 'Chardonnay', 'Pinot Noir', 'G-S-M', 'Sauvignon Blanc', 'Syrah']",US,California,"['Paso Robles', 'Central Coast']"
2421,Brosseau,92.0,34.0,92.0,38.0,3,2,"['Chardonnay', 'Syrah']",US,California,"['Chalone', 'Central Coast']"
2422,Brotherhood,83.9,13.8,84.0,15.0,17,6,"['Riesling', 'Pinot Noir', 'Sparkling Blend', 'Chardonnay', 'Merlot', 'Cabernet Sauvignon']",US,New York,"['New York', 'New York Other']"
2423,Brothers in Arms,89.5,29.0,89.5,29.0,2,2,"['Shiraz-Cabernet Sauvignon', 'Shiraz']",Australia,South Australia,['Langhorne Creek']
2424,Brotte,86.0,11.0,86.0,11.0,1,1,['Rosé'],France,France Other,['Vin de France']
2425,Brotte,88.4,27.8,89.0,23.5,22,7,"['Rhône-style Red Blend', 'Viognier', 'Muscat', 'Rosé', 'White Blend', 'Rhône-style White Blend', 'Roussanne']",France,Rhône Valley,['Côtes du Rhône']
2426,Brovia,93.1,86.6,92.0,95.0,17,2,"['Nebbiolo', 'Barbera']",Italy,Piedmont,['Barolo']
2427,Brown Estate,90.2,50.0,90.0,52.5,4,3,"['Red Blend', 'Zinfandel', 'Chardonnay']",US,California,"['Napa Valley', 'Napa']"
2428,Browne Family Vineyards,88.3,32.5,88.0,35.0,39,12,"['Petit Verdot', 'Chardonnay', 'Red Blend', 'Cabernet Sauvignon', 'White Blend', 'Malbec', 'Grenache', 'Cabernet Franc', 'Merlot', 'Rosé', 'Sauvignon Blanc', 'Bordeaux-style Red Blend']",US,Washington,"['Columbia Valley (WA)', 'Columbia Valley']"
2429,Browns of Padthaway,86.0,13.0,86.0,13.0,1,1,['Verdelho'],Australia,South Australia,['Padthaway']
2430,Brownstone,82.0,9.0,82.0,9.0,2,2,"['Pinot Grigio', 'Pinot Noir']",US,California,"['California', 'California Other']"
2431,Brugnano,86.6,24.1,87.0,22.0,11,5,"[""Nero d'Avola"", 'Red Blend', 'Syrah', 'Catarratto', 'White Blend']",Italy,Sicily & Sardinia,['Sicilia']
2432,Bruliam,89.8,42.2,90.0,46.0,32,2,"['Pinot Noir', 'Zinfandel']",US,California,"['Sonoma Coast', 'Sonoma']"
2433,Brunelli,90.5,50.0,90.5,50.0,2,1,['Sangiovese Grosso'],Italy,Tuscany,['Brunello di Montalcino']
2434,Brunelli,90.2,51.1,90.0,46.0,25,3,"['Corvina, Rondinella, Molinara', 'Red Blend', 'Corvina']",Italy,Veneto,['Valpolicella Classico Superiore Ripasso']
2435,Brunelli Martoccia,89.2,53.4,89.0,50.0,13,3,"['Sangiovese', 'Sangiovese Grosso', 'Red Blend']",Italy,Tuscany,['Brunello di Montalcino']
2436,Bruni,87.8,25.6,88.0,27.0,6,3,"['Red Blend', 'White Blend', 'Vermentino']",Italy,Tuscany,['Morellino di Scansano']
2437,Bruno Cormerais,89.5,20.0,89.5,20.0,2,1,['Melon'],France,Loire Valley,['Muscadet Sèvre et Maine Clisson']
2438,Bruno Giacosa,89.0,50.0,89.0,50.0,1,1,['Pinot Nero'],Italy,Italy Other,['Vino Spumante']
2439,Bruno Giacosa,92.8,145.2,95.0,200.0,5,2,"['Nebbiolo', 'Champagne Blend']",Italy,Piedmont,"[""Nebbiolo d'Alba""]"
2440,Bruno Gobillard,89.5,56.5,89.5,56.5,2,1,['Champagne Blend'],France,Champagne,['Champagne']
2441,Bruno Hunold,88.0,17.0,88.0,17.0,1,1,['Pinot Blanc'],France,Alsace,['Alsace']
2442,Bruno Nicodemi,87.0,11.0,87.0,11.0,1,1,['Red Blend'],Italy,Central Italy,"[""Montepulciano d'Abruzzo""]"
2443,Bruno Paillard,91.6,89.8,92.0,68.0,25,2,"['Champagne Blend', 'Chardonnay']",France,Champagne,['Champagne']
2444,Bruno Porro,87.0,23.0,87.0,23.0,1,1,['Dolcetto'],Italy,Piedmont,['Dolcetto di Dogliani']
2445,Bruno Rocca,92.4,94.2,93.0,95.0,7,1,['Nebbiolo'],Italy,Piedmont,['Barbaresco']
2446,Brunori,87.5,15.0,87.5,14.5,4,2,"['Verdicchio', 'Red Blend']",Italy,Central Italy,['Verdicchio dei Castelli di Jesi Classico Superiore']
2447,Brushstroke,85.0,17.0,85.0,17.0,1,1,['Cabernet Franc'],US,California,"['Monterey County', 'Central Coast']"
2448,Brutocao,86.2,25.1,86.5,24.0,68,14,"['Red Blend', 'Zinfandel', 'Merlot', 'Sangiovese-Cabernet Sauvignon', 'Cabernet Sauvignon', 'Syrah', 'Pinot Noir', 'Primitivo', 'Sauvignon Blanc', 'Port', 'Dolcetto', 'Chardonnay', 'Bordeaux-style Red Blend', 'Barbera']",US,California,"['Mendocino', 'Mendocino/Lake Counties']"
2449,Bryant Family,96.0,335.0,96.0,335.0,1,1,['Cabernet Sauvignon'],US,California,"['Napa Valley', 'Napa']"
2450,Bryn Mawr Vineyards,89.1,32.1,89.5,29.0,12,4,"['Pinot Noir', 'Pinot Blanc', 'Chardonnay', 'Riesling']",US,Oregon,"['Willamette Valley', 'Willamette Valley']"
2451,Brys,87.0,44.4,88.0,50.0,5,3,"['Pinot Noir', 'Cabernet Franc', 'Merlot']",US,Michigan,['Old Mission Peninsula']
2452,Bryter,87.0,61.0,88.0,68.0,5,3,"['Chardonnay', 'Cabernet Sauvignon', 'Pinot Noir']",US,California,"['Sonoma Coast', 'Sonoma']"
2453,Bryx,86.0,25.0,86.0,25.0,1,1,['Pinot Noir'],US,Oregon,"['Willamette Valley', 'Willamette Valley']"
2454,Brüder Dr. Becker,89.0,20.0,89.0,20.0,2,1,['Scheurebe'],Germany,Rheinhessen,[]
2455,Bründlmayer,90.0,46.0,90.0,46.0,2,2,"['White Blend', 'Gelber Muskateller']",Austria,Austria,[]
2456,Bründlmayer,92.2,47.5,93.0,38.0,106,5,"['Riesling', 'Grüner Veltliner', 'Pinot Noir', 'St. Laurent', 'Gelber Muskateller']",Austria,Kamptal,[]
2457,Bründlmayer,89.4,31.4,89.0,23.5,18,9,"['Zweigelt', 'Grüner Veltliner', 'Gelber Muskateller', 'Pinot Noir', 'Rosé', 'St. Laurent', 'Chardonnay', 'Riesling', 'Cabernet Franc-Merlot']",Austria,Niederösterreich,[]
2458,Bründlmayer,88.6,35.2,89.0,44.0,5,1,['Sparkling Blend'],Austria,Österreichischer Sekt,[]
2459,Buccella,91.0,135.0,91.0,135.0,1,1,['Cabernet Sauvignon'],US,California,"['Napa Valley', 'Napa']"
2460,Bucci,89.1,38.1,88.0,23.0,15,2,"['Red Blend', 'Verdicchio']",Italy,Central Italy,['Rosso Piceno']
2461,Buccia Nera,86.0,15.1,85.0,12.0,7,4,"['Red Blend', 'Sangiovese', 'White Blend', 'Trebbiano-Malvasia']",Italy,Tuscany,['Toscana']
2462,Buccio,82.5,22.0,82.5,22.0,2,2,"['Chardonnay', 'Pinot Noir']",US,California,"['Carneros', 'Napa-Sonoma']"
2463,Buchegger,91.0,23.6,91.0,22.0,7,2,"['Riesling', 'Grüner Veltliner']",Austria,Kremstal,[]
2464,Buchegger,90.0,17.0,90.0,18.0,3,1,['Grüner Veltliner'],Austria,Niederösterreich,[]
2465,Bucher,89.9,36.1,90.0,35.0,10,2,"['Pinot Noir', 'Chardonnay']",US,California,"['Russian River Valley', 'Sonoma']"
2466,Buck Shack,88.7,30.7,88.0,30.0,3,2,"['Cabernet Sauvignon', 'Red Blend']",US,California,['Lake County']
2467,Buckeley's,82.5,10.0,82.5,10.0,2,2,"['Shiraz', 'Chardonnay']",Australia,South Australia,['South Australia']
2468,Bucklin,87.5,29.5,87.0,32.0,4,3,"['Zinfandel', 'Cabernet Sauvignon', 'Gewürztraminer']",US,California,"['Sonoma Valley', 'Sonoma']"
2469,Buddha Kat,86.0,19.0,86.0,19.0,1,1,['Riesling'],US,Washington,"['Columbia Valley (WA)', 'Columbia Valley']"
2470,Budeguer,86.0,27.0,85.0,29.0,5,3,"['Malbec', 'Cabernet Sauvignon', 'Chardonnay']",Argentina,Mendoza Province,['Mendoza']
2471,Budimir,88.0,25.8,88.0,22.0,8,4,"['Riesling', 'Red Blend', 'Tamjanika', 'Prokupac']",Serbia,Župa,[]
2472,Budini,82.7,11.7,82.5,11.0,6,3,"['Chardonnay', 'Malbec', 'Cabernet Sauvignon']",Argentina,Mendoza Province,['Mendoza']
2473,Budureasca,86.8,12.2,87.0,11.0,10,9,"['Red Blend', 'Chardonnay', 'Sauvignon Blanc', 'Pinot Noir', 'Tămâioasă Românească', 'Feteascǎ Regalǎ', 'Pinot Gris', 'Sauvignon', 'Merlot']",Romania,Dealu Mare,[]
2474,Budureasca,88.0,10.0,88.0,10.0,1,1,['Pinot Noir'],Romania,Romania,[]
2475,Buehler,87.6,29.5,88.0,25.0,28,3,"['Chardonnay', 'Zinfandel', 'Cabernet Sauvignon']",US,California,"['Russian River Valley', 'Sonoma']"
2476,Buena Vista,88.2,33.7,88.0,32.0,115,16,"['Pinot Noir', 'Zinfandel', 'Merlot', 'Chardonnay', 'Cabernet Sauvignon', 'Red Blend', 'Valdiguié', 'Pinot Gris', 'Carignane', 'Syrah', 'Rosé', 'White Blend', 'Sauvignon Blanc', 'Colombard', 'Bordeaux-style Red Blend', 'Petite Sirah']",US,California,"['Sonoma Coast', 'Sonoma']"
2477,Bueyes,90.0,22.0,90.0,22.0,1,1,['Malbec'],Argentina,Mendoza Province,['Uco Valley']
2478,Buffalo Grove,83.2,8.7,83.0,8.5,6,4,"['Chardonnay', 'Sauvignon Blanc', 'Cabernet Sauvignon', 'Merlot']",US,California,"['California', 'California Other']"
2479,Buffalo Ridge,82.5,12.0,82.5,12.0,2,2,"['Zinfandel', 'Syrah']",US,California,"['Central Coast', 'Central Coast']"
2480,Bugay,89.4,57.8,90.0,53.0,8,4,"['Cabernet Sauvignon', 'Syrah', 'Zinfandel', 'Sauvignon Blanc']",US,California,"['Sonoma County', 'Sonoma']"
2481,Buglioni,87.7,67.8,88.0,60.0,15,2,"['Corvina, Rondinella, Molinara', 'Red Blend']",Italy,Veneto,['Valpolicella Classico Superiore Ripasso']
2482,Buil & Giné,89.0,27.0,89.0,27.0,1,1,['Red Blend'],Spain,Catalonia,['Priorat']
2483,Buitenverwachting,88.0,12.0,87.0,12.0,3,1,['Sauvignon Blanc'],South Africa,Coastal Region,[]
2484,Buitenverwachting,88.0,16.2,88.0,15.0,13,2,"['Sauvignon Blanc', 'Chardonnay']",South Africa,Constantia,[]
2485,Buitenverwachting,85.0,12.0,85.0,12.0,1,1,['Cabernet Sauvignon'],South Africa,Western Cape,[]
2486,Bujdosó,86.0,23.0,86.0,23.0,1,1,['Traminer'],Hungary,Hungary,[]
2487,Bula,86.5,18.0,87.0,15.0,4,1,['Red Blend'],Spain,Catalonia,['Montsant']
2488,Bulas,90.0,37.5,90.0,37.5,2,2,"['Portuguese Red', 'Touriga Nacional']",Portugal,Douro,[]
2489,Bulas,90.5,43.0,90.5,43.0,2,1,['Port'],Portugal,Port,[]
2490,Bulgariana,89.0,11.0,89.0,11.0,1,1,['Gamza'],Bulgaria,Danube River Plains,[]
2491,Bulgariana,89.0,12.2,89.0,11.5,12,8,"['Red Blend', 'Cabernet Sauvignon', 'Pinot Noir', 'Cabernet Sauvignon-Syrah', 'Merlot', 'Chardonnay', 'White Blend', 'Sauvignon Blanc']",Bulgaria,Thracian Valley,[]
2492,Bulletin Place,84.3,9.5,85.0,10.0,13,5,"['Shiraz', 'Cabernet Sauvignon', 'Chardonnay', 'Merlot', 'Pinot Grigio']",Australia,Australia Other,['South Eastern Australia']
2493,Bulletin Place,85.0,10.0,85.0,10.0,1,1,['Shiraz'],Australia,South Australia,['South Australia']
2494,Bulliat,87.0,,87.0,,1,1,['Gamay'],France,Beaujolais,['Beaujolais-Villages']
2495,Bully Hill,83.5,9.0,84.0,9.5,4,4,"['Pinot Noir', 'Merlot', 'White Blend', 'Riesling']",US,New York,"['New York', 'New York Other']"
2496,Bumgarner,87.0,33.0,87.0,33.0,2,2,"['Tempranillo', 'Cabernet Sauvignon']",US,California,"['El Dorado', 'Sierra Foothills']"
2497,Bump,88.0,27.0,88.0,27.0,2,2,"['Chardonnay', 'Zinfandel']",US,California,"['Sonoma Valley', 'Sonoma']"
2498,Bump Wine Cellars,87.0,21.3,87.0,22.0,3,3,"['Syrah', 'Sauvignon Blanc', 'Zinfandel']",US,California,"['Sonoma Valley', 'Sonoma']"
2499,Bunchgrass,89.8,32.0,89.5,30.0,22,10,"['Cabernet Sauvignon', 'Bordeaux-style White Blend', 'Syrah', 'Red Blend', 'Cabernet Franc-Merlot', 'Bordeaux-style Red Blend', 'Malbec', 'Roussanne', 'Sémillon', 'Merlot']",US,Washington,"['Walla Walla Valley (WA)', 'Columbia Valley']"
2500,Bunnell,88.6,35.6,89.0,36.0,31,15,"['Syrah', 'Grenache', 'Pinot Gris', 'Mourvèdre', 'Cabernet Sauvignon', 'Rhône-style Red Blend', 'White Blend', 'Red Blend', 'Sangiovese', 'Chardonnay', 'Souzao', 'Bordeaux-style Red Blend', 'Merlot', 'Rhône-style White Blend', 'Malbec']",US,Washington,"['Columbia Valley (WA)', 'Columbia Valley']"
2501,Bunnell Family Cellar,90.1,33.0,90.0,35.5,24,6,"['Mourvèdre', 'Syrah', 'Red Blend', 'Viognier', 'Grenache', 'Petite Sirah']",US,Washington,"['Wahluke Slope', 'Columbia Valley']"
2502,Buoncristiani,90.8,47.0,91.5,44.0,4,3,"['Red Blend', 'Cabernet Blend', 'Syrah']",US,California,"['Napa Valley', 'Napa']"
2503,Buondonno,90.0,20.0,90.0,20.0,1,1,['Red Blend'],Italy,Tuscany,['Chianti Classico']
2504,Bura,83.0,14.0,83.0,14.0,1,1,['Red Blend'],Croatia,Peljesac,[]
2505,Burbank Ranch,88.0,37.7,87.5,37.5,6,6,"['Malbec', 'Bordeaux-style Red Blend', 'Syrah', 'Mourvèdre', 'Arneis', 'Rosé']",US,California,"['Paso Robles', 'Central Coast']"
2506,Burchino,86.6,18.8,86.0,15.5,9,2,"['Sangiovese', 'Red Blend']",Italy,Tuscany,['Toscana']
2507,Burford & Brown,86.0,17.5,86.0,17.5,2,2,"['Syrah', 'Barbera']",US,California,"['Amador County', 'Sierra Foothills']"
2508,Burgess,87.1,31.1,87.0,30.0,22,3,"['Syrah', 'Merlot', 'Cabernet Sauvignon']",US,California,"['Napa Valley', 'Napa']"
2509,Burgo Viejo,86.9,17.1,88.0,13.0,11,4,"['Tempranillo Blend', 'Tempranillo', 'Viura', 'Graciano']",Spain,Northern Spain,['Rioja']
2510,Burgáns,89.7,13.7,90.0,14.0,3,1,['Albariño'],Spain,Galicia,['Rías Baixas']
2511,Buried Cane,86.4,16.5,86.5,14.5,10,5,"['Cabernet Sauvignon', 'Chardonnay', 'Pinot Grigio', 'Red Blend', 'Rhône-style Red Blend']",US,Washington,"['Columbia Valley (WA)', 'Columbia Valley']"
2512,Burja,88.7,,88.0,,3,3,"['White Blend', 'Zelen', 'Pinot Noir']",Slovenia,Vipavska Dolina,[]
2513,Burmester,87.6,16.7,88.0,18.0,9,3,"['Portuguese White', 'Portuguese Red', 'Red Blend']",Portugal,Douro,[]
2514,Burmester,88.3,132.8,87.5,55.0,22,1,['Port'],Portugal,Port,[]
2515,Burnside Road,87.5,16.0,87.5,16.0,2,2,"['Rosé', 'Zinfandel']",US,California,"['Dry Creek Valley', 'Sonoma']"
2516,Burnt Bridge,88.5,32.8,88.0,34.0,17,9,"['Merlot', 'Grenache', 'Red Blend', 'Bordeaux-style Red Blend', 'Viognier', 'Syrah', 'Rhône-style White Blend', 'Rhône-style Red Blend', 'Cabernet Sauvignon']",US,Washington,"['Walla Walla Valley (WA)', 'Columbia Valley']"
2517,Burrell School Vineyards,87.3,37.2,87.0,34.0,13,7,"['Cabernet Franc', 'Chardonnay', 'Syrah', 'Pinot Noir', 'Merlot', 'Cabernet Franc-Merlot', 'Bordeaux-style Red Blend']",US,California,"['Santa Cruz Mountains', 'Central Coast']"
2518,Burrowing Owl,90.2,36.6,91.0,35.5,20,10,"['Syrah', 'Cabernet Sauvignon-Syrah', 'Pinot Noir', 'Cabernet Franc', 'Meritage', 'Merlot', 'Malbec', 'Chardonnay', 'Cabernet Sauvignon', 'Sauvignon Blanc']",Canada,British Columbia,['Okanagan Valley']
2519,Burt Street Cellars,84.3,27.3,84.0,32.0,3,3,"['Grenache', 'Rosé', 'Syrah']",US,California,"['Sonoma Coast', 'Sonoma']"
2520,Burton,88.0,16.0,88.0,16.0,1,1,['Cabernet Sauvignon-Merlot'],Australia,Australia Other,['South Eastern Australia']
2521,Bush Bike,84.7,12.0,85.0,11.0,3,2,"['Chardonnay', 'Riesling']",Australia,Western Australia,['Western Australia']
2522,Bush-Field,83.0,54.0,83.0,54.0,1,1,['Pinot Noir'],US,California,"['Sonoma Valley', 'Sonoma']"
2523,Butler Nephew & Co,87.5,27.5,87.0,27.5,4,1,['Port'],Portugal,Port,[]
2524,Butterfield Station,81.9,8.5,82.0,8.0,13,5,"['Sauvignon Blanc', 'Cabernet Sauvignon', 'Merlot', 'Chardonnay', 'Shiraz']",US,California,"['California', 'California Other']"
2525,Butterfly Kiss,82.7,12.0,82.0,12.0,3,2,"['Pinot Grigio', 'Chardonnay']",US,California,"['California', 'California Other']"
2526,Butternut,85.0,18.0,85.0,18.0,2,2,"['Pinot Noir', 'Chardonnay']",US,California,"['California', 'California Other']"
2527,Butting Heads,90.0,66.0,90.0,66.0,1,1,['Shiraz'],Australia,South Australia,['Barossa Valley']
2528,Buttonwood,89.3,21.7,89.0,22.0,19,9,"['Rosé', 'Grenache Blanc', 'Sauvignon Blanc', 'Syrah', 'Bordeaux-style White Blend', 'Cabernet Sauvignon', 'Cabernet Franc', 'Bordeaux-style Red Blend', 'Chardonnay']",US,California,"['Santa Ynez Valley', 'Central Coast']"
2529,Buttonwood Farm,85.2,19.9,85.0,20.0,32,15,"['Syrah', 'Grenache', 'Rosé', 'Sauvignon Blanc', 'Sauvignon Blanc-Semillon', 'Cabernet Franc', 'Merlot', 'Red Blend', 'Grenache Blanc', 'Marsanne', 'Grenache-Syrah', 'Malbec', 'Syrah-Cabernet', 'Cabernet Sauvignon', 'Semillon-Sauvignon Blanc']",US,California,"['Santa Ynez Valley', 'Central Coast']"
2530,Buttonwood Grove,85.2,18.2,86.0,16.0,4,2,"['Chardonnay', 'Riesling']",US,New York,"['Finger Lakes', 'Finger Lakes']"
2531,Buty,91.3,39.3,91.0,40.0,63,12,"['Chardonnay', 'Bordeaux-style White Blend', 'Merlot-Cabernet Franc', 'Red Blend', 'Cabernet Sauvignon-Cabernet Franc', 'Bordeaux-style Red Blend', 'Cabernet Sauvignon-Syrah', 'White Blend', 'Semillon-Sauvignon Blanc', 'Syrah-Cabernet', 'Syrah-Cabernet Sauvignon', 'Rhône-style Red Blend']",US,Washington,"['Columbia Valley (WA)', 'Columbia Valley']"
2532,Buzzard Tree,80.0,12.0,80.0,12.0,1,1,['Zinfandel'],US,California,"['Paso Robles', 'Central Coast']"
2533,Byington,87.7,34.7,87.0,35.0,25,9,"['Cabernet Sauvignon', 'Sauvignon Blanc', 'Red Blend', 'Chardonnay', 'Pinot Noir', 'Grenache', 'Merlot', 'Petite Sirah', 'Cabernet Franc']",US,California,"['Santa Cruz Mountains', 'Central Coast']"
2534,Byrne,89.5,35.0,89.5,35.0,2,2,"['Cabernet Sauvignon', 'Shiraz']",Australia,South Australia,['Clare Valley']
2535,Byron,91.3,36.7,92.0,35.0,59,3,"['Chardonnay', 'Pinot Noir', 'Pinot Blanc']",US,California,"['Santa Maria Valley', 'Central Coast']"
2536,Byzantium,84.8,12.4,85.0,12.0,5,2,"['Cabernet Sauvignon', 'Red Blend']",Romania,Dealu Mare,[]
2537,Byzantium,82.0,8.0,82.0,8.0,1,1,['Cabernet Sauvignon'],Romania,Dealurile Munteniei,[]
2538,Byzantium,80.0,15.0,80.0,15.0,1,1,['Chardonnay'],Romania,Murfatlar Cernavoda,[]
2539,Byzantium,84.0,15.0,84.0,15.0,1,1,['White Blend'],Romania,Transylvanian Plateau,[]
2540,Bzikot Père et Fils,87.0,23.0,87.0,23.0,1,1,['Chardonnay'],France,Burgundy,['Bourgogne']
2541,Bágoa do Miño,91.0,22.0,91.0,22.0,2,1,['Albariño'],Spain,Galicia,['Rías Baixas']
2542,Béres,89.7,21.3,90.0,20.0,3,1,['Furmint'],Hungary,Tokaj,[]
2543,Béres,93.0,50.0,93.0,50.0,1,1,['Tokaji'],Hungary,Tokaji,[]
2544,Bürgermeister Willi Schweinhardt,88.2,22.2,88.5,22.0,4,3,"['Scheurebe', 'Riesling', 'Weissburgunder']",Germany,Nahe,[]
2545,C R Graybehl,88.4,27.6,88.0,24.0,5,3,"['Rosé', 'Grenache Blanc', 'Grenache']",US,California,"['Sonoma Valley', 'Sonoma']"
2546,C Square,92.0,28.0,92.0,28.0,1,1,['Merlot'],US,California,"['Bennett Valley', 'Sonoma']"
2547,C&B;,87.0,12.0,87.0,12.0,1,1,['Cabernet Sauvignon'],US,California,"['Napa Valley', 'Napa']"
2548,C&T;,85.2,18.2,85.0,18.5,4,4,"['Chardonnay', 'Cabernet Sauvignon', 'Pinot Noir', 'Sauvignon Blanc']",US,California,"['Russian River Valley', 'Sonoma']"
2549,C'est Bon,88.0,35.0,88.0,35.0,1,1,['Chardonnay'],US,California,"['Oakville', 'Napa']"
2550,C. Beck,90.1,43.2,91.0,48.0,9,2,"['Cabernet Sauvignon', 'Petite Sirah']",US,California,"['Napa Valley', 'Napa']"
2551,C. Cruz & Co,86.0,,86.0,,1,1,['Portuguese Red'],Portugal,Douro,[]
2552,C. Donatiello,85.5,45.0,85.5,43.0,6,2,"['Pinot Noir', 'Chardonnay']",US,California,"['Russian River Valley', 'Sonoma']"
2553,C. Mondavi & Family,86.0,20.0,86.0,20.0,2,2,"['Chardonnay', 'Cabernet Sauvignon']",US,California,"['Santa Lucia Highlands', 'Central Coast']"
2554,C. da Silva,87.7,12.3,88.0,9.0,3,2,"['Portuguese Red', 'Portuguese White']",Portugal,Douro,[]
2555,C. da Silva,89.5,60.5,89.5,55.0,12,1,['Port'],Portugal,Port,[]
2556,C. von Nell-Breuning,89.5,32.6,90.0,24.0,12,1,['Riesling'],Germany,Mosel,[]
2557,C.G. di Arie,85.3,25.9,85.0,25.0,22,8,"['Syrah', 'Zinfandel', 'Rosé', 'Verdelho', 'Red Blend', 'Primitivo', 'Sauvignon Blanc', 'Petite Sirah']",US,California,"['Fair Play', 'Sierra Foothills']"
2558,C.H. Berres,89.4,35.0,89.0,22.0,9,1,['Riesling'],Germany,Mosel,[]
2559,C.H. Berres,87.5,31.7,87.5,17.5,6,1,['Riesling'],Germany,Mosel-Saar-Ruwer,[]
2560,C.R. Sandidge,89.0,39.0,89.0,39.0,1,1,['Bordeaux-style Red Blend'],US,Oregon,"['Yamhill County', 'Willamette Valley']"
2561,C.R. Sandidge,88.8,30.0,89.0,31.0,4,4,"['Red Blend', 'Syrah-Grenache', 'Syrah', 'Viognier']",US,Washington,"['Wahluke Slope', 'Columbia Valley']"
2562,C5,87.0,30.0,87.0,30.0,1,1,['Zinfandel'],US,California,"['Dry Creek Valley', 'Sonoma']"
2563,CARM,88.9,20.6,89.0,18.5,15,3,"['Portuguese Red', 'Portuguese White', 'Rosé']",Portugal,Douro,[]
2564,CARM,88.0,,88.0,,1,1,['Port'],Portugal,Port,[]
2565,CC,84.5,16.5,84.5,16.5,2,2,"['Chardonnay', 'Cabernet Sauvignon']",US,California,"['California', 'California Other']"
2566,CC Pachyderm,90.0,70.0,90.0,70.0,1,1,['Pinot Noir'],US,California,"['Sonoma Coast', 'Sonoma']"
2567,CDR,90.0,15.0,90.0,15.0,1,1,['Rhône-style Red Blend'],France,Rhône Valley,['Côtes du Rhône']
2568,CE2V,84.0,27.5,84.0,27.5,2,2,"['Sangiovese', 'Sauvignon Blanc']",US,California,"['Napa Valley', 'Napa']"
2569,CJ Pask,86.6,21.2,87.0,19.0,7,5,"['Merlot', 'Bordeaux-style Red Blend', 'Syrah', 'Chardonnay', 'Sauvignon Blanc']",New Zealand,Hawke's Bay,[]
2570,CK Mondavi,84.0,7.2,84.0,7.0,21,8,"['Pinot Grigio', 'Moscato', 'Chardonnay', 'Merlot', 'Cabernet Sauvignon', 'Zinfandel', 'Sauvignon Blanc', 'Bordeaux-style Red Blend']",US,California,"['California', 'California Other']"
2571,COS,91.1,38.8,91.0,30.0,17,5,"[""Nero d'Avola"", 'Red Blend', 'Grecanico', 'White Blend', 'Frappato']",Italy,Sicily & Sardinia,['Sicilia']
2572,CULT,88.5,30.2,88.5,26.5,4,2,"['Cabernet Sauvignon', 'Pinot Noir']",US,California,"['Napa Valley', 'Napa']"
2573,CUTT,88.3,41.7,88.0,42.0,3,1,['Red Blend'],US,California,"['Napa Valley', 'Napa']"
2574,CVA Canicattì,88.2,,88.0,,4,3,"['Grillo', 'Rosato', 'Catarratto']",Italy,Sicily & Sardinia,['Terre Siciliane']
2575,CVNE,88.5,38.9,89.0,27.0,75,6,"['Tempranillo', 'Tempranillo Blend', 'Viura', 'Rosado', 'Rosé', 'White Blend']",Spain,Northern Spain,['Rioja']
2576,Ca' Del Grevino,89.6,88.0,91.0,80.0,5,5,"['Chardonnay', 'Riesling', 'Syrah', 'Dolcetto', 'Pinot Noir']",US,California,"['Santa Maria Valley', 'Central Coast']"
2577,Ca' Lojera,89.8,20.8,90.0,20.0,5,1,['Turbiana'],Italy,Lombardy,['Lugana']
2578,Ca' Marcanda,91.9,92.8,92.5,72.5,8,2,"['Red Blend', 'Sangiovese']",Italy,Tuscany,['Toscana']
2579,Ca' Momi,84.9,22.7,84.0,20.0,47,10,"['Pinot Noir', 'Cabernet Sauvignon', 'Sparkling Blend', 'White Blend', 'Sauvignon Blanc', 'Zinfandel', 'Chardonnay', 'Merlot', 'Red Blend', 'Muscat']",US,California,"['Napa Valley', 'Napa']"
2580,Ca' Montini,85.0,15.0,85.0,15.0,1,1,['Sauvignon Blanc'],Italy,Northeastern Italy,['Trentino']
2581,Ca' Nova,87.5,27.5,87.5,27.5,2,1,['Nebbiolo'],Italy,Piedmont,['Ghemme']
2582,Ca' Rugate,87.0,25.0,87.0,25.0,2,2,"['Molinara', 'Garganega']",Italy,Italy Other,['Vino Spumante']
2583,Ca' Rugate,87.7,33.4,87.0,28.5,34,4,"['Garganega', 'Corvina, Rondinella, Molinara', 'Red Blend', 'White Blend']",Italy,Veneto,['Soave Classico']
2584,Ca' Secco,84.0,12.0,84.0,12.0,1,1,['Sparkling Blend'],US,California,"['California', 'California Other']"
2585,Ca' Viola,89.3,42.2,89.0,45.0,11,3,"['Nebbiolo', 'Dolcetto', 'Barbera']",Italy,Piedmont,['Barolo']
2586,Ca' de Calle,89.3,17.0,89.0,16.0,3,1,['Red Blend'],Argentina,Mendoza Province,['Mendoza']
2587,Ca' de Lion Ghione,87.0,22.5,87.0,22.5,3,1,['Barbera'],Italy,Piedmont,"[""Barbera d'Asti Superiore""]"
2588,Ca' dei Mandorli,86.0,,86.0,,1,1,['Barbera'],Italy,Piedmont,"[""Barbera d'Asti""]"
2589,Ca' dei Rotti,83.0,,83.0,,2,2,"['Corvina, Rondinella, Molinara', 'Rosé']",Italy,Veneto,['Bardolino']
2590,Ca' dei Zago,89.8,23.2,90.0,22.5,8,2,"['Glera', 'White Blend']",Italy,Veneto,['Valdobbiadene Prosecco Superiore']
2591,Ca' del Baio,88.5,46.9,89.0,44.0,15,2,"['Nebbiolo', 'Riesling']",Italy,Piedmont,['Barbaresco']
2592,Ca' del Bosco,90.6,76.0,91.0,75.0,37,4,"['Sparkling Blend', 'Pinot Nero', 'White Blend', 'Red Blend']",Italy,Lombardy,['Franciacorta']
2593,Ca' del Solo,88.1,16.8,88.0,16.0,14,8,"['Albariño', 'Muscat', 'Sangiovese', 'Dolcetto', 'Rosé', 'Malvasia Bianca', 'Red Blend', 'Nebbiolo']",US,California,"['Monterey County', 'Central Coast']"
2594,Ca' del Vispo,88.5,16.0,88.5,16.0,2,2,"['Sangiovese', 'Vernaccia']",Italy,Tuscany,['Chianti Colli Senesi']
2595,Ca' du Rabajà,89.6,40.3,89.0,45.0,5,1,['Nebbiolo'],Italy,Piedmont,['Barbaresco']
2596,Ca'Na,85.0,14.0,85.0,14.0,1,1,['Rosé'],US,California,"['Contra Costa County', 'Central Coast']"
2597,Ca'Romè,88.8,92.9,89.0,96.0,28,2,"['Nebbiolo', 'Barbera']",Italy,Piedmont,['Barbaresco']
2598,Ca'Ronesca,87.0,16.8,87.0,13.0,9,7,"['White Blend', 'Sauvignon', 'Chardonnay', 'Pinot Bianco', 'Pinot Nero', 'Pinot Grigio', 'Friulano']",Italy,Northeastern Italy,['Collio']
2599,Ca'Tullio,86.2,15.0,86.5,14.5,4,3,"['Pinot Grigio', 'Traminer', 'Sauvignon']",Italy,Northeastern Italy,['Colli Orientali del Friuli']
2600,Ca'Tullio,85.0,14.0,85.0,14.0,1,1,['Prosecco'],Italy,Veneto,['Prosecco del Veneto']
2601,Ca'nova,87.0,,87.0,,1,1,['Nebbiolo'],Italy,Piedmont,['Colline Novaresi']
2602,Ca'ntele,88.3,18.0,88.0,11.0,3,3,"['Red Blend', 'Primitivo', 'Negroamaro']",Italy,Southern Italy,['Salento']
2603,Caballero de la Cepa,86.5,17.5,86.5,17.5,2,1,['Malbec'],Argentina,Mendoza Province,['Mendoza']
2604,Caballo Bravo,86.0,,86.0,,1,1,['Pinot Noir'],Chile,Maule Valley,[]
2605,Cabert,84.6,11.0,85.0,10.0,7,2,"['Chardonnay', 'Pinot Grigio']",Italy,Northeastern Italy,['Friuli Grave']
2606,Cable Car,84.5,11.0,84.5,10.0,16,8,"['Cabernet Sauvignon', 'Red Blend', 'Chardonnay', 'Merlot', 'Pinot Grigio', 'Sauvignon Blanc', 'Pinot Noir', 'White Blend']",US,California,"['California', 'California Other']"
2607,Cabot Vineyards,87.3,24.2,87.0,24.0,6,4,"['Cabernet Sauvignon', 'Red Blend', 'Merlot', 'Syrah']",US,California,"['Humboldt County', 'North Coast']"
2608,Cabra Montes,83.5,9.0,83.5,9.0,2,2,"['Cabernet Sauvignon', 'Merlot']",Argentina,Mendoza Province,['Agrelo']
2609,Cabreo,89.2,46.5,89.5,51.5,4,3,"['Red Blend', 'Sangiovese', 'Chardonnay']",Italy,Tuscany,['Toscana']
2610,Caccia al Piano 1868,90.0,43.0,90.0,43.0,11,1,['Red Blend'],Italy,Tuscany,['Bolgheri']
2611,Cache Creek Vineyards,85.0,17.0,85.0,17.0,1,1,['Cabernet Sauvignon'],US,California,['Lake County']
2612,Cachette,84.0,14.0,84.0,14.0,1,1,['Rosé'],France,Languedoc-Roussillon,['Gard']
2613,Cachette,89.0,14.0,89.0,14.0,1,1,['Rhône-style Red Blend'],France,Rhône Valley,['Côtes du Rhône']
2614,Cadaretta,89.4,39.4,90.0,40.0,37,8,"['Bordeaux-style Red Blend', 'Cabernet Sauvignon', 'Rhône-style Red Blend', 'Sauvignon Blanc-Semillon', 'Sangiovese', 'Syrah', 'Merlot', 'Semillon-Sauvignon Blanc']",US,Washington,"['Columbia Valley (WA)', 'Columbia Valley']"
2615,Cade,90.5,50.8,91.5,60.0,8,3,"['Cabernet Sauvignon', 'Sauvignon Blanc', 'Bordeaux-style Red Blend']",US,California,"['Napa Valley', 'Napa']"
2616,Cadence,91.3,45.0,91.5,45.0,50,2,"['Bordeaux-style Red Blend', 'Red Blend']",US,Washington,"['Red Mountain', 'Columbia Valley']"
2617,Cadre,90.5,52.5,90.5,52.5,2,1,['Pinot Noir'],US,California,"['Central Coast', 'Central Coast']"
2618,Cadus,88.0,26.2,88.0,20.0,5,3,"['Cabernet Sauvignon', 'Malbec', 'Chardonnay']",Argentina,Mendoza Province,['Agrelo']
2619,Cadwalladers Riverside,85.5,15.0,85.5,15.0,2,2,"['Sauvignon Blanc', 'Chardonnay']",New Zealand,Hawke's Bay,[]
2620,Caernarvon Cellars,87.5,25.5,87.5,25.5,2,1,['Pinot Noir'],US,California,"['San Lucas', 'Central Coast']"
2621,Cafaggio,90.9,36.6,91.0,40.0,9,4,"['Sangiovese', 'Merlot', 'Cabernet Sauvignon', 'Red Blend']",Italy,Tuscany,['Chianti Classico']
2622,Cafaro,92.0,39.0,92.0,39.0,1,1,['Cabernet Sauvignon'],US,California,"['Napa Valley', 'Napa']"
2623,Café Culture,86.0,15.0,86.0,15.0,1,1,['Pinotage'],South Africa,Western Cape,[]
2624,Café du Midi,84.5,9.8,84.5,10.0,6,6,"['Sauvignon Blanc', 'Rosé', 'Merlot', 'Moscato', 'Chardonnay', 'Pinot Noir']",France,France Other,['Vin de France']
2625,Cagliero,93.0,80.0,93.0,80.0,1,1,['Nebbiolo'],Italy,Piedmont,['Barolo']
2626,Caiarossa,89.6,54.7,90.0,50.0,13,3,"['Red Blend', 'Sangiovese', 'Petit Manseng']",Italy,Tuscany,['Toscana']
2627,Cain,90.8,57.5,91.0,58.5,4,3,"['Cabernet Blend', 'Sauvignon Blanc', 'Bordeaux-style Red Blend']",US,California,"['Napa Valley', 'Napa']"
2628,Cairdean Estate,87.2,58.8,86.5,57.0,8,8,"['Sangiovese', 'Chardonnay', 'Cabernet Franc', 'Zinfandel', 'Syrah', 'White Blend', 'Cabernet Sauvignon', 'Sauvignon Blanc']",US,California,"['Napa Valley', 'Napa']"
2629,Cairdeas,87.9,33.3,87.5,34.0,16,8,"['Rhône-style White Blend', 'Rhône-style Red Blend', 'Counoise', 'Syrah-Petite Sirah', 'Bordeaux-style Red Blend', 'Syrah', 'Red Blend', 'Cinsault']",US,Washington,"['Yakima Valley', 'Columbia Valley']"
2630,Cairnbrae,87.1,16.8,86.5,15.5,10,4,"['Pinot Noir', 'Riesling', 'Sauvignon Blanc', 'Chardonnay']",New Zealand,Marlborough,[]
2631,Caitec,83.5,14.0,83.5,14.0,2,1,['Pinot Noir'],Argentina,Other,['Patagonia']
2632,Cakebread,89.3,56.8,89.0,54.0,19,7,"['Chardonnay', 'Syrah', 'Merlot', 'Sauvignon Blanc', 'Cabernet Sauvignon', 'Cabernet Sauvignon-Cabernet Franc', 'Pinot Noir']",US,California,"['Napa Valley', 'Napa']"
2633,CalNaturale,85.0,7.0,85.0,7.0,1,1,['Chardonnay'],US,California,"['Mendocino', 'Mendocino/Lake Counties']"
2634,Cala Silente,89.0,13.0,89.0,13.0,1,1,['White Blend'],Italy,Sicily & Sardinia,['Vermentino di Sardegna']
2635,Cala de' Poeti,87.0,13.0,87.0,13.0,1,1,['Red Blend'],Italy,Tuscany,['Maremma Toscana']
2636,Calabretta,84.5,25.0,84.5,25.0,2,2,"['Nerello Mascalese', 'Carricante']",Italy,Sicily & Sardinia,['Etna']
2637,Calafia,86.5,43.0,86.5,43.0,2,1,['Meritage'],US,California,"['Napa Valley', 'Napa']"
2638,Calama,84.5,9.0,84.5,9.0,2,2,"['Merlot', 'Chardonnay']",Chile,Casablanca Valley,[]
2639,Calama,83.0,6.0,83.0,6.0,1,1,['Cabernet Sauvignon'],Chile,Central Valley,[]
2640,Calama,82.0,6.0,82.0,6.0,1,1,['Sauvignon Blanc'],Chile,Curicó Valley,[]
2641,Calamares,83.0,8.0,83.0,8.0,2,2,"['Portuguese White', 'Rosé']",Portugal,Vinho Verde,[]
2642,Calatrasi,85.0,,85.0,,1,1,['Pinot Grigio'],Italy,Northeastern Italy,['Delle Venezie']
2643,Calatrasi,86.5,16.0,87.0,15.0,33,12,"['White Blend', 'Viognier', 'Red Blend', 'Catarratto', 'Grillo', ""Nero d'Avola"", 'Shiraz', 'Cabernet Sauvignon-Merlot', 'Cabernet Sauvignon', 'Merlot', 'Chardonnay', 'Syrah']",Italy,Sicily & Sardinia,['Sicilia']
2644,Calatrasi,85.5,8.5,85.5,8.5,2,1,['Primitivo'],Italy,Southern Italy,['Puglia']
2645,Calavera,88.5,23.0,88.5,23.0,2,2,"['Grenache', 'Albariño']",US,California,"['Calaveras County', 'Sierra Foothills']"
2646,Calavera Wines,87.7,24.7,89.0,28.0,3,2,"['Grenache', 'Albariño']",US,California,"['Calaveras County', 'Sierra Foothills']"
2647,Calbello,92.0,52.0,92.0,52.0,2,1,['Red Blend'],Italy,Tuscany,['Toscana']
2648,Calcareous,86.3,33.2,86.0,32.0,52,21,"['Syrah', 'Grenache', 'Zinfandel', 'Cabernet Sauvignon', 'Viognier', 'Chardonnay', 'Red Blend', 'Petit Verdot', 'Pinot Noir', 'Rhône-style Red Blend', 'Viognier-Marsanne', 'Grenache-Mourvèdre', 'Meritage', 'Marsanne', 'Mourvèdre', 'Cabernet Franc', 'G-S-M', 'Roussanne', 'Bordeaux-style Red Blend', 'Syrah-Petit Verdot', 'Rosé']",US,California,"['Paso Robles', 'Central Coast']"
2649,Calcu,86.0,13.7,86.0,14.0,36,8,"['Cabernet Sauvignon', 'Sauvignon Blanc', 'Rosé', 'Red Blend', 'Merlot', 'Cabernet Franc', 'Carmenère', 'Malbec']",Chile,Colchagua Valley,[]
2650,Caldaro,88.2,29.1,88.0,25.0,18,9,"['Gewürztraminer', 'Kerner', 'Sauvignon', 'Pinot Nero', 'Pinot Grigio', 'Red Blend', 'Schiava', 'Lagrein', 'Pinot Bianco']",Italy,Northeastern Italy,['Alto Adige']
2651,Caldera,88.0,22.8,88.0,21.0,4,1,['Barbera'],Italy,Piedmont,"[""Barbera d'Asti Superiore""]"
2652,Caldera,91.0,79.0,91.0,79.0,1,1,['Bordeaux-style Red Blend'],US,California,"['Paso Robles', 'Central Coast']"
2653,Calderona,87.0,17.0,87.0,17.0,1,1,['Red Blend'],Spain,Northern Spain,['Cigales']
2654,Caldora Vini,86.2,14.8,86.0,11.0,13,6,"['Trebbiano', 'Montepulciano', 'Sangiovese', 'Pinot Grigio', 'Chardonnay', 'Pecorino']",Italy,Central Italy,"[""Trebbiano d'Abruzzo""]"
2655,Caldwell,93.0,125.0,92.0,120.0,3,2,"['Bordeaux-style Red Blend', 'Cabernet Sauvignon']",US,California,"['Napa Valley', 'Napa']"
2656,Calendar Girl,84.5,16.5,84.5,16.5,2,2,"['Red Blend', 'White Blend']",US,Washington,"['Columbia Valley (WA)', 'Columbia Valley']"
2657,Calera,89.7,42.3,90.0,40.0,131,4,"['Pinot Noir', 'Chardonnay', 'Viognier', 'Aligoté']",US,California,"['Mt. Harlan', 'Central Coast']"
2658,Calheiros Cruz,90.0,33.7,89.0,25.0,3,1,['Portuguese Red'],Portugal,Douro,[]
2659,Cali 351,89.3,36.2,89.5,28.5,6,3,"['Chardonnay', 'Sauvignon Blanc', 'Cabernet Sauvignon']",US,California,"['Napa Valley', 'Napa']"
2660,Caliboro Estate,89.3,30.6,89.0,30.0,7,3,"['Torontel', 'Bordeaux-style Red Blend', 'Red Blend']",Chile,Maule Valley,[]
2661,Calicaro,89.5,50.0,90.0,48.0,14,5,"['Pinot Noir', 'Viognier', 'Zinfandel', 'Cabernet Sauvignon', 'Syrah']",US,California,"['Sta. Rita Hills', 'Central Coast']"
2662,California Republic,86.0,12.0,86.0,12.0,2,2,"['Cabernet Sauvignon', 'Chardonnay']",US,California,"['California', 'California Other']"
2663,California's Jewel,81.4,10.0,81.0,10.0,5,5,"['Petite Sirah', 'Chardonnay', 'Cabernet Sauvignon', 'Merlot', 'Zinfandel']",US,California,"['Lodi', 'Central Valley']"
2664,Caligiore,83.7,13.5,83.5,15.0,26,8,"['Syrah', 'Bonarda', 'Malbec', 'Torrontés', 'Cabernet Sauvignon-Malbec', 'Rosé', 'Malbec-Cabernet Sauvignon', 'White Blend']",Argentina,Mendoza Province,['Mendoza']
2665,Calina,86.0,10.0,86.0,10.0,1,1,['Chardonnay'],Chile,Aconcagua Valley,[]
2666,Calina,87.0,9.2,87.0,9.0,5,1,['Chardonnay'],Chile,Casablanca Valley,[]
2667,Calina,85.7,9.7,86.0,10.0,3,2,"['Cabernet Sauvignon', 'Carmenère']",Chile,Central Valley,[]
2668,Calina,87.0,28.0,86.5,27.0,4,2,"['Cabernet Sauvignon', 'Cabernet Blend']",Chile,Colchagua Valley,[]
2669,Calina,86.2,12.8,86.0,10.0,20,5,"['Cabernet Sauvignon', 'Merlot', 'Carmenère', 'Cabernet Sauvignon-Merlot', 'Cabernet Blend']",Chile,Maule Valley,[]
2670,Calista,90.5,32.5,90.5,32.5,2,1,['Pinot Noir'],US,California,['Anderson Valley']
2671,Calistoga Cellars,85.5,26.9,85.0,26.0,13,5,"['Cabernet Sauvignon', 'Merlot', 'Zinfandel', 'Chardonnay', 'Sauvignon Blanc']",US,California,"['St. Helena', 'Napa']"
2672,Caliterra,86.2,15.4,86.0,14.5,12,3,"['Chardonnay', 'Sauvignon Blanc', 'Pinot Noir']",Chile,Casablanca Valley,[]
2673,Caliterra,84.9,7.9,84.0,8.0,7,5,"['Cabernet Sauvignon', 'Chardonnay', 'Sauvignon Blanc', 'Merlot', 'Syrah']",Chile,Central Valley,[]
2674,Caliterra,87.2,23.3,87.0,20.0,56,8,"['Bordeaux-style Red Blend', 'Red Blend', 'Syrah', 'Carmenère', 'Cabernet Sauvignon', 'Shiraz', 'Merlot', 'Malbec']",Chile,Colchagua Valley,[]
2675,Caliterra,86.0,11.0,86.0,11.0,2,2,"['Sauvignon Blanc', 'Chardonnay']",Chile,Curicó Valley,[]
2676,Caliterra,86.2,18.2,86.5,18.0,4,1,['Sauvignon Blanc'],Chile,Leyda Valley,[]
2677,Caliterra,83.5,7.5,83.5,7.5,2,1,['Merlot'],Chile,Rapel Valley,[]
2678,Caliu,84.0,13.0,84.0,13.0,1,1,['Tempranillo-Cabernet Sauvignon'],Spain,Catalonia,['Penedès']
2679,Calix,88.8,47.5,89.0,47.5,4,2,"['Cabernet Sauvignon', 'Syrah']",US,California,"['Napa Valley', 'Napa']"
2680,Caliza,89.6,49.1,91.0,54.0,16,9,"['Syrah', 'Red Blend', 'Syrah-Cabernet Sauvignon', 'Roussanne-Viognier', 'Rhône-style White Blend', 'Primitivo', 'Cabernet Blend', 'Rhône-style Red Blend', 'Cabernet Sauvignon-Syrah']",US,California,"['Paso Robles', 'Central Coast']"
2681,Calla Lily,88.0,79.5,88.0,79.5,2,2,"['Cabernet Sauvignon', 'Pinot Noir']",US,California,"['Napa Valley', 'Napa']"
2682,Callan,90.0,25.0,90.0,25.0,2,2,"['Grenache Blanc', 'Picpoul']",US,Washington,"['Yakima Valley', 'Columbia Valley']"
2683,Callaway,86.3,33.9,86.5,30.0,20,8,"['Roussanne', 'Cabernet Sauvignon', 'Sauvignon Blanc', 'Chardonnay', 'Merlot', 'Red Blend', 'Syrah', 'Mourvèdre']",US,California,"['Temecula', 'South Coast']"
2684,Callejo,86.0,30.7,85.0,30.0,3,1,['Tempranillo'],Spain,Northern Spain,['Ribera del Duero']
2685,Callia,84.5,10.9,85.0,9.0,21,7,"['Torrontés', 'Malbec', 'Pinot Grigio', 'White Blend', 'Shiraz', 'Red Blend', 'Cabernet Sauvignon']",Argentina,Other,['Tulum Valley']
2686,Calliga,83.0,10.0,83.0,10.0,1,1,['Agiorgitiko'],Greece,Greece,[]
2687,Calliope,88.0,22.5,88.0,22.5,2,2,"['Red Blend', 'Sauvignon Blanc']",Canada,British Columbia,['British Columbia']
2688,Calluna,90.0,50.0,90.0,50.0,1,1,['Cabernet Sauvignon'],US,California,"['Chalk Hill', 'Sonoma']"
2689,Calmel & Joseph,86.2,14.6,86.0,15.0,5,3,"['Chardonnay', 'Rosé', 'Rhône-style Red Blend']",France,Languedoc-Roussillon,"[""Pays d'Oc""]"
2690,Calonga,87.0,,87.0,,2,1,['Sangiovese'],Italy,Central Italy,['Sangiovese di Romagna']
2691,Calstar Cellars,88.2,29.8,88.0,30.0,5,3,"['Pinot Noir', 'Sauvignon Blanc', 'Chardonnay']",US,California,"['Russian River Valley', 'Sonoma']"
2692,Calvet,85.1,11.3,85.0,11.0,14,6,"['Bordeaux-style Red Blend', 'Sauvignon Blanc', 'Cabernet Franc', 'Merlot-Cabernet Sauvignon', 'Bordeaux-style White Blend', 'Sparkling Blend']",France,Bordeaux,['Bordeaux']
2693,Calvet,87.0,17.0,87.0,17.0,2,2,"['Pinot Noir', 'Chardonnay']",France,Burgundy,['Bourgogne']
2694,Calvet,85.5,7.0,85.5,7.0,2,2,"['Cabernet Sauvignon', 'Syrah']",France,Languedoc-Roussillon,"[""Vin de Pays d'Oc""]"
2695,Calzo,83.0,10.0,83.0,10.0,1,1,['Malbec'],Argentina,Mendoza Province,['San Rafael']
2696,Calços do Tanha,87.5,19.5,87.5,19.5,2,1,['Portuguese Red'],Portugal,Douro,[]
2697,Camaraderie,88.3,29.7,88.0,28.0,33,10,"['Merlot', 'Malbec', 'Cabernet Sauvignon', 'Red Blend', 'Bordeaux-style Red Blend', 'Tempranillo', 'Syrah', 'Cabernet Franc', 'Sangiovese', 'Dolcetto']",US,Washington,"['Washington', 'Washington Other']"
2698,Camaraderie Cellars,91.0,25.0,91.0,25.0,1,1,['Cabernet Franc'],US,Washington,"['Washington', 'Washington Other']"
2699,Cambas,86.0,12.0,86.0,12.0,1,1,['White Blend'],Greece,Arcadia,[]
2700,Cambas,84.0,12.5,84.0,12.5,2,2,"['Cabernet Sauvignon', 'Red Blend']",Greece,Korinthia,[]
2701,Cambas,87.0,12.0,87.0,12.0,1,1,['Moschofilero'],Greece,Mantinia,[]
2702,Cambas,83.5,16.5,83.5,16.5,2,1,['Agiorgitiko'],Greece,Nemea,[]
2703,Cambas,86.0,13.0,86.0,13.0,3,2,"['Chardonnay', 'Cabernet Sauvignon']",Greece,Peloponnese,[]
2704,Camberley,88.1,27.1,88.0,25.0,7,4,"['Bordeaux-style Red Blend', 'Red Blend', 'Cabernet Sauvignon-Merlot', 'Pinotage']",South Africa,Stellenbosch,[]
2705,Cambiata,90.3,28.5,91.0,28.0,15,5,"['Albariño', 'Pinot Noir', 'Tannat', 'Dornfelder', 'Red Blend']",US,California,"['Monterey', 'Central Coast']"
2706,Camboral,84.0,10.0,84.0,10.0,2,1,['Tempranillo'],Spain,Northern Spain,['Rioja']
2707,Cambrago,86.0,,86.0,,2,1,['Garganega'],Italy,Veneto,['Soave Classico']
2708,Cambria,86.1,18.5,87.0,18.0,9,7,"[""Nero d'Avola"", 'Red Blend', 'Grecanico', 'Syrah', 'White Blend', 'Inzolia', 'Chardonnay']",Italy,Sicily & Sardinia,['Sicilia']
2709,Cambria,89.9,31.6,90.0,27.0,49,4,"['Chardonnay', 'Pinot Noir', 'Syrah', 'Viognier']",US,California,"['Santa Maria Valley', 'Central Coast']"
2710,Cambridge,87.7,28.7,88.0,28.0,3,2,"['Meritage', 'Zinfandel']",US,California,"['Napa Valley', 'Napa']"
2711,Cambridge & Sunset,83.9,13.0,83.5,12.5,20,8,"['White Blend', 'Red Blend', 'Pinot Noir', 'Cabernet Sauvignon', 'Merlot', 'Zinfandel', 'Chardonnay', 'Sauvignon Blanc']",US,California,"['California', 'California Other']"
2712,Cambridge California,84.5,21.3,84.0,20.0,6,3,"['Chardonnay', 'Meritage', 'Pinot Noir']",US,California,"['Carneros', 'Napa-Sonoma']"
2713,Cambridge Road,89.0,,89.0,,1,1,['Pinot Noir'],New Zealand,Martinborough,[]
2714,Cambrien,93.0,70.0,93.0,70.0,1,1,['Shiraz'],Australia,Victoria,['Heathcote']
2715,Camel Valley,90.0,38.0,89.5,38.5,4,2,"['Pinot Noir', 'Sparkling Blend']",England,England,[]
2716,Camelot,83.4,8.4,83.5,9.0,14,7,"['Pinot Noir', 'Shiraz', 'Sauvignon Blanc', 'Chardonnay', 'Cabernet Sauvignon', 'Merlot', 'Syrah']",US,California,"['California', 'California Other']"
2717,Camerano,86.5,58.8,86.0,70.0,4,2,"['Nebbiolo', 'Dolcetto']",Italy,Piedmont,['Barolo']
2718,Cameron,91.0,50.0,91.0,50.0,1,1,['Cabernet Blend'],US,California,"['Napa Valley', 'Napa']"
2719,Cameron Hughes,84.0,14.0,84.0,14.0,1,1,['Chardonnay'],Australia,Western Australia,['Margaret River']
2720,Cameron Hughes,85.0,15.0,85.0,15.0,2,2,"['Chardonnay', 'Pinot Noir']",Chile,Casablanca Valley,[]
2721,Cameron Hughes,88.0,12.0,88.0,12.0,1,1,['Sauvignon Blanc'],Chile,Leyda Valley,[]
2722,Cameron Hughes,86.0,13.0,86.0,13.0,1,1,['Cabernet Sauvignon'],Chile,Maipo Valley,[]
2723,Cameron Hughes,86.0,11.5,86.0,11.5,2,1,['Sauvignon Blanc'],New Zealand,Marlborough,[]
2724,Cameron Hughes,86.5,7.0,86.5,7.0,2,2,"['Merlot', 'Pinot Noir']",Romania,Viile Timisului,[]
2725,Cameron Hughes,88.0,13.0,88.0,13.0,1,1,['Meritage'],South Africa,Stellenbosch,[]
2726,Cameron Hughes,88.4,17.0,88.0,15.0,5,3,"['Red Blend', 'Garnacha', 'Tempranillo']",Spain,Northern Spain,['Campo de Borja']
2727,Cameron Hughes,87.1,18.8,87.0,15.5,134,16,"['Cabernet Sauvignon', 'Syrah', 'Sauvignon Blanc', 'Chardonnay', 'Merlot', 'Pinot Noir', 'Red Blend', 'Cabernet Sauvignon-Syrah', 'Meritage', 'Viognier', 'Zinfandel', 'Petite Sirah', 'G-S-M', 'Bordeaux-style Red Blend', 'Rosé', 'Syrah-Grenache']",US,California,"['Napa Valley', 'Napa']"
2728,Cameron Hughes,87.0,25.0,87.0,25.0,1,1,['Pinot Noir'],US,Oregon,"['Willamette Valley', 'Willamette Valley']"
2729,Camiana,93.5,67.0,93.5,67.0,2,1,['Cabernet Sauvignon'],US,California,"['Howell Mountain', 'Napa']"
2730,Camigliano,89.2,53.8,89.0,55.0,26,4,"['Sangiovese', 'Sangiovese Grosso', 'Cabernet Sauvignon', 'Red Blend']",Italy,Tuscany,['Brunello di Montalcino']
2731,Camille Giroud,91.5,110.2,92.0,96.0,11,2,"['Pinot Noir', 'Chardonnay']",France,Burgundy,['Maranges']
2732,Camille Paquet,86.0,40.0,86.0,40.0,1,1,['Chardonnay'],France,Burgundy,['Pouilly-Fuissé']
2733,Camille Savès,90.0,56.0,90.0,56.0,2,1,['Champagne Blend'],France,Champagne,['Champagne']
2734,Camina,84.0,9.0,84.0,9.0,2,2,"['Verdejo', 'Tempranillo']",Spain,Central Spain,['La Mancha']
2735,Caminada,86.0,10.0,86.0,10.0,1,1,['Malbec'],Argentina,Mendoza Province,['Uco Valley']
2736,Caminhos Cruzados,87.2,17.2,87.0,14.0,5,3,"['Encruzado', 'Portuguese Red', 'Portuguese White']",Portugal,Dão,[]
2737,Camino del Inca,83.5,27.5,83.0,15.0,4,3,"['Malbec', 'Torrontés', 'Red Blend']",Argentina,Other,['Cafayate']
2738,Camlow,92.0,41.5,92.0,41.5,2,1,['Pinot Noir'],US,California,"['Green Valley', 'Sonoma']"
2739,Camossi,88.0,,88.0,,3,1,['Sparkling Blend'],Italy,Lombardy,['Franciacorta']
2740,Camp,88.1,17.6,87.0,18.0,9,5,"['Chardonnay', 'Merlot', 'Cabernet Franc', 'Zinfandel', 'Cabernet Sauvignon']",US,California,"['Sonoma County', 'Sonoma']"
2741,Campanile,85.3,10.7,85.0,10.0,3,1,['Pinot Grigio'],Italy,Northeastern Italy,['Delle Venezie']
2742,Camparo,88.8,64.2,88.0,67.5,5,2,"['Nebbiolo', 'Dolcetto']",Italy,Piedmont,['Barolo']
2743,Campbells,91.4,43.8,90.5,19.5,12,4,"['Tokay', 'Muscat', 'Shiraz', 'Durif']",Australia,Victoria,['Rutherglen']
2744,Campellares,83.8,12.0,83.5,12.0,4,1,['Tempranillo'],Spain,Northern Spain,['Rioja']
2745,Campelo,83.4,7.9,83.0,10.0,9,3,"['Portuguese White', 'Portuguese Red', 'Rosé']",Portugal,Vinho Verde,[]
2746,Camperchi,92.0,,92.0,,1,1,['Merlot'],Italy,Tuscany,['Toscana']
2747,Campesino,88.0,36.5,88.0,36.5,2,2,"['Syrah', 'Pinot Noir']",US,California,"['Sonoma Coast', 'Sonoma']"
2748,Campillo,89.1,39.8,90.0,35.0,8,3,"['Tempranillo', 'Tempranillo Blend', 'Viura']",Spain,Northern Spain,['Rioja']
2749,Campinuovi,88.7,,88.0,,3,2,"['Sangiovese', 'Red Blend']",Italy,Tuscany,['Montecucco']
2750,Campiña,87.0,18.0,87.0,18.0,1,1,['Tempranillo'],Spain,Northern Spain,['Toro']
2751,Campo Alegre,89.3,33.8,89.5,32.5,6,2,"['Tinta de Toro', 'Verdejo']",Spain,Northern Spain,['Toro']
2752,Campo Eliseo,93.2,77.0,93.5,79.0,4,1,['Tinta de Toro'],Spain,Northern Spain,['Toro']
2753,Campo Lindo,84.0,12.5,84.0,12.5,2,2,"['White Blend', 'Cabernet Sauvignon-Tempranillo']",Spain,Catalonia,['Catalunya']
2754,Campo Marin,80.0,14.0,80.0,14.0,1,1,['Red Blend'],Spain,Northern Spain,['Cariñena']
2755,Campo Maseri,85.7,19.5,85.0,19.5,3,2,"['Teroldego', 'Pinot Bianco']",Italy,Northeastern Italy,['Teroldego Rotaliano']
2756,Campo Viejo,86.0,14.7,86.0,13.0,17,4,"['Tempranillo Blend', 'Tempranillo', 'Red Blend', 'Garnacha']",Spain,Northern Spain,['Rioja']
2757,Campo al Mare,87.8,35.1,88.0,33.0,12,4,"['White Blend', 'Red Blend', 'Vermentino', 'Bordeaux-style Red Blend']",Italy,Tuscany,['Bolgheri']
2758,Campo al Noce,90.4,,92.0,,7,2,"['Red Blend', 'Syrah']",Italy,Tuscany,['Bolgheri Superiore']
2759,Campo alla Sughera,90.6,70.3,90.0,55.0,16,2,"['Red Blend', 'White Blend']",Italy,Tuscany,['Toscana']
2760,Campo alle Comete,90.0,,90.0,,1,1,['Rosato'],Italy,Tuscany,['Bolgheri']
2761,Campo della Maestà,87.7,31.0,87.0,30.0,3,2,"['Red Blend', 'Sagrantino']",Italy,Central Italy,['Montefalco Rosso']
2762,Campo di Sasso,90.0,30.0,91.0,30.0,3,1,['Red Blend'],Italy,Tuscany,['Toscana']
2763,CampoReale,87.7,,88.0,,7,1,"['Corvina, Rondinella, Molinara']",Italy,Veneto,['Amarone della Valpolicella Classico']
2764,Campobello,86.5,10.0,86.5,10.0,2,1,['Sangiovese'],Italy,Tuscany,['Chianti']
2765,Campogiovanni,90.4,72.8,90.0,60.0,5,1,['Sangiovese'],Italy,Tuscany,['Brunello di Montalcino']
2766,Campolargo,88.5,26.8,88.0,25.0,61,14,"['Portuguese Red', 'Arinto', 'Baga', 'Portuguese White', 'Bical', 'Pinot Noir', 'Bordeaux-style Red Blend', 'Cercial', 'Portuguese Sparkling', 'Sparkling Blend', 'Cerceal', 'Castelão', 'Petit Verdot', 'Verdelho']",Portugal,Bairrada,[]
2767,Campolargo,89.5,30.0,89.5,30.0,2,1,['Portuguese Red'],Portugal,Dão,[]
2768,Campolargo,88.5,29.0,88.5,29.0,2,2,"['Alvarelhão', 'Pinot Noir']",Portugal,Portuguese Table Wine,[]
2769,Campomaggio,86.7,22.4,87.0,22.0,7,2,"['Red Blend', 'Sangiovese']",Italy,Tuscany,['Toscana']
2770,Campos Góticos,85.2,31.5,85.0,28.5,4,2,"['Tempranillo', 'Tempranillo Blend']",Spain,Northern Spain,['Ribera del Duero']
2771,Campos Reales,84.2,6.5,84.0,6.5,4,2,"['Tempranillo', 'Rosé']",Spain,Central Spain,['La Mancha']
2772,Campos de Luz,85.0,12.0,86.0,11.0,5,2,"['White Blend', 'Garnacha']",Spain,Northern Spain,['Cariñena']
2773,Campos de Risca,84.0,18.0,84.0,18.0,1,1,['Monastrell-Syrah'],Spain,Levante,['Jumilla']
2774,Campos de Sueños,86.5,13.0,86.5,13.0,2,1,['Verdejo'],Spain,Northern Spain,['Rueda']
2775,Campos de Viento,86.0,11.0,86.0,11.0,1,1,['Tempranillo'],Spain,Central Spain,['La Mancha']
2776,Campovida,89.8,38.2,90.0,38.0,5,5,"['Viognier', 'Roussanne', 'Chardonnay', 'Pinot Noir', 'Arneis']",US,California,['Mendocino County']
2777,Camps d'Estels,86.0,15.0,86.0,15.0,1,1,['Sparkling Blend'],Spain,Catalonia,['Cava']
2778,Campus Oaks,84.0,11.6,84.0,10.0,17,8,"['Zinfandel', 'Chardonnay', 'Sauvignon Blanc', 'Merlot', 'Viognier', 'Petite Sirah', 'Cabernet Sauvignon', 'Syrah']",US,California,"['Lodi', 'Central Valley']"
2779,Can Blau,89.9,29.1,90.0,17.0,11,1,['Red Blend'],Spain,Catalonia,['Montsant']
2780,Can Vendrell,86.5,19.0,86.5,19.0,2,2,"['Sparkling Blend', 'White Blend']",Spain,Catalonia,['Cava']
2781,Cana,83.0,25.7,82.0,24.0,3,3,"['Viognier', 'Red Blend', 'Malbec']",US,California,"['Contra Costa County', 'Central Coast']"
2782,Cana's Feast,89.0,30.0,89.0,30.0,1,1,['Bordeaux-style Red Blend'],US,Oregon,"['Rogue Valley', 'Southern Oregon']"
2783,Cana's Feast,88.0,36.7,87.5,30.0,6,5,"['Sangiovese Grosso', 'Primitivo', 'Sangiovese', 'Bordeaux-style Red Blend', 'Rhône-style Red Blend']",US,Washington,"['Columbia Valley (WA)', 'Columbia Valley']"
2784,Canaletto,85.0,9.0,85.0,9.0,1,1,['Montepulciano'],Italy,Central Italy,['Abruzzo']
2785,Canaletto,85.0,9.0,85.0,9.0,2,1,['Pinot Grigio'],Italy,Northeastern Italy,['Delle Venezie']
2786,Canaletto,84.5,9.0,84.5,9.0,2,2,"['Primitivo', 'Chardonnay']",Italy,Southern Italy,['Puglia']
2787,Canaletto,85.0,,85.0,,1,1,['Glera'],Italy,Veneto,['Prosecco']
2788,Canalicchio,89.7,55.5,90.0,55.5,3,2,"['Sangiovese Grosso', 'Sangiovese']",Italy,Tuscany,['Brunello di Montalcino']
2789,Canalicchio Franco Pacenti,89.5,62.0,89.5,70.0,8,2,"['Sangiovese', 'Sangiovese Grosso']",Italy,Tuscany,['Brunello di Montalcino']
2790,Canalicchio di Sopra,90.9,73.2,90.5,68.0,14,2,"['Sangiovese', 'Sangiovese Grosso']",Italy,Tuscany,['Brunello di Montalcino']
2791,Canals Canals,86.5,17.5,86.5,17.5,2,1,['Sparkling Blend'],Spain,Catalonia,['Cava']
2792,Canard,87.0,29.0,87.0,29.0,1,1,['Cabernet Sauvignon'],US,California,"['Napa Valley', 'Napa']"
2793,Canard-Duchêne,88.3,47.5,89.0,48.5,29,2,"['Champagne Blend', 'Chardonnay']",France,Champagne,['Champagne']
2794,Canava Argyros,83.0,25.0,83.0,25.0,1,1,['Assyrtico'],Greece,Santorini,[]
2795,Cancello del Barone,85.0,20.0,85.0,20.0,1,1,['Nebbiolo'],Italy,Piedmont,['Barbaresco']
2796,Candialle,86.5,28.7,86.5,32.0,4,2,"['Red Blend', 'Sangiovese']",Italy,Tuscany,['Chianti Classico']
2797,Candidato,82.0,7.0,82.0,7.0,1,1,['Tempranillo'],Spain,Central Spain,['Vino de la Tierra de Castilla']
2798,Candido,84.0,8.0,84.0,8.0,1,1,['Red Blend'],Italy,Southern Italy,['Salice Salentino']
2799,Candoni,85.0,14.0,85.0,14.0,1,1,['Moscato'],Italy,Southern Italy,['Puglia']
2800,Candoni,85.0,11.0,85.0,11.0,1,1,['Red Blend'],Italy,Tuscany,['Chianti']
2801,Candoni,85.0,15.0,85.0,15.0,1,1,['Glera'],Italy,Veneto,['Prosecco']
2802,Candor,83.2,18.5,83.5,18.0,4,2,"['Zinfandel', 'Merlot']",US,California,"['California', 'California Other']"
2803,Canella,86.0,18.0,86.0,18.0,1,1,['Chardonnay'],Italy,Italy Other,['Italy']
2804,Canella,86.0,15.7,86.0,16.5,23,5,"['Glera', 'Sparkling Blend', 'Prosecco', 'Pinot Nero', 'Champagne Blend']",Italy,Veneto,['Conegliano Valdobbiadene Prosecco Superiore']
2805,Canepa,89.0,30.0,89.0,30.0,1,1,['Chardonnay'],US,California,"['Sonoma County', 'Sonoma']"
2806,Canevel,87.3,17.5,88.0,17.0,7,1,['Glera'],Italy,Veneto,['Prosecco']
2807,Canicattì,86.7,19.3,87.0,14.0,3,1,"[""Nero d'Avola""]",Italy,Sicily & Sardinia,['Sicilia']
2808,Canihan,85.2,46.6,86.0,49.0,9,3,"['Pinot Noir', 'Syrah', 'Rosé']",US,California,"['Sonoma Valley', 'Sonoma']"
2809,Canneta,88.1,38.0,88.0,40.0,14,3,"['Red Blend', 'Sangiovese', 'Sangiovese Grosso']",Italy,Tuscany,['Maremma Toscana']
2810,Canneto,89.0,25.9,89.0,25.0,19,3,"['Sangiovese', 'Red Blend', 'Prugnolo Gentile']",Italy,Tuscany,['Toscana']
2811,Cannonball,84.6,15.2,84.0,15.0,14,4,"['Chardonnay', 'Merlot', 'Sauvignon Blanc', 'Cabernet Sauvignon']",US,California,"['Sonoma County', 'Sonoma']"
2812,Canoas,80.5,10.0,80.5,10.0,2,2,"['Cabernet Sauvignon', 'Syrah']",Argentina,Other,['San Juan']
2813,Canoe Ridge,87.5,23.9,88.0,20.0,73,14,"['Merlot', 'Cabernet Sauvignon', 'Riesling', 'Red Blend', 'Gewürztraminer', 'Chardonnay', 'Cabernet Franc', 'Pinot Gris', 'Rosé', 'Syrah', 'Tempranillo', 'Sauvignon Blanc', 'Merlot-Cabernet Sauvignon', 'Cinsault']",US,Washington,"['Columbia Valley (WA)', 'Columbia Valley']"
2814,Canonbah Bridge,85.0,21.0,85.0,21.0,4,2,"['Shiraz', 'Merlot']",Australia,New South Wales,['Mudgee']
2815,Canonica a Cerreto,88.5,35.2,88.5,35.0,8,2,"['Red Blend', 'Sangiovese']",Italy,Tuscany,['Chianti Classico']
2816,Canoso,85.0,,85.0,,2,1,['Garganega'],Italy,Veneto,['Soave Classico']
2817,Cantaburros,85.0,12.0,85.0,12.0,1,1,['Tempranillo'],Spain,Northern Spain,['Ribera del Duero']
2818,Cantagallo,88.5,21.0,88.5,21.0,2,1,['Sangiovese'],Italy,Tuscany,['Chianti Montalbano']
2819,Cantalici L'Antica Fornace di Ridolfo,88.8,27.6,89.0,27.0,12,2,"['Sangiovese', 'Red Blend']",Italy,Tuscany,['Chianti Classico']
2820,Cantara,82.6,29.0,83.0,29.0,5,5,"['Sangiovese', 'Zinfandel', 'Chardonnay', 'Syrah', 'Petite Sirah']",US,California,"['Lodi', 'Central Valley']"
2821,Cantarranas,86.0,10.8,86.5,10.5,6,2,"['Verdejo', 'Verdejo-Viura']",Spain,Northern Spain,['Rueda']
2822,Cantarutti,87.9,18.8,88.0,19.0,8,3,"['Ribolla Gialla', 'Friulano', 'Pinot Grigio']",Italy,Northeastern Italy,['Colli Orientali del Friuli']
2823,Cantele,86.9,17.7,87.0,15.0,19,6,"['Chardonnay', 'Fiano', 'Rosé', 'Red Blend', 'Negroamaro', 'Primitivo']",Italy,Southern Italy,['Salento']
2824,Canterbury House,83.0,15.8,83.0,15.5,4,4,"['Chardonnay', 'Pinot Noir', 'Pinot Gris', 'Riesling']",New Zealand,Waipara,[]
2825,Canti,84.0,10.0,84.0,10.0,2,2,"['Sangiovese', 'Montepulciano']",Italy,Central Italy,['Marche']
2826,Canti,83.0,10.0,83.0,10.0,1,1,['White Blend'],Italy,Italy Other,['Italy']
2827,Canti,84.0,9.0,84.0,9.0,1,1,['Moscato'],Italy,Lombardy,['Pavia']
2828,Canti,84.0,,84.0,,1,1,['Barbera'],Italy,Piedmont,"[""Barbera d'Asti Superiore""]"
2829,Canti,84.5,11.5,84.5,11.5,2,2,"['Glera', 'Pinot Grigio']",Italy,Veneto,['Prosecco']
2830,Cantiga Wineworks,84.0,19.3,84.0,18.0,3,3,"['Zinfandel', 'Cabernet Sauvignon', 'Shiraz']",US,California,"['Sierra Foothills', 'Sierra Foothills']"
2831,Cantina Alice Bel Colle,89.0,,89.0,,2,1,['Barbera'],Italy,Piedmont,"[""Barbera d'Asti""]"
2832,Cantina Altarocca,86.0,16.0,86.0,16.0,1,1,['White Blend'],Italy,Central Italy,['Orvieto Classico Superiore']
2833,Cantina Ariano,85.0,,85.0,,1,1,['Rosato'],Italy,Southern Italy,['Puglia']
2834,Cantina Bartolo Mascarello,93.6,142.5,95.0,142.5,5,1,['Nebbiolo'],Italy,Piedmont,['Barolo']
2835,Cantina Beato Bartolomeo,84.5,10.5,84.5,10.5,2,2,"['Pinot Grigio', 'Vespaiolo']",Italy,Veneto,['Breganze']
2836,Cantina Bergamasca,84.0,14.0,84.0,14.0,1,1,['Pinot Bianco'],Italy,Lombardy,['Lombardy']
2837,Cantina Caorsa,86.3,,87.0,,3,3,"['Corvina, Rondinella, Molinara', 'White Blend', 'Sparkling Blend']",Italy,Veneto,['Bardolino Classico Superiore']
2838,Cantina Ceci,85.0,19.0,85.0,19.0,1,1,['Lambrusco'],Italy,Central Italy,['Emilia']
2839,Cantina Cincinnato,87.0,88.0,87.0,88.0,1,1,['White Blend'],Italy,Central Italy,['Lazio']
2840,Cantina Cinque Terre,86.0,25.0,86.0,25.0,1,1,['White Blend'],Italy,Northwestern Italy,['Liguria']
2841,Cantina Cortaccia,88.8,21.8,89.0,20.0,9,4,"['Pinot Bianco', 'Pinot Grigio', 'Gewürztraminer', 'Sauvignon']",Italy,Northeastern Italy,['Alto Adige']
2842,Cantina Dei Monaci,87.2,26.2,86.5,19.0,4,3,"['Aglianico', 'Fiano', 'Greco']",Italy,Southern Italy,['Taurasi']
2843,Cantina Fratelli Pardi,89.6,34.0,89.0,28.5,10,4,"['Red Blend', 'Sagrantino', 'Trebbiano Spoletino', 'White Blend']",Italy,Central Italy,['Montefalco Rosso']
2844,Cantina Gallura,84.0,17.0,84.0,17.0,2,1,['Vermentino'],Italy,Sicily & Sardinia,['Vermentino di Gallura']
2845,Cantina Giardino,90.0,,90.0,,1,1,['Aglianico'],Italy,Southern Italy,['Irpinia']
2846,Cantina Iuli,90.5,43.5,90.5,43.5,2,1,['Barbera'],Italy,Piedmont,['Barbera del Monferrato Superiore']
2847,Cantina Le Grotte,87.0,15.0,87.0,15.0,1,1,['Rosato'],Italy,Southern Italy,['Puglia']
2848,Cantina Luciani,92.0,,92.0,,1,1,['Sangiovese'],Italy,Tuscany,['Brunello di Montalcino']
2849,Cantina Ma.Ri.Ca.,87.3,15.7,86.0,14.0,3,2,"['Verdicchio', 'Verdeca']",Italy,Central Italy,['Verdicchio dei Castelli di Jesi Classico Superiore']
2850,Cantina Massara Burlotto,92.0,52.0,92.0,52.0,2,1,['Nebbiolo'],Italy,Piedmont,['Barolo']
2851,Cantina Nalles Magre,88.0,,88.0,,2,2,"['Pinot Bianco', 'Sauvignon']",Italy,Northeastern Italy,['Alto Adige']
2852,Cantina Negrar,87.0,15.0,87.0,15.0,1,1,"['Corvina, Rondinella, Molinara']",Italy,Veneto,['Valpolicella Classico Superiore Ripasso']
2853,Cantina Novelli,87.6,28.0,88.0,20.0,7,5,"['Trebbiano', 'Sagrantino', 'Pecorino', 'Red Blend', 'Trebbiano Spoletino']",Italy,Central Italy,['Umbria']
2854,Cantina Offida,86.0,14.7,86.0,13.0,3,2,"['Passerina', 'Red Blend']",Italy,Central Italy,['Marche']
2855,Cantina Pedres,87.5,17.0,87.5,17.0,2,2,"['Cannonau', 'Moscato']",Italy,Sicily & Sardinia,['Cannonau di Sardegna']
2856,Cantina Produttori Bolzano,88.2,27.8,88.0,25.0,5,5,"['Pinot Grigio', 'Sauvignon', 'Pinot Bianco', 'Pinot Nero', 'Lagrein']",Italy,Northeastern Italy,['Alto Adige']
2857,Cantina Produttori Bolzano S. Maddalena/Gries,88.7,24.6,89.0,22.0,7,5,"['Sauvignon', 'Pinot Bianco', 'Pinot Grigio', 'Pinot Nero', 'Lagrein']",Italy,Northeastern Italy,['Alto Adige']
2858,Cantina Produttori Cortaccia,88.2,18.3,88.0,16.0,9,7,"['Pinot Grigio', 'Pinot Bianco', 'Gewürztraminer', 'Sauvignon', 'Pinot Nero', 'Schiava', 'Lagrein']",Italy,Northeastern Italy,['Alto Adige']
2859,Cantina Produttori San Michele Appiano,89.2,31.5,89.0,31.0,52,10,"['Sauvignon', 'Pinot Grigio', 'Lagrein', 'Gewürztraminer', 'Pinot Nero', 'Riesling', 'Pinot Bianco', 'Chardonnay', 'Sauvignon Blanc', 'White Blend']",Italy,Northeastern Italy,['Alto Adige']
2860,Cantina Produttori di Valdobbiadene,85.5,,85.0,,6,2,"['Glera', 'Prosecco']",Italy,Veneto,['Conegliano Valdobbiadene Prosecco Superiore']
2861,Cantina Progettidivini,85.5,18.3,85.5,17.0,4,1,['Glera'],Italy,Veneto,['Conegliano Valdobbiadene Prosecco Superiore']
2862,Cantina San Martino,86.0,,86.0,,2,2,"['Pinot Grigio', 'Friulano']",Italy,Northeastern Italy,['Friuli Grave']
2863,Cantina San Martino,83.5,15.0,83.5,15.0,2,2,"['Prosecco', 'Glera']",Italy,Veneto,['Prosecco del Veneto']
2864,Cantina Santa Maddalena,89.7,48.0,90.0,48.0,3,2,"['Red Blend', 'Lagrein']",Italy,Northeastern Italy,['Alto Adige']
2865,Cantina Santadi,88.6,28.5,88.0,27.0,41,5,"['Red Blend', 'Carignano', 'Vermentino', 'White Blend', 'Rosé']",Italy,Sicily & Sardinia,['Valli di Porto Pino']
2866,Cantina Sociale Barbera dei Sei Castelli,87.5,,87.5,,2,1,['Barbera'],Italy,Piedmont,"[""Barbera d'Asti Superiore""]"
2867,Cantina Sociale Cooperativa di Copertino,87.0,15.0,87.0,15.0,1,1,['Negroamaro'],Italy,Southern Italy,['Copertino']
2868,Cantina Sociale della Valpantena,88.1,30.6,88.0,30.0,18,2,"['Corvina, Rondinella, Molinara', 'Red Blend']",Italy,Veneto,['Valpolicella Superiore Ripasso']
2869,Cantina Sociale di Dolianova,86.0,15.0,86.0,15.0,1,1,['Cannonau'],Italy,Sicily & Sardinia,['Cannonau di Sardegna']
2870,Cantina Sociale di Mombercelli Terre Astesane,87.5,,87.5,,2,1,['Barbera'],Italy,Piedmont,"[""Barbera d'Asti Superiore""]"
2871,Cantina Terlano,88.8,36.5,89.0,27.0,52,11,"['Sauvignon', 'Pinot Bianco', 'Pinot Grigio', 'White Blend', 'Gewürztraminer', 'Pinot Nero', 'Lagrein', 'Sauvignon Blanc', 'Chardonnay', 'Rosé', 'Müller-Thurgau']",Italy,Northeastern Italy,['Alto Adige']
2872,Cantina Terre del Barolo,87.9,26.5,88.0,26.0,8,1,['Nebbiolo'],Italy,Piedmont,['Barbaresco']
2873,Cantina Tollo,87.8,20.9,87.0,19.0,20,5,"['Pecorino', 'Montepulciano', 'Rosé', 'Red Blend', 'Trebbiano']",Italy,Central Italy,['Terre di Chieti']
2874,Cantina Tomaso Gianolio,87.0,49.0,87.0,49.0,1,1,['Nebbiolo'],Italy,Piedmont,['Barolo']
2875,Cantina Tramin,86.5,13.0,86.5,13.0,2,2,"['Pinot Bianco', 'Pinot Grigio']",Italy,Northeastern Italy,['Alto Adige']
2876,Cantina Tudernum,86.5,26.5,87.0,27.5,8,4,"['Sagrantino', 'Red Blend', 'Grechetto', 'Merlot']",Italy,Central Italy,['Sagrantino di Montefalco']
2877,Cantina Valle Isarco,87.3,19.8,87.0,18.0,14,7,"['Pinot Grigio', 'Sylvaner', 'Gewürztraminer', 'Kerner', 'Grüner Veltliner', 'Pinot Bianco', 'Sauvignon']",Italy,Northeastern Italy,['Alto Adige Valle Isarco']
2878,Cantina Valle Tritana,86.0,19.5,86.0,19.5,2,1,['Montepulciano'],Italy,Central Italy,"[""Montepulciano d'Abruzzo""]"
2879,Cantina Vallebelbo,84.7,9.5,85.0,9.5,3,1,['Moscato'],Italy,Piedmont,"[""Moscato d'Asti""]"
2880,Cantina Valpolicella Negrar,86.8,30.5,86.5,32.5,4,1,['Red Blend'],Italy,Veneto,['Amarone della Valpolicella Classico']
2881,Cantina Vignasone,88.5,17.0,88.5,17.0,2,1,['Barbera'],Italy,Piedmont,"[""Barbera d'Asti""]"
2882,Cantina Zaccagnini,87.2,27.0,88.0,17.0,5,3,"['Pinot Grigio', 'Montepulciano', 'Trebbiano']",Italy,Central Italy,['Colline Pescaresi']
2883,Cantina dei Colli Amerini,85.0,,85.0,,1,1,['Merlot'],Italy,Central Italy,['Umbria']
2884,Cantina dei Produttori Nebbiolo di Carema,91.0,29.0,91.0,29.0,1,1,['Nebbiolo'],Italy,Piedmont,['Carema']
2885,Cantina del Barone,86.0,,86.0,,1,1,['Fiano'],Italy,Southern Italy,['Fiano di Avellino']
2886,Cantina del Castello,87.1,18.4,87.0,18.0,11,2,"['White Blend', 'Garganega']",Italy,Veneto,['Soave Classico']
2887,Cantina del Castelnuovo del Garda,86.8,,86.5,,4,2,"['Corvina, Rondinella, Molinara', 'White Blend']",Italy,Veneto,['Bardolino Classico']
2888,Cantina del Cerro,85.0,,85.0,,1,1,['White Blend'],Italy,Tuscany,['Toscana']
2889,Cantina del Giusto,89.7,26.7,90.0,25.0,3,1,['Red Blend'],Italy,Tuscany,['Vino Nobile di Montepulciano']
2890,Cantina del Nebbiolo,88.8,32.3,90.0,30.0,19,1,['Nebbiolo'],Italy,Piedmont,['Barolo']
2891,Cantina del Pino,90.8,47.6,91.0,45.0,21,3,"['Nebbiolo', 'Barbera', 'Dolcetto']",Italy,Piedmont,['Barbaresco']
2892,Cantina del Taburno,86.8,30.8,86.0,18.0,11,7,"['Falanghina', 'Greco', 'Rosé', 'Aglianico', 'Red Blend', 'Coda di Volpe', 'Fiano']",Italy,Southern Italy,['Falanghina del Sannio']
2893,Cantina del Vermentino,86.2,19.0,87.0,19.0,4,1,['Vermentino'],Italy,Sicily & Sardinia,['Vermentino di Gallura']
2894,Cantina della Volta,87.8,24.2,87.0,25.0,5,2,"['Lambrusco', 'Lambrusco di Sorbara']",Italy,Central Italy,['Lambrusco di Modena']
2895,Cantina di Bertiolo,86.0,11.0,86.0,11.0,1,1,['Pinot Grigio'],Italy,Northeastern Italy,['Friuli Grave']
2896,Cantina di Custoza,85.7,,86.0,,3,2,"['White Blend', 'Corvina, Rondinella, Molinara']",Italy,Veneto,['Custoza Superiore']
2897,Cantina di Gambellara,85.5,10.0,85.5,10.0,2,1,['Garganega'],Italy,Veneto,['Soave Classico']
2898,Cantina di Montalcino,87.5,50.6,88.0,46.0,11,3,"['Sangiovese Grosso', 'Sangiovese', 'Red Blend']",Italy,Tuscany,['Rosso di Montalcino']
2899,Cantina di Montefiascone,85.0,10.0,85.0,10.0,1,1,['White Blend'],Italy,Central Italy,['Est! Est!! Est!!! di Montefiascone']
2900,Cantina di Monteforte,86.9,21.9,87.0,13.0,10,2,"['Garganega', 'Red Blend']",Italy,Veneto,['Soave Classico']
2901,Cantina di Negrar,88.4,35.0,88.0,35.0,5,1,"['Corvina, Rondinella, Molinara']",Italy,Veneto,['Amarone della Valpolicella Classico']
2902,Cantina di Nizza,87.0,,87.0,,1,1,['Barbera'],Italy,Piedmont,"[""Barbera d'Asti""]"
2903,Cantina di Puianello,84.3,14.0,84.0,14.0,3,1,['Lambrusco'],Italy,Central Italy,['Lambrusco Reggiano']
2904,Cantina di Soave,84.4,13.0,85.0,15.0,5,4,"['Pinot Grigio', 'Red Blend', 'Corvina', 'Rosato']",Italy,Northeastern Italy,['Delle Venezie']
2905,Cantina di Soave,87.7,24.3,87.0,17.5,27,4,"['White Blend', 'Garganega', 'Corvina, Rondinella, Molinara', 'Red Blend']",Italy,Veneto,['Soave Classico Superiore']
2906,Cantina di Sorbara,85.2,12.4,85.0,13.0,13,3,"['Lambrusco', 'Lambrusco di Sorbara', 'Lambrusco Salamino']",Italy,Central Italy,['Lambrusco di Sorbara']
2907,Cantina di Venosa,87.1,18.0,87.0,18.0,7,3,"['Aglianico', 'Moscato', 'Muscat']",Italy,Southern Italy,['Aglianico del Vulture']
2908,Cantine Astroni,86.5,19.1,87.0,17.0,10,4,"['Piedirosso', 'Red Blend', 'Falanghina', 'White Blend']",Italy,Southern Italy,['Campi Flegrei']
2909,Cantine Aurora,87.0,10.0,87.0,10.0,1,1,['Montepulciano'],Italy,Central Italy,"[""Montepulciano d'Abruzzo""]"
2910,Cantine Aurora,86.0,10.0,86.0,10.0,1,1,['Barbera'],Italy,Piedmont,"[""Barbera d'Asti Superiore""]"
2911,Cantine Barbera,87.2,21.6,87.0,15.0,16,6,"[""Nero d'Avola"", 'Rosé', 'White Blend', 'Cabernet Sauvignon', 'Red Blend', 'Inzolia']",Italy,Sicily & Sardinia,['Sicilia']
2912,Cantine Bellini,85.8,16.8,86.0,17.0,6,1,['Red Blend'],Italy,Tuscany,['Chianti Rufina']
2913,Cantine Benedetti,87.2,,88.0,,9,2,"['Red Blend', 'Corvina, Rondinella, Molinara']",Italy,Veneto,['Valpolicella Ripasso Classico']
2914,Cantine Cavallotti,84.0,,84.0,,1,1,['Barbera'],Italy,Piedmont,"[""Barbera d'Asti""]"
2915,Cantine Ceci,84.0,18.0,84.0,18.0,2,2,"['Sparkling Blend', 'Lambrusco']",Italy,Central Italy,['Emilia']
2916,Cantine Ciolli,86.0,,86.0,,2,1,"[""Cesanese d'Affile""]",Italy,Central Italy,['Olevano Romano']
2917,Cantine Cipressi,87.0,15.4,87.0,17.0,5,4,"['Aglianico', 'Montepulciano', 'Tintilia ', 'Rosé']",Italy,Southern Italy,['Terra degli Osci']
2918,Cantine De Falco,86.0,16.0,86.0,15.0,3,2,"['Primitivo', 'Red Blend']",Italy,Southern Italy,['Primitivo del Salento']
2919,Cantine Due Palme,85.1,12.5,85.5,11.5,8,4,"['Primitivo', 'Red Blend', 'Chardonnay', 'Negroamaro']",Italy,Southern Italy,['Salento']
2920,Cantine Elmi,84.0,,84.0,,1,1,['Aglianico'],Italy,Southern Italy,['Campania']
2921,Cantine Ermes,85.2,10.0,85.5,10.0,6,3,"[""Nero d'Avola"", 'Grillo', 'Rosato']",Italy,Sicily & Sardinia,['Terre Siciliane']
2922,Cantine Europa,87.0,,87.0,,2,2,"['White Blend', 'Grillo']",Italy,Sicily & Sardinia,['Terre Siciliane']
2923,Cantine Farro,88.0,25.7,88.0,29.0,3,1,['Falanghina'],Italy,Southern Italy,['Campi Flegrei']
2924,Cantine Federiciane,87.0,15.0,87.0,15.0,1,1,['Piedirosso'],Italy,Southern Italy,['Campi Flegrei']
2925,Cantine Florio,88.7,16.0,88.0,18.0,9,3,"['Malvasia', 'White Blend', 'Grillo']",Italy,Sicily & Sardinia,['Malvasia delle Lipari']
2926,Cantine Foschini,86.0,17.0,86.0,17.0,1,1,['Falanghina'],Italy,Southern Italy,['Falanghina del Sannio']
2927,Cantine Galasso,86.0,9.0,86.0,9.0,1,1,['Montepulciano'],Italy,Central Italy,"[""Montepulciano d'Abruzzo""]"
2928,Cantine Gemma,90.7,,92.0,,3,1,['Nebbiolo'],Italy,Piedmont,['Barolo']
2929,Cantine Gini,92.0,30.0,92.0,30.0,1,1,['Red Blend'],Italy,Tuscany,['Toscana']
2930,Cantine Grasso,84.5,12.0,84.0,11.0,4,2,"[""Nero d'Avola"", 'Grillo']",Italy,Sicily & Sardinia,['Terre Siciliane']
2931,Cantine Gulino,87.7,30.0,88.0,35.0,3,2,"['Albanello', 'Moscato']",Italy,Sicily & Sardinia,['Terre Siciliane']
2932,Cantine Lanzavecchia,85.5,14.5,85.5,14.5,2,1,['Nebbiolo'],Italy,Piedmont,['Langhe']
2933,Cantine Lenotti,86.0,14.0,86.0,14.0,1,1,['Garganega'],Italy,Veneto,['Soave Classico']
2934,Cantine Lenotti di Lenotti,88.2,40.2,88.0,29.0,12,2,"['Corvina, Rondinella, Molinara', 'Garganega']",Italy,Veneto,['Amarone della Valpolicella Classico']
2935,Cantine Leonardo,89.7,55.3,90.0,60.0,3,1,['Sangiovese Grosso'],Italy,Tuscany,['Brunello di Montalcino']
2936,Cantine Leonardo Da Vinci,86.5,19.0,86.5,19.0,2,1,['Red Blend'],Italy,Tuscany,['Chianti']
2937,Cantine Lunae Bosoni,86.2,18.7,86.0,18.0,5,2,"['Red Blend', 'Vermentino']",Italy,Northwestern Italy,['Colli di Luni']
2938,Cantine Lupo,86.0,14.7,86.0,15.0,3,3,"['Merlot', 'Vermentino', 'Syrah']",Italy,Central Italy,['Lazio']
2939,Cantine Maschio,85.0,13.0,85.0,13.0,1,1,['Prosecco'],Italy,Italy Other,['Italy']
2940,Cantine Maschio,86.0,16.5,86.0,16.5,4,1,['Glera'],Italy,Veneto,['Prosecco']
2941,Cantine Menhir,87.0,22.3,87.0,15.0,3,2,"['Primitivo', 'Negroamaro']",Italy,Southern Italy,['Salento']
2942,Cantine Novelli,87.0,30.0,87.5,28.0,4,3,"['Trebbiano', 'Sagrantino', 'Red Blend']",Italy,Central Italy,['Umbria']
2943,Cantine Olivella,89.7,19.0,89.0,19.0,3,3,"['Catalanesca', 'Caprettone', 'White Blend']",Italy,Southern Italy,['Catalanesca del Monte Somma']
2944,Cantine Paolo Leo,88.5,18.5,88.0,18.5,4,3,"['Primitivo', 'Red Blend', 'Negroamaro']",Italy,Southern Italy,['Primitivo di Manduria']
2945,Cantine Povero,87.0,25.0,87.0,25.0,1,1,['Nebbiolo'],Italy,Piedmont,['Barbaresco']
2946,Cantine Rallo,87.9,23.5,87.0,23.5,12,8,"['Grillo', 'White Blend', 'Inzolia', 'Zibibbo', 'Catarratto', 'Red Blend', ""Nero d'Avola"", 'Syrah']",Italy,Sicily & Sardinia,['Sicilia']
2947,Cantine Ravazzi,86.0,16.5,86.0,16.5,2,1,['Red Blend'],Italy,Tuscany,['Chianti']
2948,Cantine Riunite,82.2,6.8,82.0,6.0,4,1,['Lambrusco'],Italy,Central Italy,['Emilia']
2949,Cantine Russo,88.8,29.3,89.0,25.0,6,2,"['Red Blend', 'White Blend']",Italy,Sicily & Sardinia,['Etna']
2950,Cantine San Silvestro,86.3,13.0,86.0,14.0,3,2,"['Dolcetto', 'Barbera']",Italy,Piedmont,"[""Dolcetto d'Alba""]"
2951,Cantine Sant'Agata,87.0,19.8,87.0,21.0,11,3,"['Barbera', 'Red Blend', 'Ruché']",Italy,Piedmont,"[""Barbera d'Asti Superiore""]"
2952,Cantine Sasso,86.0,14.0,86.0,14.0,1,1,['Aglianico'],Italy,Southern Italy,['Aglianico del Vulture']
2953,Cantine Valenti,87.7,24.3,87.0,24.0,3,2,"['White Blend', 'Nerello Mascalese']",Italy,Sicily & Sardinia,['Etna']
2954,Cantine Volpi,85.0,10.0,85.0,10.0,2,1,['Montepulciano'],Italy,Central Italy,"[""Montepulciano d'Abruzzo""]"
2955,Cantine Volpi,85.8,11.0,86.0,11.0,4,1,['Barbera'],Italy,Piedmont,"[""Barbera d'Asti""]"
2956,Cantine Volpi,85.0,10.0,85.0,10.0,1,1,['Pinot Grigio'],Italy,Veneto,['Veneto']
2957,Cantine dei Colli Tramonte,82.0,15.0,82.0,15.0,1,1,['Moscato'],Italy,Veneto,['Veneto']
2958,Cantine del Borgo Reale,85.0,45.0,85.0,45.0,1,1,['Nebbiolo'],Italy,Piedmont,['Barolo']
2959,Cantine del Notaio,89.9,38.0,90.5,32.0,10,3,"['Aglianico', 'Red Blend', 'White Blend']",Italy,Southern Italy,['Aglianico del Vulture']
2960,Cantine di Dolianova,85.0,14.0,85.0,14.0,2,2,"['Monica', 'Vermentino']",Italy,Sicily & Sardinia,['Monica di Sardegna']
2961,Cantine di Marzo,88.3,30.2,88.0,26.0,12,3,"['Greco', 'Fiano', 'Aglianico']",Italy,Southern Italy,['Greco di Tufo']
2962,Cantine di Ora,87.0,37.0,87.0,37.0,1,1,['Red Blend'],Italy,Veneto,['Amarone della Valpolicella']
2963,Canto et Fils,91.0,69.0,91.0,69.0,1,1,['Rhône-style Red Blend'],France,Rhône Valley,['Châteauneuf-du-Pape']
2964,Cantora,83.0,10.0,83.0,10.0,1,1,['Carmenère'],Chile,Colchagua Valley,[]
2965,Canvasback,90.8,50.0,90.5,40.0,4,1,['Cabernet Sauvignon'],US,Washington,"['Red Mountain', 'Columbia Valley']"
2966,Canyon Road,84.6,9.0,85.0,9.0,5,4,"['Merlot', 'Chardonnay', 'Sauvignon Blanc', 'Shiraz']",US,California,"['California', 'California Other']"
2967,Canyon Wind,85.4,38.3,85.5,28.0,14,7,"['Cabernet Sauvignon', 'Sauvignon Blanc', 'Syrah', 'Cabernet Franc', 'Petit Verdot', 'Merlot', 'Bordeaux-style Red Blend']",US,Colorado,['Grand Valley']
2968,Caoba,84.5,11.5,84.5,11.5,2,2,"['Malbec', 'Chardonnay']",Argentina,Mendoza Province,['Mendoza']
2969,Cap Cette,86.0,12.0,86.0,12.0,1,1,['Chardonnay'],France,Languedoc-Roussillon,"[""Pays d'Oc""]"
2970,Cap Royal,86.5,14.0,86.5,15.0,6,3,"['Sauvignon Blanc', 'Bordeaux-style White Blend', 'Bordeaux-style Red Blend']",France,Bordeaux,['Bordeaux Blanc']
2971,Cap Wine,87.0,13.0,87.0,13.0,2,1,['Portuguese Red'],Portugal,Douro,[]
2972,Capa,86.0,8.0,86.0,8.0,1,1,['Tempranillo'],Spain,Central Spain,['Vino de la Tierra de Castilla']
2973,Capafons-Ossó,88.6,45.8,90.0,50.0,5,1,['Red Blend'],Spain,Catalonia,['Priorat']
2974,Capaia,89.4,29.4,88.0,21.0,5,3,"['Sauvignon Blanc', 'Bordeaux-style Red Blend', 'Merlot-Cabernet Sauvignon']",South Africa,Philadelphia,[]
2975,Capanna,91.1,55.1,91.0,55.0,18,2,"['Sangiovese', 'Sangiovese Grosso']",Italy,Tuscany,['Brunello di Montalcino']
2976,Capanne Ricci,89.8,55.8,90.0,57.5,12,2,"['Sangiovese', 'Sangiovese Grosso']",Italy,Tuscany,['Brunello di Montalcino']
2977,Capannelle,90.8,65.7,91.0,78.0,9,2,"['Sangiovese', 'Red Blend']",Italy,Tuscany,['Toscana']
2978,Caparra & Siciliani,84.0,20.3,85.0,18.0,3,2,"['Gaglioppo', 'Rosato']",Italy,Southern Italy,['Cirò Classico']
2979,Caparsa,92.0,,92.0,,1,1,['Sangiovese'],Italy,Tuscany,['Chianti Classico']
2980,Caparzo,89.4,48.9,89.0,45.0,33,7,"['Sangiovese Grosso', 'Sangiovese', 'Red Blend', 'Moscadello', 'White Blend', 'Rosé', 'Vermentino']",Italy,Tuscany,['Brunello di Montalcino']
2981,Capataz,92.0,35.0,92.0,35.0,1,1,['Malbec'],Argentina,Mendoza Province,['Mendoza']
2982,Capay Valley,81.5,14.5,81.5,14.5,2,2,"['Syrah', 'Viognier']",US,California,"['California', 'California Other']"
2983,Cape Barren,88.8,30.8,89.5,27.5,6,4,"['G-S-M', 'Shiraz', 'Red Blend', 'Chardonnay']",Australia,South Australia,['McLaren Vale']
2984,Cape Campbell,87.0,15.0,87.0,15.0,1,1,['Pinot Gris'],New Zealand,Marlborough,[]
2985,Cape Clairault,92.0,35.0,92.0,35.0,1,1,['Bordeaux-style Red Blend'],Australia,Western Australia,['Margaret River']
2986,Cape Collection,82.0,8.0,82.0,8.0,1,1,['Sauvignon Blanc'],South Africa,Swartland,[]
2987,Cape May,82.2,17.5,82.5,17.5,4,4,"['Cabernet Sauvignon', 'Riesling', 'Merlot', 'Cabernet Franc']",US,New Jersey,['New Jersey']
2988,Cape Mentelle,89.5,33.1,90.0,23.0,19,7,"['Cabernet Sauvignon', 'Sauvignon Blanc-Semillon', 'Chardonnay', 'Shiraz', 'Cabernet Sauvignon-Merlot', 'Bordeaux-style Red Blend', 'Rosé']",Australia,Western Australia,['Margaret River']
2989,Cape Point Vineyards,90.7,42.3,91.0,37.0,3,3,"['Bordeaux-style White Blend', 'Sauvignon Blanc', 'Chardonnay']",South Africa,Cape Peninsula,[]
2990,Cape View,87.0,12.0,87.0,12.0,2,2,"['Chenin Blanc', 'Sauvignon Blanc-Chenin Blanc']",South Africa,Stellenbosch,[]
2991,Cape to Cairo,86.0,24.0,86.0,24.0,1,1,['Syrah'],South Africa,Western Cape,[]
2992,Capel Vale,88.0,22.0,88.0,22.0,2,1,['Shiraz'],Australia,Western Australia,['Mount Barker']
2993,Capello,84.0,9.0,84.0,9.0,1,1,['Merlot'],US,California,"['California', 'California Other']"
2994,Capensis,91.0,80.0,91.0,80.0,2,1,['Chardonnay'],South Africa,Western Cape,[]
2995,Capestrano,85.1,13.2,85.0,13.0,8,3,"['Montepulciano', 'Verdicchio', 'Passerina']",Italy,Central Italy,"[""Montepulciano d'Abruzzo""]"
2996,Capezzana,88.8,35.5,88.0,40.0,27,4,"['Red Blend', 'White Blend', 'Sangiovese', 'Trebbiano']",Italy,Tuscany,['Toscana']
2997,Capichera,90.3,74.1,90.0,50.0,24,4,"['Vermentino', 'Carignano', 'Red Blend', 'Rosato']",Italy,Sicily & Sardinia,['Sardinia']
2998,Capitain-Gagnerot,92.6,75.6,93.0,50.0,5,1,['Pinot Noir'],France,Burgundy,['Aloxe-Corton']
2999,Capitello,85.5,26.5,85.5,26.5,2,2,"['Pinot Noir', 'Pinot Gris']",US,Oregon,"['Willamette Valley', 'Willamette Valley']"
3000,Capitoni,91.0,29.0,91.0,29.0,1,1,['Red Blend'],Italy,Tuscany,['Orcia']
3001,Capitoni Marco,87.5,28.0,87.5,28.0,2,2,"['Red Blend', 'Sangiovese']",Italy,Tuscany,['Orcia']
3002,Capitoso,84.0,12.0,84.0,12.0,1,1,['Tempranillo'],Spain,Northern Spain,['Rioja']
3003,Capo Soprano,85.0,14.0,85.0,14.0,4,2,"['White Blend', ""Nero d'Avola""]",Italy,Sicily & Sardinia,['Sicilia']
3004,Capo di Vigna,84.5,,84.5,,2,1,['Glera'],Italy,Veneto,['Prosecco']
3005,Capocroce,85.0,11.0,85.0,11.0,1,1,['White Blend'],Italy,Sicily & Sardinia,['Sicilia']
3006,Capolan,82.0,10.0,82.0,10.0,1,1,['Merlot'],US,California,"['Sonoma County', 'Sonoma']"
3007,Capolino Perlingieri,88.1,23.2,88.0,22.0,9,5,"['Aglianico', 'Fiano', 'Greco', 'Red Blend', 'Falanghina']",Italy,Southern Italy,['Sannio']
3008,Caposaldo,83.0,15.0,83.0,15.0,1,1,['Moscato'],Italy,Lombardy,['Pavia']
3009,Caposaldo,84.5,10.5,84.5,10.5,2,2,"['Sangiovese', 'Red Blend']",Italy,Tuscany,['Chianti']
3010,Caposaldo,85.8,15.3,86.0,15.0,5,3,"['Glera', 'Prosecco', 'Pinot Grigio']",Italy,Veneto,['Prosecco']
3011,Capoverso,85.8,22.7,86.0,22.0,4,3,"['Sangiovese', 'Red Blend', 'Syrah']",Italy,Tuscany,['Toscana']
3012,Cappella Sant'Andrea,88.0,18.0,88.0,18.0,2,1,['Vernaccia'],Italy,Tuscany,['Vernaccia di San Gimignano']
3013,Caprili,91.6,55.0,92.0,55.0,13,2,"['Sangiovese', 'Sangiovese Grosso']",Italy,Tuscany,['Brunello di Montalcino']
3014,Capstone Cellars,82.7,22.7,83.0,21.0,3,3,"['Bordeaux-style Red Blend', 'Cabernet Franc', 'Sangiovese']",US,Washington,"['Yakima Valley', 'Columbia Valley']"
3015,Capture,89.9,69.7,88.0,45.0,13,4,"['Chardonnay', 'Sauvignon Blanc', 'Bordeaux-style Red Blend', 'Cabernet Sauvignon']",US,California,"['Pine Mountain-Cloverdale Peak', 'Sonoma']"
3016,Captûre,89.3,55.0,89.0,45.0,3,2,"['Bordeaux-style Red Blend', 'Sauvignon Blanc']",US,California,"['Spring Mountain District', 'Napa']"
3017,Caputo,82.0,11.0,82.0,11.0,1,1,['Red Blend'],Italy,Southern Italy,['Lacryma Christi del Vesuvio']
3018,Capçanes,89.0,30.8,89.5,20.0,6,3,"['Red Blend', 'Garnacha', 'Rosé']",Spain,Catalonia,['Montsant']
3019,Car Men Air,85.0,15.0,85.0,15.0,1,1,['Red Blend'],Chile,Maule Valley,[]
3020,Cara Mia,82.3,20.0,82.0,20.0,3,3,"['Chardonnay', 'Sauvignon Blanc', 'Cabernet Sauvignon']",Italy,Northeastern Italy,['Delle Venezie']
3021,Carabella,89.4,32.7,90.0,30.0,32,3,"['Pinot Noir', 'Pinot Gris', 'Chardonnay']",US,Oregon,"['Chehalem Mountains', 'Willamette Valley']"
3022,Caraccioli,85.2,39.2,85.0,38.0,4,3,"['Pinot Noir', 'Chardonnay', 'Sparkling Blend']",US,California,"['Santa Lucia Highlands', 'Central Coast']"
3023,Caracol Serrano,84.2,10.2,85.0,10.0,4,1,['Red Blend'],Spain,Levante,['Jumilla']
3024,Carayon la Rose,85.0,,85.0,,1,1,['Rosé'],France,Languedoc-Roussillon,['Languedoc']
3025,Carbone,88.3,26.5,89.0,26.5,3,1,['Aglianico'],Italy,Southern Italy,['Aglianico del Vulture']
3026,Carbó,85.7,15.0,86.0,15.0,3,1,['Sparkling Blend'],Spain,Catalonia,['Cava']
3027,Cardeal,86.0,,86.0,,2,2,"['Portuguese Red', 'Touriga Nacional']",Portugal,Dão,[]
3028,Carden,90.0,50.0,90.0,50.0,3,1,['Pinot Noir'],US,Oregon,"['Willamette Valley', 'Willamette Valley']"
3029,Carden,90.0,50.0,90.0,50.0,3,1,['Cabernet Sauvignon'],US,Washington,"['Columbia Valley (WA)', 'Columbia Valley']"
3030,Cardinal Point,87.0,30.0,87.0,30.0,1,1,['Cabernet Franc'],US,Virginia,['Monticello']
3031,Cardinal Rule,89.0,38.0,89.0,38.0,2,2,"['Cabernet Sauvignon', 'Pinot Noir']",US,California,"['Dry Creek Valley', 'Sonoma']"
3032,Cardinal Zin,85.0,20.0,85.0,20.0,2,1,['Zinfandel'],US,California,"['California', 'California Other']"
3033,Cardinale,96.0,225.0,95.0,250.0,5,2,"['Bordeaux-style Red Blend', 'Cabernet Sauvignon']",US,California,"['Napa Valley', 'Napa']"
3034,Cardwell Hill,85.7,20.8,85.5,19.5,6,2,"['Pinot Gris', 'Pinot Noir']",US,Oregon,"['Willamette Valley', 'Willamette Valley']"
3035,Care,84.5,15.5,84.5,15.5,2,2,"['Red Blend', 'Tempranillo']",Spain,Northern Spain,['Cariñena']
3036,Careglio,87.8,27.0,87.5,27.0,4,1,['Nebbiolo'],Italy,Piedmont,['Roero']
3037,Caren,88.0,25.0,88.0,25.0,1,1,['Albariño'],US,California,"['Santa Ynez Valley', 'Central Coast']"
3038,Cargasacchi,92.0,34.7,91.0,40.0,3,1,['Pinot Noir'],US,California,"['Sta. Rita Hills', 'Central Coast']"
3039,Carhartt Vineyard,88.0,33.1,89.0,32.0,7,5,"['Red Blend', 'Syrah', 'Merlot', 'Grenache Blanc', 'Grenache']",US,California,"['Santa Ynez Valley', 'Central Coast']"
3040,Carica,88.5,28.8,89.0,30.0,11,5,"['Rhône-style Red Blend', 'Sauvignon Blanc', 'Petite Sirah', 'G-S-M', 'Syrah']",US,California,"['Sonoma County', 'Sonoma']"
3041,Caricature,86.4,15.7,86.0,16.0,7,4,"['Zinfandel', 'Red Blend', 'Cabernet Sauvignon', 'Chardonnay']",US,California,"['Lodi', 'Central Valley']"
3042,Carillon,88.3,74.7,89.0,60.0,3,1,['Sangiovese'],Italy,Tuscany,['Brunello di Montalcino']
3043,Carina Cellars,88.3,30.0,91.0,36.0,3,3,"['Syrah', 'Viognier', 'Rhône-style Red Blend']",US,California,"['Paso Robles', 'Central Coast']"
3044,Carinae,81.5,13.0,81.5,13.0,2,1,['Malbec'],Argentina,Mendoza Province,['Mendoza']
3045,Carivintas,84.2,26.4,84.0,28.0,5,5,"['Merlot', 'Rosé', 'Petite Sirah', 'Red Blend', 'Tempranillo']",US,California,"['Santa Barbara County', 'Central Coast']"
3046,Carić,88.0,27.0,88.0,27.0,1,1,['Plavac Mali'],Croatia,Hvar,[]
3047,Carl Ehrhard,88.4,17.4,88.0,16.0,23,4,"['Riesling', 'Spätburgunder', 'Pinot Noir', 'Sparkling Blend']",Germany,Rheingau,[]
3048,Carl Graff,88.6,13.1,88.0,13.0,7,1,['Riesling'],Germany,Mosel,[]
3049,Carl Graff,84.5,18.2,84.5,18.0,4,1,['Riesling'],Germany,Mosel-Saar-Ruwer,[]
3050,Carl Loewen,91.0,19.0,91.0,19.0,1,1,['Riesling'],Germany,Mosel-Saar-Ruwer,[]
3051,Carletto,85.0,10.0,85.0,10.0,1,1,['Montepulciano'],Italy,Central Italy,"[""Montepulciano d'Abruzzo""]"
3052,Carletto,83.0,14.0,83.0,14.0,1,1,['Glera'],Italy,Veneto,['Prosecco']
3053,CarlindePaolo,86.9,25.3,87.0,19.0,15,5,"['Nebbiolo', 'Barbera', 'Dolcetto', 'Arneis', 'Moscato']",Italy,Piedmont,['Barbaresco']
3054,Carlisle,92.5,40.7,93.0,44.0,51,9,"['Alicante Bouschet', 'White Blend', 'Petite Sirah', 'Red Blend', 'Zinfandel', 'Syrah', 'Rhône-style Red Blend', 'Grenache', 'Grüner Veltliner']",US,California,"['Sonoma Valley', 'Sonoma']"
3055,Carlo Bisol Solighetto,89.0,62.0,89.0,62.0,1,1,['Glera'],Italy,Veneto,['Valdobbiadene Superiore di Cartizze']
3056,Carlo Boscaini,87.7,32.7,88.0,31.5,10,2,"['Corvina, Rondinella, Molinara', 'Red Blend']",Italy,Veneto,['Valpolicella Classico Superiore Ripasso']
3057,Carlo Giacosa,90.2,58.3,90.0,60.0,9,1,['Nebbiolo'],Italy,Piedmont,['Barbaresco']
3058,Carlo Mario Margiotta,85.0,12.2,85.0,12.0,4,3,"['Trebbiano', 'Montepulciano', 'Rosé']",Italy,Central Italy,"[""Trebbiano d'Abruzzo""]"
3059,Carlo di Pradis,87.0,15.0,87.0,15.0,1,1,['Pinot Grigio'],Italy,Northeastern Italy,['Isonzo del Friuli']
3060,Carlos Basso,86.2,13.6,86.0,13.0,35,7,"['Cabernet Sauvignon', 'Malbec', 'Red Blend', 'Chardonnay', 'Cabernet Sauvignon-Merlot', 'Sauvignon Blanc', 'Cabernet Sauvignon-Malbec']",Argentina,Mendoza Province,['Valle de Uco']
3061,Carlos Moro,88.3,51.7,90.0,40.0,3,2,"['Verdejo', 'Tempranillo']",Spain,Northern Spain,['Rueda']
3062,Carlos Serres,86.7,14.5,87.0,10.0,15,5,"['Tempranillo', 'Rosé', 'Tempranillo Blend', 'Viura', 'White Blend']",Spain,Northern Spain,['Rioja']
3063,Carlotta,86.8,34.0,86.0,32.0,5,4,"['Red Blend', 'Rhône-style White Blend', 'Syrah', 'Marsanne']",US,California,"['North Coast', 'North Coast']"
3064,Carlson,89.7,25.8,89.5,22.5,6,5,"['White Blend', 'Pinot Gris', 'Cabernet Franc', 'Pinot Noir', 'Chardonnay']",US,California,"['Santa Ynez Valley', 'Central Coast']"
3065,Carlson Creek,84.4,22.8,84.0,23.0,5,5,"['Chenin Blanc', 'Chardonnay', 'Riesling', 'Rhône-style Red Blend', 'Sangiovese']",US,Arizona,['Arizona']
3066,Carlton Cellars,88.3,41.7,88.0,45.0,3,1,['Pinot Noir'],US,Oregon,['Willamette Valley']
3067,Carlton Hill,91.0,50.0,91.0,45.0,6,1,['Pinot Noir'],US,Oregon,['Willamette Valley']
3068,Carma,84.0,10.0,84.0,10.0,1,1,['Carmenère'],Chile,Colchagua Valley,[]
3069,Carma,83.0,10.0,83.0,10.0,1,1,['Chardonnay'],Chile,Curicó Valley,[]
3070,Carma,82.5,10.0,82.5,10.0,2,1,['Carmenère'],Chile,Maule Valley,[]
3071,Carmel,88.9,29.1,89.0,26.0,20,10,"['Chardonnay', 'Cabernet Sauvignon', 'Gewürztraminer', 'White Riesling', 'Shiraz', 'Merlot', 'Cabernet Franc', 'Cabernet Sauvignon-Shiraz', 'Sauvignon Blanc', 'Red Blend']",Israel,Galilee,[]
3072,Carmel,85.0,70.0,85.0,70.0,1,1,['Bordeaux-style Red Blend'],Israel,Israel,[]
3073,Carmel,86.7,22.0,87.0,24.0,3,2,"['Petite Sirah', 'Merlot']",Israel,Judean Hills,[]
3074,Carmel,85.0,9.0,85.0,9.0,1,1,['Moscato'],Israel,Samson,[]
3075,Carmel,86.0,25.5,86.5,21.0,6,5,"['Carignan', 'Red Blend', 'Chardonnay', 'Petite Sirah', 'Shiraz']",Israel,Shomron,[]
3076,Carmel,86.9,35.8,86.0,31.5,10,7,"['Cabernet Sauvignon', 'Shiraz', 'Bordeaux-style Red Blend', 'Cabernet Franc', 'Merlot', 'Cabernet Sauvignon-Shiraz', 'Gewürztraminer']",Israel,Upper Galilee,[]
3077,Carmel,82.0,35.0,82.0,35.0,1,1,['Syrah'],US,California,"['Monterey County', 'Central Coast']"
3078,Carmel Hills Winery,85.8,36.0,85.5,35.0,4,3,"['Pinot Noir', 'Chardonnay', 'Syrah']",US,California,"['Monterey County', 'Central Coast']"
3079,Carmel Road,86.4,24.5,87.0,20.0,31,4,"['Chardonnay', 'Riesling', 'Pinot Noir', 'Pinot Gris']",US,California,"['Monterey', 'Central Coast']"
3080,Carmelo Patti,87.4,33.8,87.0,30.0,9,4,"['Bordeaux-style Red Blend', 'Champagne Blend', 'Cabernet Sauvignon', 'Malbec']",Argentina,Mendoza Province,['Mendoza']
3081,Carmelo Rodero,87.3,17.0,88.0,17.0,3,2,"['Tempranillo', 'Tempranillo Blend']",Spain,Northern Spain,['Ribera del Duero']
3082,Carmen,85.0,15.0,85.0,15.0,1,1,['Chardonnay'],Chile,Casablanca & Leyda Valleys,[]
3083,Carmen,85.2,15.2,85.5,13.0,12,3,"['Chardonnay', 'Merlot', 'Sauvignon Blanc']",Chile,Casablanca Valley,[]
3084,Carmen,84.7,7.7,85.0,8.0,3,3,"['Cabernet Sauvignon', 'Chardonnay', 'Sauvignon Blanc']",Chile,Central Valley,[]
3085,Carmen,87.2,15.0,86.5,15.0,4,1,['Carmenère'],Chile,Colchagua Valley,[]
3086,Carmen,85.3,8.7,85.0,9.0,3,2,"['Sauvignon Blanc', 'Gewürztraminer']",Chile,Curicó Valley,[]
3087,Carmen,85.4,12.2,85.0,12.0,5,2,"['Sauvignon Blanc', 'Pinot Noir']",Chile,Leyda Valley,[]
3088,Carmen,86.4,23.2,87.0,16.0,31,8,"['Cabernet Sauvignon', 'Merlot', 'Carmenère-Cabernet Sauvignon', 'Chardonnay', 'Petite Sirah', 'Syrah', 'Red Blend', 'Shiraz', nan]",Chile,Maipo Valley,[]
3089,Carmen,85.0,9.8,85.0,10.0,5,2,"['Merlot', 'Carmenère']",Chile,Rapel Valley,[]
3090,Carmen Lopez Delgado,90.0,50.0,90.0,50.0,2,1,['Graciano'],Spain,Spain Other,['Spain']
3091,Carmenet,84.7,16.4,84.0,12.0,9,6,"['Sauvignon Blanc', 'Pinot Noir', 'Chardonnay', 'Cabernet Sauvignon', 'Pinot Grigio', 'Zinfandel']",US,California,"['Edna Valley', 'Central Coast']"
3092,Carmichael,88.0,15.7,89.0,15.0,3,2,"['White Blend', 'Rhône-style Red Blend']",US,California,"['Monterey County', 'Central Coast']"
3093,Carmina,85.4,15.0,86.0,15.0,10,2,"['Prosecco', 'Glera']",Italy,Veneto,['Prosecco di Conegliano']
3094,Carmina Burana,91.0,25.0,91.0,25.0,1,1,['Riesling'],US,Washington,"['Columbia Valley (WA)', 'Columbia Valley']"
3095,Carneros Creek,87.0,34.0,87.0,40.0,3,1,['Pinot Noir'],US,California,"['Carneros', 'Napa-Sonoma']"
3096,Carneros Highway,88.0,19.0,87.5,18.0,4,2,"['Chardonnay', 'Pinot Noir']",US,California,"['Carneros', 'Napa-Sonoma']"
3097,Carneros Hills,90.0,45.0,90.0,45.0,1,1,['Pinot Noir'],US,California,"['Carneros', 'Napa-Sonoma']"
3098,Carneros Ranch,86.5,26.0,86.5,26.0,2,2,"['Chardonnay', 'Pinot Noir']",US,California,"['Carneros', 'Napa-Sonoma']"
3099,Carneros della Notte,84.7,49.3,85.0,48.0,3,2,"['Pinot Noir', 'Riesling']",US,California,"['Carneros', 'Napa-Sonoma']"
3100,Carnivor,87.7,14.3,88.0,15.0,3,2,"['Cabernet Sauvignon', 'Zinfandel']",US,California,"['California', 'California Other']"
3101,Carobbio,90.0,24.7,90.0,22.0,3,2,"['Red Blend', 'Sangiovese']",Italy,Tuscany,['Chianti Classico']
3102,Carod Freres,88.0,13.0,88.0,13.0,1,1,['Sparkling Blend'],France,Rhône Valley,['Clairette de Die Méthode Dioise Ancestrale']
3103,Carol Shelton,89.1,28.3,90.0,24.0,39,10,"['Zinfandel', 'Viognier', 'Pinot Noir', 'Rhône-style White Blend', 'Rosé', 'Chardonnay', 'Petite Sirah', 'Carignane', 'Cabernet Sauvignon', 'Red Blend']",US,California,"['Sonoma County', 'Sonoma']"
3104,Caroline Bay,85.5,18.0,85.5,18.0,2,2,"['Cabernet Sauvignon', 'Chardonnay']",New Zealand,Hawke's Bay,[]
3105,Caroline Bay,90.0,16.0,90.0,16.0,1,1,['Sauvignon Blanc'],New Zealand,Marlborough,[]
3106,Carpe Diem,88.6,28.3,90.0,26.0,17,3,"['Chardonnay', 'Pinot Noir', 'Cabernet Sauvignon']",US,California,"['Anderson Valley', 'Mendocino/Lake Counties']"
3107,Carpenter Creek,81.0,38.0,81.0,38.0,1,1,['Syrah'],US,Washington,"['Washington', 'Washington Other']"
3108,Carpenè Malvolti,86.5,19.1,86.0,18.0,15,3,"['Prosecco', 'Glera', 'Sparkling Blend']",Italy,Veneto,['Prosecco di Conegliano']
3109,Carpineto,88.9,39.0,89.0,31.5,79,11,"['Sangiovese', 'Red Blend', 'Cabernet Sauvignon', 'Sangiovese Grosso', 'Prugnolo Gentile', 'Vernaccia', 'Vermentino', 'Merlot', 'White Blend', 'Rosé', 'Chardonnay']",Italy,Tuscany,['Brunello di Montalcino']
3110,Carr,87.2,35.3,87.0,35.0,35,7,"['Pinot Noir', 'Pinot Gris', 'Syrah', 'Cabernet Franc', 'Sangiovese', 'Sauvignon Blanc', 'Grenache']",US,California,"['Sta. Rita Hills', 'Central Coast']"
3111,Carravid,87.0,30.0,87.0,30.0,1,1,['Tempranillo Blend'],Spain,Northern Spain,['Ribera del Duero']
3112,Carrefour,85.9,28.9,86.0,28.0,8,5,"['Cabernet Sauvignon', 'Merlot', 'Sauvignon Blanc', 'Pinot Noir', 'Cabernet Franc']",US,California,"['Napa Valley', 'Napa']"
3113,Carrick,89.8,33.9,90.0,30.0,17,4,"['Chardonnay', 'Riesling', 'Pinot Gris', 'Pinot Noir']",New Zealand,Central Otago,[]
3114,Carruades de Lafite,91.0,,91.0,,1,1,['Bordeaux-style Red Blend'],France,Bordeaux,['Pauillac']
3115,Carson Scott,89.0,12.0,89.0,12.0,1,1,['Chardonnay'],US,California,"['California', 'California Other']"
3116,Carta Vieja,84.0,8.5,84.0,8.5,2,1,['Sauvignon Blanc'],Chile,Loncomilla Valley,[]
3117,Carta Vieja,82.7,7.3,83.0,8.0,3,2,"['Chardonnay', 'Sauvignon Blanc']",Chile,Maule Valley,[]
3118,Carte Blanche,93.2,86.2,93.5,85.0,4,4,"['Bordeaux-style Red Blend', 'Cabernet Sauvignon', 'Chardonnay', 'Bordeaux-style White Blend']",US,California,"['Napa Valley', 'Napa']"
3119,Carter,92.3,95.0,92.5,85.0,10,4,"['Cabernet Sauvignon', 'Merlot', 'Bordeaux-style Red Blend', 'Red Blend']",US,California,"['Oakville', 'Napa']"
3120,Carter Estate,89.7,38.0,89.0,32.0,3,3,"['Chardonnay', 'Red Blend', 'Cabernet Sauvignon']",US,California,"['South Coast', 'South Coast']"
3121,Cartlidge & Browne,85.4,13.4,86.0,13.0,24,6,"['Merlot', 'Chardonnay', 'Pinot Noir', 'Cabernet Sauvignon', 'Zinfandel', 'Sauvignon Blanc']",US,California,"['North Coast', 'North Coast']"
3122,Cartograph,87.8,31.4,87.5,31.0,8,2,"['Gewürztraminer', 'Pinot Noir']",US,California,"['Russian River Valley', 'Sonoma']"
3123,Cartuxa,85.7,9.0,86.0,9.0,13,2,"['Portuguese Red', 'Portuguese White']",Portugal,Alentejano,[]
3124,Cartuxa,92.2,58.5,92.0,33.0,13,2,"['Portuguese White', 'Portuguese Red']",Portugal,Alentejo,[]
3125,Carucci,90.7,38.5,91.0,38.0,6,3,"['Roussanne', 'Syrah', 'Grenache']",US,California,"['Santa Ynez Valley', 'Central Coast']"
3126,Carus Vini,85.5,19.5,85.5,19.5,2,1,['Red Blend'],Italy,Tuscany,['Chianti Classico']
3127,Caruso & Minini,87.3,19.7,87.0,18.0,30,9,"['Perricone', 'Grillo', 'Catarratto', 'Zibibbo', 'Grecanico', 'Inzolia', 'Syrah', ""Nero d'Avola"", 'Red Blend']",Italy,Sicily & Sardinia,['Terre Siciliane']
3128,Carver Sutro,87.0,40.0,87.0,40.0,1,1,['Petite Sirah'],US,California,"['Napa Valley', 'Napa']"
3129,Cas'Almare,83.3,19.7,84.0,15.0,3,2,"['Malbec', 'Torrontés']",Argentina,Mendoza Province,['Mendoza']
3130,Casa Agricola Alexandre Relvas,89.4,21.7,90.0,20.0,36,8,"['Portuguese Red', 'Touriga Nacional', 'Rosé', 'Alicante Bouschet', 'Portuguese White', 'Alfrocheiro', 'Arinto', 'Touriga Franca']",Portugal,Alentejano,[]
3131,Casa Agricola Santos Jorge,86.7,9.7,87.0,8.0,3,1,['Portuguese Red'],Portugal,Alentejano,[]
3132,Casa Agricola Santos Jorge,88.0,19.0,88.0,19.0,1,1,['Portuguese Red'],Portugal,Alentejo,[]
3133,Casa Anadia,92.0,28.3,92.0,20.0,3,2,"['Touriga Nacional', 'Portuguese Red']",Portugal,Dão,[]
3134,Casa Balocca,88.0,64.0,88.0,64.0,1,1,['Nebbiolo'],Italy,Piedmont,['Barbaresco']
3135,Casa Barranca,86.4,21.0,86.0,20.0,7,5,"['Viognier', 'Pinot Noir', 'Syrah', 'Chardonnay', 'Syrah-Grenache']",US,California,"['Madera', 'Central Valley']"
3136,Casa Batoreu,84.5,14.0,84.5,14.0,2,2,"['Arinto', 'Portuguese Red']",Portugal,Tejo,[]
3137,Casa Belfi,89.0,,89.0,,1,1,['Glera'],Italy,Italy Other,['Vino da Tavola']
3138,Casa Belfi,89.0,,89.0,,2,2,"['Red Blend', 'White Blend']",Italy,Northeastern Italy,['Venezie']
3139,Casa Boher,85.0,11.0,85.0,11.0,2,2,"['Malbec', 'Sauvignon Blanc']",Argentina,Mendoza Province,['Mendoza']
3140,Casa Cadaval,87.8,18.7,88.0,16.0,31,5,"['Portuguese Red', 'Portuguese White', 'Touriga Nacional', 'Rosé', 'Trincadeira']",Portugal,Tejo,[]
3141,Casa Castillo,89.0,29.2,90.0,24.5,6,3,"['Monastrell', 'Red Blend', 'Garnacha']",Spain,Levante,['Jumilla']
3142,Casa Catelli,86.0,14.0,86.0,14.0,1,1,['Montepulciano'],Italy,Central Italy,"[""Montepulciano d'Abruzzo""]"
3143,Casa Catelli,86.0,11.0,86.0,11.0,1,1,['Red Blend'],Italy,Sicily & Sardinia,['Sicilia']
3144,Casa Catelli,85.5,11.0,85.5,11.0,4,2,"['Primitivo', 'Negroamaro']",Italy,Southern Italy,['Puglia']
3145,Casa Catelli,86.7,14.7,87.0,15.0,3,2,"['Red Blend', 'Sangiovese']",Italy,Tuscany,['Toscana']
3146,Casa D'Ambra,86.0,29.0,86.0,29.0,1,1,['White Blend'],Italy,Southern Italy,['Ischia']
3147,Casa Donoso,90.2,56.9,90.5,60.5,8,3,"['Red Blend', 'Cabernet Sauvignon-Carmenère', 'Bordeaux-style Red Blend']",Chile,Maule Valley,[]
3148,Casa Dumetz,90.5,41.3,90.5,42.0,6,1,['Grenache'],US,California,"['Santa Barbara County', 'Central Coast']"
3149,Casa Emma,88.5,38.0,88.0,38.0,6,2,"['Sangiovese', 'Red Blend']",Italy,Tuscany,['Chianti Classico']
3150,Casa Ermelinda Freitas,87.0,9.0,87.0,9.0,2,2,"['Portuguese White', 'Castelão']",Portugal,Palmela,[]
3151,Casa Ermelinda Freitas,87.1,13.1,87.0,9.0,9,9,"['Chardonnay-Viognier', 'Portuguese White', 'Pinot Noir', 'Cabernet Sauvignon', 'Syrah', 'Touriga Nacional', 'Alicante Bouschet', 'Petit Verdot', 'Portuguese Red']",Portugal,Península de Setúbal,[]
3152,Casa Ferreirinha,91.0,86.5,90.0,53.0,22,4,"['Rosé', 'Portuguese Red', 'Red Blend', 'Portuguese White']",Portugal,Douro,[]
3153,Casa Girelli,85.0,9.0,85.0,9.0,1,1,['Montepulciano'],Italy,Central Italy,"[""Montepulciano d'Abruzzo""]"
3154,Casa Girelli,85.0,8.0,85.0,8.0,1,1,['Red Blend'],Italy,Tuscany,['Tuscany']
3155,Casa Girelli,85.0,15.5,85.0,15.5,2,2,"['Prosecco', 'Glera']",Italy,Veneto,['Prosecco']
3156,Casa Gran del Siurana,91.0,34.5,91.0,34.5,2,1,['Red Blend'],Spain,Catalonia,['Priorat']
3157,Casa Juan,85.0,17.0,85.0,17.0,2,1,['Tempranillo Blend'],Spain,Northern Spain,['Rioja']
3158,Casa Julia,86.0,11.0,86.0,12.0,5,3,"['Cabernet Sauvignon', 'Syrah', 'Merlot']",Chile,Maipo Valley,[]
3159,Casa Julia,84.5,9.0,84.5,9.0,2,1,['Sauvignon Blanc'],Chile,Maule Valley,[]
3160,Casa Julia,85.0,9.0,85.0,9.0,2,1,['Merlot'],Chile,Rapel Valley,[]
3161,Casa L'Angel,87.2,15.0,88.0,15.0,5,4,"['Cabernet Sauvignon-Tempranillo', 'Cabernet Sauvignon', 'Red Blend', 'Syrah-Tempranillo']",Spain,Levante,['Valencia']
3162,Casa Larga,86.7,31.5,86.0,25.0,21,8,"['Vidal Blanc', 'Gewürztraminer', 'Chardonnay', 'Riesling', 'Cabernet Franc', 'Pinot Noir', 'Sparkling Blend', 'White Blend']",US,New York,"['Finger Lakes', 'Finger Lakes']"
3163,Casa Marin,88.2,34.0,88.0,27.0,6,4,"['Syrah', 'Sauvignon Blanc', 'Pinot Noir', 'Sauvignon Gris']",Chile,San Antonio,[]
3164,Casa Montes,85.1,13.2,84.0,11.0,17,7,"['Syrah', 'Malbec', 'Cabernet Sauvignon', 'Chardonnay', 'Viognier', 'Cabernet Franc', 'Torrontés']",Argentina,Other,['San Juan']
3165,Casa Nuestra,86.6,37.9,87.5,37.5,16,8,"['Cabernet Sauvignon', 'Red Blend', 'Meritage', 'Charbono', 'Chenin Blanc', 'Riesling', 'Cabernet Franc', 'Rosé']",US,California,"['St. Helena', 'Napa']"
3166,Casa Perini,83.8,15.0,84.5,15.0,6,4,"['Cabernet Sauvignon', 'Moscato', 'Tannat', 'Merlot']",Brazil,Serra Gaúcha,[]
3167,Casa Perini,84.5,26.3,84.5,20.0,6,6,"['Tannat', 'Moscatel', 'Sparkling Blend', 'Cabernet Sauvignon', 'Merlot', 'Red Blend']",Brazil,Vale Trentino,[]
3168,Casa Piena,93.0,150.0,93.0,150.0,2,1,['Cabernet Sauvignon'],US,California,"['Napa Valley', 'Napa']"
3169,Casa Primicia,86.3,29.6,87.0,21.0,7,5,"['Tempranillo', 'Red Blend', 'Mazuelo', 'Graciano', 'Garnacha']",Spain,Northern Spain,['Rioja']
3170,Casa Raia,86.8,92.0,87.0,120.0,4,2,"['Sangiovese', 'Sangiovese Grosso']",Italy,Tuscany,['Brunello di Montalcino']
3171,Casa Rivas,88.0,15.0,88.0,15.0,1,1,['Sauvignon Blanc'],Chile,Casablanca Valley,[]
3172,Casa Rivas,84.6,11.5,85.0,10.5,10,5,"['Cabernet Sauvignon', 'Chardonnay', 'Carmenère', 'Merlot', 'Syrah']",Chile,Maipo Valley,[]
3173,Casa Rojo,88.0,40.0,88.0,40.0,1,1,['Garnacha'],Spain,Catalonia,['Priorat']
3174,Casa Rojo,85.0,17.0,85.0,17.0,1,1,['Monastrell'],Spain,Levante,['Jumilla']
3175,Casa Rojo,85.5,17.0,85.5,17.0,2,2,"['Tempranillo', 'Verdejo']",Spain,Northern Spain,['Rioja']
3176,Casa Roma,84.5,,84.5,,2,1,['Glera'],Italy,Veneto,['Prosecco Treviso']
3177,Casa Rondeña Winery,83.4,22.1,83.0,20.0,7,5,"['Red Blend', 'Sauvignon Blanc', 'Viognier', 'Cabernet Franc', 'Meritage']",US,New Mexico,['New Mexico']
3178,Casa S.M. de Tourais,87.5,16.0,87.5,16.0,2,2,"['Rosé', 'Portuguese Red']",Portugal,Dão,[]
3179,Casa Santa Eufemia,85.5,39.0,84.5,39.0,6,1,['Port'],Portugal,Port,[]
3180,Casa Santa Vitória,87.7,20.2,86.0,14.0,10,3,"['Portuguese Red', 'Portuguese White', 'Touriga Nacional']",Portugal,Alentejano,[]
3181,Casa Santos Lima,87.5,9.0,87.0,8.0,4,1,['Portuguese Red'],Portugal,Alenquer,[]
3182,Casa Santos Lima,87.1,17.3,87.0,15.0,9,1,['Portuguese Red'],Portugal,Alentejano,[]
3183,Casa Santos Lima,88.2,21.2,88.0,17.5,4,1,['Portuguese Red'],Portugal,Algarve,[]
3184,Casa Santos Lima,87.3,10.6,87.5,11.0,6,4,"['Fernão Pires', 'Portuguese Red', 'Portuguese White', 'Sousão']",Portugal,Estremadura,[]
3185,Casa Santos Lima,86.9,14.4,87.0,11.0,79,7,"['Portuguese Red', 'Portuguese White', 'Rosé', 'Arinto', 'Gewürztraminer', 'Touriga Nacional-Cabernet Sauvignon', 'Sauvignon Blanc']",Portugal,Lisboa,[]
3186,Casa Setaro,87.0,20.0,87.0,20.0,1,1,['Piedirosso'],Italy,Southern Italy,['Lacryma Christi del Vesuvio']
3187,Casa Silva,86.5,21.7,87.0,20.0,57,15,"['Sauvignon Blanc', 'White Blend', 'Merlot', 'Petit Verdot', 'Syrah', 'Pinot Noir', 'Chardonnay', 'Viognier', 'Sauvignon Gris', 'Carmenère', 'Cabernet Sauvignon', 'Red Blend', 'Rosé', 'Malbec', 'Cabernet Blend']",Chile,Colchagua Valley,[]
3188,Casa Smith,91.2,26.0,91.0,20.0,6,3,"['Barbera', 'Sangiovese', 'Primitivo']",US,Washington,"['Walla Walla Valley (WA)', 'Columbia Valley']"
3189,Casa Sola,87.5,26.6,87.0,25.5,8,3,"['Red Blend', 'White Blend', 'Sangiovese']",Italy,Tuscany,['Chianti Classico']
3190,Casa Solar,82.0,7.6,82.0,6.0,5,2,"['Tempranillo', 'Viura']",Spain,Central Spain,['Vino de la Tierra de Castilla']
3191,Casa Tiene Vista,81.2,31.5,80.5,32.5,4,4,"['Cabernet Sauvignon', 'Merlot', 'Chardonnay', 'Red Blend']",US,California,"['California', 'California Other']"
3192,Casa Torres,86.5,35.0,86.5,35.0,2,2,"['Pinot Noir', 'Syrah']",US,California,"['Santa Barbara County', 'Central Coast']"
3193,Casa Valduga,86.3,26.3,86.0,23.0,3,1,['Champagne Blend'],Brazil,Brazil,[]
3194,Casa Valduga,83.3,27.7,83.0,27.0,3,2,"['Champagne Blend', 'Cabernet Sauvignon']",Brazil,Vale dos Vinhedos,[]
3195,Casa Verdi,86.0,13.0,86.0,13.0,1,1,['Cabernet Sauvignon'],Chile,Aconcagua Valley,[]
3196,Casa Vino,85.0,9.0,85.0,9.0,1,1,"[""Nero d'Avola""]",Italy,Sicily & Sardinia,['Sicilia']
3197,Casa Viva,85.0,13.0,85.0,13.0,1,1,['Sauvignon Blanc'],Chile,Casablanca Valley,[]
3198,Casa Viva,86.0,13.0,86.0,13.0,1,1,['Cabernet Sauvignon'],Chile,Rapel Valley,[]
3199,Casa al Vento,92.0,34.7,92.0,35.0,6,2,"['Sangiovese', 'Red Blend']",Italy,Tuscany,['Chianti Classico']
3200,Casa alle Vacche,87.0,15.7,87.0,15.0,3,2,"['Vernaccia', 'Sangiovese']",Italy,Tuscany,['Vernaccia di San Gimignano']
3201,Casa da Alorna,90.0,14.0,90.0,14.0,1,1,['Portuguese Red'],Portugal,Ribatejo,[]
3202,Casa da Corça,84.0,32.0,84.0,32.0,1,1,['Portuguese Red'],Portugal,Douro,[]
3203,Casa da Passarella,89.7,27.5,90.0,20.0,45,7,"['Rosé', 'Portuguese Red', 'Encruzado', 'Alfrocheiro', 'Portuguese White', 'Touriga Nacional', 'Jaen']",Portugal,Dão,[]
3204,Casa da Torre,87.5,17.0,87.5,17.0,2,1,['Portuguese White'],Portugal,Vinho Verde,[]
3205,Casa de Arcilla,83.0,15.0,83.0,15.0,1,1,['Tempranillo'],US,California,"['Paso Robles', 'Central Coast']"
3206,Casa de Caballos,83.0,25.0,83.0,25.0,2,1,['Merlot'],US,California,"['Paso Robles', 'Central Coast']"
3207,Casa de Cambres,86.3,13.4,85.5,13.0,6,2,"['Portuguese Red', 'Portuguese White']",Portugal,Douro,[]
3208,Casa de Campo,83.4,8.4,83.5,8.0,8,4,"['Cabernet Sauvignon', 'Moscato', 'Malbec', 'Torrontés']",Argentina,Mendoza Province,['Mendoza']
3209,Casa de Campo,81.0,8.0,81.0,8.0,1,1,['Moscato'],Argentina,Other,['Argentina']
3210,Casa de Piedra,86.0,24.5,86.0,24.5,2,1,['Chardonnay'],Mexico,Valle de Guadalupe,[]
3211,Casa de Santa Vitoria,89.7,,91.0,,7,3,"['Portuguese White', 'Portuguese Red', 'Touriga Nacional']",Portugal,Alentejano,[]
3212,Casa de Santar,89.2,27.6,89.0,28.0,8,4,"['Touriga Nacional', 'Portuguese Red', 'Encruzado', 'Portuguese White']",Portugal,Dão,[]
3213,Casa de Sezim,86.5,7.5,86.5,7.5,2,1,['Portuguese White'],Portugal,Vinho Verde,[]
3214,Casa de Vila Nova,88.0,,88.0,,2,2,"['Portuguese White', 'Portuguese Red']",Portugal,Douro,[]
3215,Casa de Vila Nova,87.0,12.0,87.0,12.0,2,1,['Portuguese White'],Portugal,Vinho Verde,[]
3216,Casa de Vila Verde,86.0,16.4,86.0,15.0,5,1,['Alvarinho'],Portugal,Minho,[]
3217,Casa de Vila Verde,85.3,10.4,85.0,10.0,15,4,"['Portuguese White', 'Alvarinho', 'White Blend', 'Rosé']",Portugal,Vinho Verde,[]
3218,Casa de Vilacetinho,86.9,12.1,87.0,12.0,22,6,"['Loureiro', 'Avesso', 'Portuguese White', 'Arinto', 'Azal', 'Rosé']",Portugal,Vinho Verde,[]
3219,Casa de la Cruz,85.0,24.7,84.0,25.0,3,2,"['Chardonnay', 'Pinot Noir']",US,California,"['Sonoma Coast', 'Sonoma']"
3220,Casa de la Ermita,86.4,17.8,86.0,16.0,18,7,"['Monastrell', 'Macabeo', 'Red Blend', 'Petite Verdot', 'Petit Verdot', 'Monastrell-Syrah', 'Monastrell-Petit Verdot']",Spain,Levante,['Jumilla']
3221,Casa de la Reina,84.4,12.9,85.0,12.0,7,3,"['Tempranillo Blend', 'Tempranillo', 'Viura']",Spain,Northern Spain,['Rioja']
3222,Casa de la Vega,83.0,13.0,83.0,13.0,1,1,['Verdejo'],Spain,Northern Spain,['Rueda']
3223,Casa de la Viña,87.0,10.0,87.0,10.0,1,1,['Tempranillo'],Spain,Central Spain,['Vino de la Tierra de Castilla']
3224,Casa del Valle,87.5,25.0,88.0,28.0,4,3,"['Tempranillo', 'Cabernet Sauvignon', 'Red Blend']",Spain,Central Spain,['La Mancha']
3225,Casa di Baal,87.0,22.0,87.0,22.0,2,2,"['Fiano', 'White Blend']",Italy,Southern Italy,['Colli di Salerno']
3226,Casa di Grazia,87.4,20.4,88.0,22.0,5,3,"[""Nero d'Avola"", 'Red Blend', 'Grillo']",Italy,Sicily & Sardinia,['Sicilia']
3227,Casa di Rocco,86.0,10.0,86.0,10.0,1,1,['Pinot Grigio'],Italy,Northeastern Italy,['Delle Venezie']
3228,Casa di Rocco,84.0,10.0,84.0,10.0,1,1,['Sangiovese'],Italy,Tuscany,['Chianti']
3229,Casa di Terra,89.0,51.6,88.5,49.0,20,3,"['Red Blend', 'Vermentino', 'Rosato']",Italy,Tuscany,['Bolgheri']
3230,Casa do Valle,89.0,17.7,89.0,19.0,3,1,['Portuguese Red'],Portugal,Minho,[]
3231,Casa do Valle,88.0,14.2,88.0,12.5,25,3,"['Portuguese White', 'Rosé', 'Portuguese Sparkling']",Portugal,Vinho Verde,[]
3232,Casabianca,85.0,,85.0,,1,1,['Glera'],Italy,Veneto,['Prosecco Treviso']
3233,Casado Morales,88.4,29.2,88.0,27.5,12,6,"['Tempranillo Blend', 'White Blend', 'Tempranillo', 'Graciano', 'Red Blend', 'Viura']",Spain,Northern Spain,['Rioja']
3234,Casajús,87.0,44.0,87.0,44.0,2,1,['Tempranillo'],Spain,Northern Spain,['Ribera del Duero']
3235,Casal Nova,84.0,14.0,84.0,14.0,1,1,['Moscato'],Italy,Southern Italy,['Puglia']
3236,Casal Novo,87.7,21.7,87.0,22.0,3,1,['Godello'],Spain,Northern Spain,['Valdeorras']
3237,Casal Paço Padreiro,88.0,,88.0,,1,1,['Portuguese White'],Portugal,Minho,[]
3238,Casal Paço Padreiro,88.1,18.1,88.0,18.0,18,4,"['Loureiro', 'Vinhão', 'Portuguese White', 'Portuguese Red']",Portugal,Vinho Verde,[]
3239,Casal da Coelheira,86.2,14.7,85.0,12.0,31,5,"['Portuguese Red', 'Portuguese White', 'Rosé', 'Verdelho', 'Fernão Pires']",Portugal,Tejo,[]
3240,Casal do Conde,85.2,12.0,85.0,13.0,18,7,"['Portuguese White', 'Portuguese Red', 'Alvarinho', 'Viognier', 'Merlot', 'Touriga Nacional-Cabernet Sauvignon', 'Moscatel Graúdo']",Portugal,Tejo,[]
3241,Casal dos Jordões,80.0,,80.0,,1,1,['Port'],Portugal,Douro,[]
3242,Casal dos Jordões,84.2,,84.0,,4,1,['Port'],Portugal,Port,[]
3243,Casalbaio,85.0,15.0,85.0,15.0,1,1,['Negroamaro'],Italy,Southern Italy,['Puglia']
3244,Casale Daviddi,89.6,41.2,90.0,50.0,5,1,['Red Blend'],Italy,Tuscany,['Vino Nobile di Montepulciano']
3245,Casale Triocco,86.8,34.5,87.0,34.5,5,2,"['Sagrantino', 'Red Blend']",Italy,Central Italy,['Sagrantino di Montefalco']
3246,Casale del Duccio,86.0,,86.0,,1,1,['Sangiovese'],Italy,Tuscany,['Chianti']
3247,Casale del Giglio,88.2,29.5,88.0,23.5,18,8,"['Red Blend', 'White Blend', 'Petite Verdot', 'Merlot', 'Shiraz', 'Petit Manseng', 'Chardonnay', 'Petit Verdot']",Italy,Central Italy,['Lazio']
3248,Casale del Mare,87.0,,87.0,,1,1,['Red Blend'],Italy,Tuscany,['Toscana']
3249,Casale della Ioria,89.0,24.0,89.0,21.0,3,1,"[""Cesanese d'Affile""]",Italy,Central Italy,['Cesanese del Piglio']
3250,Casale dello Sparviero,86.7,23.3,86.5,24.0,6,2,"['Sangiovese', 'Red Blend']",Italy,Tuscany,['Chianti Classico']
3251,Casale di Daviddi,87.0,25.0,87.0,25.0,1,1,['Red Blend'],Italy,Tuscany,['Rosso di Montepulciano']
3252,Casaleiro,85.0,6.0,85.0,6.0,2,2,"['Portuguese White', 'Portuguese Red']",Portugal,Ribatejo,[]
3253,Casaleiro,88.0,9.0,88.0,9.0,2,1,['Portuguese Red'],Portugal,Tejo,[]
3254,Casalfarneto,87.0,22.2,87.0,22.0,4,1,['Verdicchio'],Italy,Central Italy,['Verdicchio dei Castelli di Jesi Classico Superiore']
3255,Casali di Bibbiano,88.5,24.0,88.5,24.0,2,1,['Sangiovese'],Italy,Tuscany,['Chianti Classico']
3256,Casalnova,85.3,17.0,85.0,18.0,3,1,['Prosecco'],Italy,Veneto,['Prosecco del Veneto']
3257,Casaloste,87.5,37.4,87.0,34.0,11,2,"['Red Blend', 'Sangiovese']",Italy,Tuscany,['Chianti Classico']
3258,Casalvento Radda,84.0,,84.0,,1,1,['Sangiovese'],Italy,Italy Other,['Vino da Tavola']
3259,Casalvento Radda,87.5,16.0,87.5,16.0,2,2,"['Red Blend', 'Sangiovese']",Italy,Tuscany,['Chianti Classico']
3260,Casanel,85.5,28.3,86.0,30.0,11,6,"['Norton', 'Carmenère', 'Chardonnay', 'Cabernet Sauvignon', 'Pinot Gris', 'Petit Verdot']",US,Virginia,['Middleburg']
3261,Casanova di Neri,94.7,103.1,94.0,79.5,12,3,"['Sangiovese Grosso', 'Sangiovese', 'Cabernet Sauvignon']",Italy,Tuscany,['Brunello di Montalcino']
3262,Casanuova delle Cerbaie,89.5,67.5,90.0,65.0,8,2,"['Sangiovese', 'Sangiovese Grosso']",Italy,Tuscany,['Brunello di Montalcino']
3263,Casar de Burbia,88.8,46.2,88.5,43.5,6,2,"['Mencía', 'Godello']",Spain,Northern Spain,['Bierzo']
3264,Casarena,85.1,18.9,85.0,17.0,30,6,"['Bordeaux-style Red Blend', 'Cabernet Sauvignon', 'Malbec', 'Chardonnay', 'Sauvignon Blanc', 'Red Blend']",Argentina,Mendoza Province,['Mendoza']
3265,Casas del Bosque,87.0,19.8,87.0,17.0,33,5,"['Pinot Noir', 'Syrah', 'Chardonnay', 'Sauvignon Blanc', 'Riesling']",Chile,Casablanca Valley,[]
3266,Casas del Bosque,85.0,13.0,85.0,13.0,1,1,['Rosé'],Chile,Leyda Valley,[]
3267,Casas del Bosque,88.5,22.0,88.5,22.0,2,1,['Cabernet Sauvignon'],Chile,Maipo Valley,[]
3268,Casas del Bosque,86.0,14.6,86.0,13.0,5,2,"['Carmenère', 'Cabernet Sauvignon']",Chile,Rapel Valley,[]
3269,Casas del Toqui,87.9,29.7,88.0,20.0,17,6,"['Red Blend', 'Carmenère', 'Syrah', 'Cabernet Sauvignon', 'Chardonnay', 'Pinot Noir']",Chile,Cachapoal Valley,[]
3270,Casas del Toqui,87.0,16.0,87.0,16.0,1,1,['Pinot Noir'],Chile,Casablanca Valley,[]
3271,Casas del Toqui,83.0,12.0,83.0,12.0,1,1,['Merlot'],Chile,Central Valley,[]
3272,Casas del Toqui,90.0,21.0,90.0,21.0,1,1,['Sauvignon Blanc'],Chile,Colchagua Valley,[]
3273,Casas del Toqui,87.0,14.0,87.0,14.0,1,1,['Sauvignon Blanc'],Chile,Leyda Valley,[]
3274,Casas del Toqui,86.0,18.5,86.0,18.5,2,1,['Cabernet Sauvignon'],Chile,Maipo Valley,[]
3275,Casas del Toqui,88.0,21.0,88.0,21.0,1,1,['Carmenère'],Chile,Peumo,[]
3276,Casata Monfort,87.0,24.0,86.0,24.0,3,2,"['Pinot Grigio', 'White Blend']",Italy,Northeastern Italy,['Vigneti delle Dolomiti']
3277,Casato1,89.4,40.6,90.0,50.0,5,1,['Sangiovese Grosso'],Italy,Tuscany,['Brunello di Montalcino']
3278,Casca Wines,88.1,25.2,88.0,21.5,17,2,"['Portuguese Red', 'Portuguese White']",Portugal,Alentejano,[]
3279,Casca Wines,91.8,48.2,91.5,51.5,4,2,"['Portuguese Red', 'Baga']",Portugal,Bairrada,[]
3280,Casca Wines,88.0,20.0,88.0,20.0,1,1,['Arinto'],Portugal,Bucelas,[]
3281,Casca Wines,91.0,79.0,91.0,79.0,1,1,['Malvasia'],Portugal,Colares,[]
3282,Casca Wines,88.0,22.4,88.0,16.5,47,4,"['Portuguese Red', 'Portuguese White', 'Rosé', 'Viosinho']",Portugal,Douro,[]
3283,Casca Wines,93.5,57.5,93.5,57.5,2,1,['Portuguese Red'],Portugal,Dão,[]
3284,Casca Wines,85.4,10.2,85.0,10.0,10,3,"['Portuguese White', 'Portuguese Red', 'Portuguese Rosé']",Portugal,Lisboa,[]
3285,Casca Wines,86.0,19.4,87.0,19.0,5,2,"['Alvarinho', 'Portuguese White']",Portugal,Minho,[]
3286,Casca Wines,90.0,49.0,90.0,49.0,1,1,['Fernão Pires'],Portugal,Ribatejo,[]
3287,Casca Wines,87.5,26.3,86.5,16.5,6,3,"['Rosé', 'Portuguese Red', 'Fernão Pires']",Portugal,Tejo,[]
3288,Casca Wines,86.0,27.0,86.0,27.0,1,1,['Portuguese Sparkling'],Portugal,Távora-Varosa,[]
3289,Casca Wines,86.0,13.2,86.0,13.5,6,1,['Portuguese White'],Portugal,Vinho Verde,[]
3290,Cascabel,90.3,21.3,90.0,23.0,3,3,"['Shiraz', 'Rhône-style Red Blend', 'Mourvèdre-Syrah']",Australia,South Australia,['Fleurieu Peninsula']
3291,Cascada Peak,83.0,,83.0,,2,2,"['Malbec', 'Cabernet Sauvignon']",Argentina,Mendoza Province,['Mendoza']
3292,Cascade Ridge,86.1,18.9,86.0,18.0,7,5,"['Cabernet Sauvignon', 'Red Blend', 'Chardonnay', 'Merlot', 'Syrah']",US,Washington,"['Columbia Valley (WA)', 'Columbia Valley']"
3293,Cascadia,86.0,18.7,85.0,16.0,3,3,"['Riesling', 'Chardonnay', 'Merlot']",US,Washington,"['Columbia Valley (WA)', 'Columbia Valley']"
3294,Cascata,84.8,17.8,84.5,18.0,4,3,"['Chardonnay', 'Riesling', 'Gewürztraminer']",US,New York,"['Finger Lakes', 'Finger Lakes']"
3295,Cascina Adelaide,89.7,70.1,91.0,70.0,23,4,"['Barbera', 'Nebbiolo', 'Dolcetto', 'Red Blend']",Italy,Piedmont,"[""Barbera d'Alba Superiore""]"
3296,Cascina Alberta,92.0,34.0,92.0,34.0,2,1,['Nebbiolo'],Italy,Piedmont,['Barbaresco']
3297,Cascina Ballarin,91.4,61.1,91.5,59.0,14,2,"['Nebbiolo', 'Barbera']",Italy,Piedmont,['Barolo']
3298,Cascina Bongiovanni,88.6,50.5,89.0,56.0,17,4,"['Nebbiolo', 'Barbera', 'Dolcetto', 'Arneis']",Italy,Piedmont,['Barolo']
3299,Cascina Bretta Rossa,88.0,27.0,88.0,27.0,2,2,"['Pinot Nero', 'Sparkling Blend']",Italy,Piedmont,['Alta Langa']
3300,Cascina Bruciata,87.8,46.6,87.0,45.0,19,2,"['Nebbiolo', 'Dolcetto']",Italy,Piedmont,['Barolo']
3301,Cascina Casalin,88.0,40.0,88.0,40.0,1,1,['Nebbiolo'],Italy,Piedmont,['Barbaresco']
3302,Cascina Castlet,88.1,23.6,88.0,18.0,7,3,"['Barbera', 'Moscato', 'Uvalino']",Italy,Piedmont,"[""Barbera d'Asti Superiore""]"
3303,Cascina Chicco,89.0,,89.0,,1,1,['Sparkling Blend'],Italy,Italy Other,['Vino Spumante']
3304,Cascina Chicco,88.6,44.5,88.0,39.0,16,3,"['Nebbiolo', 'Barbera', 'Arneis']",Italy,Piedmont,['Barolo']
3305,Cascina Corte Barosi-Battaglia,88.0,22.0,88.0,22.0,1,1,['Dolcetto'],Italy,Piedmont,['Dogliani']
3306,Cascina Corte di Barosi Alessandro,89.0,22.5,89.0,22.5,2,2,"['Nebbiolo', 'Dolcetto']",Italy,Piedmont,['Langhe']
3307,Cascina Cucco,92.0,64.0,91.5,64.0,4,1,['Nebbiolo'],Italy,Piedmont,['Barolo']
3308,Cascina Cà Rossa,88.4,43.5,88.0,43.5,5,1,['Nebbiolo'],Italy,Piedmont,['Roero']
3309,Cascina Galarin,87.5,,87.5,,2,1,['Barbera'],Italy,Piedmont,"[""Barbera d'Asti""]"
3310,Cascina Garitina,88.0,,88.0,,2,1,['Barbera'],Italy,Piedmont,"[""Barbera d'Asti Superiore""]"
3311,Cascina Giovinale,89.0,,89.0,,1,1,['Barbera'],Italy,Piedmont,"[""Barbera d'Asti Superiore Nizza""]"
3312,Cascina Guido Berta,89.0,,89.0,,2,1,['Barbera'],Italy,Piedmont,"[""Barbera d'Asti Superiore Nizza""]"
3313,Cascina La Barbatella,89.8,60.0,90.0,60.0,4,1,['Barbera'],Italy,Piedmont,"[""Barbera d'Asti Superiore Nizza""]"
3314,Cascina La Ghersa,87.1,18.0,87.0,19.0,12,4,"['Moscato', 'Cortese', 'Barbera', 'White Blend']",Italy,Piedmont,"[""Moscato d'Asti""]"
3315,Cascina Lana,90.5,,90.5,,2,1,['Barbera'],Italy,Piedmont,"[""Barbera d'Asti Superiore Nizza""]"
3316,Cascina Liuzzi,88.5,16.0,88.5,16.0,2,1,['Barbera'],Italy,Piedmont,"[""Barbera d'Asti Superiore""]"
3317,Cascina Luisin,89.5,49.4,89.5,42.0,16,1,['Nebbiolo'],Italy,Piedmont,['Barolo']
3318,Cascina Morassino,89.5,47.0,89.5,45.0,12,1,['Nebbiolo'],Italy,Piedmont,['Barbaresco']
3319,Cascina Pian d'Or,87.0,12.0,87.0,12.0,1,1,['Moscato'],Italy,Piedmont,"[""Moscato d'Asti""]"
3320,Cascina Rabaglio,89.0,35.0,89.0,35.0,1,1,['Nebbiolo'],Italy,Piedmont,['Barbaresco']
3321,Cascina Radice,86.0,14.0,86.0,14.0,2,1,['Barbera'],Italy,Piedmont,"[""Barbera d'Asti Superiore""]"
3322,Cascina Roccalini,88.3,24.7,89.0,23.0,3,2,"['Barbera', 'Dolcetto']",Italy,Piedmont,"[""Barbera d'Alba""]"
3323,Cascina Roera,87.3,25.0,87.0,28.0,3,1,['Barbera'],Italy,Piedmont,"[""Barbera d'Asti Superiore""]"
3324,Cascina Saria,89.4,43.3,90.0,50.0,5,1,['Nebbiolo'],Italy,Piedmont,['Barbaresco']
3325,Cascina Val del Prete,88.3,37.3,88.0,46.0,3,2,"['Nebbiolo', 'Arneis']",Italy,Piedmont,['Roero']
3326,Cascina Zerbetta,89.0,25.0,89.0,25.0,1,1,['Barbera'],Italy,Piedmont,['Barbera del Monferrato']
3327,Cascina del Monastero,88.7,50.3,88.5,55.0,14,3,"['Nebbiolo', 'Barbera', 'Dolcetto']",Italy,Piedmont,['Barolo']
3328,Cascina del Pozzo,87.8,16.2,88.0,15.0,6,3,"['Nebbiolo', 'Arneis', 'Barbera']",Italy,Piedmont,['Roero']
3329,Cascina delle Rose,91.1,51.1,91.5,60.0,14,2,"['Barbera', 'Nebbiolo']",Italy,Piedmont,"[""Barbera d'Alba""]"
3330,Cascinacastle't,87.0,13.0,87.0,13.0,1,1,['Moscato'],Italy,Piedmont,"[""Moscato d'Asti""]"
3331,Cascinetta Vietti,85.5,14.5,85.5,14.5,2,1,['Moscato'],Italy,Piedmont,"[""Moscato d'Asti""]"
3332,Case Bianche,84.0,,84.0,,1,1,['White Blend'],Italy,Sicily & Sardinia,['Sicilia']
3333,Case Bianche,86.8,17.4,86.5,17.0,8,2,"['Glera', 'Sparkling Blend']",Italy,Veneto,['Conegliano Valdobbiadene Prosecco Superiore']
3334,Case Paolin,88.0,29.0,88.0,29.0,1,1,['Manzoni'],Italy,Northeastern Italy,['Venezie']
3335,Case Paolin,88.2,26.7,87.5,25.0,6,2,"['Glera', 'Red Blend']",Italy,Veneto,['Asolo Prosecco Superiore']
3336,Case del Feudo,84.0,,84.0,,1,1,['White Blend'],Italy,Sicily & Sardinia,['Sicilia']
3337,Casebianche,88.0,19.0,88.0,19.0,1,1,['Fiano'],Italy,Italy Other,['Vino Spumante']
3338,Casebianche,87.0,18.0,87.0,18.0,1,1,['Fiano'],Italy,Southern Italy,['Cilento']
3339,Casella,93.0,100.0,93.0,100.0,3,2,"['Cabernet Sauvignon', 'Shiraz']",Australia,South Australia,['Wrattonbully']
3340,Casetta,88.5,58.0,88.5,58.0,4,1,['Nebbiolo'],Italy,Piedmont,['Barolo']
3341,Casetta Fratelli,92.0,,92.0,,1,1,['Nebbiolo'],Italy,Piedmont,['Roero']
3342,Casetto,85.0,9.0,85.0,9.0,1,1,['Red Blend'],Italy,Veneto,['Bardolino Classico']
3343,Casey Flat Ranch,89.1,25.2,89.0,23.0,8,3,"['Red Blend', 'Sauvignon Blanc', 'Grenache']",US,California,"['California', 'California Other']"
3344,Casina di Cornia,90.4,38.0,90.0,40.0,5,1,['Sangiovese'],Italy,Tuscany,['Chianti Classico']
3345,Casir Dos Santos,88.0,30.0,88.0,30.0,1,1,['Red Blend'],Argentina,Mendoza Province,['Mendoza']
3346,Casisano Colombaio,90.0,36.3,89.0,40.0,7,2,"['Sangiovese Grosso', 'Sangiovese']",Italy,Tuscany,['Brunello di Montalcino']
3347,Casisano Tommasi,90.5,58.8,91.5,58.0,4,1,['Sangiovese'],Italy,Tuscany,['Rosso di Montalcino']
3348,Casita Mami,84.0,13.3,84.0,13.0,3,3,"['Garnacha', 'Merlot-Cabernet Sauvignon', 'Garnacha-Graciano']",Spain,Northern Spain,['Navarra']
3349,Caspari-Kappel,89.0,20.5,89.0,20.5,2,1,['Riesling'],Germany,Mosel,[]
3350,Caspen,85.0,12.0,85.0,12.0,1,1,['Rhône-style Red Blend'],France,Languedoc-Roussillon,['Vin de Pays des Côtes Catalanes']
3351,Cass,86.7,35.4,87.0,36.0,33,12,"['Viognier', 'Syrah', 'Rhône-style White Blend', 'Rhône-style Red Blend', 'G-S-M', 'Cabernet Sauvignon', 'Mourvèdre', 'Cabernet Franc', 'Grenache', 'Malbec', 'Rosé', 'Roussanne']",US,California,"['Paso Robles', 'Central Coast']"
3352,Cast,88.0,44.0,88.0,44.0,1,1,['Zinfandel'],US,California,"['Dry Creek Valley', 'Sonoma']"
3353,Castalia,86.5,45.0,86.5,45.0,2,1,['Pinot Noir'],US,California,"['Russian River Valley', 'Sonoma']"
3354,Castaño,90.0,12.0,90.0,12.0,1,1,['Monastrell'],Spain,Levante,['Yecla']
3355,Castel Boglione,87.0,37.5,87.0,37.5,2,1,['Nebbiolo'],Italy,Piedmont,['Barbaresco']
3356,Castel Firmian,85.0,15.0,85.0,15.0,1,1,['Pinot Grigio'],Italy,Northeastern Italy,['Trentino']
3357,Castel Grisch,84.8,17.4,85.0,15.0,8,7,"['Chardonnay', 'Vidal Blanc', 'Riesling', 'Traminette', 'Cayuga', 'Gewürztraminer', 'Chancellor']",US,New York,"['Finger Lakes', 'Finger Lakes']"
3358,Castel Montplaisir,84.0,11.0,84.0,11.0,1,1,['Red Blend'],France,Southwest France,['Cahors']
3359,Castel Pietraio,87.5,18.5,87.5,18.5,2,1,['Red Blend'],Italy,Tuscany,['Chianti Superiore']
3360,Castel Roubine,82.0,12.0,82.0,12.0,1,1,['Rhône-style Red Blend'],France,Provence,['Côtes de Provence']
3361,Castel Sallegg,86.6,23.2,86.5,20.0,8,7,"['Pinot Grigio', 'Moscato Giallo', 'Merlot', 'Pinot Nero', 'Sauvignon', 'Schiava', 'Pinot Bianco']",Italy,Northeastern Italy,['Alto Adige']
3362,Castel San Giorgio,86.0,,86.0,,1,1,['Barbera'],Italy,Lombardy,['Oltrepò Pavese']
3363,Castel Vecchio,81.7,,82.0,,3,2,"['Red Blend', 'White Blend']",Italy,Tuscany,['Rosso di Toscana']
3364,Castel de Bouza,87.0,17.0,87.0,17.0,1,1,['Albariño'],Spain,Galicia,['Rías Baixas']
3365,Castel dell'Angelo,87.0,,87.0,,1,1,['Aglianico'],Italy,Southern Italy,['Campania']
3366,Castel di Pugna,88.5,30.5,88.5,30.5,2,1,['Red Blend'],Italy,Tuscany,['Chianti Colli Senesi']
3367,Castel di Salve,88.0,25.0,88.0,25.0,2,2,"['Primitivo', 'Negroamaro']",Italy,Southern Italy,['Salento']
3368,Castelfeder,87.9,21.8,88.0,18.0,13,7,"['Sauvignon', 'Pinot Grigio', 'Pinot Bianco', 'Kerner', 'Lagrein', 'Pinot Nero', 'Schiava']",Italy,Northeastern Italy,['Vigneti delle Dolomiti']
3369,Castelgiocondo,91.1,82.3,92.0,79.0,15,2,"['Sangiovese', 'Sangiovese Grosso']",Italy,Tuscany,['Brunello di Montalcino']
3370,Castell,88.2,73.2,88.0,35.0,33,7,"['Rieslaner', 'Riesling', 'Silvaner', 'Silvaner-Traminer', 'Spätburgunder', 'Müller-Thurgau', 'Bacchus']",Germany,Franken,[]
3371,Castell d'Encus,88.0,53.8,88.5,55.0,4,3,"['White Blend', 'Red Blend', 'Syrah']",Spain,Catalonia,['Costers del Segre']
3372,Castell del Remei,89.0,13.0,89.0,13.0,1,1,['White Blend'],Spain,Catalonia,['Costers del Segre']
3373,Castell'In Villa,87.0,63.0,87.0,63.0,1,1,['Sangiovese'],Italy,Tuscany,['Chianti Classico']
3374,Castell-Castell,83.0,16.0,83.0,16.0,1,1,['Silvaner'],Germany,Franken,[]
3375,Castellaccia,85.0,25.0,85.0,25.0,2,1,['Red Blend'],Italy,Tuscany,['Morellino di Scansano']
3376,Castellani,84.0,8.5,84.0,8.5,2,1,['Pinot Grigio'],Italy,Northeastern Italy,['Venezie']
3377,Castellani,85.8,17.4,85.5,13.0,24,2,"['Red Blend', 'Sangiovese']",Italy,Tuscany,['Maremma Toscana']
3378,Castellani Michele & Figli,89.0,52.8,90.0,52.0,18,2,"['Corvina, Rondinella, Molinara', 'Red Blend']",Italy,Veneto,['Amarone della Valpolicella Classico']
3379,Castellare,87.0,47.2,87.0,40.5,4,3,"['Sangiovese', 'Merlot', 'Cabernet Sauvignon']",Italy,Tuscany,['Chianti Classico']
3380,Castellare di Castellina,90.3,53.4,90.5,55.0,34,5,"['Cabernet Sauvignon', 'Red Blend', 'Merlot', 'Sangiovese', 'White Blend']",Italy,Tuscany,['Toscana']
3381,Castellargo,85.0,17.0,85.0,17.0,1,1,['Chardonnay'],Italy,Northeastern Italy,['Friuli Grave']
3382,Castellargo,84.0,25.0,84.0,25.0,1,1,['Glera'],Italy,Veneto,['Prosecco']
3383,Castellari Bergaglio,87.5,29.8,87.5,29.0,4,1,['Cortese'],Italy,Piedmont,['Gavi']
3384,Castellarin,86.0,7.5,86.0,7.5,2,1,['Pinot Grigio'],Italy,Northeastern Italy,['Delle Venezie']
3385,Castellblanch,87.2,9.5,87.0,10.0,4,1,['Sparkling Blend'],Spain,Catalonia,['Cava']
3386,Casteller,88.0,10.0,88.0,10.0,1,1,['Sparkling Blend'],Spain,Catalonia,['Cava']
3387,Castelli Martinozzi,90.0,43.2,90.0,45.0,10,2,"['Sangiovese', 'Sangiovese Grosso']",Italy,Tuscany,['Brunello di Montalcino']
3388,Castelli del Grevepesa,89.4,33.8,89.0,30.0,35,3,"['Sangiovese', 'Red Blend', 'White Blend']",Italy,Tuscany,['Chianti Classico']
3389,Castellinuzza e Piuca,90.0,16.0,90.0,16.0,3,2,"['Red Blend', 'Sangiovese']",Italy,Tuscany,['Chianti Classico']
3390,Castello Banfi,90.6,56.2,91.0,55.0,70,12,"['Sauvignon Blanc', 'Sangiovese Grosso', 'Moscadello', 'Red Blend', 'Sangiovese', 'Pinot Grigio', 'Chardonnay', 'Cabernet Sauvignon-Merlot', 'Cabernet Sauvignon', 'Syrah', 'Merlot', 'Bordeaux-style Red Blend']",Italy,Tuscany,['Toscana']
3391,Castello Bonomi,87.9,53.4,88.0,45.5,14,4,"['Red Blend', 'Chardonnay', 'Sparkling Blend', 'Pinot Nero']",Italy,Lombardy,['Curtefranca']
3392,Castello Da Vinci,90.0,25.0,90.0,25.0,1,1,['Cabernet Sauvignon'],US,California,"['Napa Valley', 'Napa']"
3393,Castello Gabiano,89.0,41.0,89.0,41.0,1,1,['Barbera'],Italy,Piedmont,"[""Barbera d'Asti Superiore""]"
3394,Castello Il Palagio,86.0,12.0,86.0,12.0,2,1,['Red Blend'],Italy,Tuscany,['Chianti Classico']
3395,Castello La Leccia,92.0,40.0,92.0,40.0,1,1,['Sangiovese'],Italy,Tuscany,['Chianti Classico']
3396,Castello Monaci,87.2,19.4,87.0,15.0,19,6,"['Primitivo', 'Red Blend', 'Negroamaro', 'White Blend', 'Rosato', 'Rosé']",Italy,Southern Italy,['Puglia']
3397,Castello Montauto,87.0,18.0,87.0,18.0,3,2,"['White Blend', 'Red Blend']",Italy,Tuscany,['Vernaccia di San Gimignano']
3398,Castello Montaúto,86.0,16.7,86.0,17.0,3,2,"['White Blend', 'Vernaccia']",Italy,Tuscany,['Vernaccia di San Gimignano']
3399,Castello Monte Vibiano Vecchio,88.0,25.3,87.0,19.0,3,2,"['Sangiovese', 'Red Blend']",Italy,Central Italy,['Umbria']
3400,Castello Romitorio,91.0,62.5,92.0,55.0,24,3,"['Sangiovese', 'Sangiovese Grosso', 'Red Blend']",Italy,Tuscany,['Brunello di Montalcino']
3401,Castello San Donato in Perano,90.7,30.0,90.0,30.0,3,2,"['Sangiovese', 'Red Blend']",Italy,Tuscany,['Chianti Classico']
3402,Castello Sonnino,87.0,25.5,87.0,25.5,2,1,['Red Blend'],Italy,Tuscany,['Chianti Montespertoli']
3403,Castello Tricerchi,85.5,36.5,85.5,36.5,2,1,['Sangiovese'],Italy,Tuscany,['Brunello di Montalcino']
3404,Castello Vicchiomaggio,89.6,34.9,90.0,37.0,14,3,"['Sangiovese', 'Merlot', 'Red Blend']",Italy,Tuscany,['Chianti Classico']
3405,Castello d'Alba,88.3,14.4,88.0,14.0,16,5,"['Portuguese Red', 'Touriga Nacional', 'Portuguese White', 'White Blend', 'Red Blend']",Portugal,Douro,[]
3406,Castello d'Albola,89.3,41.5,89.0,28.0,31,5,"['Sangiovese', 'Red Blend', 'Trebbiano-Malvasia', 'Chardonnay', 'White Blend']",Italy,Tuscany,['Chianti Classico']
3407,Castello dei Rampolla,91.9,153.4,93.0,123.5,11,3,"['Red Blend', 'Cabernet Sauvignon', 'Sangiovese']",Italy,Tuscany,['Toscana']
3408,Castello del Poggio,86.1,16.7,86.0,16.0,15,4,"['Barbera', 'Moscato', 'Brachetto', 'Dolcetto']",Italy,Piedmont,"[""Barbera d'Asti""]"
3409,Castello del Terriccio,91.3,80.3,92.0,70.0,19,4,"['Red Blend', 'Cabernet Sauvignon', 'Sauvignon Blanc', 'Sangiovese']",Italy,Tuscany,['Toscana']
3410,Castello del Trebbio,87.4,25.2,88.0,25.0,5,3,"['Sangiovese', 'Red Blend', 'Merlot']",Italy,Tuscany,['Chianti']
3411,Castello della Paneretta,89.8,30.2,89.5,27.0,6,2,"['Red Blend', 'Sangiovese']",Italy,Tuscany,['Chianti Classico']
3412,Castello della Rosa,85.0,14.0,85.0,14.0,1,1,['Pinot Grigio'],Italy,Northeastern Italy,['Vigneti delle Dolomiti']
3413,Castello della Sala,90.2,26.2,90.5,25.0,4,2,"['White Blend', 'Chardonnay']",Italy,Central Italy,['Orvieto Classico Superiore']
3414,Castello di Ama,90.9,90.8,90.0,46.0,16,5,"['Red Blend', 'Sangiovese', 'Merlot', 'White Blend', 'Rosato']",Italy,Tuscany,['Chianti Classico']
3415,Castello di Amorosa,89.5,69.8,90.0,55.0,41,11,"['Pinot Noir', 'Gewürztraminer', 'Cabernet Sauvignon', 'Red Blend', 'Chardonnay', 'Sémillon', 'Zinfandel', 'Pinot Nero', 'Sangiovese', 'Rosato', 'Sauvignon Blanc-Semillon']",US,California,"['Sonoma Coast', 'Sonoma']"
3416,Castello di Bolgheri,91.2,46.4,91.0,53.0,9,1,['Red Blend'],Italy,Tuscany,['Bolgheri Superiore']
3417,Castello di Borghese,84.5,23.6,84.0,21.0,22,10,"['Cabernet Franc', 'Meritage', 'Pinot Noir', 'Merlot', 'Chardonnay', 'Cabernet Sauvignon', 'Sauvignon Blanc', 'White Blend', 'Bordeaux-style Red Blend', 'Pinot Blanc']",US,New York,"['North Fork of Long Island', 'Long Island']"
3418,Castello di Bossi,90.3,49.2,91.0,50.0,26,4,"['Sangiovese', 'Merlot', 'Red Blend', 'White Blend']",Italy,Tuscany,['Chianti Classico']
3419,Castello di Brolio,87.0,28.5,87.0,28.5,2,1,['Sangiovese'],Italy,Tuscany,['Chianti Classico']
3420,Castello di Buttrio,87.0,23.0,87.0,22.5,6,5,"['Friulano', 'Sauvignon', 'Chardonnay', 'White Blend', 'Merlot-Cabernet']",Italy,Northeastern Italy,['Friuli Colli Orientali']
3421,Castello di Cacchiano,89.8,34.0,89.5,35.0,4,2,"['Sangiovese', 'Red Blend']",Italy,Tuscany,['Chianti Classico']
3422,Castello di Corbara,88.7,18.0,89.0,18.0,6,5,"['Red Blend', 'Cabernet Sauvignon', 'Merlot', 'Sangiovese', 'White Blend']",Italy,Central Italy,['Lago di Corbara']
3423,Castello di Fonterutoli,90.4,37.0,91.0,30.0,7,2,"['Sangiovese', 'Red Blend']",Italy,Tuscany,['Chianti Classico']
3424,Castello di Gabbiano,89.2,27.4,89.5,30.0,26,3,"['Red Blend', 'Sangiovese', 'Sangiovese Grosso']",Italy,Tuscany,['Toscana']
3425,Castello di Gabiano,87.0,,87.0,,3,2,"['Grignolino', 'Barbera']",Italy,Piedmont,['Monferrato']
3426,Castello di Luzzano,87.0,28.2,88.0,23.0,5,3,"['Malvasia', 'Red Blend', 'Malvasia di Candia']",Italy,Central Italy,['Colli Piacentini']
3427,Castello di Luzzano,84.5,28.0,84.5,28.0,2,1,['Pinot Nero'],Italy,Lombardy,['Oltrepò Pavese']
3428,Castello di Meleto,88.5,37.6,88.0,37.5,21,3,"['Red Blend', 'Sangiovese', 'Malvasia Nera']",Italy,Tuscany,['Toscana']
3429,Castello di Monastero,87.6,24.4,88.0,18.0,16,3,"['Red Blend', 'Sangiovese', 'White Blend']",Italy,Tuscany,['Chianti Classico']
3430,Castello di Monsanto,89.2,36.7,90.0,35.0,29,6,"['Sangiovese', 'White Blend', 'Cabernet Sauvignon', 'Chardonnay', 'Sangiovese Grosso', 'Red Blend']",Italy,Tuscany,['Rosso di Toscana']
3431,Castello di Montegiove,86.6,30.0,86.0,30.0,5,1,['Red Blend'],Italy,Central Italy,['Orvieto']
3432,Castello di Montepò,90.3,54.2,90.5,47.5,6,3,"['Red Blend', 'Sangiovese', 'Cabernet Sauvignon']",Italy,Tuscany,['Toscana']
3433,Castello di Monterinaldi,88.8,24.1,88.5,25.0,8,1,['Red Blend'],Italy,Tuscany,['Chianti Classico']
3434,Castello di Neive,90.0,45.5,90.0,45.0,26,5,"['Nebbiolo', 'Barbera', 'Pinot Nero', 'Moscato', 'Arneis']",Italy,Piedmont,['Barbaresco']
3435,Castello di Nipozzano,93.0,54.0,93.0,54.0,1,1,['Red Blend'],Italy,Tuscany,['Toscana']
3436,Castello di Poppiano,87.9,27.0,87.0,23.0,25,4,"['Sangiovese', 'Red Blend', 'Viognier', 'Syrah']",Italy,Tuscany,['Chianti Colli Fiorentini']
3437,Castello di Porcìa,85.0,,84.0,,3,3,"['Pinot Bianco', 'Pinot Grigio', 'Traminer']",Italy,Northeastern Italy,['Friuli Grave']
3438,Castello di Querceto,88.5,43.8,88.0,48.0,22,4,"['Red Blend', 'Sangiovese', 'Cabernet Sauvignon', 'Cabernet Sauvignon-Merlot']",Italy,Tuscany,['Chianti Classico']
3439,Castello di Radda,88.7,35.3,88.0,28.0,11,2,"['Sangiovese', 'Red Blend']",Italy,Tuscany,['Chianti Classico']
3440,Castello di Razzano,88.0,,88.0,,2,1,['Barbera'],Italy,Piedmont,"[""Barbera d'Asti Superiore""]"
3441,Castello di San Donato in Perano,87.0,,87.0,,2,1,['Sangiovese'],Italy,Tuscany,['Chianti Classico']
3442,Castello di Selvole,86.0,32.2,86.0,30.0,5,3,"['White Blend', 'Red Blend', 'Sangiovese']",Italy,Tuscany,['Vin Santo del Chianti Classico']
3443,Castello di Spessa,89.2,25.6,89.0,25.0,8,5,"['Sauvignon', 'Pinot Grigio', 'Friulano', 'Ribolla Gialla', 'Pinot Bianco']",Italy,Northeastern Italy,['Collio']
3444,Castello di Uviglie,88.0,,88.0,,2,1,['Barbera'],Italy,Piedmont,['Barbera del Monferrato Superiore']
3445,Castello di Uzzano,87.5,35.0,87.5,35.0,2,2,"['Sangiovese', 'Red Blend']",Italy,Tuscany,['Chianti Classico']
3446,Castello di Velona,88.2,,88.5,,4,1,['Sangiovese Grosso'],Italy,Tuscany,['Brunello di Montalcino']
3447,Castello di Verduno,91.9,65.7,92.0,65.0,15,2,"['Nebbiolo', 'Pelaverga Piccolo']",Italy,Piedmont,['Barolo']
3448,Castello di Verrazzano,89.5,45.0,89.0,40.0,15,2,"['Sangiovese', 'Red Blend']",Italy,Tuscany,['Chianti Classico']
3449,Castello di Vicarello,88.0,,88.0,,2,2,"['Sangiovese Grosso', 'Red Blend']",Italy,Tuscany,['Brunello di Montalcino']
3450,Castellroig,88.8,29.5,89.5,22.5,8,2,"['Sparkling Blend', 'Xarel-lo']",Spain,Catalonia,['Cava']
3451,Castellucci Miano,87.6,22.4,87.0,20.0,5,3,"['Catarratto', ""Nero d'Avola"", 'Perricone']",Italy,Sicily & Sardinia,['Sicilia']
3452,Castelluccio,86.7,26.8,86.0,16.0,13,3,"['Red Blend', 'Sangiovese', 'Sauvignon Blanc']",Italy,Central Italy,['Forlì']
3453,Castellví de la Marca,88.0,10.0,88.0,10.0,1,1,['Sparkling Blend'],Spain,Catalonia,['Cava']
3454,Castelmaure,88.8,17.8,90.0,18.0,5,2,"['Rhône-style Red Blend', 'Rosé']",France,Languedoc-Roussillon,['Corbières']
3455,Castelnau,87.7,58.3,87.0,55.0,3,1,['Champagne Blend'],France,Champagne,['Champagne']
3456,Castelo de Medina,85.0,13.0,85.0,13.0,1,1,['Verdejo'],Spain,Northern Spain,['Rueda']
3457,Castelo do Papa,88.0,17.0,88.0,17.0,1,1,['Godello'],Spain,Northern Spain,['Valdeorras']
3458,Castelvecchi,89.7,51.7,90.0,55.0,3,2,"['Sangiovese', 'Red Blend']",Italy,Tuscany,['Chianti Classico']
3459,Castelvecchio,89.3,20.0,90.0,20.0,3,3,"['Malvasia', 'Pinot Grigio', 'Sauvignon']",Italy,Northeastern Italy,['Friuli']
3460,Castelvecchio,88.0,27.2,88.0,24.0,5,2,"['Red Blend', 'Sangiovese']",Italy,Tuscany,['Toscana']
3461,Castelveder,87.0,22.6,87.0,20.0,6,3,"['Chardonnay', 'Pinot Nero', 'Sparkling Blend']",Italy,Lombardy,['Franciacorta']
3462,Castelvero,85.3,9.7,85.0,10.0,3,2,"['Cortese', 'Barbera']",Italy,Piedmont,['Piedmont']
3463,Castiglion del Bosco,90.6,82.5,91.0,75.0,27,3,"['Sangiovese', 'Sangiovese Grosso', 'Red Blend']",Italy,Tuscany,['Brunello di Montalcino']
3464,Castillo Catadau,85.0,9.0,85.0,9.0,1,1,['Tempranillo Blend'],Spain,Levante,['Valencia']
3465,Castillo Clavijo,86.5,17.7,87.0,18.0,13,4,"['Tempranillo', 'Tempranillo-Garnacha', 'Tempranillo Blend', 'Red Blend']",Spain,Northern Spain,['Rioja']
3466,Castillo Colina,82.0,12.0,82.0,12.0,1,1,['Mencía'],Spain,Northern Spain,['Bierzo']
3467,Castillo De Feliciana,88.0,70.0,88.0,70.0,1,1,['Tempranillo'],US,Oregon,['Oregon Other']
3468,Castillo De Feliciana,87.3,33.5,87.0,30.0,18,7,"['Red Blend', 'Malbec', 'Bordeaux-style Red Blend', 'Albariño', 'Tempranillo', 'Chardonnay', 'Pinot Gris']",US,Washington,"['Horse Heaven Hills', 'Columbia Valley']"
3469,Castillo Labastida,87.2,22.8,87.0,17.5,12,2,"['Tempranillo', 'Tempranillo Blend']",Spain,Northern Spain,['Rioja']
3470,Castillo Rocio,86.0,14.0,86.0,14.0,1,1,['Sparkling Blend'],Spain,Catalonia,['Cava']
3471,Castillo Viejo,84.7,30.0,83.5,20.0,6,3,"['Red Blend', 'Tannat', 'Cabernet Franc']",Uruguay,San Jose,[]
3472,Castillo de Almansa,86.0,11.0,86.0,10.5,4,2,"['Red Blend', 'Garnacha']",Spain,Central Spain,['Almansa']
3473,Castillo de Cuzcurrita,89.0,56.2,88.5,57.5,4,1,['Tempranillo'],Spain,Northern Spain,['Rioja']
3474,Castillo de Fuendeyalon,86.0,8.0,86.0,8.0,1,1,['Garnacha'],Spain,Northern Spain,['Campo de Borja']
3475,Castillo de Fuenmayor,84.0,10.5,84.0,10.5,2,1,['Tempranillo'],Spain,Northern Spain,['Rioja']
3476,Castillo de Jumilla,84.0,12.5,84.0,12.5,2,2,"['Monastrell', 'Red Blend']",Spain,Levante,['Jumilla']
3477,Castillo de Liria,83.7,7.7,84.0,8.0,3,3,"['Rosé', 'White Blend', 'Red Blend']",Spain,Levante,['Valencia']
3478,Castillo de Maluenda,87.8,22.2,87.0,20.0,5,1,['Garnacha'],Spain,Northern Spain,['Calatayud']
3479,Castillo de Mendoza,88.5,23.0,88.5,23.0,2,1,['Tempranillo'],Spain,Northern Spain,['Rioja']
3480,Castillo de Monjardin,84.8,11.9,84.5,11.5,24,7,"['Merlot', 'Cabernet Sauvignon-Merlot', 'Chardonnay', 'Garnacha', 'Tempranillo', 'Rosé', 'Red Blend']",Spain,Northern Spain,['Navarra']
3481,Castillo de Monséran,84.6,10.5,85.0,9.5,10,1,['Garnacha'],Spain,Northern Spain,['Cariñena']
3482,Castillo de Perelada,86.3,16.3,86.0,15.0,3,2,"['Trepat', 'Sparkling Blend']",Spain,Catalonia,['Cava']
3483,Castillo de Perelada,83.0,19.0,83.0,19.0,1,1,['Red Blend'],Spain,Northern Spain,['Empordà']
3484,Castillo de Sajazarra,88.7,49.3,91.0,38.0,3,1,['Tempranillo Blend'],Spain,Northern Spain,['Rioja']
3485,Castillo de Urtau,84.5,26.5,84.5,26.5,2,1,['Tempranillo'],Spain,Northern Spain,['Ribera del Duero']
3486,Castillo del Barón,86.7,13.5,86.0,13.5,3,2,"['Monastrell', 'Red Blend']",Spain,Levante,['Yecla']
3487,Castillo's Hillside Shire,86.0,52.4,85.0,42.0,5,4,"['Cabernet Sauvignon', 'Merlot', 'Petite Sirah', 'Petit Verdot']",US,California,"['Santa Clara Valley', 'Central Coast']"
3488,Castle,84.9,25.3,85.0,25.0,22,7,"['Pinot Noir', 'Viognier', 'Syrah', 'Merlot', 'Zinfandel', 'Chardonnay', 'Rhône-style Red Blend']",US,California,"['Carneros', 'Napa-Sonoma']"
3489,Castle Rock,84.8,12.7,85.0,12.0,90,12,"['Zinfandel', 'Pinot Noir', 'Cabernet Sauvignon', 'Pinot Grigio', 'Chardonnay', 'Merlot', 'Riesling', 'Petite Verdot', 'Pinot Gris', 'Syrah', 'Sauvignon Blanc', 'Petite Sirah']",US,California,"['Lodi', 'Central Valley']"
3490,Castle Rock,85.2,14.2,85.0,14.0,4,2,"['Pinot Noir', 'Pinot Gris']",US,Oregon,"['Willamette Valley', 'Willamette Valley']"
3491,Castle Rock,86.2,11.4,86.0,11.0,25,6,"['Merlot', 'Chardonnay', 'Cabernet Sauvignon', 'Syrah', 'Pinot Noir', 'Red Blend']",US,Washington,"['Columbia Valley (WA)', 'Columbia Valley']"
3492,Casto Oaks,87.3,19.2,87.0,17.0,6,4,"['Syrah', 'Port', 'Cabernet Sauvignon', 'Red Blend']",US,California,"['Sierra Foothills', 'Sierra Foothills']"
3493,Casto Pequeño,83.0,13.0,83.0,13.0,1,1,['Tinta de Toro'],Spain,Northern Spain,['Toro']
3494,Castorani,86.3,,86.0,,3,1,['Montepulciano'],Italy,Central Italy,"[""Montepulciano d'Abruzzo""]"
3495,Castoro Cellars,85.7,19.3,85.0,18.0,61,19,"['Chardonnay', 'Cabernet Sauvignon', 'Syrah', 'Zinfandel', 'Meritage', 'Petite Sirah', 'Bordeaux-style Red Blend', 'Fumé Blanc', 'Muscat Canelli', 'Rosé', 'Viognier', 'Red Blend', 'White Blend', 'Gewürztraminer', 'Roussanne', 'Pinot Noir', 'Sauvignon Blanc', 'Falanghina', 'Tempranillo']",US,California,"['Paso Robles', 'Central Coast']"
3496,Castra Rubra,89.3,21.6,89.0,20.0,10,5,"['Syrah', 'Pinot Noir', 'Red Blend', 'Bordeaux-style Red Blend', 'White Blend']",Bulgaria,Thracian Valley,[]
3497,Castro Baroña,83.0,20.0,83.0,20.0,1,1,['Albariño'],Spain,Galicia,['Rías Baixas']
3498,Castro Brey,90.0,20.0,90.0,20.0,1,1,['Albariño'],Spain,Galicia,['Rías Baixas']
3499,Castro Martin,84.7,18.3,84.0,18.0,3,1,['Albariño'],Spain,Galicia,['Rías Baixas']
3500,Castro Pena Alba,88.5,,88.5,,4,2,"['Portuguese Red', 'Portuguese White']",Portugal,Douro,[]
3501,Castro Pena Alba,89.3,,88.0,,3,2,"['Portuguese Red', 'Portuguese White']",Portugal,Dão,[]
3502,Castrucci,91.5,36.0,91.5,36.0,2,2,"['Pinot Noir', 'Chardonnay']",US,California,"['Napa Valley', 'Napa']"
3503,Casuccio Tarletti,87.3,20.5,88.0,20.5,3,1,['Sangiovese'],Italy,Tuscany,['Chianti Classico']
3504,Catacula,83.6,18.9,83.0,15.0,9,3,"['Sauvignon Blanc', 'Zinfandel', 'Cabernet Sauvignon']",US,California,"['Napa Valley', 'Napa']"
3505,Cataldi Madonna,86.3,55.0,87.0,55.0,3,2,"['Pecorino', 'Montepulciano']",Italy,Central Italy,['Abruzzo']
3506,Catalina Sounds,88.5,18.0,88.5,18.0,2,2,"['Sauvignon Blanc', 'Pinot Noir']",New Zealand,Marlborough,[]
3507,Catalina Sounds,87.0,22.0,87.0,22.0,1,1,['Pinot Noir'],New Zealand,Nelson,[]
3508,Catalina Sounds,88.0,20.0,88.0,20.0,1,1,['Pinot Noir'],New Zealand,New Zealand,[]
3509,Catalino,84.0,10.0,84.0,10.0,1,1,['Tempranillo-Cabernet Sauvignon'],Spain,Catalonia,['Catalunya']
3510,Catania,86.0,14.7,86.0,15.0,3,1,['Tempranillo'],Spain,Northern Spain,['Ribera del Duero']
3511,Cataregia,85.0,14.0,85.0,14.0,1,1,['Tempranillo-Cabernet Sauvignon'],Spain,Catalonia,['Terra Alta']
3512,Caterina,89.1,17.2,89.5,18.5,10,5,"['Cabernet Sauvignon', 'Viognier', 'Sauvignon Blanc', 'Chardonnay', 'Merlot']",US,Washington,"['Yakima Valley', 'Columbia Valley']"
3513,Cathar,86.0,52.0,86.0,52.0,1,1,['Tinto Fino'],Spain,Northern Spain,['Ribera del Duero']
3514,Catharine Valley,80.0,42.0,80.0,42.0,1,1,['Cabernet Franc'],US,New York,"['Finger Lakes', 'Finger Lakes']"
3515,Cathedral Ridge,84.9,31.8,85.0,32.0,21,10,"['Zinfandel', 'Chardonnay', 'Red Blend', 'Bordeaux-style Red Blend', 'Pinot Noir', 'Rosé', 'Syrah', 'Cabernet Sauvignon', 'Riesling', 'Merlot']",US,Oregon,"['Columbia Valley (OR)', 'Oregon Other']"
3516,Catherine Marshall,85.0,26.0,85.0,26.0,1,1,['Pinot Noir'],South Africa,Cape South Coast,[]
3517,Catherine Marshall,87.0,16.0,87.0,16.0,1,1,['Sauvignon Blanc'],South Africa,Elgin,[]
3518,Cathy MacGregor,88.0,30.0,88.0,30.0,1,1,['Chardonnay'],US,California,"['Edna Valley', 'Central Coast']"
3519,Catman,86.0,28.0,86.0,28.0,2,2,"['Rosé', 'Sauvignon Blanc']",US,Oregon,"['Chehalem Mountains', 'Willamette Valley']"
3520,Catman,88.5,34.0,88.5,34.0,2,2,"['Zinfandel', 'Malbec']",US,Washington,"['Rattlesnake Hills', 'Columbia Valley']"
3521,Catoctin Creek,87.0,24.5,87.0,24.5,2,2,"['Malbec', 'Meritage']",US,Virginia,['Virginia']
3522,Catrala,86.0,17.8,86.5,17.5,4,4,"['Merlot', 'Pinot Noir', 'Sauvignon Blanc', 'Chardonnay']",Chile,Casablanca Valley,[]
3523,Cattleya,92.8,69.2,93.0,70.0,6,3,"['Pinot Noir', 'Chardonnay', 'Syrah']",US,California,"['Carneros', 'Napa-Sonoma']"
3524,Caudrina,87.5,,87.5,,2,1,['Barbera'],Italy,Piedmont,"[""Barbera d'Asti""]"
3525,Cava Aragon,88.0,27.0,88.0,27.0,1,1,['Nebbiolo'],Mexico,San Vicente,[]
3526,Cava Blanca,86.0,15.0,86.0,15.0,1,1,['Sparkling Blend'],Spain,Catalonia,['Cava']
3527,Cava Blancher,87.0,15.0,87.0,15.0,2,1,['Sparkling Blend'],Spain,Catalonia,['Cava']
3528,Cava Maciel,88.0,22.0,88.0,22.0,1,1,['Chardonnay'],Mexico,Valle de Guadalupe,[]
3529,Cava Negra,85.0,8.0,85.0,8.0,1,1,['Malbec'],Argentina,Mendoza Province,['Mendoza']
3530,Cava d'Onice,89.4,79.2,89.0,62.0,7,2,"['Sangiovese', 'Sangiovese Grosso']",Italy,Tuscany,['Brunello di Montalcino']
3531,Cavalchina,87.3,25.7,87.0,20.0,11,2,"['Corvina, Rondinella, Molinara', 'Red Blend']",Italy,Veneto,['Valpolicella Superiore']
3532,Cavalier Bartolomeo,89.2,79.0,89.0,80.0,8,1,['Nebbiolo'],Italy,Piedmont,['Barolo']
3533,Cavalierino,86.0,22.5,86.0,22.5,2,2,"['Sangiovese', 'Red Blend']",Italy,Tuscany,['Rosso di Montepulciano']
3534,Cavalli Tenuta degli Dei,91.3,39.4,91.5,45.0,6,2,"['Red Blend', 'Merlot']",Italy,Tuscany,['Toscana']
3535,Cavallotto,93.9,102.3,95.0,98.0,17,2,"['Nebbiolo', 'Barbera']",Italy,Piedmont,['Barolo']
3536,Cavas Hill,83.8,12.5,83.0,13.0,4,1,['Sparkling Blend'],Spain,Catalonia,['Cava']
3537,Cavas de Chacras,82.8,11.8,82.5,12.0,4,4,"['Bonarda', 'Pinot Noir', 'Rosé', 'Malbec']",Argentina,Mendoza Province,['Mendoza']
3538,Cavas del Ampurdán,86.0,12.0,86.0,12.0,1,1,['White Blend'],Spain,Spain Other,['Spain']
3539,Cavas del Conde,81.0,7.0,81.0,7.0,1,1,['Merlot'],Argentina,Mendoza Province,['Mendoza']
3540,Cavatappi,87.6,18.2,87.0,17.0,8,4,"['Nebbiolo', 'Sangiovese', 'Red Blend', 'Pinot Grigio']",US,Washington,"['Columbia Valley (WA)', 'Columbia Valley']"
3541,Cavazza,84.0,17.0,84.0,17.0,2,1,['Glera'],Italy,Veneto,['Prosecco']
3542,Cave B,85.8,27.5,86.0,25.0,54,18,"['Viognier', 'Syrah', 'Sauvignon Blanc', 'Bordeaux-style Red Blend', 'Riesling', 'Bordeaux-style White Blend', 'Sangiovese', 'Merlot', 'Tempranillo', 'Cabernet Sauvignon', 'Sémillon', 'Barbera', 'Chardonnay', 'Malbec', 'Cabernet Franc', 'Red Blend', 'Rosé', 'White Blend']",US,Washington,"['Ancient Lakes', 'Columbia Valley']"
3543,Cave Cooperative du Vendômois,85.8,14.0,86.0,14.0,6,3,"['Red Blend', 'Rosé', 'Chenin Blanc']",France,Loire Valley,['Coteaux du Vendômois']
3544,Cave Extrême,85.0,20.0,85.0,20.0,1,1,['Sparkling Blend'],Argentina,Mendoza Province,['Mendoza']
3545,Cave Extrême,84.0,10.0,84.0,10.0,2,1,['Sparkling Blend'],Argentina,Other,['Argentina']
3546,Cave Freudenreich,86.3,15.7,85.5,14.5,6,4,"['Riesling', 'Pinot Blanc', 'Alsace white blend', 'Sparkling Blend']",France,Alsace,['Alsace']
3547,Cave Geisse,87.2,32.0,87.5,30.5,6,4,"['Sparkling Blend', 'Moscatel', 'Pinot Noir', 'Chardonnay']",Brazil,Pinto Bandeira,[]
3548,Cave Spring,89.4,24.3,89.5,20.0,34,3,"['Riesling', 'Cabernet Franc', 'Pinot Noir']",Canada,Ontario,['Beamsville Bench']
3549,Cave d'Azé,86.0,15.0,86.0,15.0,1,1,['Chardonnay'],France,Burgundy,['Mâcon-Villages']
3550,Cave de Beblenheim,86.4,13.5,86.5,14.0,14,5,"['Pinot Gris', 'Gewürztraminer', 'Pinot Blanc', 'Riesling', 'Pinot Noir']",France,Alsace,['Alsace']
3551,Cave de Bissey,85.8,22.2,85.5,22.5,6,3,"['Sparkling Blend', 'Pinot Noir', 'Aligoté']",France,Burgundy,['Crémant de Bourgogne']
3552,Cave de Bourgueil,87.0,17.0,87.0,17.0,1,1,['Cabernet Franc'],France,Loire Valley,['Bourgueil']
3553,Cave de Chardonnay,86.0,15.0,86.0,15.0,1,1,['Chardonnay'],France,Burgundy,['Mâcon-Chardonnay']
3554,Cave de Cleebourg,87.1,16.7,88.0,15.5,20,8,"['Pinot Auxerrois', 'Pinot Blanc', 'Riesling', 'Pinot Gris', 'Pinot Noir', 'Sparkling Blend', 'Gewürztraminer', 'Auxerrois']",France,Alsace,['Alsace']
3555,Cave de Gan,84.5,15.0,84.5,15.0,2,1,['Rosé'],France,Southwest France,['Béarn']
3556,Cave de Genouilly,84.0,18.0,84.0,18.0,1,1,['Aligoté'],France,Burgundy,['Bourgogne Aligoté']
3557,Cave de Hunawihr,87.2,19.8,86.0,20.0,13,7,"['White Blend', 'Riesling', 'Pinot Gris', 'Pinot Blanc', 'Sparkling Blend', 'Pinot Noir', 'Gewürztraminer']",France,Alsace,['Alsace']
3558,Cave de Kientzheim-Kaysersberg,87.3,25.0,87.0,22.0,24,6,"['Riesling', 'Pinot Gris', 'Pinot Noir', 'Pinot Blanc', 'Gewürztraminer', 'Sparkling Blend']",France,Alsace,['Alsace']
3559,Cave de Lugny,85.9,16.3,85.0,16.0,27,2,"['Chardonnay', 'Sparkling Blend']",France,Burgundy,['Mâcon-Lugny']
3560,Cave de Rasteau,87.2,20.2,86.5,20.0,4,2,"['Grenache', 'Rhône-style Red Blend']",France,Rhône Valley,['Vin Doux Naturel Rasteau']
3561,Cave de Rauzan,85.0,10.0,85.0,10.0,3,2,"['Bordeaux-style Red Blend', 'Rosé']",France,Bordeaux,['Bordeaux']
3562,Cave de Ribeauvillé,88.2,27.7,88.0,22.0,52,8,"['Riesling', 'Pinot Noir', 'Gewürztraminer', 'Pinot Blanc', 'Alsace white blend', 'Muscat', 'Pinot Gris', 'Sparkling Blend']",France,Alsace,['Alsace']
3563,Cave de Roquebrun,87.0,17.0,87.0,17.0,2,2,"['Rosé', 'Rhône-style Red Blend']",France,Languedoc-Roussillon,['Saint-Chinian']
3564,Cave de Saumur,85.8,15.9,86.0,15.5,19,4,"['Chenin Blanc', 'Cabernet Franc', 'Rosé', 'Sparkling Blend']",France,Loire Valley,['Saumur']
3565,Cave de Tain,88.8,36.3,89.0,26.5,43,4,"['Marsanne', 'Syrah', 'Rosé', 'Rhône-style White Blend']",France,Rhône Valley,['Collines Rhôdaniennes']
3566,Cave de Turckheim,89.6,39.0,90.0,32.0,25,7,"['Pinot Gris', 'Riesling', 'Pinot Blanc', 'Sparkling Blend', 'Pinot Noir', 'Rosé', 'Gewürztraminer']",France,Alsace,['Alsace']
3567,Cave de Viré,86.7,18.3,87.0,18.0,3,1,['Chardonnay'],France,Burgundy,['Mâcon-Villages']
3568,Cave de l'Aurore,85.0,,85.0,,1,1,['Chardonnay'],France,Burgundy,['Mâcon-Chardonnay']
3569,Cave des Grands Crus Blancs,86.8,22.4,87.0,25.0,17,1,['Chardonnay'],France,Burgundy,['Pouilly-Vinzelles']
3570,Cave des Producteurs de Jurançon,89.0,25.0,89.0,25.0,2,2,"['Petit Manseng', 'Gros Manseng']",France,Southwest France,['Jurançon']
3571,Cave des Producteurs de Vouvray,86.4,18.0,87.0,18.0,9,1,['Chenin Blanc'],France,Loire Valley,['Vouvray']
3572,Cave des Vignerons de Buxy,87.5,15.5,87.5,15.5,2,1,['Chardonnay'],France,Burgundy,['Mâcon-Villages']
3573,Cave des Vignerons de Mancey,85.0,15.0,85.0,15.0,2,1,['Chardonnay'],France,Burgundy,['Mâcon-Villages']
3574,Cave des Vignerons de Prisse,86.5,12.5,86.5,12.5,2,1,['Chardonnay'],France,Burgundy,['Mâcon-Villages']
3575,Cave du Château des Loges,85.0,15.0,85.0,15.0,1,1,['Gamay'],France,Beaujolais,['Beaujolais-Villages']
3576,Cave du Marmandais,85.2,10.5,85.0,10.0,4,1,['Bordeaux-style Red Blend'],France,Bordeaux,['Bordeaux']
3577,Cave du Marmandais,87.3,17.7,87.0,15.0,26,7,"['Red Blend', 'Bordeaux-style White Blend', 'Bordeaux-style Red Blend', 'Malbec', 'Rosé', 'Sauvignon Blanc', 'Abouriou']",France,Southwest France,['Côtes du Marmandais']
3578,Cave du Roi Dagobert,90.2,46.1,91.0,50.0,9,4,"['Sparkling Blend', 'Riesling', 'Gewürztraminer', 'Pinot Gris']",France,Alsace,"[""Crémant d'Alsace""]"
3579,Cave du Vin Blanc de Morgex et de la Salle,88.0,28.0,88.0,28.0,2,1,['Prié Blanc'],Italy,Italy Other,['Vino Spumante']
3580,Cave du Vin Blanc de Morgex et de la Salle,88.5,23.2,88.5,22.5,4,1,['Prié Blanc'],Italy,Northwestern Italy,"[""Valle d'Aosta""]"
3581,Caven,89.7,41.2,90.0,32.0,6,1,['Nebbiolo'],Italy,Lombardy,['Valtellina Superiore']
3582,Caves Aliança,86.4,14.4,85.5,10.0,8,2,"['Portuguese Red', 'Portuguese White']",Portugal,Alentejano,[]
3583,Caves Aliança,90.8,39.3,91.0,26.0,4,1,['Portuguese Red'],Portugal,Alentejo,[]
3584,Caves Aliança,87.7,20.7,87.5,20.0,18,5,"['Baga', 'Bical', 'Portuguese Red', 'Portuguese White', 'Maria Gomes-Bical']",Portugal,Bairrada,[]
3585,Caves Aliança,87.1,10.8,87.5,10.5,8,3,"['Tinta Roriz', 'Portuguese Red', 'Touriga Nacional']",Portugal,Beiras,[]
3586,Caves Aliança,89.3,30.6,91.0,26.5,9,1,['Portuguese Red'],Portugal,Douro,[]
3587,Caves Aliança,88.2,12.3,88.0,10.0,17,3,"['Portuguese Red', 'Portuguese White', 'Encruzado']",Portugal,Dão,[]
3588,Caves Aliança,84.0,,84.0,,1,1,['Rosé'],Portugal,Terras da Beira,[]
3589,Caves Aliança,85.0,,85.0,,1,1,['Portuguese Red'],Portugal,Transmontanas,[]
3590,Caves Aliança,84.6,7.7,85.0,8.0,7,1,['Portuguese White'],Portugal,Vinho Verde,[]
3591,Caves Bonifacio,85.6,11.5,86.0,10.0,5,3,"['Portuguese Red', 'Alicante Bouschet', 'Aragonez']",Portugal,Lisboa,[]
3592,Caves Bonifacio,83.5,7.0,83.5,7.0,2,1,['Portuguese Red'],Portugal,Portuguese Table Wine,[]
3593,Caves Bonifacio,86.5,13.0,86.5,13.0,2,1,['Portuguese Red'],Portugal,Torres Vedras,[]
3594,Caves Campelo,84.0,9.8,84.0,10.0,6,3,"['Portuguese White', 'Rosé', 'Portuguese Red']",Portugal,Vinho Verde,[]
3595,Caves Cooperatives de Donnas,90.0,25.0,90.0,25.0,1,1,['Red Blend'],Italy,Northwestern Italy,"[""Valle d'Aosta""]"
3596,Caves Dom Teodosio,88.1,19.0,88.0,19.0,7,3,"['Portuguese Red', 'Syrah', 'Touriga Nacional-Cabernet Sauvignon']",Portugal,Tejo,[]
3597,Caves Dom Teodosio,85.0,7.0,85.0,7.0,1,1,['Portuguese White'],Portugal,Vinho Verde,[]
3598,Caves Fleury,85.0,12.3,85.0,12.0,3,2,"['Bordeaux-style White Blend', 'Bordeaux-style Red Blend']",France,Bordeaux,['Bordeaux Blanc']
3599,Caves Primavera,87.7,9.3,88.0,7.0,3,2,"['Portuguese Red', 'Portuguese White']",Portugal,Bairrada,[]
3600,Caves Transmontanas,87.4,24.7,87.5,24.5,22,5,"['Portuguese Sparkling', 'Portuguese Red', 'Portuguese White', 'Gouveio', 'Pinot Noir']",Portugal,Douro,[]
3601,Caves Transmontanas,90.0,,90.0,,1,1,['Pinot Noir'],Portugal,Vinho Espumante de Qualidade,[]
3602,Caves Vale do Rodo,85.5,12.5,85.5,12.5,2,2,"['Moscatel', 'Portuguese Red']",Portugal,Douro,[]
3603,Caves Vale do Rodo,84.5,,84.5,,2,1,['Port'],Portugal,Port,[]
3604,Caves Velhas,88.1,14.0,87.5,14.5,8,1,['Portuguese Red'],Portugal,Alentejano,[]
3605,Caves Velhas,87.2,13.5,87.0,11.0,5,1,['Arinto'],Portugal,Bucelas,[]
3606,Caves Velhas,87.6,12.9,88.0,12.5,10,3,"['Portuguese Red', 'Touriga Nacional', 'Portuguese White']",Portugal,Douro,[]
3607,Caves Velhas,89.2,11.8,89.5,12.0,8,2,"['Portuguese Red', 'Touriga Nacional']",Portugal,Dão,[]
3608,Caves Velhas,87.8,17.0,87.5,17.0,4,2,"['Portuguese Red', 'Portuguese White']",Portugal,Ribatejo,[]
3609,Caves Velhas,88.3,12.5,89.0,13.0,21,3,"['Portuguese Red', 'Portuguese White', 'Touriga Nacional']",Portugal,Tejo,[]
3610,Caves Velhas,88.0,8.5,88.0,8.5,2,1,['Portuguese Red'],Portugal,Terras do Dão,[]
3611,Caves Velhas,84.2,7.3,84.0,7.0,4,3,"['Portuguese White', 'Rosé', 'Loureiro']",Portugal,Vinho Verde,[]
3612,Caves da Cerca,82.0,9.0,82.0,9.0,1,1,['Rosé'],Portugal,Portuguese Table Wine,[]
3613,Caves da Cerca,85.0,7.5,85.0,7.5,2,1,['Portuguese White'],Portugal,Vinho Verde,[]
3614,Caves da Montanha,84.0,7.0,84.0,7.0,2,2,"['Portuguese White', 'Portuguese Red']",Portugal,Alentejano,[]
3615,Caves da Montanha,87.0,9.5,87.0,9.5,2,2,"['Portuguese Sparkling', 'Portuguese Red']",Portugal,Bairrada,[]
3616,Caves da Montanha,90.3,16.7,92.0,19.0,3,3,"['Portuguese Red', 'Touriga Nacional', 'Encruzado']",Portugal,Dão,[]
3617,Caves da Montanha,88.0,7.0,88.0,7.0,1,1,['Portuguese White'],Portugal,Vinho Verde,[]
3618,Caves de Marsigny,83.0,17.0,83.0,17.0,2,2,"['Red Blend', 'White Blend']",France,France Other,['Vin Mousseux']
3619,Caves de Pouilly sur Loire,86.0,,86.0,,1,1,['Sauvignon Blanc'],France,Loire Valley,['Pouilly-Fumé']
3620,Caves de Rauzan,88.3,11.0,89.0,10.0,3,2,"['Bordeaux-style Red Blend', 'Rosé']",France,Bordeaux,['Bordeaux Supérieur']
3621,Caves de la Loire,87.0,18.0,87.0,18.0,1,1,['Chenin Blanc-Chardonnay'],France,Loire Valley,['Crémant de Loire']
3622,Caves des Papes,86.3,16.7,87.0,11.0,3,2,"['Rhône-style Red Blend', 'Rhône-style White Blend']",France,Rhône Valley,['Côtes du Rhône']
3623,Caves du Val de France,84.0,13.4,84.0,13.0,6,2,"['Sauvignon Blanc', 'Chenin Blanc']",France,Loire Valley,['Touraine']
3624,Caves du Val de Loire,83.0,14.0,83.0,14.0,1,1,['Chenin Blanc'],France,Loire Valley,['Vouvray']
3625,Cavicchioli,88.2,16.8,88.0,18.0,6,3,"['Lambrusco di Sorbara', 'Lambrusco Grasparossa', 'Lambrusco']",Italy,Central Italy,['Lambrusco di Sorbara']
3626,Cavicchioli,83.0,14.0,83.0,14.0,1,1,['Glera'],Italy,Veneto,['Prosecco']
3627,Cavino,85.0,14.0,85.0,14.0,1,1,['Moschofilero'],Greece,Mantinia,[]
3628,Cavino,88.0,15.0,88.0,15.0,1,1,['Xinomavro'],Greece,Naoussa,[]
3629,Cavipor,85.0,,85.0,,1,1,['Portuguese White'],Portugal,Vinho Verde,[]
3630,Caviro,82.0,7.0,82.0,7.0,1,1,['Sangiovese'],Italy,Central Italy,['Romagna']
3631,Cavit,86.0,11.0,86.0,11.0,1,1,['Prosecco'],Italy,Italy Other,['Italy']
3632,Cavit,85.0,10.0,85.0,10.0,1,1,['Riesling'],Italy,Lombardy,['Provincia di Pavia']
3633,Cavit,86.3,16.5,86.0,10.0,15,11,"['Chardonnay', 'Teroldego', 'Red Blend', 'Müller-Thurgau', 'Cabernet Sauvignon', 'Pinot Grigio', 'Prosecco', 'White Blend', 'Pinot Noir', 'Merlot', 'Nosiola']",Italy,Northeastern Italy,['Trentino']
3634,Cavit,86.0,14.0,86.0,14.0,2,1,['Glera'],Italy,Veneto,['Prosecco']
3635,Cayalla,87.5,13.0,87.5,13.0,2,1,['Red Blend'],US,Washington,"['Columbia Valley (WA)', 'Columbia Valley']"
3636,Caymus,92.1,106.6,91.5,100.0,10,1,['Cabernet Sauvignon'],US,California,"['Napa Valley', 'Napa']"
3637,Cayu,92.0,50.0,92.0,50.0,1,1,['Malbec'],Argentina,Mendoza Province,['Uco Valley']
3638,Cayuga Ridge Estate,85.2,14.8,85.5,15.0,4,2,"['Riesling', 'Chardonnay']",US,New York,"['Cayuga Lake', 'Finger Lakes']"
3639,Cayuse,94.5,77.5,94.0,77.5,46,12,"['Syrah', 'Cabernet Sauvignon', 'Bordeaux-style Red Blend', 'Grenache', 'Cabernet Merlot', 'Rosé', 'Tempranillo', 'Cabernet Sauvignon-Merlot', 'Cabernet Franc-Merlot', 'Red Blend', 'Cabernet Sauvignon-Syrah', 'Viognier']",US,Oregon,"['Walla Walla Valley (OR)', 'Oregon Other']"
3640,Cayuse,93.9,81.6,94.0,80.0,47,9,"['Tempranillo', 'Cabernet Sauvignon', 'Syrah', 'Viognier', 'Bordeaux-style Red Blend', 'Rosé', 'Grenache', 'Cabernet Sauvignon-Syrah', 'Cabernet Sauvignon-Merlot']",US,Washington,"['Walla Walla Valley (WA)', 'Columbia Valley']"
3641,Caño,83.5,10.2,83.5,9.0,4,2,"['Tempranillo-Garnacha', 'Tempranillo']",Spain,Northern Spain,['Toro']
3642,Cchia,84.5,20.0,84.5,20.0,2,2,"['Corvina, Rondinella, Molinara', 'Garganega']",Italy,Veneto,['Amarone della Valpolicella']
3643,Ceago Vinegarden,85.9,27.0,85.5,24.5,18,8,"['Chardonnay', 'Cabernet Franc', 'Merlot', 'Red Blend', 'Syrah', 'Cabernet Sauvignon', 'Muscat Canelli', 'Sauvignon Blanc']",US,California,"['Clear Lake', 'Mendocino/Lake Counties']"
3644,Cebada,90.6,37.9,91.0,39.0,8,2,"['Pinot Noir', 'Chardonnay']",US,California,"['Santa Ynez Valley', 'Central Coast']"
3645,Cecchi,87.0,24.0,87.0,24.0,2,2,"['Trebbiano', 'Sagrantino']",Italy,Central Italy,['Orvieto Classico']
3646,Cecchi,87.5,26.3,87.0,19.0,32,4,"['Red Blend', 'Sangiovese', 'Vermentino', 'Vernaccia']",Italy,Tuscany,['Vino Nobile di Montepulciano']
3647,Cecilia Beretta,89.1,45.9,89.0,55.0,14,3,"['Garganega', 'Corvina, Rondinella, Molinara', 'Red Blend']",Italy,Veneto,['Soave Classico']
3648,Cedar Creek,81.0,13.0,81.0,13.0,1,1,['Shiraz'],Australia,Australia Other,['South Eastern Australia']
3649,Cedar Creek,87.0,34.5,88.5,35.0,4,2,"['Petite Sirah', 'Syrah']",US,California,"['Fair Play', 'Sierra Foothills']"
3650,Cedar Creek,87.7,19.0,87.0,19.0,3,1,['Cabernet Franc'],US,Virginia,['Shenandoah Valley']
3651,Cedar Knoll,86.0,42.5,86.0,42.5,2,1,['Cabernet Sauvignon'],US,California,"['Napa Valley', 'Napa']"
3652,Cedar Mountain,83.7,24.1,83.5,19.5,14,8,"['Zinfandel', 'Sauvignon Blanc', 'Cabernet Sauvignon', 'Pinot Grigio', 'Port', 'Chardonnay', 'Petite Sirah', 'Merlot']",US,California,"['San Francisco Bay', 'Central Coast']"
3653,Cedar River Cellars,84.9,32.1,83.0,32.0,7,7,"['Syrah', 'Malbec', 'Red Blend', 'Merlot', 'Cabernet Sauvignon', 'Bordeaux-style Red Blend', 'Cabernet Franc']",US,Washington,"['Columbia Valley (WA)', 'Columbia Valley']"
3654,Cedar View Winery,85.8,22.6,85.0,23.0,5,4,"['Viognier', 'Petite Sirah', 'Syrah', 'Zinfandel']",US,California,"['California', 'California Other']"
3655,CedarCreek,91.6,39.8,91.0,45.0,5,3,"['Pinot Noir', 'Chardonnay', 'Meritage']",Canada,British Columbia,['Okanagan Valley']
3656,Cedarville,90.8,26.7,91.5,27.0,6,6,"['Grenache', 'Syrah', 'Zinfandel', 'Petite Sirah', 'Viognier', 'Cabernet Sauvignon']",US,California,"['El Dorado', 'Sierra Foothills']"
3657,Cedarville Vineyard,90.1,28.9,90.0,29.0,28,9,"['Cabernet Sauvignon', 'Red Blend', 'Zinfandel', 'Grenache', 'Viognier', 'Syrah', 'Petite Sirah', 'Grenache Blend', 'Rhône-style Red Blend']",US,California,"['El Dorado', 'Sierra Foothills']"
3658,Cederberg,88.9,25.2,88.5,23.0,16,7,"['Cabernet Sauvignon', 'Bukettraube', 'Chenin Blanc', 'Sauvignon Blanc', 'Shiraz', 'Merlot-Shiraz', 'Red Blend']",South Africa,Cederberg,[]
3659,Cederberg,91.0,,91.0,,1,1,['Sémillon'],South Africa,Elim,[]
3660,Cederberg,86.0,15.0,86.0,15.0,1,1,['Chenin Blanc'],South Africa,South Africa,[]
3661,Cedergreen Cellars,85.6,24.6,86.0,17.0,5,4,"['Chenin Blanc', 'Merlot', 'Cabernet Sauvignon', 'Riesling']",US,Washington,"['Columbia Valley (WA)', 'Columbia Valley']"
3662,Cefalicchio,87.0,32.6,87.0,30.0,5,5,"['Moscato', 'Red Blend', 'Nero di Troia', 'Bombino Bianco', 'Rosato']",Italy,Southern Italy,['Puglia']
3663,Cefalu',93.0,55.0,93.0,55.0,1,1,['Cabernet Sauvignon'],US,California,"['St. Helena', 'Napa']"
3664,Ceja,86.0,45.0,86.0,32.0,3,3,"['Cabernet Sauvignon', 'Syrah', 'Merlot']",US,California,"['Napa Valley', 'Napa']"
3665,Celani Family Vineyards,93.3,111.7,93.0,80.0,3,2,"['Cabernet Sauvignon', 'Bordeaux-style Red Blend']",US,California,"['Napa Valley', 'Napa']"
3666,Celestial Bay,87.0,23.5,87.0,23.5,2,2,"['Shiraz', 'Cabernet Sauvignon']",Australia,Western Australia,['Margaret River']
3667,Celestino Pecci,90.5,77.0,90.5,77.0,2,1,['Sangiovese'],Italy,Tuscany,['Brunello di Montalcino']
3668,Cellar Hand,89.5,18.0,89.5,18.0,2,2,"['White Blend', 'Red Blend']",Canada,British Columbia,['Okanagan Valley']
3669,Cellar Marti Fabra Carreras,88.0,37.0,88.0,37.0,1,1,['Red Blend'],Spain,Northern Spain,['Emporadà-Costa Brava']
3670,Cellar No. 8,82.0,10.0,82.0,10.0,3,2,"['Merlot', 'Zinfandel']",US,California,"['California', 'California Other']"
3671,Cellars 33,88.6,35.4,90.0,36.0,13,6,"['Pinot Noir', 'Chardonnay', 'Rosé', 'White Blend', 'Zinfandel', 'Grenache Blanc']",US,California,"['Russian River Valley', 'Sonoma']"
3672,Cellars Avgvstvs Forvm,89.0,36.0,89.0,36.0,1,1,['Xarel-lo'],Spain,Catalonia,['Penedès']
3673,Celler Arché Pagès,86.0,27.0,86.0,26.0,5,1,['Red Blend'],Spain,Northern Spain,['Empordà']
3674,Celler Barcelòna,85.0,18.0,85.0,18.0,1,1,['Sparkling Blend'],Spain,Catalonia,['Cava']
3675,Celler Bartolomé,88.0,50.0,88.0,50.0,1,1,['Red Blend'],Spain,Catalonia,['Priorat']
3676,Celler Burgos-Porta,91.5,68.0,91.5,68.0,2,1,['Red Blend'],Spain,Catalonia,['Priorat']
3677,Celler Bàrbara Forés,88.6,23.7,89.0,25.0,9,4,"['Red Blend', 'White Blend', 'Garnacha Blanca', 'Rosé']",Spain,Catalonia,['Terra Alta']
3678,Celler Cecilio,89.0,28.5,89.0,28.5,2,1,['Red Blend'],Spain,Catalonia,['Priorat']
3679,Celler Cooperatiu de Gandesa,86.3,18.7,87.0,20.0,3,3,"['Carignan', 'White Blend', 'Red Blend']",Spain,Catalonia,['Terra Alta']
3680,Celler Dosterras,88.0,27.0,88.0,27.0,2,1,['Red Blend'],Spain,Catalonia,['Montsant']
3681,Celler La Bollidora,85.8,21.5,86.0,17.0,4,2,"['Garnacha Blanca', 'Red Blend']",Spain,Catalonia,['Terra Alta']
3682,Celler Pasanau,91.0,43.6,92.0,44.0,5,2,"['Red Blend', 'Cabernet Blend']",Spain,Catalonia,['Priorat']
3683,Celler Piñol,89.5,37.5,89.5,36.5,6,2,"['Red Blend', 'Garnacha Blanca']",Spain,Catalonia,['Terra Alta']
3684,Cellers Baronia del Montsant,84.8,23.6,85.0,21.0,5,2,"['Red Blend', 'Garnacha']",Spain,Catalonia,['Montsant']
3685,Cellers Grifoll Declara,86.5,20.0,86.5,20.0,2,1,['Red Blend'],Spain,Catalonia,['Priorat']
3686,Cellers Melis,91.7,79.7,92.0,90.0,3,1,['Red Blend'],Spain,Catalonia,['Priorat']
3687,Cellers Sant Rafel,91.0,22.3,91.0,23.0,3,1,['Red Blend'],Spain,Catalonia,['Montsant']
3688,Cellers Tarroné,88.0,27.5,88.0,27.5,2,2,"['Garnacha-Syrah', 'Grenache']",Spain,Catalonia,['Terra Alta']
3689,Cellers Unió,88.1,20.9,88.0,17.0,15,5,"['Grenache-Carignan', 'Red Blend', 'Tempranillo-Cabernet Sauvignon', 'Grenache', 'Garnacha']",Spain,Catalonia,['Priorat']
3690,Celli,87.2,19.6,87.0,20.0,6,3,"['Sangiovese', 'Red Blend', 'Albana']",Italy,Central Italy,['Sangiovese di Romagna Superiore']
3691,Cellier Saint-Sidoine,88.0,17.0,87.5,18.0,4,1,['Rosé'],France,Provence,['Côtes de Provence']
3692,Cellier des Chartreux,86.0,20.8,85.5,22.5,4,3,"['Rosé', 'Rhône-style White Blend', 'Rhône-style Red Blend']",France,Rhône Valley,['Tavel']
3693,Cellier des Dauphins,84.6,10.4,85.0,10.0,5,3,"['Rosé', 'Rhône-style White Blend', 'Rhône-style Red Blend']",France,Rhône Valley,['Côtes du Rhône']
3694,Cembra,87.5,19.1,87.0,19.0,11,6,"['Sauvignon', 'Müller-Thurgau', 'Chardonnay', 'Sparkling Blend', 'Pinot Grigio', 'Pinot Nero']",Italy,Northeastern Italy,['Trentino']
3695,Cenay,88.9,34.9,89.5,35.0,8,3,"['Chardonnay', 'Cabernet Sauvignon', 'Pinot Noir']",US,California,"['Santa Cruz Mountains', 'Central Coast']"
3696,Cencioni Patrizia,88.0,70.0,88.0,70.0,1,1,['Sangiovese'],Italy,Tuscany,['Brunello di Montalcino']
3697,Cennatoio,87.2,49.5,87.0,45.0,13,3,"['Merlot', 'Red Blend', 'Sangiovese']",Italy,Tuscany,['Toscana']
3698,Cent'Anni,87.5,,87.5,,2,1,"['Corvina, Rondinella, Molinara']",Italy,Veneto,['Amarone della Valpolicella']
3699,Cent'Anni,92.0,39.2,92.0,36.0,5,2,"['Sangiovese', 'White Blend']",US,California,"['Santa Ynez Valley', 'Central Coast']"
3700,Centanni Giacomo,85.7,20.0,86.0,17.0,3,3,"['Passerina', 'Pecorino', 'Red Blend']",Italy,Central Italy,['Offida Passerina']
3701,Centennial,83.0,11.0,83.0,11.0,1,1,['Shiraz'],Australia,Australia Other,['South Eastern Australia']
3702,Centennial,85.0,33.0,85.0,33.0,1,1,['Pinot Noir'],Australia,New South Wales,['New South Wales']
3703,Center 38 North,87.0,23.0,87.0,23.0,1,1,['Cabernet Sauvignon'],US,California,"['Napa County', 'Napa']"
3704,Center of Effort,90.2,32.3,90.0,30.0,24,2,"['Chardonnay', 'Pinot Noir']",US,California,"['Edna Valley', 'Central Coast']"
3705,Centolani,90.2,65.0,89.0,65.0,5,2,"['Sangiovese', 'Sangiovese Grosso']",Italy,Tuscany,['Brunello di Montalcino']
3706,Centovigne,88.5,16.0,88.5,16.0,2,2,"['Red Blend', 'Erbaluce']",Italy,Italy Other,[]
3707,Centovigne,92.5,30.5,92.5,30.5,2,2,"['Nebbiolo', 'Red Blend']",Italy,Piedmont,['Coste della Sesia']
3708,Central Coast Group Project,92.5,75.0,92.5,75.0,2,2,"['Syrah', 'Rhône-style Red Blend']",US,California,"['Santa Barbara County', 'Central Coast']"
3709,Century Oak,84.0,20.0,84.0,20.0,1,1,['Cabernet Sauvignon'],US,California,"['Lodi', 'Central Valley']"
3710,Cenyth,91.0,25.0,91.0,25.0,1,1,['Cabernet Franc'],US,California,"['Sonoma County', 'Sonoma']"
3711,Cepa 21,89.5,40.4,91.0,25.0,11,2,"['Tinto Fino', 'Tempranillo']",Spain,Northern Spain,['Ribera del Duero']
3712,Ceralti,88.6,31.7,89.0,30.0,14,4,"['Red Blend', 'Merlot', 'White Blend', 'Vermentino']",Italy,Tuscany,['Bolgheri']
3713,Ceravolo,86.0,19.0,86.0,19.0,1,1,['Cabernet Sauvignon'],Australia,South Australia,['Adelaide Plains']
3714,Cerbaia,88.8,57.2,90.0,57.0,4,1,['Sangiovese'],Italy,Tuscany,['Brunello di Montalcino']
3715,Cerbaiona,93.0,135.0,93.0,135.0,2,1,['Sangiovese'],Italy,Tuscany,['Brunello di Montalcino']
3716,Cerebella,87.0,30.0,87.0,30.0,1,1,['Cabernet Sauvignon'],US,Washington,"['Walla Walla Valley (WA)', 'Columbia Valley']"
3717,Cereghino Smith,85.0,19.0,85.0,19.0,1,1,['Red Blend'],US,America,[]
3718,Ceretto,90.2,85.7,90.0,74.0,65,6,"['Nebbiolo', 'Dolcetto', 'Red Blend', 'Arneis', 'Moscato', 'Cabernet Blend']",Italy,Piedmont,['Barbaresco']
3719,Cermeño,85.0,13.8,84.5,13.0,4,2,"['Tinta de Toro', 'Malvasia']",Spain,Northern Spain,['Toro']
3720,Cerridwen,88.5,60.0,88.5,60.0,2,2,"['Pinot Noir', 'Abouriou']",US,California,['Mendocino Ridge']
3721,Cerro Caliente,86.0,20.8,85.0,20.0,5,4,"['Pinot Grigio', 'Chardonnay', 'Syrah', 'Pinot Noir']",US,California,"['Edna Valley', 'Central Coast']"
3722,Cerro Prieto,87.4,41.8,86.0,39.0,16,5,"['Cabernet Sauvignon-Syrah', 'Merlot', 'Cabernet Sauvignon', 'Pinot Noir', 'Syrah']",US,California,"['Paso Robles', 'Central Coast']"
3723,Cerruti,83.0,24.0,83.0,24.0,1,1,['Red Blend'],US,California,"['Napa Valley', 'Napa']"
3724,Cerulean,87.5,27.7,87.5,25.0,6,6,"['Riesling', 'White Blend', 'Pinot Noir', 'Red Blend', 'Pinot Gris', 'Tempranillo']",US,Washington,"['Columbia Gorge (WA)', 'Washington Other']"
3725,Cesani,86.7,22.5,87.0,19.0,11,4,"['Ciliegiolo', 'Sangiovese', 'Red Blend', 'Vernaccia']",Italy,Tuscany,['Toscana']
3726,Cesar Lucendo,80.0,10.0,80.0,10.0,1,1,['Sauvignon Blanc'],Spain,Central Spain,['Vino de la Tierra de Castilla']
3727,Cesari,88.2,25.2,88.0,25.0,5,2,"['White Blend', 'Turbiana']",Italy,Lombardy,['Lugana']
3728,Cesari,86.0,16.0,86.0,16.0,2,1,['Pinot Grigio'],Italy,Northeastern Italy,['Delle Venezie']
3729,Cesari,91.8,64.1,92.0,58.0,29,3,"['Corvina, Rondinella, Molinara', 'Corvina', 'Red Blend']",Italy,Veneto,['Valpolicella Superiore Ripasso']
3730,Cesarini Sforza,89.1,29.9,90.0,24.0,7,3,"['Sparkling Blend', 'Pinot Nero', 'Chardonnay']",Italy,Northeastern Italy,['Trento']
3731,Cesca Vicent,86.5,34.5,86.5,34.5,2,1,['Red Blend'],Spain,Catalonia,['Priorat']
3732,Cescon Italo Storia e Vini,86.0,13.0,86.0,13.0,1,1,['Pinot Grigio'],Italy,Northeastern Italy,['Friuli Grave']
3733,Cescon Italo Storia e Vini,85.9,15.0,86.0,13.0,15,9,"['Red Blend', 'Riesling', 'Pinot Nero', 'Raboso', 'Pinot Grigio', 'Merlot', 'Cabernet', 'Sauvignon', 'Chardonnay']",Italy,Veneto,['Veneto']
3734,Ceste,91.2,35.0,91.5,35.0,4,1,['Nebbiolo'],Italy,Piedmont,['Roero']
3735,Ceuso,88.2,25.0,88.0,19.0,22,4,"[""Nero d'Avola"", 'Red Blend', 'White Blend', 'Grecanico']",Italy,Sicily & Sardinia,['Sicilia']
3736,Ch.igai Takaha,93.5,63.0,93.5,63.0,2,2,"['Pinot Noir', 'Chardonnay']",US,California,"['Sta. Rita Hills', 'Central Coast']"
3737,Chacewater,88.3,24.1,88.0,22.0,39,12,"['Merlot', 'Syrah', 'Zinfandel', 'Chardonnay', 'Orange Muscat', 'Malbec', 'Red Blend', 'Petite Sirah', 'Rosé', 'Riesling', 'Sauvignon Blanc', 'Cabernet Sauvignon']",US,California,"['Sierra Foothills', 'Sierra Foothills']"
3738,Chacras,88.0,18.0,88.0,18.0,1,1,['Malbec'],Argentina,Mendoza Province,['Mendoza']
3739,Chaddsford,83.8,21.9,84.0,19.0,28,12,"['Pinot Grigio', 'White Blend', 'Pinot Noir', 'Chardonnay', 'Meritage', 'Red Blend', 'Chambourcin', 'Cabernet Sauvignon', 'Merlot', 'Rosé', 'Syrah', 'Bordeaux-style Red Blend']",US,Pennsylvania,['Pennsylvania']
3740,Chai de Bordes,85.0,13.0,85.0,13.0,1,1,['Bordeaux-style White Blend'],France,Bordeaux,['Bordeaux Blanc']
3741,Chain Gang,84.0,18.0,84.0,18.0,1,1,['Red Blend'],US,California,"['Sonoma County', 'Sonoma']"
3742,Chais de Méribel,84.0,21.0,84.0,21.0,1,1,['Bordeaux-style White Blend'],France,Bordeaux,['Sauternes']
3743,Chakana,87.4,19.1,88.0,18.0,31,9,"['White Blend', 'Bonarda', 'Cabernet Sauvignon', 'Syrah', 'Malbec', 'Red Blend', 'Shiraz', 'Torrontés', 'Chardonnay']",Argentina,Mendoza Province,['Mendoza']
3744,Chakras,86.0,15.5,86.0,15.5,2,2,"['Cabernet Sauvignon', 'Malbec']",Argentina,Mendoza Province,['Mendoza']
3745,Chaleur Estate,91.3,63.7,91.0,35.0,3,3,"['White Blend', 'Cabernet Sauvignon', 'Bordeaux-style White Blend']",US,Washington,"['Columbia Valley (WA)', 'Columbia Valley']"
3746,Chalice Bridge,85.0,16.0,85.0,16.0,1,1,['Chardonnay'],Australia,Western Australia,['Western Australia']
3747,Chalk Hill,89.6,55.6,90.0,48.0,76,16,"['Cabernet Sauvignon-Carmenère', 'Malbec', 'Bordeaux-style Red Blend', 'Sauvignon Blanc', 'Sauvignon Gris', 'Sémillon', 'Pinot Gris', 'Red Blend', 'Pinot Noir', 'Chardonnay', 'Syrah', 'Viognier', 'Merlot-Malbec', 'Merlot', 'Cabernet Sauvignon', 'Zinfandel']",US,California,"['Chalk Hill', 'Sonoma']"
3748,Challen,91.6,60.8,92.0,60.0,8,1,['Pinot Noir'],US,California,"['Santa Maria Valley', 'Central Coast']"
3749,Challenger Ridge,84.5,37.0,84.5,37.0,2,2,"['Syrah', 'Bordeaux-style Red Blend']",US,Washington,"['Columbia Valley (WA)', 'Columbia Valley']"
3750,Chalone,89.6,27.0,89.0,30.0,5,3,"['Grenache', 'Chardonnay', 'Syrah']",US,California,"['Chalone', 'Central Coast']"
3751,Chalone Vineyard,88.1,27.1,88.0,25.5,24,6,"['Chenin Blanc', 'Chardonnay', 'Pinot Noir', 'Pinot Blanc', 'Merlot', 'Rhône-style Red Blend']",US,California,"['Chalone', 'Central Coast']"
3752,Chaltén,86.0,15.0,86.0,15.0,1,1,['Pinot Noir'],Argentina,Mendoza Province,['Mendoza']
3753,Chaltén,87.4,16.4,87.0,15.0,5,3,"['Malbec', 'Sauvignon Blanc', 'Pinot Noir']",Argentina,Other,['Neuquén']
3754,Chaman,87.7,16.7,88.0,15.0,3,2,"['Cabernet Franc', 'Bordeaux-style Red Blend']",Argentina,Mendoza Province,['Mendoza']
3755,Chamarré,85.0,12.0,85.0,12.0,1,1,['Bordeaux-style Red Blend'],France,Bordeaux,['Bordeaux']
3756,Chamarré,86.3,11.4,87.0,12.0,9,9,"['Viognier', 'Shiraz', 'Pinot Noir', 'Chardonnay-Sauvignon', 'Chardonnay', 'Cabernet Sauvignon Grenache', 'Shiraz-Merlot', 'Cabernet Sauvignon', 'Grenache-Syrah']",France,France Other,['Vin de Pays Vignobles de France']
3757,Chambers Rosewood Vineyards,93.2,142.9,93.0,100.0,23,4,"['Muscat', 'Muscadel', 'Muscadelle', 'Tokay']",Australia,Victoria,['Rutherglen']
3758,Chamisal Vineyards,90.0,41.0,90.0,40.0,43,6,"['Pinot Noir', 'Chardonnay', 'Syrah', 'Rosé', 'Grenache', 'Pinot Gris']",US,California,"['Edna Valley', 'Central Coast']"
3759,Chamlija,86.0,22.0,86.0,22.0,2,1,['Papaskarasi'],Turkey,Thrace,[]
3760,Chamonix,87.6,24.2,88.0,24.0,5,5,"['Cabernet Sauvignon', 'Sauvignon Blanc', 'Pinot Noir', 'Bordeaux-style Red Blend', 'Pinotage']",South Africa,Franschhoek,[]
3761,Champ de Rêves,89.3,41.7,88.0,40.0,3,1,['Pinot Noir'],US,California,"['Anderson Valley', 'Mendocino/Lake Counties']"
3762,Champagne Gremillet,87.7,,87.0,,3,2,"['Champagne Blend', 'Chardonnay']",France,Champagne,['Champagne']
3763,Champy,89.0,20.0,89.0,20.0,1,1,['Sparkling Blend'],US,California,"['California', 'California Other']"
3764,Chanamé,94.0,45.0,94.0,45.0,1,1,['Pinot Noir'],US,California,"['Anderson Valley', 'Mendocino/Lake Counties']"
3765,Chancellor Estates,84.8,17.2,84.0,16.0,4,4,"['Riesling', 'Pinot Noir', 'Sauvignon Blanc', 'Chardonnay']",New Zealand,Waipara,[]
3766,Chandler Reach,89.4,26.1,90.0,26.0,20,10,"['Bordeaux-style Red Blend', 'Red Blend', 'Syrah', 'Sangiovese', 'Viognier', 'Merlot', 'Rosé', 'Cabernet Franc', 'Cabernet Sauvignon', 'Rhône-style Red Blend']",US,Washington,"['Yakima Valley', 'Columbia Valley']"
3767,Chandon,88.8,33.5,88.0,30.0,51,3,"['Sparkling Blend', 'Pinot Noir', 'Chardonnay']",US,California,"['California', 'California Other']"
3768,Changala,85.5,20.0,85.5,20.0,2,2,"['Red Blend', 'Syrah']",US,California,"['Paso Robles', 'Central Coast']"
3769,Chanin,92.7,44.9,93.0,45.0,25,2,"['Pinot Noir', 'Chardonnay']",US,California,"['Santa Barbara County', 'Central Coast']"
3770,Channing Daughters,88.5,23.0,89.0,20.0,21,11,"['White Blend', 'Pinot Grigio', 'Chardonnay', 'Red Blend', 'Merlot', 'Rosé', 'Blaufränkisch', 'Tocai Friulano', 'Sauvignon Blanc', 'Rosato', 'Sparkling Blend']",US,New York,"['Long Island', 'Long Island']"
3771,Channing Perrine,82.7,16.0,83.0,16.0,3,3,"['Riesling', 'Merlot', 'Cabernet Sauvignon']",US,New York,"['Long Island', 'Long Island']"
3772,Chanoine,89.3,66.1,90.0,60.0,27,2,"['Champagne Blend', 'Chardonnay']",France,Champagne,['Champagne']
3773,Chanson Père et Fils,90.6,93.7,91.0,70.0,127,2,"['Chardonnay', 'Pinot Noir']",France,Burgundy,['Beaune']
3774,Chantebelle,84.0,10.0,84.0,10.0,2,1,['Sauvignon Blanc'],France,Southwest France,['Côtes de Gascogne']
3775,Chanticleer,87.0,58.0,87.0,58.0,1,1,['Cabernet Sauvignon'],US,California,"['Yountville', 'Napa']"
3776,Chapel Down,92.7,46.7,92.0,50.0,3,1,['Sparkling Blend'],England,England,[]
3777,Chapel Hill,89.9,29.6,91.0,29.0,13,5,"['Grenache', 'Shiraz', 'Chardonnay', 'Cabernet Sauvignon', 'Shiraz-Grenache']",Australia,South Australia,['McLaren Vale']
3778,Chapelle d'Ausone,92.0,,92.0,,2,1,['Bordeaux-style Red Blend'],France,Bordeaux,['Saint-Émilion']
3779,Chapillon,88.0,19.0,88.0,19.0,1,1,['Sparkling Blend'],Spain,Catalonia,['Cava']
3780,Chapillon,85.0,15.0,85.0,15.0,1,1,['Garnacha'],Spain,Northern Spain,['Calatayud']
3781,Chappellet,91.7,52.7,92.0,35.0,28,6,"['Chardonnay', 'Cabernet Sauvignon', 'Merlot', 'Chenin Blanc', 'Bordeaux-style Red Blend', 'Cabernet Franc']",US,California,"['Napa Valley', 'Napa']"
3782,Chapter Capítulo 8,84.7,12.7,85.0,12.0,3,2,"['White Blend', 'Sauvignon Blanc-Verdejo']",Spain,Central Spain,['Almansa']
3783,Chapuy,89.0,39.5,89.0,39.0,4,2,"['Champagne Blend', 'Chardonnay']",France,Champagne,['Champagne']
3784,Charbay,93.5,62.5,93.5,62.5,2,1,['Port'],US,California,"['Napa Valley', 'Napa']"
3785,Chard Farm,89.0,39.0,89.0,39.0,1,1,['Pinot Noir'],New Zealand,Central Otago,[]
3786,Chardenet,90.7,58.3,91.0,65.0,3,1,['Chardonnay'],US,California,"['Carneros', 'Napa-Sonoma']"
3787,Chardonnais,90.0,30.0,90.0,30.0,1,1,['Chardonnay'],US,California,"['Napa Valley', 'Napa']"
3788,Charles & Charles,87.9,12.6,88.0,12.0,16,5,"['Rosé', 'Cabernet Sauvignon-Syrah', 'Chardonnay', 'Riesling', 'Bordeaux-style Red Blend']",US,Washington,"['Columbia Valley (WA)', 'Columbia Valley']"
3789,Charles B. Mitchell,87.2,23.2,86.0,22.0,13,8,"['Zinfandel', 'Bordeaux-style Red Blend', 'Cabernet Franc', 'Red Blend', 'Riesling', 'Merlot', 'Sangiovese', 'Syrah']",US,California,"['Amador County', 'Sierra Foothills']"
3790,Charles Cimicky,90.3,33.8,90.0,40.0,6,2,"['Shiraz', 'Grenache-Shiraz']",Australia,South Australia,['Barossa Valley']
3791,Charles Clément,88.0,30.0,88.0,30.0,3,2,"['Chardonnay', 'Champagne Blend']",France,Champagne,['Champagne']
3792,Charles Creek,86.4,31.7,85.0,30.0,7,4,"['Red Blend', 'Cabernet Sauvignon', 'Chardonnay', 'Sangiovese']",US,California,"['Napa County', 'Napa']"
3793,Charles Duret,87.0,20.0,87.0,20.0,2,1,['Sparkling Blend'],France,Burgundy,['Crémant de Bourgogne']
3794,Charles Ellner,90.2,54.9,90.0,53.0,27,2,"['Champagne Blend', 'Chardonnay']",France,Champagne,['Champagne']
3795,Charles Fournier,84.5,15.0,84.5,15.0,2,2,"['Chardonnay', 'Riesling']",US,New York,"['Finger Lakes', 'Finger Lakes']"
3796,Charles Heidsieck,91.6,74.1,92.0,72.5,20,2,"['Champagne Blend', 'Chardonnay']",France,Champagne,['Champagne']
3797,Charles Heintz,91.2,36.8,91.0,45.0,6,2,"['Pinot Noir', 'Chardonnay']",US,California,"['Sonoma County', 'Sonoma']"
3798,Charles Joguet,89.5,36.9,90.0,34.0,13,3,"['Cabernet Franc', 'Rosé', 'Chenin Blanc']",France,Loire Valley,['Chinon']
3799,Charles Krug,88.6,48.4,88.0,30.0,62,13,"['Cabernet Sauvignon', 'Bordeaux-style Red Blend', 'Sauvignon Blanc', 'Merlot', 'Chardonnay', 'Red Blend', 'Sangiovese', 'Zinfandel', 'Pinot Noir', 'Cabernet Franc', 'Syrah', 'Cabernet Blend', 'Malbec']",US,California,"['Howell Mountain', 'Napa']"
3800,Charles Lafitte,85.6,45.3,86.0,34.5,10,1,['Champagne Blend'],France,Champagne,['Champagne']
3801,Charles Melton,90.1,34.5,90.0,29.0,8,5,"['Rosé', 'Rhône-style Red Blend', 'Shiraz', 'Cabernet Sauvignon', 'Grenache']",Australia,South Australia,['Barossa Valley']
3802,Charles Orban,86.7,50.0,87.0,50.0,3,1,['Champagne Blend'],France,Champagne,['Champagne']
3803,Charles Smith,92.6,63.4,92.0,45.0,32,8,"['Merlot', 'Chardonnay', 'Riesling', 'Cabernet Sauvignon', 'Syrah', 'Cabernet Sauvignon-Syrah', 'Malbec', 'Viognier']",US,Washington,"['Columbia Valley (WA)', 'Columbia Valley']"
3804,Charles Sparr,88.1,20.4,88.0,20.0,14,7,"['Pinot Blanc', 'Pinot Gris', 'Riesling', 'Pinot Noir', 'Gewürztraminer', 'Sparkling Blend', 'Chardonnay']",France,Alsace,['Alsace']
3805,Charles Thomas,88.0,12.0,88.0,12.0,1,1,['Rosé'],France,Rhône Valley,['Côtes du Rhône']
3806,Charles Wiffen,85.0,12.0,85.0,12.0,1,1,['Riesling'],New Zealand,Marlborough,[]
3807,Charles de Cazanove,87.0,45.0,87.0,45.0,3,1,['Champagne Blend'],France,Champagne,['Champagne']
3808,Charles de Fère,88.0,15.0,88.0,15.0,1,1,['Champagne Blend'],France,Burgundy,['Crémant de Bourgogne']
3809,Charles de Fère,83.8,12.6,84.0,12.0,12,4,"['Shiraz', 'Sparkling Blend', 'Chardonnay', 'Muscat']",France,France Other,['Vin Mousseux']
3810,Charles-Gilbert de Vindé,91.0,66.0,92.0,57.0,5,3,"['Chardonnay', 'Champagne Blend', 'Pinot Noir']",France,Champagne,['Champagne']
3811,Charlier & Fils,90.0,41.8,90.0,38.0,4,1,['Champagne Blend'],France,Champagne,['Champagne']
3812,Charnu,91.7,58.0,91.0,75.0,3,2,"['Sauvignon Blanc', 'Cabernet Sauvignon']",US,California,"['St. Helena', 'Napa']"
3813,Charter Oak,88.0,48.0,88.0,48.0,1,1,['Zinfandel'],US,California,"['Sonoma Valley', 'Sonoma']"
3814,Charthia,87.0,36.5,87.0,36.5,2,2,"['Sauvignon Blanc', 'Pinot Noir']",US,California,"['Napa Valley', 'Napa']"
3815,Chartogne-Taillet,90.7,45.0,91.0,45.0,3,1,['Champagne Blend'],France,Champagne,['Champagne']
3816,Chartron et Trébuchet,88.8,57.8,88.5,52.5,12,1,['Chardonnay'],France,Burgundy,['Chassagne-Montrachet']
3817,Chase,90.0,57.0,90.0,55.0,5,3,"['Zinfandel', 'Petite Sirah', 'Cabernet Sauvignon']",US,California,"['St. Helena', 'Napa']"
3818,Chasing Lions,84.0,14.5,84.0,14.5,2,2,"['Cabernet Sauvignon', 'Red Blend']",US,California,"['North Coast', 'North Coast']"
3819,Chasing Venus,85.8,16.0,85.5,16.0,4,2,"['Pinot Gris', 'Sauvignon Blanc']",New Zealand,Marlborough,[]
3820,Chasing Venus,85.0,16.0,85.0,16.0,1,1,['Sauvignon Blanc'],US,California,"['Russian River Valley', 'Sonoma']"
3821,Chassenay d'Arce,88.8,65.4,89.0,60.0,11,3,"['Champagne Blend', 'Pinot Blanc', 'Chardonnay']",France,Champagne,['Champagne']
3822,Chasseur,89.6,50.0,90.0,50.0,10,3,"['Chardonnay', 'Pinot Noir', 'Syrah']",US,California,"['Russian River Valley', 'Sonoma']"
3823,Chateau Auguste,88.0,,88.0,,1,1,['Bordeaux-style Red Blend'],France,Bordeaux,['Bordeaux Supérieur']
3824,Chateau Brisson,89.0,20.0,89.0,20.0,1,1,['Bordeaux-style Red Blend'],France,Bordeaux,['Castillon Côtes de Bordeaux']
3825,Chateau Burgozone,89.4,15.4,89.5,14.0,14,5,"['Chardonnay', 'Pinot Noir', 'Cabernet Sauvignon', 'Viognier', 'Sauvignon Blanc']",Bulgaria,Danube River Plains,[]
3826,Chateau Capion,87.0,42.5,87.0,42.5,3,3,"['Rhône-style White Blend', 'Rosé', 'White Blend']",France,Languedoc-Roussillon,['Coteaux du Languedoc']
3827,Chateau Changyu-Castel,85.5,22.5,85.5,22.5,2,2,"['Chardonnay', 'Cabernet Blend']",China,China,[]
3828,Chateau Chantal,83.0,9.0,83.0,9.0,1,1,['Malbec'],Argentina,Mendoza Province,['Luján de Cuyo']
3829,Chateau Chantal,84.7,25.3,86.0,26.0,3,2,"['Pinot Gris', 'Cabernet Franc']",US,Michigan,['Old Mission Peninsula']
3830,Chateau Chevalier,85.3,26.1,85.0,25.0,7,2,"['Sauvignon Blanc', 'Cabernet Sauvignon']",US,California,['Napa']
3831,Chateau Couronneau,87.5,19.0,86.5,18.0,4,2,"['Bordeaux-style Red Blend', 'Bordeaux-style White Blend']",France,Bordeaux,['Bordeaux Supérieur']
3832,Chateau Coustaut,87.0,,87.0,,1,1,['Bordeaux-style White Blend'],France,Bordeaux,['Graves']
3833,Chateau Côte Nord,86.0,9.0,86.0,9.0,1,1,['Chardonnay'],US,California,"['North Coast', 'North Coast']"
3834,Chateau Dauzac,90.7,60.0,91.0,60.0,11,1,['Bordeaux-style Red Blend'],France,Bordeaux,['Margaux']
3835,Chateau Dereszla,89.6,20.6,89.0,16.0,5,2,"['White Blend', 'Tokaji']",Hungary,Tokaji,[]
3836,Chateau Desmirail,88.9,43.0,89.0,43.0,7,1,['Bordeaux-style Red Blend'],France,Bordeaux,['Margaux']
3837,Chateau Faire Le Pont,84.5,28.0,84.5,28.0,2,2,"['Red Blend', 'Pinot Noir']",US,Washington,"['Washington', 'Washington Other']"
3838,Chateau Faure Beauséjour,87.0,25.0,87.0,25.0,1,1,['Bordeaux-style Red Blend'],France,Bordeaux,['Fronsac']
3839,Chateau Felice,83.0,19.0,83.0,19.0,2,2,"['Chardonnay', 'Syrah']",US,California,"['Russian River Valley', 'Sonoma']"
3840,Chateau Gibalaux Bonnet,86.0,13.0,86.0,13.0,1,1,['Rhône-style Red Blend'],France,Languedoc-Roussillon,['Minervois']
3841,Chateau Grand Traverse,86.8,18.0,87.0,14.0,5,3,"['Riesling', 'Cabernet Franc', 'Gamay']",US,Michigan,['Old Mission Peninsula']
3842,Chateau Haut Perthus,83.0,11.0,83.0,11.0,1,1,['Red Blend'],France,Southwest France,['Bergerac']
3843,Chateau Haut Rian,88.5,21.2,88.5,15.5,4,2,"['Bordeaux-style White Blend', 'Bordeaux-style Red Blend']",France,Bordeaux,['Bordeaux Blanc']
3844,Chateau La Calisse,87.2,18.0,87.0,18.0,5,1,['Rosé'],France,Provence,['Coteaux Varois']
3845,Chateau La Tour Carnet,89.9,47.5,91.0,47.5,8,2,"['Bordeaux-style Red Blend', 'Bordeaux-style White Blend']",France,Bordeaux,['Haut-Médoc']
3846,Chateau Lafayette Reneau,86.4,20.3,87.0,17.0,40,11,"['Cabernet Sauvignon', 'Chardonnay', 'Riesling', 'Merlot', 'Pinot Noir', 'Johannisberg Riesling', 'Rosé', 'Meritage', 'Cabernet Franc', 'Champagne Blend', 'Syrah']",US,New York,"['Finger Lakes', 'Finger Lakes']"
3847,Chateau Les Amoureuses,90.5,25.0,91.5,22.5,4,3,"['Syrah-Grenache', 'Rhône-style Red Blend', 'Grenache']",France,Rhône Valley,['Ardèche']
3848,Chateau Lettau,86.7,33.6,87.0,30.0,10,9,"['Pinot Noir', 'Red Blend', 'Tannat', 'Syrah', 'Tempranillo', 'Rhône-style Red Blend', 'Chardonnay', 'Albariño', 'Grenache']",US,California,"['Santa Lucia Highlands', 'Central Coast']"
3849,Chateau Malbat,84.0,25.0,84.0,25.0,1,1,['Bordeaux-style Red Blend'],France,Bordeaux,['Bordeaux']
3850,Chateau Margene,90.7,90.7,91.5,90.0,10,3,"['Cabernet Franc', 'Cabernet Sauvignon', 'Bordeaux-style Red Blend']",US,California,"['Paso Robles', 'Central Coast']"
3851,Chateau Meroux,85.0,20.0,85.0,20.0,1,1,['Merlot'],US,California,"['Bennett Valley', 'Sonoma']"
3852,Chateau Molyneaux,87.0,28.0,87.0,29.0,3,3,"['Pinot Blanc', 'Petit Verdot', 'Cabernet Sauvignon']",US,California,"['Livermore Valley', 'Central Coast']"
3853,Chateau Montelena,89.6,74.1,90.0,54.0,12,3,"['Cabernet Sauvignon', 'Chardonnay', 'Zinfandel']",US,California,"['Calistoga', 'Napa']"
3854,Chateau Morrisette,84.3,17.6,84.0,18.0,21,12,"['Chambourcin', 'Petit Verdot', 'White Blend', 'Cabernet Franc', 'Cabernet Sauvignon', 'Viognier', 'Vidal Blanc', 'Chardonnay', 'Rosé', 'Red Blend', 'Bordeaux-style Red Blend', 'Merlot']",US,Virginia,['Virginia']
3855,Chateau Mourgues du Gres,89.0,16.2,89.5,13.5,4,3,"['Rhône-style Red Blend', 'Rosé', 'Rhône-style White Blend']",France,Rhône Valley,['Costières de Nîmes']
3856,Chateau Nico Lazaridi,80.0,22.0,80.0,22.0,1,1,['White Blend'],Greece,Drama,[]
3857,Chateau Peybonhomme-les-Tours,89.0,22.0,89.0,22.0,1,1,['Bordeaux-style White Blend'],France,Bordeaux,['Blaye Côtes de Bordeaux']
3858,Chateau Peyrassol,87.3,26.7,87.0,28.0,3,1,['Rosé'],France,Provence,['Côtes de Provence']
3859,Chateau Quattre,88.0,45.0,88.0,45.0,2,2,"['Bordeaux-style Red Blend', 'Malbec']",France,Southwest France,['Cahors']
3860,Chateau Reynella,87.9,24.5,88.0,19.5,9,4,"['Chardonnay', 'Shiraz', 'Cabernet Sauvignon', 'Grenache']",Australia,South Australia,['McLaren Vale']
3861,Chateau Rollat,90.6,46.8,91.0,41.5,10,3,"['Cabernet Sauvignon', 'Red Blend', 'Bordeaux-style Red Blend']",US,Washington,"['Walla Walla Valley (WA)', 'Columbia Valley']"
3862,Chateau Saint Louis,84.0,17.0,84.0,17.0,1,1,['Red Blend'],France,Southwest France,['Fronton']
3863,Chateau Saint Nabor,87.0,13.0,87.0,13.0,1,1,['Rosé'],France,Languedoc-Roussillon,['Gard']
3864,Chateau Saint Nabor,83.0,,83.0,,1,1,['Rhône-style Red Blend'],France,Rhône Valley,['Côtes du Rhône']
3865,Chateau St. Croix,82.0,27.0,82.0,27.0,1,1,['Cabernet Sauvignon'],US,America,[]
3866,Chateau St. Jean,88.8,40.4,88.0,25.0,71,12,"['Pinot Noir', 'Fumé Blanc', 'Chardonnay', 'Merlot', 'Riesling', 'Cabernet Sauvignon', 'Red Blend', 'Gewürztraminer', 'Malbec', 'Bordeaux-style Red Blend', 'Cabernet Franc', 'Johannisberg Riesling']",US,California,"['Sonoma Coast', 'Sonoma']"
3867,Chateau Ste. Michelle,88.6,22.5,88.0,18.0,269,17,"['Gewürztraminer', 'Merlot', 'Chardonnay', 'Cabernet Sauvignon', 'Sauvignon Blanc', 'Pinot Gris', 'Red Blend', 'Sémillon', 'Riesling', 'Bordeaux-style Red Blend', 'Syrah', 'Cabernet Franc', 'Malbec', 'Meritage', 'Mourvèdre', 'White Blend', 'White Riesling']",US,Washington,"['Columbia Valley (WA)', 'Columbia Valley']"
3868,Chateau Ste. Michelle & Dr. Loosen,92.2,41.1,92.0,22.0,11,1,['Riesling'],US,Washington,"['Columbia Valley (WA)', 'Columbia Valley']"
3869,Chateau Walla Walla,87.0,40.0,87.0,40.0,1,1,['Syrah'],US,Washington,"['Walla Walla Valley (WA)', 'Columbia Valley']"
3870,Chateau d'Angludet,89.5,42.5,89.5,42.5,2,1,['Bordeaux-style Red Blend'],France,Bordeaux,['Margaux']
3871,Chateau de Launay,88.0,41.0,88.0,41.0,3,2,"['Muscadelle', 'Bordeaux-style Red Blend']",France,Bordeaux,['Bordeaux Blanc']
3872,Chateau de Manissy,90.0,18.0,90.0,18.0,1,1,['Rosé'],France,Rhône Valley,['Tavel']
3873,Chateau de Pibarnon,90.3,39.0,91.0,40.0,6,2,"['Rosé', 'Rhône-style Red Blend']",France,Provence,['Bandol']
3874,Chateau de Pizay,87.4,14.0,87.0,15.0,5,1,['Gamay'],France,Beaujolais,['Régnié']
3875,Chateau de Pizay,85.0,15.0,85.0,15.0,1,1,['Chardonnay'],France,Burgundy,['Bourgogne']
3876,Chateau de Sadran,88.0,15.0,88.0,15.0,1,1,['Bordeaux-style Red Blend'],France,Bordeaux,['Cadillac Côtes de Bordeaux']
3877,Chateau de l'Oiselinière,89.4,16.7,90.0,16.0,7,1,['Melon'],France,Loire Valley,['Muscadet Sèvre et Maine']
3878,Chateau du Donjon,86.7,19.0,86.0,17.0,7,4,"['Rhône-style Red Blend', 'Merlot', 'Red Blend', 'Rosé']",France,Languedoc-Roussillon,['Minervois']
3879,Chateau la Gaborie,83.0,,83.0,,1,1,['Bordeaux-style Red Blend'],France,Bordeaux,['Bordeaux']
3880,Chateau la Rame,87.5,22.0,87.5,22.0,2,2,"['Bordeaux-style White Blend', 'Bordeaux-style Red Blend']",France,Bordeaux,['Saint-Croix-du-Mont']
3881,Chateau le Grand Verdus,86.1,19.6,86.0,14.5,11,3,"['Bordeaux-style White Blend', 'Bordeaux-style Red Blend', 'Rosé']",France,Bordeaux,['Bordeaux Blanc']
3882,Chateau les Tuilleries,87.0,15.0,87.0,15.0,1,1,['Bordeaux-style White Blend'],France,Bordeaux,['Bordeaux Blanc']
3883,Chatel,84.0,15.0,84.0,15.0,1,1,['Sparkling Blend'],Spain,Catalonia,['Cava']
3884,Chatelain Desjacques,86.0,11.0,86.0,11.0,1,1,['Sauvignon Blanc'],France,Loire Valley,['Val de Loire']
3885,Chatham,85.4,18.0,85.0,18.5,8,3,"['Chardonnay', 'Cabernet Franc', 'Bordeaux-style Red Blend']",US,Virginia,['Virginia']
3886,Chatom,84.6,17.1,84.0,18.0,13,7,"['Sangiovese', 'Chardonnay', 'Zinfandel', 'Sauvignon Blanc', 'Sémillon', 'Syrah', 'Cabernet Sauvignon']",US,California,"['Calaveras County', 'Sierra Foothills']"
3887,Chatom Vineyards,86.5,21.0,87.0,20.0,13,8,"['Syrah', 'Zinfandel', 'Red Blend', 'Touriga Nacional', 'Sauvignon Blanc', 'Sémillon', 'Merlot', 'Chardonnay']",US,California,"['Calaveras County', 'Sierra Foothills']"
3888,Chatter Creek,88.0,23.7,88.0,22.0,28,10,"['Viognier', 'Syrah', 'Cabernet Franc', 'Bordeaux-style Red Blend', 'Pinot Gris', 'Grenache', 'Nebbiolo', 'Red Blend', 'Cabernet Sauvignon', 'Cabernet Sauvignon-Merlot']",US,Washington,"['Columbia Valley (WA)', 'Columbia Valley']"
3889,Chatzivariti,87.0,27.0,87.0,27.0,1,1,['Red Blend'],Greece,Goumenissa,[]
3890,Chavet Fils,85.6,21.6,85.0,20.0,8,2,"['Sauvignon Blanc', 'Pinot Noir']",France,Loire Valley,['Menetou-Salon']
3891,Chaza,83.0,5.0,83.0,5.0,1,1,['Moscato'],South Africa,Western Cape,[]
3892,Chañarmuyo,84.5,13.0,84.5,13.0,2,2,"['Malbec', 'Cabernet Sauvignon']",Argentina,Other,['La Rioja']
3893,CheapSkate,83.5,8.0,84.0,8.0,4,4,"['Cabernet Blend', 'Cabernet Sauvignon', 'Rosé', 'Pinot Noir']",US,California,"['California', 'California Other']"
3894,Checkered Cab,86.0,10.0,86.0,10.0,1,1,['Cabernet Sauvignon'],Australia,South Australia,['South Australia']
3895,Chef's Coat,84.0,26.0,84.0,26.0,1,1,['Chardonnay'],US,California,"['Santa Maria Valley', 'Central Coast']"
3896,Chehalem,89.3,36.2,89.0,29.0,107,8,"['Pinot Noir', 'Pinot Gris', 'Riesling', 'Gamay Noir', 'Pinot Blanc', 'Chardonnay', 'Red Blend', 'Grüner Veltliner']",US,Oregon,"['Chehalem Mountains', 'Willamette Valley']"
3897,Chelan Estate,88.0,16.0,88.0,16.0,1,1,['Chardonnay-Viognier'],US,Washington,"['Columbia Valley (WA)', 'Columbia Valley']"
3898,Chelan Wine Company,88.7,20.0,88.0,20.0,3,3,"['Riesling', 'Pinot Gris', 'Sauvignon Blanc']",US,Washington,"['Chelan County', 'Washington Other']"
3899,Chelsea Goldschmidt,87.3,16.2,87.0,17.0,12,1,['Merlot'],US,California,"['Alexander Valley', 'Sonoma']"
3900,Chemin des Papes,85.0,11.0,85.0,11.0,1,1,['Rosé'],France,Rhône Valley,['Côtes du Rhône']
3901,Chenoweth,93.0,65.0,93.0,65.0,1,1,['Pinot Noir'],US,California,"['Green Valley', 'Sonoma']"
3902,Chereau Carré,84.0,11.0,84.0,11.0,1,1,['Rosé'],France,Loire Valley,"[""Rosé d'Anjou""]"
3903,Cherokee Vineyards,82.5,15.0,82.5,15.0,2,2,"['Cabernet Sauvignon', 'Merlot']",US,California,"['California', 'California Other']"
3904,Cherri d'Acquaviva,86.0,15.0,86.0,15.0,2,2,"['Red Blend', 'Pecorino']",Italy,Central Italy,['Rosso Piceno']
3905,Cherrier Frères,88.7,40.0,88.0,40.0,3,1,['Sauvignon Blanc'],France,Loire Valley,['Sancerre']
3906,Cherry Hill,86.0,26.3,87.0,25.5,6,2,"['Pinot Noir', 'Rosé']",US,Oregon,"['Eola-Amity Hills', 'Willamette Valley']"
3907,Cherry Pie,91.7,56.7,92.0,60.0,3,1,['Pinot Noir'],US,California,"['Sonoma Coast', 'Sonoma']"
3908,Cherry Tart,86.0,20.0,86.0,20.0,2,2,"['Chardonnay', 'Pinot Noir']",US,California,"['California', 'California Other']"
3909,Cherry Tree Hill,84.0,20.0,84.0,20.0,1,1,['Merlot'],Romania,Dealu Mare,[]
3910,Cherubino,93.3,54.0,93.0,54.0,3,1,['Cabernet Sauvignon'],Australia,Western Australia,['Margaret River']
3911,Cheryl LaVrar,87.0,34.0,87.0,34.0,1,1,['Pinot Noir'],US,California,"['Russian River Valley', 'Sonoma']"
3912,Chesebro,89.8,23.0,89.0,23.0,8,5,"['Albariño', 'Rhône-style Red Blend', 'Pinot Noir', 'Sauvignon Blanc', 'Grenache']",US,California,"['Arroyo Seco', 'Central Coast']"
3913,Chesler,93.0,70.0,93.0,70.0,1,1,['Bordeaux-style Red Blend'],US,California,"['Napa Valley', 'Napa']"
3914,Chessman,85.7,16.3,85.0,15.0,9,4,"['Zinfandel', 'Pinot Noir', 'Chardonnay', 'Cabernet Sauvignon']",US,California,"['Lodi', 'Central Valley']"
3915,Chester Kidder,90.5,50.5,90.0,50.0,11,1,['Red Blend'],US,Washington,"['Columbia Valley (WA)', 'Columbia Valley']"
3916,Cheurlein-Panfilo,88.0,,88.0,,2,1,['Champagne Blend'],France,Champagne,['Champagne']
3917,Cheval Quancard,86.5,15.6,86.0,15.0,35,4,"['Bordeaux-style Red Blend', 'Bordeaux-style White Blend', 'Sémillon', 'Rosé']",France,Bordeaux,['Bordeaux']
3918,Cheval Quancard,84.0,13.0,84.0,13.0,1,1,['Colombard-Sauvignon Blanc'],France,Southwest France,['Côtes de Gascogne']
3919,Cheval Sauvage,90.0,50.0,90.0,50.0,1,1,['Pinot Noir'],US,California,"['Sta. Rita Hills', 'Central Coast']"
3920,Cheval des Andes,92.1,84.1,92.0,77.5,8,3,"['Bordeaux-style Red Blend', 'Cabernet Sauvignon-Malbec', 'Red Blend']",Argentina,Mendoza Province,['Mendoza']
3921,Chevalier Père et Fils,89.0,,89.0,,1,1,['Pinot Noir'],France,Burgundy,['Ladoix']
3922,Chevalier de Dyonis,84.0,8.0,84.0,8.0,1,1,['Pinot Noir'],Romania,Dealu Mare,[]
3923,Chevalier de Gruaud,84.5,47.5,84.5,47.5,2,1,['Bordeaux-style Red Blend'],France,Bordeaux,['Saint-Julien']
3924,Chevalier de Lafoux Sainte Anne,87.0,13.0,87.0,13.0,1,1,['Rosé'],France,Provence,['Côtes de Provence']
3925,Cheviot Bridge,90.0,16.0,90.0,16.0,1,1,['Chardonnay'],Australia,Victoria,['Victoria']
3926,Cheyanna,82.0,15.0,82.0,15.0,1,1,['Zinfandel'],US,California,"['Napa Valley', 'Napa']"
3927,Chiara Boschis - E. Pira e Figli,90.0,90.0,90.0,90.0,1,1,['Nebbiolo'],Italy,Piedmont,['Barolo']
3928,Chiarello Family Vineyards,88.4,50.2,88.5,50.0,8,5,"['Cabernet Sauvignon', 'Petite Sirah', 'Zinfandel', 'Rosé', 'Ribolla Gialla']",US,California,"['St. Helena', 'Napa']"
3929,Chiarito,91.3,29.0,91.0,30.0,3,3,"[""Nero d'Avola"", 'Petite Sirah', 'Zinfandel']",US,California,['Mendocino']
3930,Chic Barcelona,85.5,11.0,85.5,11.0,2,1,['Sparkling Blend'],Spain,Catalonia,['Cava']
3931,Chiesa Carlo,89.5,21.0,89.5,21.0,2,2,"['Nebbiolo', 'Arneis']",Italy,Piedmont,['Roero']
3932,Chigi Saracini,92.5,26.5,92.5,26.5,2,1,['Sangiovese'],Italy,Tuscany,['Chianti']
3933,Chilcas,86.7,15.6,87.0,16.5,12,3,"['Sauvignon Blanc', 'Chardonnay', 'Pinot Noir']",Chile,Casablanca Valley,[]
3934,Chilcas,85.2,7.6,85.0,7.0,5,4,"['Chardonnay', 'Cabernet Sauvignon', 'Sauvignon Blanc', 'Merlot']",Chile,Central Valley,[]
3935,Chilcas,86.4,14.6,87.0,13.0,7,3,"['Cabernet Sauvignon', 'Sauvignon Blanc', 'Chardonnay']",Chile,Colchagua Valley,[]
3936,Chilcas,86.5,19.0,86.5,19.0,2,2,"['Chardonnay', 'Cinsault']",Chile,Itata Valley,[]
3937,Chilcas,88.5,12.5,88.5,12.5,2,1,['Cabernet Sauvignon'],Chile,Lolol Valley,[]
3938,Chilcas,86.5,17.0,87.0,13.0,41,12,"['Syrah', 'Chardonnay', 'Pinot Noir', 'Merlot', 'Sauvignon Blanc', 'Carmenère', 'Cabernet Sauvignon-Malbec', 'Cabernet Sauvignon', 'Bordeaux-style Red Blend', 'País', 'Cabernet Franc', 'Red Blend']",Chile,Maule Valley,[]
3939,Chilcas,85.5,9.0,85.5,9.0,2,2,"['Carmenère', 'Syrah']",Chile,Rapel Valley,[]
3940,Child's Play,89.0,28.0,89.0,28.0,2,1,['Pinot Noir'],US,Oregon,"['Willamette Valley', 'Willamette Valley']"
3941,Chilensis,84.7,11.0,86.0,12.0,3,1,['Sauvignon Blanc'],Chile,Casablanca Valley,[]
3942,Chilensis,83.3,7.7,83.0,7.0,7,5,"['Merlot', 'Chardonnay', 'Cabernet Sauvignon', 'Carmenère', 'Syrah']",Chile,Central Valley,[]
3943,Chilensis,86.2,11.0,86.0,11.0,4,1,['Cabernet Sauvignon'],Chile,Colchagua Valley,[]
3944,Chilensis,85.3,12.0,85.0,12.0,37,8,"['Chardonnay', 'Malbec', 'Carmenère', 'Pinot Noir', 'Merlot', 'Sauvignon Blanc', 'Syrah', 'Red Blend']",Chile,Maule Valley,[]
3945,Chilensis,85.0,9.0,85.0,9.0,1,1,['Carmenère'],Chile,Rapel Valley,[]
3946,Chillhouse,86.5,19.5,86.5,19.5,2,1,['Zinfandel'],US,California,"['Paso Robles', 'Central Coast']"
3947,Chime,85.2,16.1,85.0,14.0,31,4,"['Pinot Noir', 'Chardonnay', 'Cabernet Sauvignon', 'Red Blend']",US,California,"['North Coast', 'North Coast']"
3948,Chimere,83.0,26.0,83.0,26.0,2,1,['Pinot Noir'],US,California,"['Edna Valley', 'Central Coast']"
3949,Chimney Rock,91.2,81.4,91.0,78.0,56,8,"['Bordeaux-style Red Blend', 'Cabernet Sauvignon', 'Red Blend', 'White Blend', 'Bordeaux-style White Blend', 'Cabernet Blend', 'Cabernet Franc', 'Fumé Blanc']",US,California,"['Stags Leap District', 'Napa']"
3950,China Silk,82.0,7.0,82.0,7.0,1,1,['White Blend'],China,China,[]
3951,Chinook,88.8,17.0,88.5,17.0,4,3,"['Sémillon', 'Cabernet Franc', 'Chardonnay']",US,Washington,"['Yakima Valley', 'Columbia Valley']"
3952,Chiorri,87.0,20.5,87.0,16.0,6,5,"['Merlot', 'Sangiovese', 'Cabernet Sauvignon', 'Rosé', 'Grechetto']",Italy,Central Italy,['Umbria']
3953,Chispas,83.0,8.0,83.0,8.0,1,1,['Garnacha'],Spain,Northern Spain,['Cariñena']
3954,Chloe,85.0,17.0,85.0,17.0,1,1,['Pinot Grigio'],Italy,Veneto,['Valdadige']
3955,Chloe,86.1,16.9,87.0,17.0,8,5,"['Rosé', 'Pinot Noir', 'Red Blend', 'Chardonnay', 'Merlot']",US,California,"['Monterey County', 'Central Coast']"
3956,Chocolate Box,87.5,17.4,87.5,17.0,8,4,"['Cabernet Sauvignon', 'Shiraz', 'Moscato', 'Sauvignon Blanc']",Australia,South Australia,['Barossa Valley']
3957,Chocolate Box,83.0,13.5,83.0,13.5,2,2,"['Chardonnay', 'Rhône-style Red Blend']",US,California,"['California', 'California Other']"
3958,Cholame,89.5,30.0,89.5,30.0,2,2,"['Chardonnay', 'Rhône-style Red Blend']",US,California,"['Santa Barbara County', 'Central Coast']"
3959,Chono,84.0,12.0,84.0,12.0,3,3,"['Pinot Noir', 'Sauvignon Blanc', 'Chardonnay']",Chile,Casablanca Valley,[]
3960,Chono,87.0,13.5,87.0,13.5,2,1,['Red Blend'],Chile,Cauquenes Valley,[]
3961,Chono,86.0,12.3,86.0,12.0,3,2,"['Syrah', 'Carmenère-Syrah']",Chile,Elqui Valley,[]
3962,Chono,83.0,13.0,83.0,13.0,1,1,['Sauvignon Blanc'],Chile,Leyda Valley,[]
3963,Chono,84.0,13.0,84.0,13.0,1,1,['Syrah'],Chile,Limarí Valley,[]
3964,Chono,85.1,15.2,86.0,13.0,8,4,"['Carmenère', 'Cabernet Sauvignon', 'Red Blend', 'Syrah']",Chile,Maipo Valley,[]
3965,Chopo,87.5,19.5,87.5,19.5,2,2,"['Monastrell-Syrah', 'Red Blend']",Spain,Levante,['Jumilla']
3966,Chouinard,84.0,13.0,84.0,13.0,1,1,['Sparkling Blend'],US,California,"['California', 'California Other']"
3967,Chozas Carrascal,83.6,24.0,84.0,22.0,5,4,"['Cabernet Franc', 'Red Blend', 'White Blend', 'Bobal']",Spain,Levante,['Utiel-Requena']
3968,Chrisohoou,88.0,26.0,88.0,26.0,1,1,['Red Blend'],Greece,Imathia,[]
3969,Chrisohoou,88.0,17.5,88.0,17.0,6,1,['Xinomavro'],Greece,Naoussa,[]
3970,Chrisohoou,85.0,25.0,85.0,25.0,1,1,['Red Blend'],Greece,Rapsani,[]
3971,Christian Fischer,87.9,30.1,87.5,29.5,8,5,"['Red Blend', 'Merlot', 'Pinot Noir', 'St. Laurent', 'Zweigelt']",Austria,Thermenregion,[]
3972,Christian Lazo,84.5,23.4,84.0,25.0,13,6,"['Sauvignon Blanc', 'Zinfandel', 'Petite Sirah', 'Cabernet Sauvignon', 'Barbera', 'Cabernet Franc']",US,California,"['Paso Robles', 'Central Coast']"
3973,Christian Leperchois,88.0,22.0,88.0,23.0,4,3,"['G-S-M', 'Rhône-style Red Blend', 'Rosé']",France,Rhône Valley,['Lirac']
3974,Christian Moueix,85.3,10.3,86.0,11.0,3,1,['Bordeaux-style Red Blend'],France,Bordeaux,['Bordeaux']
3975,Christiano Family,85.3,19.3,86.0,20.0,3,3,"['Chardonnay', 'Merlot-Syrah', 'Merlot']",US,New York,"['North Fork of Long Island', 'Long Island']"
3976,Christie's,84.0,26.0,84.0,26.0,1,1,['Port'],Portugal,Port,[]
3977,Christine Andrew,84.7,15.5,84.0,15.0,15,7,"['Cabernet Sauvignon', 'Petite Sirah', 'Malbec', 'Zinfandel', 'Chardonnay', 'Merlot', 'Viognier']",US,California,"['Sierra Foothills', 'Sierra Foothills']"
3978,Christophe Cordier,88.5,33.6,89.0,30.0,11,1,['Chardonnay'],France,Burgundy,['Pouilly-Fuissé']
3979,Christophe Pacalet,85.0,14.0,85.0,14.0,2,1,['Gamay'],France,Beaujolais,['Beaujolais-Villages']
3980,Christophe Pertuzot,84.0,30.0,84.0,30.0,1,1,['Pinot Noir'],France,Burgundy,['Chorey-lès-Beaune']
3981,Christopher Michael,86.0,14.0,86.0,14.0,1,1,['Pinot Noir'],US,Oregon,"['Oregon', 'Oregon Other']"
3982,Chronic Cellars,87.6,23.2,88.5,20.0,26,10,"['Rosé', 'Red Blend', 'Rhône-style White Blend', 'Rhône-style Red Blend', 'Cabernet Sauvignon', 'G-S-M', 'White Blend', 'Sparkling Blend', 'Petite Sirah', 'Zinfandel']",US,California,"['Paso Robles', 'Central Coast']"
3983,Chronicle,91.8,49.8,93.0,54.0,6,2,"['Chardonnay', 'Pinot Noir']",US,California,"['Sonoma Coast', 'Sonoma']"
3984,Chrysalis,83.0,24.0,83.0,24.0,1,1,['Albariño'],US,Virginia,['Virginia']
3985,Chrysorroyiatissa,86.0,14.0,86.0,14.0,2,1,['White Blend'],Cyprus,Cyprus,[]
3986,Chrysorroyiatissa,88.0,14.0,88.0,14.0,1,1,['White Blend'],Cyprus,Pafos,[]
3987,Chumeia,83.6,18.3,84.0,14.0,13,8,"['Barbera', 'Zinfandel', 'Viognier', 'Chardonnay', 'Cabernet Sauvignon', 'Pinot Blanc', 'Pinot Noir', 'Red Blend']",US,California,"['Paso Robles', 'Central Coast']"
3988,Church & State,89.8,29.2,90.0,31.0,4,4,"['Cabernet Franc', 'Syrah', 'Rhône-style White Blend', 'Chardonnay']",Canada,British Columbia,['Okanagan Valley']
3989,Church & State,88.0,15.0,88.0,15.0,1,1,['Red Blend'],US,California,"['California', 'California Other']"
3990,Church Road,90.0,,90.0,,2,2,"['Syrah', 'Cabernet Merlot']",New Zealand,Hawke's Bay,[]
3991,Churchill Cellars,88.4,43.1,88.5,45.0,14,2,"['Pinot Noir', 'Chardonnay']",US,California,"['Russian River Valley', 'Sonoma']"
3992,Churchill's,88.3,31.5,88.0,28.0,15,5,"['Portuguese Red', 'Touriga Nacional', 'Rosé', 'Portuguese White', 'Port']",Portugal,Douro,[]
3993,Churchill's,89.9,55.5,90.0,55.5,15,1,['Port'],Portugal,Port,[]
3994,Churchill's,93.0,82.0,93.0,82.0,1,1,['Port'],Portugal,Portugal,[]
3995,Churton,88.0,29.0,88.0,29.0,1,1,['Pinot Noir'],New Zealand,Marlborough,[]
3996,Château  de Paraza,83.0,9.0,83.0,9.0,1,1,['Red Blend'],France,Languedoc-Roussillon,['Minervois']
3997,Château Abelyce,88.0,45.0,88.0,45.0,1,1,['Merlot'],France,Bordeaux,['Saint-Émilion']
3998,Château Acker-Perreau,85.0,18.0,85.0,18.0,1,1,['Bordeaux-style Red Blend'],France,Bordeaux,['Bordeaux']
3999,Château Ad Francos,87.0,38.0,87.0,38.0,2,1,['Bordeaux-style Red Blend'],France,Bordeaux,['Francs Côtes de Bordeaux']
4000,Château Aiguilhe Querre,88.5,19.0,88.5,19.0,2,1,['Bordeaux-style Red Blend'],France,Bordeaux,['Castillon Côtes de Bordeaux']
4001,Château Alcée,91.0,,91.0,,1,1,['Bordeaux-style Red Blend'],France,Bordeaux,['Castillon Côtes de Bordeaux']
4002,Château Allégret,84.3,15.0,85.0,14.0,3,2,"['Bordeaux-style Red Blend', 'Bordeaux-style White Blend']",France,Bordeaux,['Bordeaux Supérieur']
4003,Château Alta Gaïa,86.3,22.3,86.0,19.0,3,2,"['Bordeaux-style White Blend', 'Bordeaux-style Red Blend']",France,Bordeaux,['Bordeaux Blanc']
4004,Château Altimar,88.7,26.5,89.0,26.5,3,1,['Bordeaux-style Red Blend'],France,Bordeaux,['Pomerol']
4005,Château Ambe Tour Pourret,91.0,36.5,91.0,38.0,4,1,['Bordeaux-style Red Blend'],France,Bordeaux,['Saint-Émilion']
4006,Château Ame de Musset,90.0,,90.0,,1,1,['Bordeaux-style Red Blend'],France,Bordeaux,['Lalande de Pomerol']
4007,Château Amour,87.4,18.5,88.0,18.5,5,1,['Bordeaux-style Red Blend'],France,Bordeaux,['Médoc']
4008,Château Ampélia,88.7,19.3,89.0,20.0,3,1,['Bordeaux-style Red Blend'],France,Bordeaux,['Castillon Côtes de Bordeaux']
4009,Château Andron,85.0,15.0,85.0,15.0,1,1,['Bordeaux-style Red Blend'],France,Bordeaux,['Médoc']
4010,Château Andron Blanquet,90.0,25.0,90.0,25.0,3,1,['Bordeaux-style Red Blend'],France,Bordeaux,['Saint-Estèphe']
4011,Château Andréa,88.0,16.0,88.0,16.0,1,1,['Bordeaux-style Red Blend'],France,Bordeaux,['Graves']
4012,Château Aney,85.0,27.5,85.0,25.0,4,1,['Bordeaux-style Red Blend'],France,Bordeaux,['Haut-Médoc']
4013,Château Aney d'Arnaussan,83.0,,83.0,,1,1,['Bordeaux-style Red Blend'],France,Bordeaux,['Haut-Médoc']
4014,Château Angélus,93.8,180.0,94.0,180.0,13,1,['Bordeaux-style Red Blend'],France,Bordeaux,['Saint-Émilion']
4015,Château Anniche,85.0,15.0,85.0,15.0,2,2,"['Bordeaux-style White Blend', 'Bordeaux-style Red Blend']",France,Bordeaux,['Bordeaux Blanc']
4016,Château Anthonic,90.0,29.7,90.0,30.0,6,1,['Bordeaux-style Red Blend'],France,Bordeaux,['Moulis-en-Médoc']
4017,Château Argadens,88.0,13.0,89.0,13.0,4,2,"['Bordeaux-style White Blend', 'Bordeaux-style Red Blend']",France,Bordeaux,['Bordeaux Blanc']
4018,Château Armandière,87.4,22.8,87.0,22.0,7,1,['Malbec'],France,Southwest France,['Cahors']
4019,Château Arnaucosse,87.5,12.5,87.5,12.5,2,1,['Bordeaux-style Red Blend'],France,Bordeaux,['Bordeaux']
4020,Château Arnaud,88.0,48.5,89.0,49.5,4,1,['Bordeaux-style Red Blend'],France,Bordeaux,['Saint-Estèphe']
4021,Château Arnaud Jouan,87.0,21.0,87.0,21.0,1,1,['Bordeaux-style Red Blend'],France,Bordeaux,['Côtes de Bordeaux']
4022,Château Arnauld,91.0,55.0,91.0,55.0,2,1,['Bordeaux-style Red Blend'],France,Bordeaux,['Haut-Médoc']
4023,Château Arzac,86.0,27.0,86.0,27.0,1,1,['Bordeaux-style Red Blend'],France,Bordeaux,['Graves']
4024,Château Au Grand Paris,83.5,12.0,83.5,12.0,2,2,"['Bordeaux-style White Blend', 'Rosé']",France,Bordeaux,['Bordeaux Blanc']
4025,Château Auguste,88.5,15.0,88.5,15.0,2,1,['Bordeaux-style Red Blend'],France,Bordeaux,['Bordeaux Supérieur']
4026,Château Ausone,95.2,495.0,95.5,495.0,18,1,['Bordeaux-style Red Blend'],France,Bordeaux,['Saint-Émilion']
4027,Château Avernus,91.0,39.0,91.0,39.0,1,1,['Rhône-style Red Blend'],France,Languedoc-Roussillon,['Côtes du Roussillon']
4028,Château Bahans Haut-Brion,91.5,75.0,91.5,75.0,2,1,['Bordeaux-style Red Blend'],France,Bordeaux,['Pessac-Léognan']
4029,Château Balac,89.0,45.0,89.0,45.0,4,1,['Bordeaux-style Red Blend'],France,Bordeaux,['Haut-Médoc']
4030,Château Balestard,88.0,35.0,88.0,35.0,1,1,['Bordeaux-style Red Blend'],France,Bordeaux,['Bordeaux']
4031,Château Balestard la Tonnelle,88.5,,88.5,,4,1,['Bordeaux-style Red Blend'],France,Bordeaux,['Saint-Émilion']
4032,Château Ballan-Larquette,85.5,16.7,86.0,15.0,4,2,"['Bordeaux-style White Blend', 'Bordeaux-style Red Blend']",France,Bordeaux,['Bordeaux Blanc']
4033,Château Baracan,88.7,17.0,88.0,17.0,3,1,['Bordeaux-style Red Blend'],France,Bordeaux,['Cadillac Côtes de Bordeaux']
4034,Château Barateau,89.0,,89.0,,1,1,['Bordeaux-style Red Blend'],France,Bordeaux,['Haut-Médoc']
4035,Château Barbanau,87.8,17.5,88.0,18.0,9,2,"['Rosé', 'Provence red blend']",France,Provence,['Côtes de Provence']
4036,Château Barbebelle,88.0,17.7,88.0,19.0,3,2,"['Rosé', 'Provence red blend']",France,Provence,"[""Coteaux d'Aix-en-Provence""]"
4037,Château Barbeiranne,89.5,18.3,90.0,20.0,4,1,['Rosé'],France,Provence,['Côtes de Provence']
4038,Château Barbeyrolles,86.0,,86.0,,1,1,['Rosé'],France,Provence,['Côtes de Provence']
4039,Château Barbé,88.8,29.6,90.0,22.0,5,2,"['Bordeaux-style White Blend', 'Bordeaux-style Red Blend']",France,Bordeaux,['Blaye Côtes de Bordeaux']
4040,Château Barde Haut,87.7,80.0,88.0,80.0,3,2,"['Bordeaux-style Red Blend', 'Merlot']",France,Bordeaux,['Saint-Émilion']
4041,Château Bardins,87.8,32.0,88.5,32.0,4,2,"['Bordeaux-style Red Blend', 'Bordeaux-style White Blend']",France,Bordeaux,['Pessac-Léognan']
4042,Château Bardoulet,90.0,22.0,90.0,22.0,1,1,['Bordeaux-style Red Blend'],France,Bordeaux,['Saint-Émilion']
4043,Château Baret,89.0,25.0,88.0,25.0,3,2,"['Bordeaux-style Red Blend', 'Bordeaux-style White Blend']",France,Bordeaux,['Pessac-Léognan']
4044,Château Barrail Chevrol,87.0,,87.0,,1,1,['Bordeaux-style Red Blend'],France,Bordeaux,['Fronsac']
4045,Château Barreyre,87.8,22.8,88.0,22.0,5,1,['Bordeaux-style Red Blend'],France,Bordeaux,['Bordeaux Supérieur']
4046,Château Barreyres,87.2,23.0,87.0,24.0,5,1,['Bordeaux-style Red Blend'],France,Bordeaux,['Haut-Médoc']
4047,Château Baston-Brillette,87.5,30.0,87.5,30.0,2,1,['Bordeaux-style Red Blend'],France,Bordeaux,['Moulis-en-Médoc']
4048,Château Bastor Lamontagne,87.3,,87.0,,3,1,['Bordeaux-style White Blend'],France,Bordeaux,['Sauternes']
4049,Château Bastor-Lamontagne,89.7,,89.0,,6,1,['Bordeaux-style White Blend'],France,Bordeaux,['Sauternes']
4050,Château Batailley,91.6,60.4,91.5,57.0,14,1,['Bordeaux-style Red Blend'],France,Bordeaux,['Pauillac']
4051,Château Beau Rivage,83.0,25.0,83.0,25.0,1,1,['Bordeaux-style Red Blend'],France,Bordeaux,['Bordeaux Supérieur']
4052,Château Beau Soleil,88.0,,88.0,,2,1,['Bordeaux-style Red Blend'],France,Bordeaux,['Pomerol']
4053,Château Beau-Site,91.0,41.0,91.0,41.0,2,1,['Bordeaux-style Red Blend'],France,Bordeaux,['Saint-Estèphe']
4054,Château Beau-Séjour Bécot,93.7,62.8,93.5,60.5,12,1,['Bordeaux-style Red Blend'],France,Bordeaux,['Saint-Émilion']
4055,Château Beaubois,87.3,14.7,88.0,15.0,7,4,"['Rosé', 'Rhône-style White Blend', 'Rhône-style Red Blend', 'Syrah-Grenache']",France,Rhône Valley,['Costières de Nîmes']
4056,Château Beauchêne,83.0,13.0,83.0,13.0,1,1,['Rhône-style White Blend'],France,Rhône Valley,['Côtes du Rhône']
4057,Château Beaulieu,88.0,12.0,88.0,12.0,1,1,['Bordeaux-style Red Blend'],France,Bordeaux,['Bordeaux Supérieur']
4058,Château Beaulieu,88.2,15.2,88.0,15.0,5,1,['Rosé'],France,Provence,"[""Coteaux d'Aix-en-Provence""]"
4059,Château Beaulieu Comtes de Tastes,86.0,15.0,86.0,15.0,2,1,['Bordeaux-style Red Blend'],France,Bordeaux,['Bordeaux Supérieur']
4060,Château Beaumont,89.5,23.3,90.0,25.0,11,1,['Bordeaux-style Red Blend'],France,Bordeaux,['Haut-Médoc']
4061,Château Beaumont Les Pierrières,87.0,,87.0,,1,1,['Bordeaux-style Red Blend'],France,Bordeaux,['Blaye Côtes de Bordeaux']
4062,Château Beaumont les Pierrières,88.0,,88.0,,1,1,['Bordeaux-style Red Blend'],France,Bordeaux,['Blaye Côtes de Bordeaux']
4063,Château Beauregard,88.6,43.0,88.5,43.0,8,1,['Bordeaux-style Red Blend'],France,Bordeaux,['Pomerol']
4064,Château Beauregard Lagupeau,87.0,20.0,87.0,20.0,1,1,['Bordeaux-style Red Blend'],France,Bordeaux,['Graves']
4065,Château Beauregard-Ducourt,85.6,13.0,84.0,13.0,5,3,"['Bordeaux-style Red Blend', 'Bordeaux-style White Blend', 'Rosé']",France,Bordeaux,['Bordeaux']
4066,Château Beausejour-Duffau-Lagarrosse,92.2,112.5,92.5,112.5,10,1,['Bordeaux-style Red Blend'],France,Bordeaux,['Saint-Émilion']
4067,Château Beausoleil,83.0,24.0,83.0,24.0,1,1,['Bordeaux-style Red Blend'],France,Bordeaux,['Bordeaux Supérieur']
4068,Château Beauséjour,89.7,38.6,91.0,36.0,7,1,['Bordeaux-style Red Blend'],France,Bordeaux,['Fronsac']
4069,Château Beauséjour,88.0,30.0,88.0,30.0,1,1,['Bordeaux-style Red Blend'],France,Southwest France,['Bergerac Sec']
4070,Château Beauvillage,88.0,28.7,88.0,30.0,3,1,['Bordeaux-style Red Blend'],France,Bordeaux,['Médoc']
4071,Château Bel Air,86.8,19.5,85.5,19.5,4,1,['Bordeaux-style Red Blend'],France,Bordeaux,['Bordeaux Supérieur']
4072,Château Bel Air Moulard,84.0,,84.0,,1,1,['Bordeaux-style Red Blend'],France,Bordeaux,['Bordeaux']
4073,Château Bel Air Perponcher,87.7,15.2,88.0,15.0,6,2,"['Bordeaux-style White Blend', 'Bordeaux-style Red Blend']",France,Bordeaux,['Bordeaux Blanc']
4074,Château Bel Air la Royère,85.5,,85.5,,2,2,"['Bordeaux-style Red Blend', 'Bordeaux-style White Blend']",France,Bordeaux,['Blaye Côtes de Bordeaux']
4075,Château Bel Enclos,86.5,20.5,86.5,20.5,2,1,['Bordeaux-style Red Blend'],France,Bordeaux,['Blaye Côtes de Bordeaux']
4076,Château Bel Orme Martial,86.0,24.0,86.0,24.0,1,1,['Bordeaux-style Red Blend'],France,Bordeaux,['Bordeaux']
4077,Château Bel-Air,89.0,22.3,89.0,20.0,7,1,['Bordeaux-style Red Blend'],France,Bordeaux,['Lussac Saint-Émilion']
4078,Château Bel-Air Ortet,90.0,32.5,90.0,32.5,4,1,['Bordeaux-style Red Blend'],France,Bordeaux,['Saint-Estèphe']
4079,Château Bel-Air Ouÿ,91.0,35.0,91.0,35.0,2,1,['Bordeaux-style Red Blend'],France,Bordeaux,['Saint-Émilion']
4080,Château Bel-Orme Tronquoy de Lalande,89.0,,89.0,,1,1,['Bordeaux-style Red Blend'],France,Bordeaux,['Haut-Médoc']
4081,Château Bela,84.5,15.5,84.5,15.5,2,1,['Riesling'],Slovakia,Muzla,[]
4082,Château Belair,93.2,,93.5,,4,1,['Bordeaux-style Red Blend'],France,Bordeaux,['Saint-Émilion']
4083,Château Belcier,88.0,13.0,88.0,13.0,1,1,['Bordeaux-style Red Blend'],France,Bordeaux,['Bordeaux Supérieur']
4084,Château Belgrave,90.0,46.8,90.0,52.0,11,1,['Bordeaux-style Red Blend'],France,Bordeaux,['Haut-Médoc']
4085,Château Belle Assise Coureau,89.5,36.0,89.5,36.0,2,1,['Bordeaux-style Red Blend'],France,Bordeaux,['Saint-Émilion']
4086,Château Belle Coline,90.0,20.0,90.0,20.0,1,1,['Bordeaux-style Red Blend'],France,Bordeaux,['Blaye Côtes de Bordeaux']
4087,Château Belle Garde,84.0,13.0,84.0,13.0,2,2,"['Bordeaux-style Red Blend', 'Bordeaux-style White Blend']",France,Bordeaux,['Bordeaux Supérieur']
4088,Château Belle Rive,86.0,40.0,86.0,40.0,1,1,['Chenin Blanc'],France,Loire Valley,['Quarts de Chaume']
4089,Château Belle-Garde,83.0,13.0,83.0,13.0,1,1,['Bordeaux-style Red Blend'],France,Bordeaux,['Bordeaux']
4090,Château Belle-Vue,88.9,22.2,88.0,22.0,7,1,['Bordeaux-style Red Blend'],France,Bordeaux,['Haut-Médoc']
4091,Château Bellefont-Belcier,88.0,100.0,88.0,100.0,1,1,['Bordeaux-style Red Blend'],France,Bordeaux,['Saint-Émilion']
4092,Château Bellegrave,88.3,20.0,88.0,20.0,7,1,['Bordeaux-style Red Blend'],France,Bordeaux,['Pauillac']
4093,Château Bellegrave du Poujeau,88.3,48.2,88.5,52.0,6,1,['Bordeaux-style Red Blend'],France,Bordeaux,['Haut-Médoc']
4094,Château Bellerive,89.0,30.0,89.0,30.0,1,1,['Bordeaux-style Red Blend'],France,Bordeaux,['Médoc']
4095,Château Bellerose Figeac,89.0,48.0,89.0,47.0,3,1,['Bordeaux-style Red Blend'],France,Bordeaux,['Saint-Émilion']
4096,Château Bellevue,87.1,18.2,86.5,14.5,14,3,"['Bordeaux-style Red Blend', 'Bordeaux-style White Blend', 'Merlot']",France,Bordeaux,['Castillon Côtes de Bordeaux']
4097,Château Bellevue Canterrane,89.0,32.0,89.0,32.0,1,1,['Bordeaux-style Red Blend'],France,Bordeaux,['Haut-Médoc']
4098,Château Bellevue Favereau,81.0,10.0,81.0,10.0,1,1,['Bordeaux-style Red Blend'],France,Bordeaux,['Bordeaux Supérieur']
4099,Château Bellevue Peycharneau,84.3,16.7,83.0,15.0,3,1,['Bordeaux-style Red Blend'],France,Bordeaux,['Sainte-Foy Bordeaux']
4100,Château Bellevue de Tayac,91.0,32.5,91.0,32.5,2,1,['Bordeaux-style Red Blend'],France,Bordeaux,['Margaux']
4101,Château Bellevue la Forêt,88.0,17.6,87.5,14.0,16,3,"['Red Blend', 'Rosé', 'Negrette']",France,Southwest France,['Fronton']
4102,Château Bellevue la Randée,83.0,13.0,83.0,13.0,1,1,['Bordeaux-style Red Blend'],France,Bordeaux,['Bordeaux']
4103,Château Bellevue-Mondotte,91.0,,91.0,,1,1,['Bordeaux-style Red Blend'],France,Bordeaux,['Saint-Émilion']
4104,Château Belon,85.0,13.5,85.0,13.5,2,2,"['Bordeaux-style Red Blend', 'Bordeaux-style White Blend']",France,Bordeaux,['Graves']
4105,Château Belrose,85.0,13.5,85.0,13.5,2,1,['Bordeaux-style Red Blend'],France,Bordeaux,['Bordeaux']
4106,Château Belvue,87.0,12.0,87.0,12.0,1,1,['Bordeaux-style Red Blend'],France,Bordeaux,['Bordeaux']
4107,Château Benoit,84.0,16.0,84.0,16.0,1,1,['Chardonnay'],US,Oregon,"['Willamette Valley', 'Willamette Valley']"
4108,Château Bergat,87.0,,87.0,,1,1,['Bordeaux-style Red Blend'],France,Bordeaux,['Saint-Émilion']
4109,Château Berliquet,89.3,45.0,90.0,45.0,7,1,['Bordeaux-style Red Blend'],France,Bordeaux,['Saint-Émilion']
4110,Château Bernadotte,89.4,28.0,89.0,28.0,7,1,['Bordeaux-style Red Blend'],France,Bordeaux,['Haut-Médoc']
4111,Château Bernés,83.0,15.0,83.0,15.0,1,1,['Bordeaux-style Red Blend'],France,Bordeaux,['Bordeaux']
4112,Château Berthenon,86.2,25.0,86.5,25.0,8,3,"['Bordeaux-style Red Blend', 'Sauvignon Blanc', 'Bordeaux-style White Blend']",France,Bordeaux,['Blaye Côtes de Bordeaux']
4113,Château Bertineau Saint-Vincent,88.0,,88.0,,4,1,['Bordeaux-style Red Blend'],France,Bordeaux,['Lalande de Pomerol']
4114,Château Bertinerie,87.2,18.3,88.0,18.5,17,3,"['Bordeaux-style Red Blend', 'Sauvignon Blanc', 'Bordeaux-style White Blend']",France,Bordeaux,['Blaye Côtes de Bordeaux']
4115,Château Bessan Ségur,87.5,22.0,87.5,22.0,2,1,['Bordeaux-style Red Blend'],France,Bordeaux,['Médoc']
4116,Château Beychevelle,92.2,56.6,92.5,55.0,20,1,['Bordeaux-style Red Blend'],France,Bordeaux,['Saint-Julien']
4117,Château Beynat,87.3,22.0,87.0,20.0,3,1,['Bordeaux-style Red Blend'],France,Bordeaux,['Castillon Côtes de Bordeaux']
4118,Château Beyzac,84.0,,84.0,,1,1,['Bordeaux-style Red Blend'],France,Bordeaux,['Haut-Médoc']
4119,Château Biac,87.5,46.0,87.5,46.0,2,2,"['Bordeaux-style Red Blend', 'Bordeaux-style White Blend']",France,Bordeaux,['Cadillac Côtes de Bordeaux']
4120,Château Bianca,85.3,14.0,85.5,15.0,32,7,"['Gewürztraminer', 'Pinot Gris', 'Riesling', 'Rosé', 'Pinot Noir', 'Chardonnay', 'Pinot Blanc']",US,Oregon,"['Willamette Valley', 'Willamette Valley']"
4121,Château Bibian,88.6,20.0,88.0,20.0,5,1,['Bordeaux-style Red Blend'],France,Bordeaux,['Haut-Médoc']
4122,Château Billeron Bouquey,87.0,20.0,87.0,20.0,1,1,['Bordeaux-style Red Blend'],France,Bordeaux,['Saint-Émilion']
4123,Château Blaignan,87.2,19.5,87.0,19.5,5,1,['Bordeaux-style Red Blend'],France,Bordeaux,['Médoc']
4124,Château Blanchereau,85.5,18.0,85.5,18.0,2,1,['Bordeaux-style Red Blend'],France,Bordeaux,['Côtes de Bourg']
4125,Château Blouin,85.0,11.0,85.0,11.0,1,1,['Bordeaux-style Red Blend'],France,Bordeaux,['Bordeaux']
4126,Château Bois Cardon,88.5,17.5,88.5,17.5,2,1,['Bordeaux-style Red Blend'],France,Bordeaux,['Médoc']
4127,Château Bois Chantant,89.0,14.0,89.0,14.0,1,1,['Bordeaux-style Red Blend'],France,Bordeaux,['Bordeaux Supérieur']
4128,Château Bois Malot,91.0,13.0,91.0,13.0,1,1,['Bordeaux-style White Blend'],France,Bordeaux,['Bordeaux Blanc']
4129,Château Bois Noir,86.0,,86.0,,1,1,['Bordeaux-style Red Blend'],France,Bordeaux,['Bordeaux Supérieur']
4130,Château Bois Pertuis,86.3,15.0,86.0,15.0,3,1,['Bordeaux-style Red Blend'],France,Bordeaux,['Bordeaux']
4131,Château Bois Redon,86.0,10.0,85.0,10.0,3,1,['Bordeaux-style Red Blend'],France,Bordeaux,['Bordeaux Supérieur']
4132,Château Bois de Favereau,86.0,13.0,86.0,13.0,1,1,['Bordeaux-style Red Blend'],France,Bordeaux,['Bordeaux Supérieur']
4133,Château Bois de Rolland,87.0,28.3,85.5,25.0,4,2,"['Bordeaux-style Red Blend', 'Bordeaux-style White Blend']",France,Bordeaux,['Bordeaux Supérieur']
4134,Château Boisson,88.0,12.0,88.0,12.0,2,2,"['Rosé', 'Bordeaux-style White Blend']",France,Bordeaux,['Bordeaux Rosé']
4135,Château Bolaire,87.0,11.0,87.0,11.0,2,1,['Bordeaux-style Red Blend'],France,Bordeaux,['Bordeaux Supérieur']
4136,Château Bonalgue,90.0,,90.0,,1,1,['Bordeaux-style Red Blend'],France,Bordeaux,['Pomerol']
4137,Château Bonfort,88.0,20.0,88.0,20.0,1,1,['Bordeaux-style Red Blend'],France,Bordeaux,['Montagne-Saint-Émilion']
4138,Château Bonnet,87.0,14.7,87.0,15.0,10,3,"['Bordeaux-style White Blend', 'Bordeaux-style Red Blend', 'Rosé']",France,Bordeaux,['Bordeaux Blanc']
4139,Château Bonnin,83.0,40.0,83.0,40.0,1,1,['Bordeaux-style Red Blend'],France,Bordeaux,['Lussac Saint-Émilion']
4140,Château Borie de Noaillan,86.5,12.0,86.5,12.0,2,1,['Bordeaux-style White Blend'],France,Bordeaux,['Bordeaux Blanc']
4141,Château Boswell,86.0,94.0,86.0,94.0,1,1,['Cabernet Sauvignon'],US,California,"['St. Helena', 'Napa']"
4142,Château Bouissel,88.1,17.9,88.0,18.0,19,4,"['Negrette', 'Rosé', 'Red Blend', 'Syrah']",France,Southwest France,['Fronton']
4143,Château Bourbon,83.0,14.0,83.0,14.0,1,1,['Bordeaux-style Red Blend'],France,Bordeaux,['Cadillac Côtes de Bordeaux']
4144,Château Bourdieu,88.5,13.5,88.5,13.5,2,1,['Bordeaux-style Red Blend'],France,Bordeaux,['Blaye Côtes de Bordeaux']
4145,Château Bourgneuf,89.9,45.0,90.5,45.0,8,1,['Bordeaux-style Red Blend'],France,Bordeaux,['Pomerol']
4146,Château Bourgneuf-Vayron,89.0,,89.0,,1,1,['Bordeaux-style Red Blend'],France,Bordeaux,['Pomerol']
4147,Château Bournac,83.5,25.0,83.5,25.0,2,1,['Bordeaux-style Red Blend'],France,Bordeaux,['Médoc']
4148,Château Bourron,85.0,14.0,85.0,14.0,2,1,['Bordeaux-style Red Blend'],France,Bordeaux,['Castillon Côtes de Bordeaux']
4149,Château Bourseau,89.7,53.3,89.0,60.0,3,1,['Bordeaux-style Red Blend'],France,Bordeaux,['Lalande de Pomerol']
4150,Château Bouscaut,90.3,38.4,91.0,32.0,26,2,"['Bordeaux-style White Blend', 'Bordeaux-style Red Blend']",France,Bordeaux,['Pessac-Léognan']
4151,Château Bousquette,89.0,17.0,89.0,17.0,1,1,['Rhône-style Red Blend'],France,Languedoc-Roussillon,['Saint-Chinian']
4152,Château Boutisse,89.5,27.5,89.5,27.5,2,1,['Bordeaux-style Red Blend'],France,Bordeaux,['Saint-Émilion']
4153,Château Bovila,88.3,14.0,88.5,15.0,6,2,"['Malbec', 'Malbec-Merlot']",France,Southwest France,['Cahors']
4154,Château Boyd-Cantenac,88.0,,88.0,,2,1,['Bordeaux-style Red Blend'],France,Bordeaux,['Margaux']
4155,Château Branaire-Ducru,93.1,62.2,93.5,55.0,18,1,['Bordeaux-style Red Blend'],France,Bordeaux,['Saint-Julien']
4156,Château Branas Grand Poujeaux,91.2,30.0,91.0,30.0,4,1,['Bordeaux-style Red Blend'],France,Bordeaux,['Moulis-en-Médoc']
4157,Château Brande-Bergère,87.0,26.0,87.0,25.0,3,1,['Bordeaux-style Red Blend'],France,Bordeaux,['Bordeaux Supérieur']
4158,Château Brane-Cantenac,91.9,50.8,92.0,40.0,17,1,['Bordeaux-style Red Blend'],France,Bordeaux,['Margaux']
4159,Château Braude Fellonneau,89.0,45.0,89.0,45.0,1,1,['Bordeaux-style Red Blend'],France,Bordeaux,['Haut-Médoc']
4160,Château Brethous,87.1,25.5,88.0,20.0,8,1,['Bordeaux-style Red Blend'],France,Bordeaux,['Cadillac Côtes de Bordeaux']
4161,Château Brillette,90.2,28.0,90.0,28.0,4,1,['Bordeaux-style Red Blend'],France,Bordeaux,['Moulis-en-Médoc']
4162,Château Briot,85.3,12.5,85.0,12.0,12,3,"['Bordeaux-style White Blend', 'Bordeaux-style Red Blend', 'Rosé']",France,Bordeaux,['Bordeaux Blanc']
4163,Château Broustet,89.9,,90.5,,8,1,['Bordeaux-style White Blend'],France,Bordeaux,['Barsac']
4164,Château Brown,90.2,52.0,90.0,52.5,18,3,"['Rosé', 'Bordeaux-style Red Blend', 'Bordeaux-style White Blend']",France,Bordeaux,['Bordeaux Rosé']
4165,Château Brulescaille,88.0,55.0,88.0,55.0,1,1,['Bordeaux-style Red Blend'],France,Bordeaux,['Côtes de Bourg']
4166,Château Bréhat,86.7,23.3,85.0,22.0,3,1,['Bordeaux-style Red Blend'],France,Bordeaux,['Castillon Côtes de Bordeaux']
4167,Château Buisson Reydon,88.0,10.0,88.0,10.0,1,1,['Bordeaux-style Red Blend'],France,Bordeaux,['Bordeaux']
4168,Château Buisson-Redon,85.5,12.0,85.5,13.0,6,2,"['Bordeaux-style White Blend', 'Bordeaux-style Red Blend']",France,Bordeaux,['Bordeaux Blanc']
4169,Château Béard la Chapelle,87.0,25.0,87.0,25.0,2,1,['Bordeaux-style Red Blend'],France,Bordeaux,['Saint-Émilion']
4170,Château Bégadanet,90.0,19.0,90.0,19.0,1,1,['Bordeaux-style Red Blend'],France,Bordeaux,['Médoc']
4171,Château Béhèré Courtin,90.5,82.3,90.5,74.5,6,1,['Bordeaux-style Red Blend'],France,Bordeaux,['Pauillac']
4172,Château Bélair-Monange,94.0,230.0,94.0,192.5,11,1,['Bordeaux-style Red Blend'],France,Bordeaux,['Saint-Émilion']
4173,Château Bélingard,87.5,15.2,88.0,13.0,35,3,"['Rosé', 'Bordeaux-style White Blend', 'Bordeaux-style Red Blend']",France,Southwest France,['Bergerac Rosé']
4174,Château Cabezac,87.5,13.8,87.0,11.0,18,5,"['Carignan', 'Rhône-style Red Blend', 'White Blend', 'Rosé', 'Red Blend']",France,Languedoc-Roussillon,['Vin de Pays du Val de Cesse']
4175,Château Cabredon,84.5,,84.5,,6,1,['Bordeaux-style Red Blend'],France,Bordeaux,['Premieres Côtes de Bordeaux']
4176,Château Cadet-Bon,87.5,84.0,87.5,84.0,2,1,['Bordeaux-style Red Blend'],France,Bordeaux,['Saint-Émilion']
4177,Château Cadet-Piola,92.0,,92.0,,1,1,['Bordeaux-style Red Blend'],France,Bordeaux,['Saint-Émilion']
4178,Château Cadillac,86.5,16.5,86.5,16.5,2,1,['Bordeaux-style Red Blend'],France,Bordeaux,['Bordeaux Supérieur']
4179,Château Cagnas,87.5,13.0,87.5,13.0,2,1,['Bordeaux-style Red Blend'],France,Bordeaux,['Bordeaux']
4180,Château Cahuzac,84.5,13.0,84.5,13.0,2,1,['Red Blend'],France,Southwest France,['Fronton']
4181,Château Cailleteau Bergeron,86.8,21.4,86.0,17.0,5,2,"['Rosé', 'Bordeaux-style Red Blend']",France,Bordeaux,['Bordeaux Rosé']
4182,Château Caillou,90.3,45.0,90.0,45.0,9,1,['Bordeaux-style White Blend'],France,Bordeaux,['Barsac']
4183,Château Cailloux de By,90.0,35.0,90.0,35.0,1,1,['Bordeaux-style Red Blend'],France,Bordeaux,['Médoc']
4184,Château Calissanne,88.0,58.0,88.0,58.0,3,3,"['White Blend', 'Cabernet-Syrah', 'Mourvèdre']",France,Provence,"[""Coteaux d'Aix-en-Provence""]"
4185,Château Calon,91.0,42.5,91.0,42.5,2,1,['Bordeaux-style Red Blend'],France,Bordeaux,['Montagne-Saint-Émilion']
4186,Château Calon Ségur,93.9,68.8,94.5,75.0,10,1,['Bordeaux-style Red Blend'],France,Bordeaux,['Saint-Estèphe']
4187,Château Calvimont,88.3,25.0,88.0,18.0,3,2,"['Bordeaux-style White Blend', 'Bordeaux-style Red Blend']",France,Bordeaux,['Graves']
4188,Château Camarsac,85.0,13.0,85.0,13.0,1,1,['Bordeaux-style Red Blend'],France,Bordeaux,['Bordeaux Supérieur']
4189,Château Cambon la Pelouse,90.3,28.5,91.0,22.5,11,1,['Bordeaux-style Red Blend'],France,Bordeaux,['Margaux']
4190,Château Cambon la Pelousse,89.0,16.0,89.0,16.0,1,1,['Bordeaux-style Red Blend'],France,Bordeaux,['Haut-Médoc']
4191,Château Camelot la Chapelle,90.0,10.0,90.0,10.0,1,1,['Bordeaux-style Red Blend'],France,Bordeaux,['Bordeaux']
4192,Château Camensac,91.0,,90.5,,4,1,['Bordeaux-style Red Blend'],France,Bordeaux,['Haut-Médoc']
4193,Château Camplazens,83.0,17.5,83.0,17.5,2,2,"['Viognier', 'Red Blend']",France,Languedoc-Roussillon,"[""Vin de Pays d'Oc""]"
4194,Château Candale,89.0,40.0,89.0,40.0,1,1,['Bordeaux-style Red Blend'],France,Bordeaux,['Saint-Émilion']
4195,Château Canon,92.7,99.4,92.5,70.0,12,1,['Bordeaux-style Red Blend'],France,Bordeaux,['Saint-Émilion']
4196,Château Canon la Gaffelière,92.9,80.0,93.0,80.0,10,1,['Bordeaux-style Red Blend'],France,Bordeaux,['Saint-Émilion']
4197,Château Cantelaudette,87.0,,87.0,,1,1,['Rosé'],France,Bordeaux,['Bordeaux Rosé']
4198,Château Canteloup,86.0,15.0,86.0,15.0,1,1,['Bordeaux-style Red Blend'],France,Bordeaux,['Blaye Côtes de Bordeaux']
4199,Château Cantelys,90.5,35.0,90.5,35.0,2,1,['Bordeaux-style White Blend'],France,Bordeaux,['Pessac-Léognan']
4200,Château Cantemerle,90.2,40.0,91.0,40.0,8,1,['Bordeaux-style Red Blend'],France,Bordeaux,['Haut-Médoc']
4201,Château Cantenac Brown,92.0,51.3,92.0,43.5,15,1,['Bordeaux-style Red Blend'],France,Bordeaux,['Margaux']
4202,Château Cantin,88.3,45.7,88.0,45.0,3,1,['Bordeaux-style Red Blend'],France,Bordeaux,['Saint-Émilion']
4203,Château Cantinot,88.3,40.9,89.0,35.0,11,1,['Bordeaux-style Red Blend'],France,Bordeaux,['Blaye Côtes de Bordeaux']
4204,Château Cap Léon Veyrin,89.5,29.8,89.5,30.0,4,1,['Bordeaux-style Red Blend'],France,Bordeaux,['Listrac-Médoc']
4205,Château Cap Saint-Martin,89.0,15.5,89.0,15.5,2,1,['Bordeaux-style Red Blend'],France,Bordeaux,['Blaye Côtes de Bordeaux']
4206,Château Cap de Faugères,88.5,20.0,88.5,20.0,2,1,['Bordeaux-style Red Blend'],France,Bordeaux,['Castillon Côtes de Bordeaux']
4207,Château Cap de Mourlin,88.4,75.0,89.0,75.0,5,1,['Bordeaux-style Red Blend'],France,Bordeaux,['Saint-Émilion']
4208,Château Cap l'Ousteau,87.0,22.0,87.0,22.0,1,1,['Bordeaux-style Red Blend'],France,Bordeaux,['Haut-Médoc']
4209,Château Capbern,92.5,20.0,92.5,20.0,2,1,['Bordeaux-style Red Blend'],France,Bordeaux,['Saint-Estèphe']
4210,Château Capbern Gasqueton,91.0,,91.0,,1,1,['Bordeaux-style Red Blend'],France,Bordeaux,['Saint-Estèphe']
4211,Château Capdet,86.5,25.0,86.5,25.0,2,1,['Bordeaux-style Red Blend'],France,Bordeaux,['Listrac-Médoc']
4212,Château Capet-Guillier,91.0,70.0,91.0,70.0,1,1,['Bordeaux-style Red Blend'],France,Bordeaux,['Saint-Émilion']
4213,Château Carbonnieux,91.3,33.8,91.0,31.5,27,2,"['Bordeaux-style Red Blend', 'Bordeaux-style White Blend']",France,Bordeaux,['Pessac-Léognan']
4214,Château Carcanieux,86.2,30.0,86.0,30.0,4,1,['Bordeaux-style Red Blend'],France,Bordeaux,['Médoc']
4215,Château Carignan,86.9,24.8,86.0,24.0,13,4,"['Bordeaux-style Red Blend', 'Merlot', 'Bordeaux-style White Blend', 'Rosé']",France,Bordeaux,['Cadillac Côtes de Bordeaux']
4216,Château Carignan,85.0,15.0,85.0,15.0,1,1,['Rosé'],France,France Other,['Vin de France']
4217,Château Caroline,91.0,29.0,91.0,29.0,1,1,['Bordeaux-style Red Blend'],France,Bordeaux,['Moulis-en-Médoc']
4218,Château Caronne Ste Gemme,87.3,22.3,87.0,25.0,6,1,['Bordeaux-style Red Blend'],France,Bordeaux,['Haut-Médoc']
4219,Château Carpe Diem,87.2,23.2,87.0,23.0,5,2,"['Rosé', 'Provence red blend']",France,Provence,['Côtes de Provence']
4220,Château Castegens,88.0,18.0,88.0,18.0,1,1,['Bordeaux-style Red Blend'],France,Bordeaux,['Castillon Côtes de Bordeaux']
4221,Château Castel des Maures,88.3,13.7,88.0,13.0,3,1,['Rosé'],France,Provence,['Côtes de Provence']
4222,Château Castelbruck,88.0,50.0,88.0,50.0,1,1,['Bordeaux-style Red Blend'],France,Bordeaux,['Margaux']
4223,Château Castenet,87.0,12.0,87.0,12.0,1,1,['Bordeaux-style Red Blend'],France,Bordeaux,['Bordeaux Supérieur']
4224,Château Castera,87.8,22.0,89.0,24.5,6,1,['Bordeaux-style Red Blend'],France,Bordeaux,['Médoc']
4225,Château Cavalier,87.2,18.7,87.5,18.0,4,1,['Rosé'],France,Provence,['Côtes de Provence']
4226,Château Caville,84.0,14.0,84.0,14.0,1,1,['Bordeaux-style Red Blend'],France,Bordeaux,['Bordeaux']
4227,Château Cayla,85.5,15.0,85.5,15.0,2,1,['Bordeaux-style Red Blend'],France,Bordeaux,['Cadillac Côtes de Bordeaux']
4228,Château Cazeau,85.0,,85.0,,1,1,['Rosé'],France,Bordeaux,['Bordeaux Rosé']
4229,Château Certan,92.0,,92.0,,1,1,['Bordeaux-style Red Blend'],France,Bordeaux,['Pomerol']
4230,Château Certan de May de Certan,93.5,120.0,93.0,120.0,8,1,['Bordeaux-style Red Blend'],France,Bordeaux,['Pomerol']
4231,Château Certan-Marzelle,90.7,,91.0,,3,1,['Bordeaux-style Red Blend'],France,Bordeaux,['Pomerol']
4232,Château Chai Neuf,85.0,12.0,85.0,12.0,1,1,['Bordeaux-style Red Blend'],France,Bordeaux,['Bordeaux']
4233,Château Chamaille,88.0,14.0,88.0,14.0,1,1,['Merlot'],France,Bordeaux,['Blaye Côtes de Bordeaux']
4234,Château Champ des Treilles,88.0,15.0,88.0,15.0,1,1,['Bordeaux-style White Blend'],France,Bordeaux,['Sainte-Foy Bordeaux']
4235,Château Champ du Moulin,86.0,10.0,86.0,10.0,1,1,['Bordeaux-style Red Blend'],France,Bordeaux,['Bordeaux']
4236,Château Chantelune,90.0,100.0,90.0,100.0,1,1,['Bordeaux-style Red Blend'],France,Bordeaux,['Margaux']
4237,Château Chantelys,89.5,19.0,89.5,19.0,2,1,['Bordeaux-style Red Blend'],France,Bordeaux,['Médoc']
4238,Château Chantemerle,88.5,18.1,88.5,20.0,12,1,['Bordeaux-style Red Blend'],France,Bordeaux,['Blaye Côtes de Bordeaux']
4239,Château Chapelle d'Aliénor,87.5,15.0,87.5,15.0,2,2,"['Rosé', 'Bordeaux-style White Blend']",France,Bordeaux,['Bordeaux Rosé']
4240,Château Charmail,88.2,19.3,88.5,19.0,4,1,['Bordeaux-style Red Blend'],France,Bordeaux,['Haut-Médoc']
4241,Château Chasse-Spleen,90.9,29.5,91.0,29.5,10,1,['Bordeaux-style Red Blend'],France,Bordeaux,['Moulis-en-Médoc']
4242,Château Chatard,87.2,15.0,87.5,15.0,4,1,['Bordeaux-style Red Blend'],France,Bordeaux,['Cadillac Côtes de Bordeaux']
4243,Château Chaubinet,86.0,14.0,86.0,14.0,2,2,"['Bordeaux-style White Blend', 'Bordeaux-style Red Blend']",France,Bordeaux,['Bordeaux Blanc']
4244,Château Chauvin,90.7,51.7,91.0,50.0,3,1,['Bordeaux-style Red Blend'],France,Bordeaux,['Saint-Émilion']
4245,Château Chavrignac,82.0,12.0,82.0,12.0,1,1,['Bordeaux-style Red Blend'],France,Bordeaux,['Bordeaux']
4246,Château Chemin-Royal,90.0,,90.0,,1,1,['Bordeaux-style Red Blend'],France,Bordeaux,['Listrac-Médoc']
4247,Château Cheval Blanc,93.9,1000.0,95.0,1000.0,18,1,['Bordeaux-style Red Blend'],France,Bordeaux,['Saint-Émilion']
4248,Château Cinc-Hilhs,85.0,16.0,85.0,16.0,1,1,['Bordeaux-style Red Blend'],France,Bordeaux,['Bordeaux']
4249,Château Cissac,89.7,22.0,89.0,22.0,3,1,['Bordeaux-style Red Blend'],France,Bordeaux,['Haut-Médoc']
4250,Château Citran,90.2,35.0,91.0,35.0,11,1,['Bordeaux-style Red Blend'],France,Bordeaux,['Haut-Médoc']
4251,Château Clairac,87.0,17.0,86.0,16.0,3,1,['Bordeaux-style Red Blend'],France,Bordeaux,['Blaye Côtes de Bordeaux']
4252,Château Clarke,89.5,30.0,90.0,30.0,6,1,['Bordeaux-style Red Blend'],France,Bordeaux,['Listrac-Médoc']
4253,Château Clauzet,89.5,50.0,90.0,50.0,6,1,['Bordeaux-style Red Blend'],France,Bordeaux,['Saint-Estèphe']
4254,Château Clerc Milon,92.4,59.0,93.0,60.5,17,1,['Bordeaux-style Red Blend'],France,Bordeaux,['Pauillac']
4255,Château Climens,96.0,114.2,96.0,126.0,7,1,['Bordeaux-style White Blend'],France,Bordeaux,['Barsac']
4256,Château Clinet,91.7,265.0,92.0,265.0,7,1,['Bordeaux-style Red Blend'],France,Bordeaux,['Pomerol']
4257,Château Clos Bourbon,85.0,14.0,84.0,15.0,3,1,['Bordeaux-style Red Blend'],France,Bordeaux,['Cadillac Côtes de Bordeaux']
4258,Château Clos Chaumont,83.0,20.0,83.0,20.0,1,1,['Bordeaux-style Red Blend'],France,Bordeaux,['Cadillac Côtes de Bordeaux']
4259,Château Clos Haut-Peyraguey,92.6,50.7,94.0,45.0,13,1,['Bordeaux-style White Blend'],France,Bordeaux,['Sauternes']
4260,Château Clos Mansio,87.0,20.0,87.0,20.0,1,1,['Bordeaux-style Red Blend'],France,Bordeaux,['Blaye Côtes de Bordeaux']
4261,Château Clos Moulin Pontet,86.0,13.5,86.0,13.5,2,1,['Bordeaux-style Red Blend'],France,Bordeaux,['Bordeaux Supérieur']
4262,Château Clos de Sarpe,87.0,,87.0,,3,1,['Bordeaux-style Red Blend'],France,Bordeaux,['Saint-Émilion']
4263,Château Clos du Moulin,88.0,30.0,88.0,30.0,1,1,['Bordeaux-style Red Blend'],France,Bordeaux,['Médoc']
4264,Château Cluzan,83.0,20.0,83.0,20.0,1,1,['Bordeaux-style Red Blend'],France,Bordeaux,['Bordeaux Supérieur']
4265,Château Clément Saint-Jean,86.5,15.0,86.5,15.0,2,1,['Bordeaux-style Red Blend'],France,Bordeaux,['Médoc']
4266,Château Clément Termes,86.6,20.4,86.0,20.0,5,2,"['Rosé', 'Red Blend']",France,Southwest France,['Gaillac']
4267,Château Clément-Pichon,89.7,27.5,90.0,27.5,6,1,['Bordeaux-style Red Blend'],France,Bordeaux,['Haut-Médoc']
4268,Château Combel la Serre,86.0,18.0,86.0,18.0,2,1,['Malbec'],France,Southwest France,['Cahors']
4269,Château Comte Devaugelas,85.5,9.0,85.5,9.0,2,1,['Rhône-style Red Blend'],France,Languedoc-Roussillon,['Saint-Chinian']
4270,Château Coquillas,88.0,35.0,88.0,35.0,2,1,['Bordeaux-style Red Blend'],France,Bordeaux,['Pessac-Léognan']
4271,Château Corbin,88.0,39.2,88.5,35.0,4,1,['Bordeaux-style Red Blend'],France,Bordeaux,['Saint-Émilion']
4272,Château Corbin Michotte,86.3,29.0,86.0,29.0,3,1,['Bordeaux-style Red Blend'],France,Bordeaux,['Saint-Émilion']
4273,Château Corconnac,90.0,24.0,90.0,24.0,1,1,['Bordeaux-style Red Blend'],France,Bordeaux,['Haut-Médoc']
4274,Château Cordeillan-Bages,90.0,90.0,90.0,90.0,1,1,['Bordeaux-style Red Blend'],France,Bordeaux,['Pauillac']
4275,Château Cormeil-Figeac,89.6,37.8,90.0,39.5,5,1,['Bordeaux-style Red Blend'],France,Bordeaux,['Saint-Émilion']
4276,Château Cos Labory,89.8,37.5,90.0,37.5,13,1,['Bordeaux-style Red Blend'],France,Bordeaux,['Saint-Estèphe']
4277,Château Cos d'Estournel,93.3,128.5,94.0,137.5,25,2,"['Bordeaux-style Red Blend', 'Bordeaux-style White Blend']",France,Bordeaux,['Saint-Estèphe']
4278,Château Cossieu Coutelin,90.0,60.0,90.0,60.0,1,1,['Bordeaux-style Red Blend'],France,Bordeaux,['Saint-Estèphe']
4279,Château Cossieu-Coutelin,87.7,32.7,89.0,33.0,3,1,['Bordeaux-style Red Blend'],France,Bordeaux,['Saint-Estèphe']
4280,Château Coste Peyrouse,88.5,14.0,88.5,14.0,2,1,['Malbec-Merlot'],France,Southwest France,['Cahors']
4281,Château Coudray Montpensier,87.0,16.0,87.0,16.0,7,1,['Cabernet Franc'],France,Loire Valley,['Chinon']
4282,Château Coufran,89.6,30.0,90.0,30.0,8,1,['Bordeaux-style Red Blend'],France,Bordeaux,['Haut-Médoc']
4283,Château Couhins,91.1,20.0,91.0,20.0,10,2,"['Bordeaux-style Red Blend', 'Bordeaux-style White Blend']",France,Bordeaux,['Pessac-Léognan']
4284,Château Couhins-Lurton,90.8,48.7,91.0,51.0,13,3,"['Sauvignon Blanc', 'Bordeaux-style Red Blend', 'Bordeaux-style White Blend']",France,Bordeaux,['Pessac-Léognan']
4285,Château Coussieu-Coutelin,89.0,43.0,89.0,43.0,1,1,['Bordeaux-style Red Blend'],France,Bordeaux,['Saint-Estèphe']
4286,Château Coussin,84.0,13.0,84.0,13.0,1,1,['Rosé'],France,France Other,['Mediterranée']
4287,Château Coussin,88.7,25.8,88.0,20.0,14,1,['Rosé'],France,Provence,['Côtes de Provence Sainte-Victoire']
4288,Château Coustaut la Grangeotte,86.0,10.0,86.0,10.0,1,1,['Bordeaux-style White Blend'],France,Bordeaux,['Bordeaux Blanc']
4289,Château Coustolle,89.0,35.0,89.0,35.0,1,1,['Bordeaux-style Red Blend'],France,Bordeaux,['Canon-Fronsac']
4290,Château Coutelin Merville,87.0,,87.0,,1,1,['Bordeaux-style Red Blend'],France,Bordeaux,['Saint-Estèphe']
4291,Château Coutet,92.0,46.1,92.0,40.0,18,2,"['Bordeaux-style White Blend', 'Bordeaux-style Red Blend']",France,Bordeaux,['Barsac']
4292,Château Coutinel,87.4,17.8,87.0,16.0,16,6,"['Gamay', 'Negrette', 'Red Blend', 'Rosé', 'Braucol', 'Malbec']",France,Southwest France,[]
4293,Château Croix Mouton,86.0,21.5,86.0,21.5,2,1,['Bordeaux-style Red Blend'],France,Bordeaux,['Bordeaux Supérieur']
4294,Château Croix de Gentis,83.0,9.0,83.0,9.0,1,1,['Bordeaux-style Red Blend'],France,Bordeaux,['Bordeaux Supérieur']
4295,Château Croix de Mission,88.0,18.0,88.0,18.0,3,1,['Bordeaux-style Red Blend'],France,Bordeaux,['Montagne-Saint-Émilion']
4296,Château Croizet-Bages,89.8,,90.0,,12,1,['Bordeaux-style Red Blend'],France,Bordeaux,['Pauillac']
4297,Château Cru Godard,87.5,25.0,87.5,25.0,2,2,"['Bordeaux-style White Blend', 'Bordeaux-style Red Blend']",France,Bordeaux,['Francs Côtes de Bordeaux']
4298,Château Cru de Verdun,85.0,22.0,85.0,22.0,1,1,['Bordeaux-style Red Blend'],France,Bordeaux,['Médoc']
4299,Château Crusquet Sabourin,85.5,17.5,85.5,17.5,2,1,['Bordeaux-style Red Blend'],France,Bordeaux,['Blaye Côtes de Bordeaux']
4300,Château Crusquet de Lagarcie,87.7,28.3,87.0,30.0,3,1,['Bordeaux-style Red Blend'],France,Bordeaux,['Blaye Côtes de Bordeaux']
4301,Château Cruzeau,89.5,28.5,89.5,28.5,2,1,['Bordeaux-style Red Blend'],France,Bordeaux,['Saint-Émilion']
4302,Château Cône-Taillasson Sabourin,91.0,15.0,91.0,15.0,1,1,['Bordeaux-style Red Blend'],France,Bordeaux,['Blaye Côtes de Bordeaux']
4303,Château Côte Montpezat,87.3,28.1,88.0,25.0,7,3,"['Bordeaux-style Red Blend', 'Rosé', 'Bordeaux-style White Blend']",France,Bordeaux,['Castillon Côtes de Bordeaux']
4304,Château Damase,83.0,17.0,83.0,17.0,1,1,['Bordeaux-style Red Blend'],France,Bordeaux,['Bordeaux Supérieur']
4305,Château Dame Jane,84.0,14.0,84.0,14.0,2,2,"['Bordeaux-style White Blend', 'Bordeaux-style Red Blend']",France,Bordeaux,['Bordeaux Blanc']
4306,Château Darzac,87.2,17.3,88.5,20.0,4,1,['Bordeaux-style Red Blend'],France,Bordeaux,['Bordeaux Supérieur']
4307,Château Dassault,89.9,34.7,90.0,32.0,9,1,['Bordeaux-style Red Blend'],France,Bordeaux,['Saint-Émilion']
4308,Château Dasvin-Bel-Air,87.5,20.0,87.5,20.0,2,1,['Bordeaux-style Red Blend'],France,Bordeaux,['Haut-Médoc']
4309,Château Daugay,91.5,,91.5,,2,1,['Bordeaux-style Red Blend'],France,Bordeaux,['Saint-Émilion']
4310,Château Dauphiné Rondillon,89.7,43.0,90.0,42.0,3,1,['Bordeaux-style White Blend'],France,Bordeaux,[]
4311,Château Deffends,86.8,14.5,86.0,15.0,4,3,"['Rosé', 'Provence white blend', 'Red Blend']",France,Provence,['Côtes de Provence']
4312,Château Denisiane,84.0,16.0,84.0,16.0,1,1,['Bordeaux-style Red Blend'],France,Bordeaux,['Bordeaux']
4313,Château Desmirail,89.0,,89.0,,2,1,['Bordeaux-style Red Blend'],France,Bordeaux,['Margaux']
4314,Château Destieux,94.0,60.0,94.0,60.0,1,1,['Bordeaux-style Red Blend'],France,Bordeaux,['Saint-Émilion']
4315,Château Devise d'Ardilley,90.7,20.0,91.0,23.0,3,1,['Bordeaux-style Red Blend'],France,Bordeaux,['Haut-Médoc']
4316,Château Deyrem Valentin,89.0,55.0,89.0,55.0,7,1,['Bordeaux-style Red Blend'],France,Bordeaux,['Margaux']
4317,Château Dillon,88.0,,88.0,,1,1,['Bordeaux-style Red Blend'],France,Bordeaux,['Haut-Médoc']
4318,Château Dina,82.0,14.0,82.0,14.0,1,1,['Bordeaux-style Red Blend'],France,Bordeaux,['Castillon Côtes de Bordeaux']
4319,Château Doisy-Daëne,92.1,42.0,92.0,42.0,15,1,['Bordeaux-style White Blend'],France,Bordeaux,['Barsac']
4320,Château Doisy-Védrines,92.2,45.0,92.0,45.0,13,1,['Bordeaux-style White Blend'],France,Bordeaux,['Sauternes']
4321,Château Doms,87.3,21.3,88.0,20.0,3,1,['Bordeaux-style Red Blend'],France,Bordeaux,['Graves']
4322,Château Donjon de Bruignac,86.5,19.2,86.0,19.0,4,2,"['Merlot', 'Bordeaux-style Red Blend']",France,Bordeaux,['Bordeaux Supérieur']
4323,Château Doyac,88.5,35.0,88.5,35.0,2,1,['Bordeaux-style Red Blend'],France,Bordeaux,['Haut-Médoc']
4324,Château Dubraud,86.0,15.2,87.0,14.5,5,2,"['Bordeaux-style Red Blend', 'Bordeaux-style White Blend']",France,Bordeaux,['Blaye Côtes de Bordeaux']
4325,Château Duc d'Arnauton,85.0,19.0,85.0,19.0,1,1,['Bordeaux-style White Blend'],France,Bordeaux,['Graves']
4326,Château Ducasse,87.2,16.4,87.0,16.0,5,2,"['Bordeaux-style Red Blend', 'Bordeaux-style White Blend']",France,Bordeaux,['Graves']
4327,Château Ducla,86.2,14.0,85.5,13.5,6,2,"['Bordeaux-style Red Blend', 'Bordeaux-style White Blend']",France,Bordeaux,['Bordeaux Supérieur']
4328,Château Ducluzeau,88.7,25.0,89.0,25.0,3,1,['Bordeaux-style Red Blend'],France,Bordeaux,['Listrac-Médoc']
4329,Château Ducros,88.0,18.0,88.0,18.0,1,1,['Bordeaux-style Red Blend'],France,Bordeaux,['Cadillac Côtes de Bordeaux']
4330,Château Ducru Beaucaillou,93.8,107.0,94.0,115.0,17,1,['Bordeaux-style Red Blend'],France,Bordeaux,['Saint-Julien']
4331,Château Duhart Milon,92.0,,92.0,,1,1,['Bordeaux-style Red Blend'],France,Bordeaux,['Pauillac']
4332,Château Duhart-Milon,91.5,72.5,92.0,72.5,13,1,['Bordeaux-style Red Blend'],France,Bordeaux,['Pauillac']
4333,Château Dupeyrat Plouget,88.0,,88.0,,1,1,['Bordeaux-style Red Blend'],France,Bordeaux,['Côtes de Bourg']
4334,Château Duplessis,90.3,25.0,91.0,25.0,3,1,['Bordeaux-style Red Blend'],France,Bordeaux,['Moulis-en-Médoc']
4335,Château Durfort-Vivens,90.9,36.0,91.0,39.0,17,1,['Bordeaux-style Red Blend'],France,Bordeaux,['Margaux']
4336,Château Duthil,90.5,35.0,90.5,35.0,2,1,['Bordeaux-style Red Blend'],France,Bordeaux,['Haut-Médoc']
4337,Château Dutruch Grand Poujeaux,90.1,33.0,90.0,35.0,12,1,['Bordeaux-style Red Blend'],France,Bordeaux,['Moulis-en-Médoc']
4338,Château Edmus,91.5,,91.5,,2,1,['Bordeaux-style Red Blend'],France,Bordeaux,['Saint-Émilion']
4339,Château Escot,88.0,31.0,88.0,31.0,2,1,['Bordeaux-style Red Blend'],France,Bordeaux,['Médoc']
4340,Château Espérance,90.0,45.0,90.0,45.0,1,1,['Bordeaux-style White Blend'],France,Bordeaux,['Blaye Côtes de Bordeaux']
4341,Château Eugénie,90.9,28.9,92.0,22.0,26,3,"['Malbec', 'Malbec-Merlot', 'Malbec-Tannat']",France,Southwest France,['Cahors']
4342,Château Faizeau,88.0,31.5,88.5,32.5,4,1,['Bordeaux-style Red Blend'],France,Bordeaux,['Montagne-Saint-Émilion']
4343,Château Famaey,88.4,17.5,89.0,16.0,11,2,"['Malbec', 'Rosé']",France,Southwest France,['Cahors']
4344,Château Fantou,86.0,20.0,86.0,20.0,1,1,['Malbec-Merlot'],France,Southwest France,['Cahors']
4345,Château Faugères,91.2,37.5,91.0,37.5,11,2,"['Bordeaux-style Red Blend', 'Bordeaux-style White Blend']",France,Bordeaux,['Saint-Émilion']
4346,Château Favray,90.7,20.5,91.0,20.5,3,1,['Sauvignon Blanc'],France,Loire Valley,['Pouilly-Fumé']
4347,Château Fayat,92.0,65.0,92.0,65.0,1,1,['Merlot'],France,Bordeaux,['Pomerol']
4348,Château Fayau,87.2,28.0,87.5,22.0,4,2,"['Bordeaux-style White Blend', 'Bordeaux-style Red Blend']",France,Bordeaux,['Bordeaux Blanc']
4349,Château Feret Lambert,87.5,22.5,87.0,20.0,4,1,['Bordeaux-style Red Blend'],France,Bordeaux,['Bordeaux Supérieur']
4350,Château Ferran,87.0,26.7,87.0,25.0,4,2,"['Bordeaux-style White Blend', 'Bordeaux-style Red Blend']",France,Bordeaux,['Pessac-Léognan']
4351,Château Ferrande,90.0,22.0,91.0,22.0,14,2,"['Bordeaux-style White Blend', 'Bordeaux-style Red Blend']",France,Bordeaux,['Graves']
4352,Château Ferrière,90.9,34.0,91.0,32.0,14,1,['Bordeaux-style Red Blend'],France,Bordeaux,['Margaux']
4353,Château Ferry Lacombe,88.0,13.0,88.0,13.0,1,1,['Rosé'],France,France Other,['Mediterranée']
4354,Château Ferry Lacombe,87.8,16.4,89.0,17.0,5,1,['Rosé'],France,Provence,['Côtes de Provence']
4355,Château Feytit-Clinet,88.5,,88.5,,2,1,['Bordeaux-style Red Blend'],France,Bordeaux,['Pomerol']
4356,Château Figeac,93.5,147.5,93.0,110.0,14,1,['Bordeaux-style Red Blend'],France,Bordeaux,['Saint-Émilion']
4357,Château Filhot,91.1,31.5,92.0,31.5,13,1,['Bordeaux-style White Blend'],France,Bordeaux,['Sauternes']
4358,Château Flaugergues,83.0,12.0,83.0,12.0,1,1,['Rosé'],France,Languedoc-Roussillon,['Coteaux du Languedoc']
4359,Château Fleur Cardinale,90.0,50.0,90.0,50.0,2,1,['Bordeaux-style Red Blend'],France,Bordeaux,['Saint-Émilion']
4360,Château Fleur Haut Gaussens,87.8,19.5,89.0,16.0,4,2,"['Bordeaux-style Red Blend', 'Malbec']",France,Bordeaux,['Bordeaux Supérieur']
4361,Château Fleur de Charme,85.0,14.0,85.0,14.0,1,1,['Bordeaux-style Red Blend'],France,Bordeaux,['Bordeaux Supérieur']
4362,Château Fleur de Plaisance,86.2,17.3,86.5,17.0,4,1,['Bordeaux-style Red Blend'],France,Bordeaux,['Côtes de Bourg']
4363,Château Fleur du Roc,89.0,20.0,89.0,20.0,1,1,['Bordeaux-style Red Blend'],France,Bordeaux,['Saint-Émilion']
4364,Château Fleur la Forge,85.5,21.5,85.5,21.5,2,1,['Bordeaux-style Red Blend'],France,Bordeaux,['Bordeaux']
4365,Château Fleur la Mothe,84.2,19.5,84.5,19.5,4,1,['Bordeaux-style Red Blend'],France,Bordeaux,['Médoc']
4366,Château Floreal Laguens,86.5,20.0,86.5,20.0,2,1,['Bordeaux-style Red Blend'],France,Bordeaux,['Bordeaux Supérieur']
4367,Château Flotis,88.2,20.2,88.5,21.0,4,2,"['Red Blend', 'Negrette']",France,Southwest France,['Fronton']
4368,Château Fombrauge,89.8,69.0,90.0,33.0,14,2,"['Bordeaux-style Red Blend', 'Bordeaux-style White Blend']",France,Bordeaux,['Saint-Émilion']
4369,Château Fonbadet,92.1,54.0,92.5,54.0,8,1,['Bordeaux-style Red Blend'],France,Bordeaux,['Pauillac']
4370,Château Fonbel,87.0,,87.0,,2,1,['Bordeaux-style Red Blend'],France,Bordeaux,['Saint-Émilion']
4371,Château Fonchereau,82.0,20.0,82.0,20.0,1,1,['Sémillon'],France,Bordeaux,['Bordeaux Blanc']
4372,Château Fondarzac,84.0,,84.0,,1,1,['Bordeaux-style Red Blend'],France,Bordeaux,['Bordeaux Supérieur']
4373,Château Fonfroide,85.9,12.8,85.0,13.0,9,3,"['Rosé', 'Bordeaux-style White Blend', 'Bordeaux-style Red Blend']",France,Bordeaux,['Bordeaux Rosé']
4374,Château Fongaban,88.8,18.3,89.0,17.0,4,1,['Bordeaux-style Red Blend'],France,Bordeaux,['Castillon Côtes de Bordeaux']
4375,Château Fongalan,88.5,14.5,88.5,14.5,2,1,['Bordeaux-style Red Blend'],France,Bordeaux,['Côtes de Bourg']
4376,Château Fongrave,85.0,22.0,85.0,22.0,1,1,['Bordeaux-style Red Blend'],France,Bordeaux,['Bordeaux']
4377,Château Fonguillon,90.0,,90.0,,1,1,['Bordeaux-style Red Blend'],France,Bordeaux,['Montagne-Saint-Émilion']
4378,Château Fonpiqueyre,84.0,18.0,84.0,18.0,1,1,['Bordeaux-style Red Blend'],France,Bordeaux,['Haut-Médoc']
4379,Château Fonplégade,89.5,65.6,91.0,79.0,11,1,['Bordeaux-style Red Blend'],France,Bordeaux,['Saint-Émilion']
4380,Château Fonroque,90.8,,91.0,,4,1,['Bordeaux-style Red Blend'],France,Bordeaux,['Saint-Émilion']
4381,Château Fonréaud,89.1,23.9,89.0,23.0,22,3,"['Bordeaux-style Red Blend', 'Bordeaux-style White Blend', 'Red Blend']",France,Bordeaux,['Listrac-Médoc']
4382,Château Fonsèche,85.3,15.7,85.0,16.0,3,1,['Bordeaux-style Red Blend'],France,Bordeaux,['Haut-Médoc']
4383,Château Fontaine,88.0,,88.0,,1,1,['Rosé'],France,Provence,['Côtes de Provence']
4384,Château Fontana,88.0,14.0,88.0,14.0,1,1,['Bordeaux-style Red Blend'],France,Bordeaux,['Bordeaux']
4385,Château Fontenelle,88.0,10.0,88.0,10.0,1,1,['Bordeaux-style Red Blend'],France,Bordeaux,['Blaye Côtes de Bordeaux']
4386,Château Fontenil,90.3,60.0,90.5,60.0,6,1,['Bordeaux-style Red Blend'],France,Bordeaux,['Fronsac']
4387,Château Fontesteau,87.3,25.0,86.0,25.0,3,1,['Bordeaux-style Red Blend'],France,Bordeaux,['Haut-Médoc']
4388,Château Fontis,87.0,,87.5,,4,1,['Bordeaux-style Red Blend'],France,Bordeaux,['Médoc']
4389,Château Fortin Plaisance,86.0,22.0,86.0,22.0,1,1,['Bordeaux-style Red Blend'],France,Bordeaux,['Saint-Émilion']
4390,Château Fougas,88.0,20.0,88.0,20.0,2,1,['Bordeaux-style Red Blend'],France,Bordeaux,['Côtes de Bourg']
4391,Château Fourcas Dupré,88.8,29.3,89.0,29.0,16,2,"['Bordeaux-style Red Blend', 'Bordeaux-style White Blend']",France,Bordeaux,['Listrac-Médoc']
4392,Château Fourcas Hosten,88.1,23.0,88.0,22.0,9,1,['Bordeaux-style Red Blend'],France,Bordeaux,['Listrac-Médoc']
4393,Château Fourcas-Borie,88.5,,88.0,,4,1,['Bordeaux-style Red Blend'],France,Bordeaux,['Listrac-Médoc']
4394,Château Fourchou,87.0,12.0,87.0,12.0,1,1,['Bordeaux-style Red Blend'],France,Bordeaux,['Bordeaux Supérieur']
4395,Château Franc Cardinal,91.0,16.0,91.0,16.0,1,1,['Bordeaux-style Red Blend'],France,Bordeaux,['Francs Côtes de Bordeaux']
4396,Château Franc Couplet,85.0,12.0,85.0,12.0,1,1,['Bordeaux-style Red Blend'],France,Bordeaux,['Bordeaux']
4397,Château Franc Grace Dieu,89.0,29.0,89.0,29.0,2,1,['Bordeaux-style Red Blend'],France,Bordeaux,['Saint-Émilion']
4398,Château Franc Mayne,89.4,,89.0,,8,1,['Bordeaux-style Red Blend'],France,Bordeaux,['Saint-Émilion']
4399,Château Franc Pipeau,89.3,35.0,90.0,35.0,3,1,['Bordeaux-style Red Blend'],France,Bordeaux,['Saint-Émilion']
4400,Château Franc le Maine,86.0,70.0,86.0,70.0,1,1,['Bordeaux-style Red Blend'],France,Bordeaux,['Saint-Émilion']
4401,Château Franc-Cardinal,87.6,19.0,88.0,19.0,5,1,['Bordeaux-style Red Blend'],France,Bordeaux,['Côtes de Bordeaux Francs']
4402,Château Franc-Pérat,87.5,13.0,87.5,13.0,2,2,"['Bordeaux-style White Blend', 'Bordeaux-style Red Blend']",France,Bordeaux,['Bordeaux Blanc']
4403,Château Frank,86.7,25.5,87.0,25.0,15,4,"['Champagne Blend', 'Riesling', 'Chardonnay', 'Sparkling Blend']",US,New York,"['Finger Lakes', 'Finger Lakes']"
4404,Château Fredignac,90.0,27.0,90.0,27.0,1,1,['Bordeaux-style Red Blend'],France,Bordeaux,['Blaye Côtes de Bordeaux']
4405,Château Frédignac,89.0,17.0,89.0,17.0,1,1,['Gamay'],France,Beaujolais,['Moulin-à-Vent']
4406,Château Frédignac,86.4,35.0,86.5,37.5,8,1,['Bordeaux-style Red Blend'],France,Bordeaux,['Blaye Côtes de Bordeaux']
4407,Château Fuissé,93.2,,93.5,,4,1,['Chardonnay'],France,Burgundy,['Pouilly-Fuissé']
4408,Château Gabaron,84.0,,84.0,,1,1,['Bordeaux-style Red Blend'],France,Bordeaux,['Bordeaux']
4409,Château Gaby,89.5,49.0,89.5,49.0,2,1,['Bordeaux-style Red Blend'],France,Bordeaux,['Canon-Fronsac']
4410,Château Gaillard,87.7,19.3,87.0,20.0,3,1,['Gamay'],France,Beaujolais,['Beaujolais-Villages']
4411,Château Gaillard,86.0,15.2,86.0,13.5,4,4,"['Chenin Blanc-Chardonnay', 'Red Blend', 'Sparkling Blend', 'Sauvignon Blanc']",France,Loire Valley,['Touraine Mesland']
4412,Château Gairoird,86.0,16.0,86.0,16.0,1,1,['Rosé'],France,Provence,['Côtes de Provence']
4413,Château Galès,87.5,17.5,87.5,17.5,2,2,"['Bordeaux-style White Blend', 'Bordeaux-style Red Blend']",France,Bordeaux,['Graves']
4414,Château Gamage,85.0,22.0,85.0,22.0,2,1,['Bordeaux-style Red Blend'],France,Bordeaux,['Bordeaux Supérieur']
4415,Château Gandoy Perrinat,83.5,,83.5,,2,2,"['Bordeaux-style White Blend', 'Rosé']",France,Bordeaux,['Bordeaux Blanc']
4416,Château Gantonnet,85.0,14.0,85.0,14.0,1,1,['Bordeaux-style White Blend'],France,Bordeaux,['Bordeaux Blanc']
4417,Château Gardut Haut Cluzeau,87.5,21.5,87.5,21.5,2,2,"['Bordeaux-style White Blend', 'Bordeaux-style Red Blend']",France,Bordeaux,['Blaye Côtes de Bordeaux']
4418,Château Garreau,86.7,27.5,86.0,27.5,3,1,['Bordeaux-style Red Blend'],France,Bordeaux,['Côtes de Bourg']
4419,Château Garrineau,84.5,11.5,84.5,11.5,2,1,['Bordeaux-style Red Blend'],France,Bordeaux,['Bordeaux']
4420,Château Gassier,89.3,23.9,91.0,21.5,13,1,['Rosé'],France,Provence,['Côtes de Provence Sainte-Victoire']
4421,Château Gaudin,91.3,42.7,91.0,49.0,3,1,['Bordeaux-style Red Blend'],France,Bordeaux,['Pauillac']
4422,Château Gaudrelle,84.0,13.0,84.0,13.0,1,1,['Chenin Blanc'],France,France Other,['Vin de France']
4423,Château Gaudrelle,89.1,23.0,88.0,19.0,9,2,"['Chenin Blanc', 'Chenin Blanc-Chardonnay']",France,Loire Valley,['Vouvray']
4424,Château Gauthier,89.6,24.8,90.0,22.0,5,1,['Bordeaux-style Red Blend'],France,Bordeaux,['Blaye Côtes de Bordeaux']
4425,Château Gautoul,90.0,,90.0,,1,1,['Malbec'],France,Southwest France,['Cahors']
4426,Château Gazin,90.1,95.0,90.0,95.0,7,1,['Bordeaux-style Red Blend'],France,Bordeaux,['Pomerol']
4427,Château Gazin Rocquencourt,88.0,,88.0,,3,2,"['Bordeaux-style Red Blend', 'Bordeaux-style White Blend']",France,Bordeaux,['Pessac-Léognan']
4428,Château Genlaire,88.0,14.0,88.0,14.0,1,1,['Bordeaux-style Red Blend'],France,Bordeaux,['Bordeaux Supérieur']
4429,Château German,87.0,22.5,87.0,22.5,2,1,['Bordeaux-style Red Blend'],France,Bordeaux,['Castillon Côtes de Bordeaux']
4430,Château Gigault,86.5,20.2,86.5,19.0,4,1,['Bordeaux-style Red Blend'],France,Bordeaux,['Blaye Côtes de Bordeaux']
4431,Château Gigognan,87.0,29.7,85.0,17.0,3,3,"['Rhône-style Red Blend', 'Rosé', 'Grenache-Syrah']",France,Rhône Valley,['Côtes du Rhône']
4432,Château Giscours,93.3,56.4,94.0,50.0,19,1,['Bordeaux-style Red Blend'],France,Bordeaux,['Margaux']
4433,Château Gloria,91.0,38.5,90.0,38.5,7,1,['Bordeaux-style Red Blend'],France,Bordeaux,['Saint-Julien']
4434,Château Glorit,89.0,30.0,89.0,35.0,3,1,['Bordeaux-style Red Blend'],France,Bordeaux,['Blaye Côtes de Bordeaux']
4435,Château Godard,84.0,,84.0,,1,1,['Bordeaux-style Red Blend'],France,Bordeaux,['Francs Côtes de Bordeaux']
4436,Château Godard Bellevue,87.7,18.7,88.0,19.0,3,1,['Bordeaux-style Red Blend'],France,Bordeaux,['Francs Côtes de Bordeaux']
4437,Château Goubau,91.0,55.0,91.0,55.0,1,1,['Bordeaux-style Red Blend'],France,Bordeaux,['Castillon Côtes de Bordeaux']
4438,Château Goudichaud,85.0,15.5,85.0,15.5,2,1,['Rosé'],France,Bordeaux,['Bordeaux Rosé']
4439,Château Goumin,87.0,16.0,87.0,16.0,1,1,['Bordeaux-style White Blend'],France,Bordeaux,['Bordeaux Blanc']
4440,Château Gramond,90.0,30.0,90.0,30.0,1,1,['Bordeaux-style Red Blend'],France,Bordeaux,['Haut-Médoc']
4441,Château Grand Barrail Lamarzelle Figeac,90.2,38.5,90.0,38.5,5,1,['Bordeaux-style Red Blend'],France,Bordeaux,['Saint-Émilion']
4442,Château Grand Bertin de Saint Clair,89.0,50.0,89.0,50.0,2,1,['Bordeaux-style Red Blend'],France,Bordeaux,['Médoc']
4443,Château Grand Billard,87.0,18.0,87.0,18.0,2,1,['Bordeaux-style Red Blend'],France,Bordeaux,['Bordeaux']
4444,Château Grand Bireau,86.0,30.0,86.0,30.0,1,1,['Bordeaux-style Red Blend'],France,Bordeaux,['Bordeaux']
4445,Château Grand Boise,91.2,29.1,91.0,29.0,13,3,"['Rosé', 'Provence red blend', 'Provence white blend']",France,Provence,['Côtes de Provence']
4446,Château Grand Bourgeau,85.5,20.2,85.0,18.0,6,2,"['Bordeaux-style Red Blend', 'Sauvignon Blanc']",France,Bordeaux,['Blaye Côtes de Bordeaux']
4447,Château Grand Corbin,89.0,35.0,89.0,35.0,3,1,['Bordeaux-style Red Blend'],France,Bordeaux,['Saint-Émilion']
4448,Château Grand Corbin Manuel,89.0,,89.0,,1,1,['Bordeaux-style Red Blend'],France,Bordeaux,['Saint-Émilion']
4449,Château Grand Corbin-Despagne,91.0,,91.0,,7,1,['Bordeaux-style Red Blend'],France,Bordeaux,['Saint-Émilion']
4450,Château Grand Destieu,88.3,34.0,89.0,34.0,3,1,['Bordeaux-style Red Blend'],France,Bordeaux,['Saint-Émilion']
4451,Château Grand Jean,85.4,14.4,85.0,13.0,19,2,"['Bordeaux-style White Blend', 'Bordeaux-style Red Blend']",France,Bordeaux,['Bordeaux Blanc']
4452,Château Grand Marchand,87.0,12.5,87.0,12.5,2,1,['Bordeaux-style Red Blend'],France,Bordeaux,['Bordeaux']
4453,Château Grand Maréchaud,84.0,23.0,84.0,23.0,1,1,['Bordeaux-style Red Blend'],France,Bordeaux,['Blaye Côtes de Bordeaux']
4454,Château Grand Mayne,91.8,46.3,92.0,50.0,9,1,['Bordeaux-style Red Blend'],France,Bordeaux,['Saint-Émilion']
4455,Château Grand Meynau,85.0,11.0,85.0,11.0,1,1,['Cabernet Sauvignon-Merlot'],France,Bordeaux,['Bordeaux']
4456,Château Grand Moulin,88.7,16.5,89.0,16.5,3,1,['Bordeaux-style Red Blend'],France,Bordeaux,['Blaye Côtes de Bordeaux']
4457,Château Grand Moulinet,87.0,23.0,87.0,23.0,1,1,['Bordeaux-style Red Blend'],France,Bordeaux,['Pomerol']
4458,Château Grand Pascaud,84.0,13.0,84.0,13.0,1,1,['Bordeaux-style Red Blend'],France,Bordeaux,['Bordeaux Supérieur']
4459,Château Grand Picard,86.0,,86.0,,1,1,['Bordeaux-style Red Blend'],France,Bordeaux,['Bordeaux']
4460,Château Grand Pontet,89.0,45.0,89.0,45.0,1,1,['Bordeaux-style Red Blend'],France,Bordeaux,['Saint-Émilion']
4461,Château Grand Rolland,83.4,,84.0,,5,3,"['Bordeaux-style Red Blend', 'Bordeaux-style White Blend', 'Rosé']",France,Bordeaux,['Bordeaux Supérieur']
4462,Château Grand Secret,87.5,15.0,87.5,15.0,2,2,"['Bordeaux-style White Blend', 'Merlot']",France,Bordeaux,['Blaye Côtes de Bordeaux']
4463,Château Grand Tayac,88.0,71.0,88.0,69.5,4,1,['Bordeaux-style Red Blend'],France,Bordeaux,['Margaux']
4464,Château Grand-Maison,87.6,21.1,88.0,20.0,12,1,['Bordeaux-style Red Blend'],France,Bordeaux,['Côtes de Bourg']
4465,Château Grand-Portail,85.0,15.0,85.0,15.0,1,1,['Bordeaux-style Red Blend'],France,Bordeaux,['Bordeaux']
4466,Château Grand-Puy Ducasse,90.2,28.5,90.0,28.5,15,1,['Bordeaux-style Red Blend'],France,Bordeaux,['Pauillac']
4467,Château Grand-Puy Lacoste,91.0,,91.0,,1,1,['Bordeaux-style Red Blend'],France,Bordeaux,['Pauillac']
4468,Château Grand-Puy-Lacoste,92.4,88.3,92.0,100.0,5,1,['Bordeaux-style Red Blend'],France,Bordeaux,['Pauillac']
4469,Château Grande Cassagne,86.5,12.2,86.5,12.0,4,3,"['Rosé', 'Grenache-Syrah', 'White Blend']",France,Rhône Valley,['Costières de Nîmes']
4470,Château Grands Bois,83.0,13.0,83.0,13.0,1,1,['Bordeaux-style Red Blend'],France,Bordeaux,['Bordeaux']
4471,Château Gravas,88.0,37.0,88.0,37.0,2,1,['Bordeaux-style White Blend'],France,Bordeaux,['Sauternes']
4472,Château Graves de Pez,88.5,50.0,88.5,50.0,2,1,['Bordeaux-style Red Blend'],France,Bordeaux,['Saint-Estèphe']
4473,Château Graville-Lacoste,86.0,16.0,86.0,16.0,1,1,['Bordeaux-style White Blend'],France,Bordeaux,['Graves']
4474,Château Grenouille,92.0,90.0,92.0,90.0,1,1,['Chardonnay'],France,Burgundy,['Chablis']
4475,Château Gressier Grand Poujeaux,90.0,28.5,90.0,28.5,2,1,['Bordeaux-style Red Blend'],France,Bordeaux,['Moulis-en-Médoc']
4476,Château Greysac,87.9,23.2,88.0,23.5,9,1,['Bordeaux-style Red Blend'],France,Bordeaux,['Médoc']
4477,Château Grivière,88.2,24.8,88.5,25.0,6,1,['Bordeaux-style Red Blend'],France,Bordeaux,['Médoc']
4478,Château Gromel Bel Air,87.0,10.0,87.0,10.0,1,1,['Bordeaux-style Red Blend'],France,Bordeaux,['Bordeaux Supérieur']
4479,Château Grossombre de Saint-Joseph,85.0,18.0,85.0,18.0,1,1,['Bordeaux-style Red Blend'],France,Bordeaux,['Bordeaux Supérieur']
4480,Château Gruaud Larose,92.3,62.0,92.0,55.0,15,1,['Bordeaux-style Red Blend'],France,Bordeaux,['Saint-Julien']
4481,Château Gréteau Médeville,84.5,,84.5,,2,2,"['Bordeaux-style Red Blend', 'Bordeaux-style White Blend']",France,Bordeaux,['Bordeaux Supérieur']
4482,Château Guadet,88.0,,88.0,,1,1,['Bordeaux-style Red Blend'],France,Bordeaux,['Saint-Émilion']
4483,Château Guerry,88.0,25.0,88.0,25.0,1,1,['Bordeaux-style Red Blend'],France,Bordeaux,['Côtes de Bourg']
4484,Château Guibeau,88.0,13.0,88.0,13.0,1,1,['Bordeaux-style Red Blend'],France,Bordeaux,['Castillon Côtes de Bordeaux']
4485,Château Guichot,86.0,13.0,86.0,13.0,3,2,"['Bordeaux-style White Blend', 'Bordeaux-style Red Blend']",France,Bordeaux,['Bordeaux Blanc']
4486,Château Guilhem,83.5,12.0,83.5,12.0,2,1,['Rosé'],France,Languedoc-Roussillon,"[""Pays d'Oc""]"
4487,Château Guillebot Plaisance,84.0,16.0,84.0,16.0,1,1,['Bordeaux-style Red Blend'],France,Bordeaux,['Bordeaux']
4488,Château Guillot Clauzel,88.0,,88.0,,1,1,['Bordeaux-style Red Blend'],France,Bordeaux,['Pomerol']
4489,Château Guillotin,86.0,15.0,86.0,15.0,1,1,['Bordeaux-style Red Blend'],France,Bordeaux,['Puisseguin Saint-Émilion']
4490,Château Guiot,88.7,10.7,89.0,11.0,3,1,['Rosé'],France,Rhône Valley,['Costières de Nîmes']
4491,Château Guiraud,93.0,65.0,93.0,65.0,15,1,['Bordeaux-style White Blend'],France,Bordeaux,['Sauternes']
4492,Château Guirauton,86.0,,86.0,,1,1,['Bordeaux-style White Blend'],France,Bordeaux,['Graves']
4493,Château Guitar,84.0,13.0,84.0,13.0,1,1,['Bordeaux-style Red Blend'],France,Bordeaux,['Bordeaux']
4494,Château Guitignan,88.5,25.0,88.5,25.0,2,1,['Bordeaux-style Red Blend'],France,Bordeaux,['Moulis-en-Médoc']
4495,Château Hallet,88.0,30.0,88.0,30.0,1,1,['Bordeaux-style White Blend'],France,Bordeaux,['Sauternes']
4496,Château Hannetot,85.5,38.5,85.5,38.5,2,1,['Bordeaux-style Red Blend'],France,Bordeaux,['Pessac-Léognan']
4497,Château Hanteillan,89.3,,91.0,,3,1,['Bordeaux-style Red Blend'],France,Bordeaux,['Haut-Médoc']
4498,Château Hauchat,86.0,16.0,86.0,16.0,1,1,['Bordeaux-style Red Blend'],France,Bordeaux,['Fronsac']
4499,Château Haut Bages Libéral,91.0,33.4,91.0,33.0,15,1,['Bordeaux-style Red Blend'],France,Bordeaux,['Pauillac']
4500,Château Haut Ballet,87.0,,87.0,,1,1,['Merlot'],France,Bordeaux,['Fronsac']
4501,Château Haut Barrail,86.5,18.5,86.5,17.0,4,1,['Bordeaux-style Red Blend'],France,Bordeaux,['Médoc']
4502,Château Haut Batailley,89.0,30.0,89.0,30.0,1,1,['Bordeaux-style Red Blend'],France,Bordeaux,['Pauillac']
4503,Château Haut Bellevue,90.0,60.0,90.0,60.0,1,1,['Bordeaux-style Red Blend'],France,Bordeaux,['Moulis-en-Médoc']
4504,Château Haut Bergeron,87.5,24.0,87.5,24.0,2,1,['Bordeaux-style White Blend'],France,Bordeaux,['Sauternes']
4505,Château Haut Bertinerie,89.0,23.7,90.0,24.0,19,3,"['Bordeaux-style Red Blend', 'Sauvignon Blanc', 'Bordeaux-style White Blend']",France,Bordeaux,['Blaye Côtes de Bordeaux']
4506,Château Haut Bessac,85.5,13.8,85.5,15.0,6,3,"['Rosé', 'Bordeaux-style White Blend', 'Bordeaux-style Red Blend']",France,Bordeaux,['Bordeaux Rosé']
4507,Château Haut Beyzac,87.1,28.1,87.0,28.5,8,1,['Bordeaux-style Red Blend'],France,Bordeaux,['Haut-Médoc']
4508,Château Haut Boilon,84.0,15.0,84.0,15.0,1,1,['Bordeaux-style Red Blend'],France,Bordeaux,['Blaye Côtes de Bordeaux']
4509,Château Haut Boutisse,87.0,65.0,87.0,65.0,1,1,['Bordeaux-style Red Blend'],France,Bordeaux,['Saint-Émilion']
4510,Château Haut Brande,85.0,12.0,85.0,12.0,1,1,['Bordeaux-style Red Blend'],France,Bordeaux,['Bordeaux']
4511,Château Haut Breton Larigaudière,87.2,45.4,87.0,40.0,6,1,['Bordeaux-style Red Blend'],France,Bordeaux,['Margaux']
4512,Château Haut Cabut,87.0,16.0,87.0,16.0,3,1,['Bordeaux-style Red Blend'],France,Bordeaux,['Blaye Côtes de Bordeaux']
4513,Château Haut Canteloup,86.2,24.0,87.0,24.0,4,1,['Bordeaux-style Red Blend'],France,Bordeaux,['Médoc']
4514,Château Haut Clairbes,86.0,14.0,86.0,14.0,1,1,['Bordeaux-style Red Blend'],France,Bordeaux,['Bordeaux']
4515,Château Haut Claribes,88.0,13.0,88.0,13.0,1,1,['Bordeaux-style Red Blend'],France,Bordeaux,['Bordeaux']
4516,Château Haut Colombier,87.3,21.0,88.0,22.0,3,1,['Bordeaux-style Red Blend'],France,Bordeaux,['Blaye Côtes de Bordeaux']
4517,Château Haut Condissas,88.0,,88.0,,1,1,['Bordeaux-style Red Blend'],France,Bordeaux,['Médoc']
4518,Château Haut Cormier,86.0,19.0,86.0,19.0,1,1,['Bordeaux-style Red Blend'],France,Bordeaux,['Bordeaux Supérieur']
4519,Château Haut Coteau,84.0,,84.0,,1,1,['Bordeaux-style Red Blend'],France,Bordeaux,['Saint-Estèphe']
4520,Château Haut Dina,91.0,14.5,91.0,14.5,2,1,['Bordeaux-style Red Blend'],France,Bordeaux,['Castillon Côtes de Bordeaux']
4521,Château Haut Gaudin,87.0,16.0,87.0,16.0,1,1,['Bordeaux-style Red Blend'],France,Bordeaux,['Bordeaux Supérieur']
4522,Château Haut Grand Champ,91.0,13.0,91.0,13.0,1,1,['Sauvignon Blanc'],France,Bordeaux,['Bordeaux Blanc']
4523,Château Haut Gravet,89.0,50.0,89.0,50.0,2,1,['Bordeaux-style Red Blend'],France,Bordeaux,['Saint-Émilion']
4524,Château Haut Grelot,88.0,31.5,88.0,31.5,2,2,"['Bordeaux-style Red Blend', 'Bordeaux-style White Blend']",France,Bordeaux,['Blaye Côtes de Bordeaux']
4525,Château Haut Grignon,86.0,22.0,86.0,22.0,1,1,['Bordeaux-style Red Blend'],France,Bordeaux,['Médoc']
4526,Château Haut Guillebot,89.0,10.0,89.0,10.0,1,1,['Sémillon'],France,Bordeaux,['Bordeaux Blanc']
4527,Château Haut Lagrange,85.3,30.0,85.0,30.0,3,2,"['Bordeaux-style Red Blend', 'Bordeaux-style White Blend']",France,Bordeaux,['Pessac-Léognan']
4528,Château Haut Laulion,84.0,11.0,84.0,11.0,1,1,['Bordeaux-style Red Blend'],France,Bordeaux,['Bordeaux Supérieur']
4529,Château Haut Lignières,89.0,20.0,89.0,20.0,1,1,['Rhône-style Red Blend'],France,Languedoc-Roussillon,['Faugères']
4530,Château Haut Maginet,89.0,,89.0,,1,1,['Bordeaux-style White Blend'],France,Bordeaux,['Bordeaux Blanc']
4531,Château Haut Mallet,86.0,22.0,86.0,22.0,1,1,['Bordeaux-style Red Blend'],France,Bordeaux,['Bordeaux Supérieur']
4532,Château Haut Maurin,85.0,12.2,85.0,12.0,4,2,"['Sauvignon Blanc', 'Bordeaux-style White Blend']",France,Bordeaux,['Bordeaux Blanc']
4533,Château Haut Mazerolles,89.0,28.0,89.0,28.0,2,1,['Bordeaux-style Red Blend'],France,Bordeaux,['Blaye Côtes de Bordeaux']
4534,Château Haut Millet,85.5,23.5,85.5,23.5,2,1,['Bordeaux-style Red Blend'],France,Bordeaux,['Blaye Côtes de Bordeaux']
4535,Château Haut Mondain,86.2,13.5,88.0,13.5,5,2,"['Bordeaux-style Red Blend', 'Bordeaux-style White Blend']",France,Bordeaux,['Bordeaux']
4536,Château Haut Mouleyre,85.2,14.9,85.0,14.0,9,3,"['Bordeaux-style White Blend', 'Rosé', 'Bordeaux-style Red Blend']",France,Bordeaux,['Bordeaux Blanc']
4537,Château Haut Nadeau,84.0,13.0,84.0,13.0,1,1,['Bordeaux-style Red Blend'],France,Bordeaux,['Bordeaux Supérieur']
4538,Château Haut Nouchet,87.5,,87.5,,2,2,"['Bordeaux-style Red Blend', 'Bordeaux-style White Blend']",France,Bordeaux,['Pessac-Léognan']
4539,Château Haut Pasquet,85.0,18.0,85.0,18.0,2,1,['Bordeaux-style Red Blend'],France,Bordeaux,['Bordeaux']
4540,Château Haut Peyrefaure,87.4,23.8,87.0,24.0,5,1,['Bordeaux-style Red Blend'],France,Bordeaux,['Blaye Côtes de Bordeaux']
4541,Château Haut Peyruguet,85.5,12.0,85.5,12.0,2,2,"['Sauvignon-Sémillon', 'Merlot-Cabernet Sauvignon']",France,Bordeaux,['Bordeaux Blanc']
4542,Château Haut Pingat,85.5,13.0,85.5,13.0,2,1,['Bordeaux-style Red Blend'],France,Bordeaux,['Bordeaux']
4543,Château Haut Pougnan,86.0,12.0,86.0,12.0,1,1,['Bordeaux-style Red Blend'],France,Bordeaux,['Bordeaux']
4544,Château Haut Prieur,84.3,16.0,83.0,16.0,3,1,['Bordeaux-style Red Blend'],France,Bordeaux,['Blaye Côtes de Bordeaux']
4545,Château Haut Seguin,87.0,20.0,87.0,20.0,1,1,['Bordeaux-style Red Blend'],France,Bordeaux,['Blaye Côtes de Bordeaux']
4546,Château Haut Selve,89.5,24.3,90.0,23.5,19,2,"['Bordeaux-style Red Blend', 'Bordeaux-style White Blend']",France,Bordeaux,['Graves']
4547,Château Haut Sociondo,89.5,30.0,89.5,30.0,2,1,['Bordeaux-style Red Blend'],France,Bordeaux,['Blaye Côtes de Bordeaux']
4548,Château Haut Tour de Coutelin,90.0,29.0,90.0,29.0,1,1,['Bordeaux-style Red Blend'],France,Bordeaux,['Saint-Estèphe']
4549,Château Haut Vieux Chêne,84.0,12.0,84.0,12.0,1,1,['Bordeaux-style Red Blend'],France,Bordeaux,['Bordeaux']
4550,Château Haut de la Bécade,86.0,90.0,86.0,90.0,1,1,['Bordeaux-style Red Blend'],France,Bordeaux,['Pauillac']
4551,Château Haut la Pointe,87.2,24.8,87.0,25.0,6,1,['Bordeaux-style Red Blend'],France,Bordeaux,['Blaye Côtes de Bordeaux']
4552,Château Haut le Valette,88.0,13.0,88.0,13.0,1,1,['Bordeaux-style Red Blend'],France,Bordeaux,['Blaye Côtes de Bordeaux']
4553,Château Haut-Bacalan,89.0,110.0,89.0,110.0,2,1,['Bordeaux-style Red Blend'],France,Bordeaux,['Pessac-Léognan']
4554,Château Haut-Bailly,93.2,94.4,93.0,75.0,16,1,['Bordeaux-style Red Blend'],France,Bordeaux,['Pessac-Léognan']
4555,Château Haut-Beauséjour,90.0,25.0,90.0,25.0,2,1,['Bordeaux-style Red Blend'],France,Bordeaux,['Saint-Estèphe']
4556,Château Haut-Bellevue,88.8,31.2,89.0,31.5,4,1,['Bordeaux-style Red Blend'],France,Bordeaux,['Moulis-en-Médoc']
4557,Château Haut-Bergey,90.1,40.0,90.0,40.0,15,2,"['Bordeaux-style White Blend', 'Bordeaux-style Red Blend']",France,Bordeaux,['Pessac-Léognan']
4558,Château Haut-Bernat,90.0,32.5,90.0,32.5,2,1,['Bordeaux-style Red Blend'],France,Bordeaux,['Puisseguin Saint-Émilion']
4559,Château Haut-Bourcier,84.0,15.0,84.0,15.0,1,1,['Bordeaux-style Red Blend'],France,Bordeaux,['Blaye Côtes de Bordeaux']
4560,Château Haut-Brion,94.8,541.5,95.0,450.0,35,2,"['Bordeaux-style White Blend', 'Bordeaux-style Red Blend']",France,Bordeaux,['Pessac-Léognan']
4561,Château Haut-Canteloup,85.0,16.0,85.0,16.0,1,1,['Bordeaux-style Red Blend'],France,Bordeaux,['Blaye Côtes de Bordeaux']
4562,Château Haut-Cardinal,90.0,35.0,90.0,35.0,1,1,['Merlot'],France,Bordeaux,['Saint-Émilion']
4563,Château Haut-Carles,89.0,,89.0,,1,1,['Bordeaux-style Red Blend'],France,Bordeaux,['Fronsac']
4564,Château Haut-Francarney,89.5,40.0,89.5,40.0,2,1,['Bordeaux-style Red Blend'],France,Bordeaux,['Fronsac']
4565,Château Haut-Gelineau,85.8,18.5,85.5,17.5,4,1,['Bordeaux-style Red Blend'],France,Bordeaux,['Côtes de Bourg']
4566,Château Haut-Goujon,88.3,32.7,88.0,30.0,3,2,"['Merlot', 'Bordeaux-style Red Blend']",France,Bordeaux,['Montagne-Saint-Émilion']
4567,Château Haut-Guiraud,89.0,18.0,89.0,18.0,1,1,['Bordeaux-style Red Blend'],France,Bordeaux,['Côtes de Bourg']
4568,Château Haut-La-Péreyre,87.0,18.0,87.0,18.0,1,1,['Bordeaux-style Red Blend'],France,Bordeaux,['Bordeaux Supérieur']
4569,Château Haut-Lansac,83.0,21.0,83.0,21.0,1,1,['Bordeaux-style Red Blend'],France,Bordeaux,['Côtes de Bourg']
4570,Château Haut-Logat,90.3,31.0,90.0,24.0,3,1,['Bordeaux-style Red Blend'],France,Bordeaux,['Haut-Médoc']
4571,Château Haut-Macô,89.5,27.5,89.5,27.5,2,1,['Bordeaux-style Red Blend'],France,Bordeaux,['Côtes de Bourg']
4572,Château Haut-Maillet,90.0,,90.0,,1,1,['Bordeaux-style Red Blend'],France,Bordeaux,['Pomerol']
4573,Château Haut-Marbuzet,92.2,33.0,92.0,33.0,6,1,['Bordeaux-style Red Blend'],France,Bordeaux,['Saint-Estèphe']
4574,Château Haut-Maurac,88.0,,88.0,,2,1,['Bordeaux-style Red Blend'],France,Bordeaux,['Médoc']
4575,Château Haut-Mongeat,88.0,25.0,88.0,25.0,2,1,['Bordeaux-style Red Blend'],France,Bordeaux,['Bordeaux Supérieur']
4576,Château Haut-Monplaisir,90.5,33.7,90.0,25.0,24,2,"['Malbec', 'Chardonnay-Viognier']",France,Southwest France,['Cahors']
4577,Château Haut-Mouleyre,87.0,15.0,87.0,15.0,1,1,['Bordeaux-style Red Blend'],France,Bordeaux,['Bordeaux']
4578,Château Haut-Mévret,86.7,21.0,87.0,21.0,3,1,['Bordeaux-style Red Blend'],France,Bordeaux,['Blaye Côtes de Bordeaux']
4579,Château Haut-Peyrous,89.0,30.5,89.5,30.5,4,2,"['Bordeaux-style White Blend', 'Bordeaux-style Red Blend']",France,Bordeaux,['Graves']
4580,Château Haut-Pezat,88.3,29.3,88.0,25.0,3,1,['Bordeaux-style Red Blend'],France,Bordeaux,['Saint-Émilion']
4581,Château Haut-Pradier,89.0,15.0,89.0,15.0,1,1,['Bordeaux-style Red Blend'],France,Bordeaux,['Côtes de Bourg']
4582,Château Haut-Rian,85.8,20.0,85.5,18.0,4,3,"['Bordeaux-style Red Blend', 'Bordeaux-style White Blend', 'Rosé']",France,Bordeaux,['Côtes de Bordeaux']
4583,Château Haut-Sarpe,90.0,,90.0,,2,1,['Bordeaux-style Red Blend'],France,Bordeaux,['Saint-Émilion']
4584,Château Haut-Simard,89.5,35.0,89.5,35.0,8,1,['Bordeaux-style Red Blend'],France,Bordeaux,['Saint-Émilion']
4585,Château Haut-Sorillon,86.0,9.0,86.0,9.0,2,1,['Bordeaux-style Red Blend'],France,Bordeaux,['Bordeaux Supérieur']
4586,Château Haut-Vigneau,89.0,22.7,89.0,24.0,3,1,['Bordeaux-style Red Blend'],France,Bordeaux,['Pessac-Léognan']
4587,Château Hellha,87.5,25.0,87.5,25.0,2,1,['Tokaji'],Hungary,Tokaji,[]
4588,Château Henri Bonnaud,89.6,20.0,90.0,20.0,7,2,"['Rosé', 'Rhône-style Red Blend']",France,Provence,['Côtes de Provence Sainte-Victoire']
4589,Château Henry de France,88.0,9.0,88.0,9.0,1,1,['Bordeaux-style Red Blend'],France,Bordeaux,['Côtes de Bordeaux']
4590,Château Hermitage Saint-Martin,88.5,31.8,88.0,35.0,6,1,['Rosé'],France,Provence,['Côtes de Provence']
4591,Château Hervé-Laroque,87.0,26.5,87.0,26.5,2,1,['Bordeaux-style Red Blend'],France,Bordeaux,['Fronsac']
4592,Château Hosanna,93.5,221.0,94.0,189.5,13,1,['Bordeaux-style Red Blend'],France,Bordeaux,['Pomerol']
4593,Château Hoste-Blanc,88.5,25.0,88.5,25.0,2,1,['Bordeaux-style White Blend'],France,Bordeaux,['Bordeaux Blanc']
4594,Château Hostens-Picant,90.0,20.0,90.0,20.0,1,1,['Bordeaux-style White Blend'],France,Bordeaux,['Sainte-Foy Bordeaux']
4595,Château Hourbanon,88.7,25.0,89.0,25.0,3,1,['Bordeaux-style Red Blend'],France,Bordeaux,['Médoc']
4596,Château Hourtin-Ducasse,89.2,25.0,89.0,25.0,4,1,['Bordeaux-style Red Blend'],France,Bordeaux,['Haut-Médoc']
4597,Château Hyot,87.4,21.0,88.0,20.0,5,1,['Bordeaux-style Red Blend'],France,Bordeaux,['Côtes de Castillon']
4598,Château Jacques Noir,86.0,29.5,86.0,30.0,5,1,['Bordeaux-style Red Blend'],France,Bordeaux,['Saint-Émilion']
4599,Château Jalousie Beaulieu,84.0,,84.0,,1,1,['Bordeaux-style Red Blend'],France,Bordeaux,['Bordeaux Supérieur']
4600,Château Jamin,85.0,12.0,85.0,12.0,1,1,['Bordeaux-style Red Blend'],France,Bordeaux,['Bordeaux']
4601,Château Jandel,87.0,33.0,87.0,33.0,1,1,['Bordeaux-style Red Blend'],France,Bordeaux,['Listrac-Médoc']
4602,Château Jarr,86.0,12.0,86.0,12.0,1,1,['Bordeaux-style Red Blend'],France,Bordeaux,['Bordeaux']
4603,Château Jaulien,85.0,,85.0,,1,1,['Bordeaux-style Red Blend'],France,Bordeaux,['Pessac-Léognan']
4604,Château Jean Faux,86.1,25.0,87.0,25.0,7,3,"['Rosé', 'Bordeaux-style Red Blend', 'Bordeaux-style White Blend']",France,Bordeaux,['Bordeaux Rosé']
4605,Château Jean de Bel Air,85.5,17.5,85.5,17.5,2,1,['Bordeaux-style Red Blend'],France,Bordeaux,['Bordeaux']
4606,Château Jean-Faure,90.6,,91.0,,5,1,['Bordeaux-style Red Blend'],France,Bordeaux,['Saint-Émilion']
4607,Château Jean-Pierre Gaussen,90.0,,90.0,,1,1,['Mourvèdre'],France,Provence,['Bandol']
4608,Château Jeandeman,89.5,55.0,89.5,55.0,2,1,['Bordeaux-style Red Blend'],France,Bordeaux,['Fronsac']
4609,Château Jeanguillon,86.2,15.2,86.0,11.5,4,2,"['Bordeaux-style Red Blend', 'Bordeaux-style White Blend']",France,Bordeaux,['Bordeaux Supérieur']
4610,Château Jeanrousse,84.0,14.0,84.0,14.0,1,1,['Bordeaux-style Red Blend'],France,Bordeaux,['Fronsac']
4611,Château Joanin Bécot,91.3,25.0,91.0,25.0,3,1,['Bordeaux-style Red Blend'],France,Bordeaux,['Castillon Côtes de Bordeaux']
4612,Château Joinin,85.3,13.7,85.0,14.0,3,1,['Bordeaux-style Red Blend'],France,Bordeaux,['Bordeaux']
4613,Château Joly,85.0,21.5,85.0,21.5,2,1,['Bordeaux-style Red Blend'],France,Bordeaux,['Saint-Émilion']
4614,Château Jolys,89.7,21.2,90.0,19.0,25,3,"['White Blend', 'Petit Manseng', 'Gros and Petit Manseng']",France,Southwest France,['Jurançon Sec']
4615,Château Jonc Blanc,90.0,16.0,90.0,16.0,1,1,['Bordeaux-style Red Blend'],France,Southwest France,['Bergerac']
4616,Château Julian,84.5,14.3,84.5,15.0,8,2,"['Bordeaux-style Red Blend', 'Bordeaux-style White Blend']",France,Bordeaux,['Bordeaux']
4617,Château Julien,85.0,29.8,84.5,20.0,34,10,"['Chardonnay', 'Merlot', 'Cabernet Sauvignon', 'Bordeaux-style Red Blend', 'Zinfandel', 'Malbec-Syrah', 'Pinot Grigio', 'Red Blend', 'Sauvignon Blanc', 'Syrah']",US,California,"['Monterey County', 'Central Coast']"
4618,Château Jussas,87.0,20.0,87.0,20.0,1,1,['Bordeaux-style Red Blend'],France,Bordeaux,['Blaye Côtes de Bordeaux']
4619,Château K,87.8,19.8,88.0,20.0,6,3,"['Bordeaux-style Red Blend', 'Bordeaux-style White Blend', 'Merlot']",France,Southwest France,['Bergerac']
4620,Château Kalian,90.0,22.0,90.0,22.0,1,1,['Bordeaux-style White Blend'],France,Southwest France,['Monbazillac']
4621,Château Kalon Nodoz,84.0,22.0,84.0,22.0,1,1,['Bordeaux-style Red Blend'],France,Bordeaux,['Côtes de Bourg']
4622,Château Kirwan,92.2,45.7,92.0,42.5,19,1,['Bordeaux-style Red Blend'],France,Bordeaux,['Margaux']
4623,Château Ksara,91.0,22.0,91.0,22.0,1,1,['Red Blend'],Lebanon,Bekaa Valley,[]
4624,Château Ksara,88.0,30.0,88.0,30.0,1,1,['Chardonnay'],Lebanon,Lebanon,[]
4625,Château L'Argilus du Roi,83.0,,83.0,,1,1,['Bordeaux-style Red Blend'],France,Bordeaux,['Saint-Estèphe']
4626,Château L'Arrosée,90.0,,90.0,,1,1,['Bordeaux-style Red Blend'],France,Bordeaux,['Saint-Émilion']
4627,Château L'Ermitage,86.0,31.5,86.0,31.5,2,1,['Bordeaux-style Red Blend'],France,Bordeaux,['Listrac-Médoc']
4628,Château L'Ermitage,82.0,13.0,82.0,13.0,1,1,['Rosé'],France,Rhône Valley,['Costières de Nîmes']
4629,Château L'Escadre,91.0,30.0,91.0,30.0,2,1,['Bordeaux-style Red Blend'],France,Bordeaux,['Blaye Côtes de Bordeaux']
4630,Château L'Oiseau,84.0,,84.0,,1,1,['Bordeaux-style White Blend'],France,Bordeaux,['Bordeaux Blanc']
4631,Château La Barotte,86.0,13.0,86.0,13.0,2,1,['Bordeaux-style Red Blend'],France,Bordeaux,['Bordeaux']
4632,Château La Bastienne,89.0,48.5,89.0,48.5,2,1,['Bordeaux-style Red Blend'],France,Bordeaux,['Montagne-Saint-Émilion']
4633,Château La Bon Pasteur,92.0,,92.0,,1,1,['Bordeaux-style Red Blend'],France,Bordeaux,['Pomerol']
4634,Château La Bourrée,85.0,16.0,85.0,16.0,1,1,['Bordeaux-style Red Blend'],France,Bordeaux,['Castillon Côtes de Bordeaux']
4635,Château La Boutignane,85.0,12.0,85.0,12.0,1,1,['Rosé'],France,Languedoc-Roussillon,['Corbières']
4636,Château La Branne,87.0,20.0,87.0,20.0,4,1,['Bordeaux-style Red Blend'],France,Bordeaux,['Médoc']
4637,Château La Cardonne,87.5,19.5,88.0,19.5,4,1,['Bordeaux-style Red Blend'],France,Bordeaux,['Médoc']
4638,Château La Caussade,87.5,15.0,87.5,15.0,2,2,"['Sauvignon Blanc', 'Bordeaux-style Red Blend']",France,Bordeaux,['Bordeaux Blanc']
4639,Château La Clare,86.8,23.3,87.0,25.0,4,1,['Bordeaux-style Red Blend'],France,Bordeaux,['Médoc']
4640,Château La Clarière Laithwaite,90.0,22.0,90.0,22.0,1,1,['Bordeaux-style Red Blend'],France,Bordeaux,['Castillon Côtes de Bordeaux']
4641,Château La Claverie,83.0,,83.0,,1,1,['Bordeaux-style Red Blend'],France,Bordeaux,['Francs Côtes de Bordeaux']
4642,Château La Conseillante,89.6,210.0,89.0,210.0,7,1,['Bordeaux-style Red Blend'],France,Bordeaux,['Pomerol']
4643,Château La Croix Chantecaille,88.0,25.0,88.0,25.0,1,1,['Bordeaux-style Red Blend'],France,Bordeaux,['Saint-Émilion']
4644,Château La Croix Lartigue,89.0,44.0,89.0,44.0,2,1,['Bordeaux-style Red Blend'],France,Bordeaux,['Castillon Côtes de Bordeaux']
4645,Château La Croix Romane,88.0,37.0,88.0,37.0,1,1,['Bordeaux-style Red Blend'],France,Bordeaux,['Lalande de Pomerol']
4646,Château La Croix de Queynac,88.0,13.0,88.0,13.0,2,2,"['Rosé', 'Bordeaux-style White Blend']",France,Bordeaux,['Bordeaux Rosé']
4647,Château La Croix-Davids,90.0,,90.0,,1,1,['Bordeaux-style Red Blend'],France,Bordeaux,['Côtes de Bourg']
4648,Château La Dournie,87.5,18.5,87.5,18.5,2,1,['Rhône-style Red Blend'],France,Languedoc-Roussillon,['Saint-Chinian']
4649,Château La Fleur Beaumont,84.0,17.0,84.0,17.0,1,1,['Bordeaux-style Red Blend'],France,Bordeaux,['Bordeaux Supérieur']
4650,Château La Fleur Peyrabon,91.1,27.7,91.5,27.0,8,1,['Bordeaux-style Red Blend'],France,Bordeaux,['Pauillac']
4651,Château La Fleur Plaisance,87.0,15.0,87.0,15.0,2,1,['Bordeaux-style Red Blend'],France,Bordeaux,['Montagne-Saint-Émilion']
4652,Château La Fleur Poitou,84.0,19.0,84.0,19.0,1,1,['Bordeaux-style Red Blend'],France,Bordeaux,['Lussac Saint-Émilion']
4653,Château La Fleur Ribeyrolles,86.0,13.0,86.0,13.0,1,1,['Bordeaux-style White Blend'],France,Bordeaux,['Entre-Deux-Mers']
4654,Château La Fleur de Gay,91.7,,92.0,,3,1,['Bordeaux-style Red Blend'],France,Bordeaux,['Pomerol']
4655,Château La Forge,89.5,,89.5,,2,1,['Bordeaux-style Red Blend'],France,Bordeaux,['Saint-Émilion']
4656,Château La Fortine,88.0,50.0,88.0,50.0,1,1,['Bordeaux-style Red Blend'],France,Bordeaux,['Saint-Émilion']
4657,Château La Gabarre,87.3,15.0,86.0,15.0,3,3,"['Bordeaux-style White Blend', 'Bordeaux-style Red Blend', 'Rosé']",France,Bordeaux,['Bordeaux Blanc']
4658,Château La Garricq,90.5,37.5,90.5,37.5,2,1,['Bordeaux-style Red Blend'],France,Bordeaux,['Moulis-en-Médoc']
4659,Château La Grande Clotte,88.0,,88.0,,2,2,"['Bordeaux-style White Blend', 'Bordeaux-style Red Blend']",France,Bordeaux,['Bordeaux Blanc']
4660,Château La Grange Clinet,87.8,14.2,87.5,14.0,4,1,['Bordeaux-style Red Blend'],France,Bordeaux,['Premieres Côtes de Bordeaux']
4661,Château La Grange de Bessan,85.0,20.0,85.0,20.0,2,1,['Bordeaux-style Red Blend'],France,Bordeaux,['Médoc']
4662,Château La Grave à Pomerol,89.8,,90.0,,8,1,['Bordeaux-style Red Blend'],France,Bordeaux,['Pomerol']
4663,Château La Greffière,85.0,17.3,85.0,17.0,3,1,['Chardonnay'],France,Burgundy,['Mâcon La Roche Vineuse']
4664,Château La Jalgue,87.0,13.0,87.0,13.0,1,1,['Bordeaux-style Red Blend'],France,Bordeaux,['Bordeaux']
4665,Château La Joya,85.9,13.1,86.0,12.0,13,6,"['Malbec', 'Carmenère', 'Merlot', 'Cabernet Sauvignon', 'Chardonnay', 'Sauvignon Blanc']",Chile,Colchagua Valley,[]
4666,Château La Lagune,92.0,45.0,93.0,45.0,3,1,['Bordeaux-style Red Blend'],France,Bordeaux,['Haut-Médoc']
4667,Château La Marotte,81.0,,81.0,,1,1,['Bordeaux-style Red Blend'],France,Bordeaux,['Francs Côtes de Bordeaux']
4668,Château La Maroutine,87.3,13.5,87.0,13.5,3,2,"['Bordeaux-style Red Blend', 'Bordeaux-style White Blend']",France,Bordeaux,['Bordeaux']
4669,Château La Mission Haut-Brion,94.2,525.1,94.5,360.0,26,2,"['Bordeaux-style White Blend', 'Bordeaux-style Red Blend']",France,Bordeaux,['Pessac-Léognan']
4670,Château La Mothe du Barry,88.0,16.0,88.5,15.5,8,2,"['Bordeaux-style Red Blend', 'Bordeaux-style White Blend']",France,Bordeaux,['Bordeaux Supérieur']
4671,Château La Nerthe,91.0,93.0,91.0,65.0,10,2,"['Rhône-style Red Blend', 'Rhône-style White Blend']",France,Rhône Valley,['Châteauneuf-du-Pape']
4672,Château La Prade,86.0,18.0,86.0,18.0,1,1,['Bordeaux-style Red Blend'],France,Bordeaux,['Francs Côtes de Bordeaux']
4673,Château La Rame,87.5,19.8,87.5,17.0,14,2,"['Bordeaux-style White Blend', 'Bordeaux-style Red Blend']",France,Bordeaux,['Bordeaux Blanc']
4674,Château La Roche Bazin,88.2,10.0,88.5,10.0,4,1,['Bordeaux-style Red Blend'],France,Bordeaux,['Blaye Côtes de Bordeaux']
4675,Château La Rose Gadys,84.0,10.0,84.0,10.0,1,1,['Bordeaux-style Red Blend'],France,Bordeaux,['Bordeaux']
4676,Château La Rose Poncet,88.0,,88.0,,1,1,['Bordeaux-style Red Blend'],France,Bordeaux,['Castillon Côtes de Bordeaux']
4677,Château La Rose Saint Germain,84.0,14.5,84.0,14.5,2,1,['Bordeaux-style Red Blend'],France,Bordeaux,['Bordeaux']
4678,Château La Rose du Pin,86.2,13.6,86.5,13.0,10,2,"['Bordeaux-style White Blend', 'Bordeaux-style Red Blend']",France,Bordeaux,['Bordeaux Blanc']
4679,Château La Serre,89.0,49.0,88.0,49.0,7,1,['Bordeaux-style Red Blend'],France,Bordeaux,['Saint-Émilion']
4680,Château La Tour Figeac,92.2,38.0,93.0,38.0,15,1,['Bordeaux-style Red Blend'],France,Bordeaux,['Saint-Émilion']
4681,Château La Tour Haut-Brion,91.0,,91.0,,2,1,['Bordeaux-style Red Blend'],France,Bordeaux,['Pessac-Léognan']
4682,Château Labadie,86.5,23.0,86.5,23.0,2,1,['Bordeaux-style Red Blend'],France,Bordeaux,['Médoc']
4683,Château Labastide Orliac,91.0,110.0,91.0,110.0,2,1,['Red Blend'],France,Southwest France,['Brulhois']
4684,Château Labastidié,87.5,13.5,87.5,13.5,2,2,"['White Blend', 'Red Blend']",France,Southwest France,['Gaillac']
4685,Château Labat,88.3,22.0,88.5,24.0,6,1,['Bordeaux-style Red Blend'],France,Bordeaux,['Haut-Médoc']
4686,Château Labatut,85.7,17.0,87.0,18.0,3,1,['Bordeaux-style Red Blend'],France,Bordeaux,['Bordeaux Supérieur']
4687,Château Labegorce Zédé,90.0,,90.0,,2,1,['Bordeaux-style Red Blend'],France,Bordeaux,['Margaux']
4688,Château Labesse,85.0,,85.0,,1,1,['Bordeaux-style Red Blend'],France,Bordeaux,['Castillon Côtes de Bordeaux']
4689,Château Laborde,89.0,70.0,89.0,70.0,2,1,['Bordeaux-style Red Blend'],France,Bordeaux,['Lalande de Pomerol']
4690,Château Labrousse,86.7,7.5,86.0,7.5,3,1,['Bordeaux-style Red Blend'],France,Bordeaux,['Blaye Côtes de Bordeaux']
4691,Château Labégorce Margaux,90.9,43.0,90.0,40.0,17,1,['Bordeaux-style Red Blend'],France,Bordeaux,['Margaux']
4692,Château Lacaussade Saint-Martin,87.0,10.0,87.5,10.0,4,2,"['Bordeaux-style Red Blend', 'Bordeaux-style White Blend']",France,Bordeaux,['Blaye Côtes de Bordeaux']
4693,Château Lacaussade-Saint-Martin,88.0,,88.0,,1,1,['Bordeaux-style White Blend'],France,Bordeaux,['Blaye Côtes de Bordeaux']
4694,Château Lacave,83.0,20.0,83.0,20.0,1,1,['Cabernet Sauvignon-Merlot'],Brazil,Serra Gaúcha,[]
4695,Château Lacombe Cadiot,85.0,28.0,85.0,29.0,3,1,['Bordeaux-style Red Blend'],France,Bordeaux,['Bordeaux Supérieur']
4696,Château Lacombe Noaillac,86.6,19.0,87.0,18.0,11,1,['Bordeaux-style Red Blend'],France,Bordeaux,['Médoc']
4697,Château Ladignac,86.0,20.0,86.0,20.0,1,1,['Bordeaux-style Red Blend'],France,Bordeaux,['Médoc']
4698,Château Lafargue,88.5,,88.5,,4,2,"['Bordeaux-style White Blend', 'Bordeaux-style Red Blend']",France,Bordeaux,['Pessac-Léognan']
4699,Château Lafaurie-Peyraguey,92.6,67.5,92.5,67.5,14,1,['Bordeaux-style White Blend'],France,Bordeaux,['Sauternes']
4700,Château Laffitte Carcasset,89.7,40.0,90.5,40.0,6,1,['Bordeaux-style Red Blend'],France,Bordeaux,['Saint-Estèphe']
4701,Château Laffitte Laujac,87.1,23.6,87.0,28.0,7,1,['Bordeaux-style Red Blend'],France,Bordeaux,['Médoc']
4702,Château Lafite Rothschild,94.5,559.2,95.0,400.0,24,1,['Bordeaux-style Red Blend'],France,Bordeaux,['Pauillac']
4703,Château Lafleur du Roy,92.0,37.0,92.0,37.0,2,1,['Bordeaux-style Red Blend'],France,Bordeaux,['Pomerol']
4704,Château Lafleur-Gazin,88.6,40.0,89.0,40.0,11,1,['Bordeaux-style Red Blend'],France,Bordeaux,['Pomerol']
4705,Château Lafon Rochet,92.0,,92.0,,1,1,['Bordeaux-style Red Blend'],France,Bordeaux,['Saint-Estèphe']
4706,Château Lafon-Rochet,90.6,37.8,90.5,35.0,14,1,['Bordeaux-style Red Blend'],France,Bordeaux,['Saint-Estèphe']
4707,Château Lafont Fourcat,82.0,20.0,82.0,20.0,1,1,['Bordeaux-style Red Blend'],France,Bordeaux,['Bordeaux']
4708,Château Lafont Menaut,85.6,21.0,85.0,20.0,5,3,"['Bordeaux-style White Blend', 'Bordeaux-style Red Blend', 'Sauvignon Blanc']",France,Bordeaux,['Pessac-Léognan']
4709,Château Laforge,89.8,57.9,90.0,65.0,12,1,['Bordeaux-style Red Blend'],France,Bordeaux,['Saint-Émilion']
4710,Château Laforêt,85.0,16.0,85.0,16.0,1,1,['Bordeaux-style White Blend'],France,Bordeaux,['Entre-Deux-Mers']
4711,Château Lagarosse,87.0,27.0,87.0,28.0,3,1,['Bordeaux-style Red Blend'],France,Bordeaux,['Premieres Côtes de Bordeaux']
4712,Château Lagarère,87.0,,87.0,,1,1,['Bordeaux-style Red Blend'],France,Bordeaux,['Bordeaux']
4713,Château Lagrange,92.7,53.2,93.0,45.0,17,2,"['Bordeaux-style Red Blend', 'Bordeaux-style White Blend']",France,Bordeaux,['Saint-Julien']
4714,Château Lagrange Monbadon,88.0,14.0,88.0,14.0,1,1,['Bordeaux-style Red Blend'],France,Bordeaux,['Castillon Côtes de Bordeaux']
4715,Château Lagrave,89.0,18.0,89.0,18.0,1,1,['Bordeaux-style Red Blend'],France,Bordeaux,['Saint-Émilion']
4716,Château Lagrave Aubert,84.0,12.0,84.0,12.0,1,1,['Bordeaux-style Red Blend'],France,Bordeaux,['Castillon Côtes de Bordeaux']
4717,Château Lagrave Paran,86.0,40.0,86.0,40.0,2,1,['Bordeaux-style Red Blend'],France,Bordeaux,['Bordeaux Supérieur']
4718,Château Lagrézette,90.6,67.0,91.0,40.0,43,6,"['Malbec', 'Malbec-Merlot', 'Viognier', 'Syrah', 'Rosé', 'Red Blend']",France,Southwest France,['Cahors']
4719,Château Lajarre,85.7,21.0,86.0,15.0,3,1,['Bordeaux-style Red Blend'],France,Bordeaux,['Bordeaux Supérieur']
4720,Château Lalande Balestard,86.0,20.0,86.0,20.0,1,1,['Bordeaux-style Red Blend'],France,Bordeaux,['Bordeaux']
4721,Château Lalande Mausse,87.0,20.0,87.0,20.0,1,1,['Bordeaux-style Red Blend'],France,Bordeaux,['Fronsac']
4722,Château Lalande Méric,83.0,,83.0,,2,1,['Rosé'],France,Bordeaux,['Bordeaux Rosé']
4723,Château Lalande-Borie,90.5,21.0,91.0,21.0,13,1,['Bordeaux-style Red Blend'],France,Bordeaux,['Listrac-Médoc']
4724,Château Lalaudey,86.0,35.0,86.0,35.0,2,1,['Bordeaux-style Red Blend'],France,Bordeaux,['Moulis-en-Médoc']
4725,Château Lamarque,91.0,,91.0,,1,1,['Bordeaux-style Red Blend'],France,Bordeaux,['Haut-Médoc']
4726,Château Lamartine,91.2,22.8,91.0,22.5,13,3,"['Malbec', 'Malbec-Tannat', 'Malbec-Merlot']",France,Southwest France,['Cahors']
4727,Château Lamothe,87.9,17.0,87.0,17.0,7,2,"['Bordeaux-style White Blend', 'Bordeaux-style Red Blend']",France,Bordeaux,['Sauternes']
4728,Château Lamothe Barrau,83.0,20.0,83.0,20.0,1,1,['Bordeaux-style White Blend'],France,Bordeaux,['Bordeaux Blanc']
4729,Château Lamothe Bouscaut,90.3,45.0,90.0,45.0,3,2,"['Bordeaux-style White Blend', 'Bordeaux-style Red Blend']",France,Bordeaux,['Pessac-Léognan']
4730,Château Lamothe Castera,85.0,14.0,85.0,14.0,2,1,['Bordeaux-style Red Blend'],France,Bordeaux,['Bordeaux']
4731,Château Lamothe Despujols,91.3,,91.0,,3,1,['Bordeaux-style White Blend'],France,Bordeaux,['Sauternes']
4732,Château Lamothe Guignard,92.3,,93.0,,11,1,['Bordeaux-style White Blend'],France,Bordeaux,['Sauternes']
4733,Château Lamothe de Haux,87.4,21.3,88.0,18.0,16,3,"['Bordeaux-style White Blend', 'Sauvignon Gris', 'Bordeaux-style Red Blend']",France,Bordeaux,['Bordeaux Blanc']
4734,Château Lamothe-Bergeron,89.2,27.2,89.0,22.0,5,1,['Bordeaux-style Red Blend'],France,Bordeaux,['Haut-Médoc']
4735,Château Lamothe-Cissac,89.3,28.3,89.5,26.0,10,1,['Bordeaux-style Red Blend'],France,Bordeaux,['Haut-Médoc']
4736,Château Lamothe-Vincent,86.5,13.5,87.0,13.0,33,5,"['Merlot', 'Bordeaux-style White Blend', 'Bordeaux-style Red Blend', 'Rosé', 'Sauvignon Blanc']",France,Bordeaux,['Bordeaux Supérieur']
4737,Château Lamour,87.5,20.7,87.5,20.0,4,2,"['Merlot', 'Bordeaux-style Red Blend']",France,Bordeaux,['Castillon Côtes de Bordeaux']
4738,Château Lamourette,90.0,39.0,90.0,39.0,1,1,['Bordeaux-style White Blend'],France,Bordeaux,['Sauternes']
4739,Château Lamy,86.0,10.5,86.0,10.5,2,1,['Rhône-style Red Blend'],France,Languedoc-Roussillon,['Corbières']
4740,Château Lanbersac,88.8,26.3,90.0,25.0,9,2,"['Bordeaux-style Red Blend', 'Merlot']",France,Bordeaux,['Puisseguin Saint-Émilion']
4741,Château Landat,89.1,20.7,90.0,20.0,9,1,['Bordeaux-style Red Blend'],France,Bordeaux,['Haut-Médoc']
4742,Château Lande de Bertin,85.0,,85.0,,1,1,['Bordeaux-style Red Blend'],France,Bordeaux,['Bordeaux']
4743,Château Landereau,86.8,17.7,87.5,18.0,6,3,"['Bordeaux-style Red Blend', 'Rosé', 'Bordeaux-style White Blend']",France,Bordeaux,['Bordeaux Supérieur']
4744,Château Landonnet,85.5,,85.5,,2,2,"['Bordeaux-style Red Blend', 'Bordeaux-style White Blend']",France,Bordeaux,['Côtes de Bordeaux']
4745,Château Lanessan,84.0,18.0,84.0,18.0,1,1,['Bordeaux-style Red Blend'],France,Bordeaux,['Haut-Médoc']
4746,Château Langlais,90.0,36.0,90.0,36.0,1,1,['Bordeaux-style Red Blend'],France,Bordeaux,['Puisseguin Saint-Émilion']
4747,Château Langlet,89.5,20.0,89.5,20.0,2,2,"['Sauvignon Blanc', 'Bordeaux-style Red Blend']",France,Bordeaux,['Graves']
4748,Château Langoa Barton,92.1,58.6,92.0,56.0,17,1,['Bordeaux-style Red Blend'],France,Bordeaux,['Saint-Julien']
4749,Château Langrange Monbadon,85.0,15.0,85.0,15.0,1,1,['Bordeaux-style Red Blend'],France,Bordeaux,['Castillon Côtes de Bordeaux']
4750,Château Lansac La Richarde,85.0,19.0,85.0,19.0,1,1,['Bordeaux-style Red Blend'],France,Bordeaux,['Côtes de Bourg']
4751,Château Lanscade,85.0,13.0,85.0,13.0,1,1,['Bordeaux-style Red Blend'],France,Bordeaux,['Bordeaux']
4752,Château Lapelletrie,84.0,20.0,84.0,20.0,1,1,['Bordeaux-style Red Blend'],France,Bordeaux,['Saint-Émilion']
4753,Château Lapinesse,86.8,25.5,86.5,18.0,4,2,"['Bordeaux-style Red Blend', 'Bordeaux-style White Blend']",France,Bordeaux,['Graves']
4754,Château Larcis Ducasse,90.5,,90.5,,4,1,['Bordeaux-style Red Blend'],France,Bordeaux,['Saint-Émilion']
4755,Château Laribotte,89.0,21.0,89.0,21.0,1,1,['Bordeaux-style White Blend'],France,Bordeaux,['Sauternes']
4756,Château Laride,86.0,20.0,86.0,20.0,4,1,['Bordeaux-style Red Blend'],France,Bordeaux,['Haut-Médoc']
4757,Château Larmande,90.8,27.0,91.5,27.0,6,1,['Bordeaux-style Red Blend'],France,Bordeaux,['Saint-Émilion']
4758,Château Laroche Joubert,86.0,14.0,86.0,14.0,1,1,['Bordeaux-style Red Blend'],France,Bordeaux,['Côtes de Bourg']
4759,Château Laronde Desormes,87.0,22.0,87.0,22.0,1,1,['Bordeaux-style Red Blend'],France,Bordeaux,['Bordeaux Supérieur']
4760,Château Laronde Désormes,85.5,25.0,85.5,25.0,2,1,['Bordeaux-style Red Blend'],France,Bordeaux,['Bordeaux Supérieur']
4761,Château Laroque,90.6,48.0,91.0,45.0,7,1,['Bordeaux-style Red Blend'],France,Bordeaux,['Saint-Émilion']
4762,Château Larose Perganson,90.3,35.7,91.0,40.0,3,1,['Bordeaux-style Red Blend'],France,Bordeaux,['Haut-Médoc']
4763,Château Larose Trintaudon,91.0,25.0,91.0,25.0,1,1,['Bordeaux-style Red Blend'],France,Bordeaux,['Haut-Médoc']
4764,Château Larose-Trintaudon,89.3,22.0,90.0,21.5,9,1,['Bordeaux-style Red Blend'],France,Bordeaux,['Haut-Médoc']
4765,Château Laroze,89.0,35.0,89.0,35.0,2,1,['Bordeaux-style Red Blend'],France,Bordeaux,['Saint-Émilion']
4766,Château Larrat,86.0,15.0,86.0,15.0,1,1,['Bordeaux-style Red Blend'],France,Bordeaux,['Blaye Côtes de Bordeaux']
4767,Château Larrivaux,89.5,25.8,90.0,28.0,4,1,['Bordeaux-style Red Blend'],France,Bordeaux,['Haut-Médoc']
4768,Château Larrivet Haut-Brion,90.2,39.4,91.0,35.0,24,3,"['Bordeaux-style Red Blend', 'Sauvignon Blanc', 'Bordeaux-style White Blend']",France,Bordeaux,['Pessac-Léognan']
4769,Château Larroque,85.7,13.6,86.0,14.0,15,3,"['Bordeaux-style White Blend', 'Bordeaux-style Red Blend', 'Rosé']",France,Bordeaux,['Bordeaux Blanc']
4770,Château Larteau,84.5,16.0,84.5,16.0,2,2,"['Merlot', 'Bordeaux-style Red Blend']",France,Bordeaux,['Bordeaux Supérieur']
4771,Château Lary,85.8,11.0,86.0,11.0,4,2,"['Bordeaux-style White Blend', 'Bordeaux-style Red Blend']",France,Bordeaux,['Bordeaux Blanc']
4772,Château Lascombes,91.5,67.6,92.0,59.0,16,1,['Bordeaux-style Red Blend'],France,Bordeaux,['Margaux']
4773,Château Lassègue,88.9,75.0,90.0,75.0,7,2,"['Bordeaux-style Red Blend', 'Rosé']",France,Bordeaux,['Saint-Émilion']
4774,Château Lastours,86.3,12.0,86.0,12.0,3,2,"['Red Blend', 'Rosé']",France,Southwest France,['Gaillac']
4775,Château Latour,94.7,691.2,95.0,456.0,22,1,['Bordeaux-style Red Blend'],France,Bordeaux,['Pauillac']
4776,Château Latour Camblanes,88.0,,88.0,,1,1,['Bordeaux-style Red Blend'],France,Bordeaux,['Côtes de Bordeaux']
4777,Château Latour à Pomerol,91.3,98.3,91.0,110.0,14,1,['Bordeaux-style Red Blend'],France,Bordeaux,['Pomerol']
4778,Château Latour-Laguens,86.3,20.0,87.0,20.0,3,2,"['Bordeaux-style White Blend', 'Bordeaux-style Red Blend']",France,Bordeaux,['Bordeaux Blanc']
4779,Château Latour-Martillac,90.9,32.0,91.0,30.0,25,2,"['Bordeaux-style White Blend', 'Bordeaux-style Red Blend']",France,Bordeaux,['Pessac-Léognan']
4780,Château Laubes,85.7,12.7,86.0,13.0,3,2,"['Bordeaux-style Red Blend', 'Bordeaux-style White Blend']",France,Bordeaux,['Bordeaux']
4781,Château Laubès,85.5,15.0,85.5,15.0,6,4,"['Bordeaux-style Red Blend', 'Sauvignon Blanc', 'Rosé', 'Bordeaux-style White Blend']",France,Bordeaux,['Bordeaux']
4782,Château Lauduc,86.4,14.5,86.0,15.0,14,3,"['Bordeaux-style White Blend', 'Rosé', 'Bordeaux-style Red Blend']",France,Bordeaux,['Bordeaux Blanc']
4783,Château Laujac,86.0,19.5,86.0,19.5,2,1,['Bordeaux-style Red Blend'],France,Bordeaux,['Médoc']
4784,Château Laulerie,86.7,15.6,86.5,14.0,18,6,"['Bordeaux-style Red Blend', 'Sauvignon Blanc', 'Rosé', 'Malbec', 'Merlot', 'Bordeaux-style White Blend']",France,Southwest France,['Montravel']
4785,Château Laur,91.0,60.0,91.0,60.0,1,1,['Malbec'],France,Southwest France,['Cahors']
4786,Château Lauretan,85.5,16.0,85.5,16.0,2,2,"['Bordeaux-style White Blend', 'Bordeaux-style Red Blend']",France,Bordeaux,['Bordeaux Blanc']
4787,Château Laurou,87.7,15.3,88.0,16.0,3,2,"['Red Blend', 'Negrette']",France,Southwest France,['Fronton']
4788,Château Lauzade,84.0,17.0,84.0,17.0,1,1,['Rosé'],France,Provence,['Côtes de Provence']
4789,Château Lauzanet,86.0,10.0,86.0,10.0,1,1,['Bordeaux-style Red Blend'],France,Bordeaux,['Bordeaux']
4790,Château Lavergne-Dulong,87.0,15.0,87.0,15.0,1,1,['Bordeaux-style Red Blend'],France,Bordeaux,['Bordeaux Supérieur']
4791,Château Laville,85.0,16.5,85.0,16.5,2,2,"['Rosé', 'Bordeaux-style Red Blend']",France,Bordeaux,['Bordeaux Rosé']
4792,Château Laville Haut-Brion,93.7,357.5,93.0,357.5,7,1,['Bordeaux-style White Blend'],France,Bordeaux,['Pessac-Léognan']
4793,Château Lavillotte,84.0,,84.0,,1,1,['Bordeaux-style Red Blend'],France,Bordeaux,['Saint-Estèphe']
4794,Château Le Bocage,87.0,12.0,87.0,12.0,1,1,['Bordeaux-style Red Blend'],France,Bordeaux,['Bordeaux Supérieur']
4795,Château Le Boscq,91.2,44.7,91.5,42.0,8,1,['Bordeaux-style Red Blend'],France,Bordeaux,['Saint-Estèphe']
4796,Château Le Bourdieu,84.0,20.0,84.0,20.0,3,1,['Bordeaux-style Red Blend'],France,Bordeaux,['Médoc']
4797,Château Le Cap,88.5,17.0,88.5,17.0,2,1,['Bordeaux-style Red Blend'],France,Bordeaux,['Blaye Côtes de Bordeaux']
4798,Château Le Clou du Pin,88.0,17.0,88.0,17.0,1,1,['Bordeaux-style Red Blend'],France,Bordeaux,['Bordeaux']
4799,Château Le Crock,92.9,31.0,93.0,34.0,7,1,['Bordeaux-style Red Blend'],France,Bordeaux,['Saint-Estèphe']
4800,Château Le Giron,88.0,12.0,88.0,12.0,1,1,['Bordeaux-style White Blend'],France,Bordeaux,['Bordeaux Blanc']
4801,Château Le Grand Moulin,83.0,13.0,83.0,13.0,1,1,['Bordeaux-style Red Blend'],France,Bordeaux,['Blaye Côtes de Bordeaux']
4802,Château Le Pin de Belcier,88.0,91.0,88.0,91.0,1,1,['Bordeaux-style Red Blend'],France,Bordeaux,['Castillon Côtes de Bordeaux']
4803,Château Le Prieuré de Bellegarde,85.0,15.0,85.0,15.0,1,1,['Bordeaux-style Red Blend'],France,Bordeaux,['Côtes de Bourg']
4804,Château Leboscq,86.3,17.6,87.0,18.0,9,1,['Bordeaux-style Red Blend'],France,Bordeaux,['Médoc']
4805,Château Lecusse,87.5,13.5,87.5,13.5,2,1,['Red Blend'],France,Southwest France,['Gaillac']
4806,Château Les Bertrands,86.8,27.3,86.5,30.0,4,2,"['Bordeaux-style Red Blend', 'Bordeaux-style White Blend']",France,Bordeaux,['Blaye Côtes de Bordeaux']
4807,Château Les Carmes Haut-Brion,90.3,,91.0,,9,1,['Bordeaux-style Red Blend'],France,Bordeaux,['Pessac-Léognan']
4808,Château Les Charmes Godard,85.0,22.0,85.0,22.0,1,1,['Bordeaux-style White Blend'],France,Bordeaux,['Francs Côtes de Bordeaux']
4809,Château Les Combes,89.0,15.0,89.0,15.0,2,1,['Bordeaux-style White Blend'],France,Bordeaux,['Bordeaux Blanc']
4810,Château Les Gatines,88.0,28.0,88.0,28.0,1,1,['Bordeaux-style Red Blend'],France,Bordeaux,['Blaye Côtes de Bordeaux']
4811,Château Les Grands Maréchaux,87.5,13.5,87.5,13.5,2,1,['Bordeaux-style Red Blend'],France,Bordeaux,['Blaye Côtes de Bordeaux']
4812,Château Les Gravières de la Brandille,87.0,21.0,89.0,18.0,3,1,['Bordeaux-style Red Blend'],France,Bordeaux,['Bordeaux Supérieur']
4813,Château Les Hauts de Palette,87.6,17.5,88.0,17.5,5,3,"['Rosé', 'Bordeaux-style Red Blend', 'Bordeaux-style White Blend']",France,Bordeaux,['Bordeaux Rosé']
4814,Château Les Martins,87.0,13.0,87.0,13.0,1,1,['Bordeaux-style Red Blend'],France,Bordeaux,['Blaye Côtes de Bordeaux']
4815,Château Les Palais,86.0,12.0,86.0,12.0,2,1,['Rhône-style Red Blend'],France,Languedoc-Roussillon,['Corbières']
4816,Château Les Petits,83.0,15.0,83.0,15.0,1,1,['Bordeaux-style Red Blend'],France,Bordeaux,['Blaye Côtes de Bordeaux']
4817,Château Les Petits Arnaud,87.3,15.0,89.0,14.0,3,1,['Bordeaux-style Red Blend'],France,Bordeaux,['Blaye Côtes de Bordeaux']
4818,Château Les Rochers Mirande,83.0,18.0,83.0,18.0,1,1,['Red Blend'],France,Bordeaux,['Montagne-Saint-Émilion']
4819,Château Les Trois Manoirs,89.0,22.0,89.0,22.0,4,1,['Bordeaux-style Red Blend'],France,Bordeaux,['Médoc']
4820,Château Lescalle,87.8,19.0,88.0,20.0,4,1,['Bordeaux-style Red Blend'],France,Bordeaux,['Bordeaux Supérieur']
4821,Château Lestage,89.0,25.3,89.0,25.0,7,1,['Bordeaux-style Red Blend'],France,Bordeaux,['Listrac-Médoc']
4822,Château Lestage Simon,89.0,31.3,89.0,30.0,8,1,['Bordeaux-style Red Blend'],France,Bordeaux,['Haut-Médoc']
4823,Château Lestrille,84.0,11.0,84.0,11.0,2,2,"['Bordeaux-style White Blend', 'Bordeaux-style Red Blend']",France,Bordeaux,['Entre-Deux-Mers']
4824,Château Lestrille Capmartin,89.3,16.5,90.0,16.5,3,2,"['Bordeaux-style Red Blend', 'Bordeaux-style White Blend']",France,Bordeaux,['Bordeaux Supérieur']
4825,Château Lestruelle,89.0,20.0,90.0,20.0,3,2,"['Bordeaux-style Red Blend', 'Bordeaux-style White Blend']",France,Bordeaux,['Médoc']
4826,Château Lieujean,87.2,20.3,87.5,20.0,10,1,['Bordeaux-style Red Blend'],France,Bordeaux,['Haut-Médoc']
4827,Château Lilian Ladouys,90.8,24.8,91.0,23.5,10,1,['Bordeaux-style Red Blend'],France,Bordeaux,['Saint-Estèphe']
4828,Château Liversan,88.9,22.4,90.0,20.0,13,1,['Bordeaux-style Red Blend'],France,Bordeaux,['Haut-Médoc']
4829,Château Loirac,85.0,,85.0,,1,1,['Bordeaux-style Red Blend'],France,Bordeaux,['Médoc']
4830,Château Los Boldos,86.6,21.1,87.0,17.0,13,7,"['Syrah', 'Red Blend', 'Carmenère', 'Cabernet Sauvignon-Merlot', 'Cabernet Sauvignon', 'Chardonnay', 'Merlot']",Chile,Cachapoal Valley,[]
4831,Château Los Boldos,84.7,15.7,84.0,13.5,6,3,"['Cabernet Sauvignon', 'Sauvignon Blanc', 'Chardonnay']",Chile,Rapel Valley,[]
4832,Château Los Boldos,85.8,17.7,86.0,13.5,6,4,"['Cabernet Sauvignon', 'Merlot', 'Chardonnay', 'Cabernet Sauvignon-Merlot']",Chile,Requinoa,[]
4833,Château Loudenne,86.8,29.0,87.0,29.0,4,2,"['Bordeaux-style Red Blend', 'Bordeaux-style White Blend']",France,Bordeaux,['Médoc']
4834,Château Louis,91.5,,91.5,,2,1,['Bordeaux-style Red Blend'],France,Bordeaux,['Saint-Émilion']
4835,Château Loumelat,87.2,14.0,87.0,13.0,4,3,"['Bordeaux-style Red Blend', 'Sauvignon Blanc', 'Bordeaux-style White Blend']",France,Bordeaux,['Bordeaux']
4836,Château Lousteauneuf,87.5,20.7,88.0,18.0,4,1,['Bordeaux-style Red Blend'],France,Bordeaux,['Médoc']
4837,Château Loyasson,85.0,13.0,85.0,13.0,1,1,['Bordeaux-style Red Blend'],France,Bordeaux,['Bordeaux']
4838,Château Luchey-Halde,87.2,45.0,86.5,45.0,4,2,"['Bordeaux-style Red Blend', 'Bordeaux-style White Blend']",France,Bordeaux,['Pessac-Léognan']
4839,Château Lussan,85.0,11.0,85.0,11.0,1,1,['Bordeaux-style Red Blend'],France,Bordeaux,['Bordeaux']
4840,Château Lynch-Bages,93.9,100.1,94.0,85.0,18,2,"['Bordeaux-style Red Blend', 'Bordeaux-style White Blend']",France,Bordeaux,['Pauillac']
4841,Château Lynch-Moussas,90.5,55.0,91.0,53.0,15,1,['Bordeaux-style Red Blend'],France,Bordeaux,['Pauillac']
4842,Château Lynsolence,90.0,,90.0,,2,1,['Bordeaux-style Red Blend'],France,Bordeaux,['Saint-Émilion']
4843,Château Lyonnat,90.5,37.5,90.5,37.5,2,1,['Bordeaux-style Red Blend'],France,Bordeaux,['Lussac Saint-Émilion']
4844,Château Lécuyer,90.7,57.0,91.0,58.0,3,1,['Bordeaux-style Red Blend'],France,Bordeaux,['Pomerol']
4845,Château Léo de Prades,85.0,,85.0,,1,1,['Bordeaux-style Red Blend'],France,Bordeaux,['Saint-Estèphe']
4846,Château Léognan,89.7,55.0,89.0,55.0,3,1,['Bordeaux-style Red Blend'],France,Bordeaux,['Pessac-Léognan']
4847,Château Léon,87.7,22.7,87.5,21.5,6,3,"['Rosé', 'Bordeaux-style Red Blend', 'Merlot']",France,Bordeaux,['Bordeaux Rosé']
4848,Château Léoube,87.0,35.0,87.0,35.0,1,1,['Sparkling Blend'],France,France Other,['Vin Mousseux']
4849,Château Léoube,89.4,29.9,90.0,27.0,17,2,"['Rosé', 'Rhône-style Red Blend']",France,Provence,['Côtes de Provence La Londe']
4850,Château Léoville Barton,95.6,104.4,95.0,102.5,17,1,['Bordeaux-style Red Blend'],France,Bordeaux,['Saint-Julien']
4851,Château Léoville Las Cases,93.7,161.4,94.0,155.0,29,1,['Bordeaux-style Red Blend'],France,Bordeaux,['Saint-Julien']
4852,Château Léoville Poyferré,94.2,110.2,94.0,86.0,17,1,['Bordeaux-style Red Blend'],France,Bordeaux,['Saint-Julien']
4853,Château Lézin,87.0,12.0,87.0,12.0,1,1,['Bordeaux-style Red Blend'],France,Bordeaux,['Bordeaux Supérieur']
4854,Château Macalan,86.0,9.0,86.0,9.0,1,1,['Bordeaux-style Red Blend'],France,Bordeaux,['Bordeaux Supérieur']
4855,Château Macquin,87.0,20.0,87.0,20.0,1,1,['Bordeaux-style Red Blend'],France,Bordeaux,['Saint-Georges-Saint-Émilion']
4856,Château Magdelaine,92.0,57.5,92.5,57.5,10,1,['Bordeaux-style Red Blend'],France,Bordeaux,['Saint-Émilion']
4857,Château Magdeleine Bouhou,89.5,20.5,89.5,20.5,2,1,['Bordeaux-style Red Blend'],France,Bordeaux,['Blaye Côtes de Bordeaux']
4858,Château Magnan-Figeac,87.7,39.5,88.0,39.5,3,1,['Bordeaux-style Red Blend'],France,Bordeaux,['Saint-Émilion']
4859,Château Magneau,89.7,17.5,90.0,17.5,3,2,"['Bordeaux-style Red Blend', 'Bordeaux-style White Blend']",France,Bordeaux,['Graves']
4860,Château Magnol,87.5,22.9,88.0,25.0,11,2,"['Bordeaux-style Red Blend', 'Bordeaux-style White Blend']",France,Bordeaux,['Haut-Médoc']
4861,Château Magondeau,86.5,19.3,87.5,22.0,4,3,"['Bordeaux-style White Blend', 'Bordeaux-style Red Blend', 'Rosé']",France,Bordeaux,['Bordeaux Blanc']
4862,Château Maine d'Arman,87.0,13.0,87.0,13.0,1,1,['Bordeaux-style Red Blend'],France,Bordeaux,['Côtes de Bourg']
4863,Château Maine-Gazin,81.0,17.0,81.0,17.0,1,1,['Bordeaux-style Red Blend'],France,Bordeaux,['Bordeaux']
4864,Château Maison Blanche,86.0,30.0,86.0,30.0,2,1,['Bordeaux-style Red Blend'],France,Bordeaux,['Médoc']
4865,Château Maison Neuve,86.0,22.0,86.0,22.0,2,2,"['Bordeaux-style White Blend', 'Bordeaux-style Red Blend']",France,Bordeaux,['Blaye Côtes de Bordeaux']
4866,Château Maison Noble,86.2,13.2,86.0,11.5,12,4,"['Bordeaux-style White Blend', 'Bordeaux-style Red Blend', 'Rosé', 'Sauvignon Blanc']",France,Bordeaux,['Bordeaux Blanc']
4867,Château Maison Noble Saint Martin,87.3,15.0,89.0,15.0,3,1,['Bordeaux-style Red Blend'],France,Bordeaux,['Bordeaux']
4868,Château Majoureau,80.0,25.0,80.0,25.0,1,1,['Bordeaux-style Red Blend'],France,Bordeaux,['Bordeaux Supérieur']
4869,Château Majureau Sercillan,87.0,16.0,87.0,16.0,1,1,['Bordeaux-style Red Blend'],France,Bordeaux,['Bordeaux Supérieur']
4870,Château Malaire,87.0,19.0,87.0,19.0,1,1,['Bordeaux-style Red Blend'],France,Bordeaux,['Médoc']
4871,Château Malartic-Lagravière,92.4,50.7,92.0,50.0,33,2,"['Bordeaux-style White Blend', 'Bordeaux-style Red Blend']",France,Bordeaux,['Pessac-Léognan']
4872,Château Malavieille,87.5,21.5,87.5,21.5,2,2,"['Rhône-style Red Blend', 'Rhône-style White Blend']",France,Languedoc-Roussillon,['Coteaux du Languedoc']
4873,Château Malbat,86.4,20.0,86.0,15.0,5,3,"['Bordeaux-style Red Blend', 'Bordeaux-style White Blend', 'Rosé']",France,Bordeaux,['Bordeaux Supérieur']
4874,Château Malbec,87.0,15.0,87.0,15.0,1,1,['Bordeaux-style Red Blend'],France,Bordeaux,['Bordeaux']
4875,Château Malescasse,88.5,18.0,88.5,18.0,8,1,['Bordeaux-style Red Blend'],France,Bordeaux,['Haut-Médoc']
4876,Château Malescot Saint-Exupery,91.2,,91.0,,8,1,['Bordeaux-style Red Blend'],France,Bordeaux,['Margaux']
4877,Château Malherbe,87.0,20.0,87.0,20.0,1,1,['Rosé'],France,Provence,['Côtes de Provence']
4878,Château Mancèdre,88.0,60.0,88.0,60.0,3,1,['Bordeaux-style Red Blend'],France,Bordeaux,['Pessac-Léognan']
4879,Château Mangot,87.0,23.0,87.0,23.0,1,1,['Bordeaux-style Red Blend'],France,Bordeaux,['Castillon Côtes de Bordeaux']
4880,Château Manon la Lagune,89.0,18.5,89.0,18.5,2,1,['Bordeaux-style Red Blend'],France,Bordeaux,['Blaye Côtes de Bordeaux']
4881,Château Marac,85.5,14.7,85.5,15.0,4,2,"['Bordeaux-style White Blend', 'Bordeaux-style Red Blend']",France,Bordeaux,['Bordeaux Blanc']
4882,Château Marbuzet,91.0,,91.0,,3,1,['Bordeaux-style Red Blend'],France,Bordeaux,['Saint-Estèphe']
4883,Château Margaux,93.5,389.8,93.0,300.0,42,3,"['Bordeaux-style Red Blend', 'Bordeaux-style White Blend', 'Sauvignon Blanc']",France,Bordeaux,['Margaux']
4884,Château Margüi,88.8,24.5,88.5,25.0,6,2,"['Rosé', 'Red Blend']",France,Provence,['Coteaux Varois']
4885,Château Marion d'Audren,90.0,40.0,90.0,40.0,1,1,['Bordeaux-style Red Blend'],France,Bordeaux,['Lussac Saint-Émilion']
4886,Château Maris,89.3,49.3,89.0,43.5,10,6,"['Grenache', 'Syrah', 'Carignan', 'Red Blend', 'Grenache Gris', 'Rosé']",France,Languedoc-Roussillon,['Minervois La Liviniere']
4887,Château Marjosse,85.5,12.5,85.5,12.5,2,2,"['Bordeaux-style White Blend', 'Bordeaux-style Red Blend']",France,Bordeaux,['Bordeaux Blanc']
4888,Château Marot,84.0,18.0,84.0,18.0,1,1,['Rosé'],France,Bordeaux,['Bordeaux Rosé']
4889,Château Marouïne,88.0,13.0,88.0,13.0,1,1,['Rosé'],France,Provence,['Côtes de Provence']
4890,Château Marquis d'Alesme,91.0,,91.0,,2,1,['Bordeaux-style Red Blend'],France,Bordeaux,['Margaux']
4891,Château Marquis de Terme,89.8,32.3,89.0,33.0,13,1,['Bordeaux-style Red Blend'],France,Bordeaux,['Margaux']
4892,Château Marsau,88.7,31.0,90.0,25.0,3,2,"['Bordeaux-style Red Blend', 'Merlot']",France,Bordeaux,['Blaye Côtes de Bordeaux']
4893,Château Martet,88.0,45.0,88.0,45.0,1,1,['Bordeaux-style Red Blend'],France,Bordeaux,['Sainte-Foy Bordeaux']
4894,Château Martinat,87.0,,87.0,,1,1,['Bordeaux-style Red Blend'],France,Bordeaux,['Côtes de Bourg']
4895,Château Martinens,86.5,,86.5,,2,1,['Bordeaux-style Red Blend'],France,Bordeaux,['Margaux']
4896,Château Marzelle,92.0,,92.0,,1,1,['Bordeaux-style Red Blend'],France,Bordeaux,['Pomerol']
4897,Château Maréchaux,84.5,18.0,84.5,18.0,2,1,['Bordeaux-style Red Blend'],France,Bordeaux,['Bordeaux Supérieur']
4898,Château Mas Neuf,86.0,11.3,86.0,10.0,4,3,"['Syrah', 'Rhône-style Red Blend', 'Rosé']",France,Rhône Valley,['Costières de Nîmes']
4899,Château Maubert,90.0,25.0,90.0,25.0,1,1,['Bordeaux-style Red Blend'],France,Bordeaux,['Cadillac Côtes de Bordeaux']
4900,Château Maucaillou,89.7,20.0,90.0,20.0,7,1,['Bordeaux-style Red Blend'],France,Bordeaux,['Moulis-en-Médoc']
4901,Château Maucamps,89.8,31.3,90.0,30.0,4,1,['Bordeaux-style Red Blend'],France,Bordeaux,['Haut-Médoc']
4902,Château Maucoil,90.7,59.0,91.0,47.5,6,3,"['Grenache', 'Rhône-style White Blend', 'Rhône-style Red Blend']",France,Rhône Valley,['Côtes du Rhône Villages']
4903,Château Maupague,87.4,18.9,88.0,18.5,9,1,['Rosé'],France,Provence,['Côtes de Provence Sainte-Victoire']
4904,Château Maurac,88.0,26.0,89.0,25.0,3,1,['Bordeaux-style Red Blend'],France,Bordeaux,['Haut-Médoc']
4905,Château Mauvesin Barton,90.7,31.3,91.0,22.0,3,1,['Bordeaux-style Red Blend'],France,Bordeaux,['Moulis-en-Médoc']
4906,Château Maylandie,89.5,,89.5,,2,2,"['Rhône-style Red Blend', 'Grenache Blanc']",France,Languedoc-Roussillon,['Corbières-Boutenac']
4907,Château Mayne Guyon,86.7,9.0,86.0,10.0,3,1,['Bordeaux-style Red Blend'],France,Bordeaux,['Blaye Côtes de Bordeaux']
4908,Château Mayne Mazerolles,88.0,9.0,88.0,9.0,1,1,['Bordeaux-style Red Blend'],France,Bordeaux,['Blaye Côtes de Bordeaux']
4909,Château Mayne Vieil,89.2,18.2,90.0,18.5,6,2,"['Bordeaux-style Red Blend', 'Merlot']",France,Bordeaux,['Fronsac']
4910,Château Mazails,85.0,15.0,85.0,15.0,1,1,['Bordeaux-style Red Blend'],France,Bordeaux,['Médoc']
4911,Château Mazeris Bellevue,87.0,,87.0,,1,1,['Bordeaux-style Red Blend'],France,Bordeaux,['Canon-Fronsac']
4912,Château Mazetier,86.0,12.0,86.0,12.0,1,1,['Bordeaux-style Red Blend'],France,Bordeaux,['Bordeaux']
4913,Château Mazeyres,85.5,33.0,85.5,33.0,2,1,['Bordeaux-style Red Blend'],France,Bordeaux,['Pomerol']
4914,Château Meillier,87.0,13.0,87.0,13.0,1,1,['Bordeaux-style Red Blend'],France,Bordeaux,['Bordeaux Supérieur']
4915,Château Merlet,88.0,10.0,88.0,10.0,2,2,"['Bordeaux-style White Blend', 'Bordeaux-style Red Blend']",France,Bordeaux,['Bordeaux Blanc']
4916,Château Metairie Neuve,83.0,25.0,83.0,25.0,1,1,['Bordeaux-style Red Blend'],France,Bordeaux,['Blaye Côtes de Bordeaux']
4917,Château Meyney,90.4,32.5,91.0,32.5,5,1,['Bordeaux-style Red Blend'],France,Bordeaux,['Saint-Estèphe']
4918,Château Meyre,87.5,26.7,87.5,25.0,4,1,['Bordeaux-style Red Blend'],France,Bordeaux,['Margaux']
4919,Château Mezain,86.0,12.0,86.0,12.5,4,1,['Bordeaux-style White Blend'],France,Bordeaux,['Bordeaux Blanc']
4920,Château Mille-Roses,88.7,57.3,89.0,62.0,3,1,['Bordeaux-style Red Blend'],France,Bordeaux,['Haut-Médoc']
4921,Château Minuty,89.6,36.8,90.0,35.0,12,1,['Rosé'],France,Provence,['Côtes de Provence']
4922,Château Mirambeau Papin,87.7,21.0,89.0,20.0,3,2,"['Petite Verdot', 'Bordeaux-style Red Blend']",France,Bordeaux,['Bordeaux Supérieur']
4923,Château Miraval,88.2,25.7,88.0,26.0,5,2,"['Rosé', 'Rhône-style Red Blend']",France,Provence,['Côtes de Provence']
4924,Château Mirefleurs,85.7,15.7,86.0,16.0,3,1,['Bordeaux-style Red Blend'],France,Bordeaux,['Bordeaux Supérieur']
4925,Château Mission Saint Vincent,88.0,17.5,88.0,17.5,2,2,"['Bordeaux-style White Blend', 'Bordeaux-style Red Blend']",France,Bordeaux,['Bordeaux Blanc']
4926,Château Monbadon,89.0,19.0,89.0,19.0,1,1,['Bordeaux-style Red Blend'],France,Bordeaux,['Castillon Côtes de Bordeaux']
4927,Château Monbousquet,90.2,80.0,90.0,80.0,5,2,"['Bordeaux-style Red Blend', 'Bordeaux-style White Blend']",France,Bordeaux,['Saint-Émilion']
4928,Château Monbrison,89.2,31.2,89.0,27.5,12,1,['Bordeaux-style Red Blend'],France,Bordeaux,['Margaux']
4929,Château Moncabrier,86.0,13.0,86.0,13.0,1,1,['Bordeaux-style Red Blend'],France,Bordeaux,['Bordeaux Supérieur']
4930,Château Moncets,90.0,25.0,90.0,25.0,3,1,['Bordeaux-style Red Blend'],France,Bordeaux,['Lalande de Pomerol']
4931,Château Monconseil Gazin,86.0,20.0,86.0,20.0,1,1,['Bordeaux-style Red Blend'],France,Bordeaux,['Blaye Côtes de Bordeaux']
4932,Château Monconseil-Gazin,85.5,18.5,85.5,18.5,2,1,['Bordeaux-style Red Blend'],France,Bordeaux,['Blaye Côtes de Bordeaux']
4933,Château Moncontour,88.8,18.2,88.0,17.0,38,3,"['Chenin Blanc', 'Sparkling Blend', 'Chenin Blanc-Chardonnay']",France,Loire Valley,['Vouvray']
4934,Château Mondésir,89.0,,89.0,,1,1,['Bordeaux-style Red Blend'],France,Bordeaux,['Blaye Côtes de Bordeaux']
4935,Château Monfort Bellevue,84.0,20.0,84.0,20.0,1,1,['Bordeaux-style Red Blend'],France,Bordeaux,['Médoc']
4936,Château Mongravey,86.6,38.2,87.0,38.5,8,1,['Bordeaux-style Red Blend'],France,Bordeaux,['Margaux']
4937,Château Monroze,85.0,,85.0,,1,1,['Bordeaux-style Red Blend'],France,Bordeaux,['Bordeaux Supérieur']
4938,Château Mont-Pérat,88.7,30.0,89.0,30.0,6,2,"['Bordeaux-style Red Blend', 'Bordeaux-style White Blend']",France,Bordeaux,['Côtes de Bordeaux']
4939,Château Mont-Redon,88.8,33.4,89.0,25.0,5,2,"['Rhône-style Red Blend', 'Rhône-style White Blend']",France,Rhône Valley,['Côtes du Rhône']
4940,Château Montaiguillon,86.0,55.0,86.0,55.0,2,1,['Bordeaux-style Red Blend'],France,Bordeaux,['Montagne-Saint-Émilion']
4941,Château Montaud,86.2,12.2,87.0,11.5,5,1,['Rosé'],France,Provence,['Côtes de Provence']
4942,Château Montcabrier,86.0,12.0,86.0,12.0,1,1,['Bordeaux-style Red Blend'],France,Bordeaux,['Bordeaux Supérieur']
4943,Château Monte Christo,86.0,,86.0,,1,1,['Bordeaux-style Red Blend'],France,Bordeaux,['Saint-Émilion']
4944,Château Montet,86.3,13.0,87.0,10.0,3,2,"['Bordeaux-style White Blend', 'Bordeaux-style Red Blend']",France,Bordeaux,['Bordeaux Blanc']
4945,Château Montlanderie,85.0,,85.0,,1,1,['Bordeaux-style Red Blend'],France,Bordeaux,['Castillon Côtes de Bordeaux']
4946,Château Montlandrie,91.0,25.0,91.0,25.0,1,1,['Merlot'],France,Bordeaux,['Castillon Côtes de Bordeaux']
4947,Château Montlau,87.0,18.5,87.0,18.5,2,1,['Bordeaux-style Red Blend'],France,Bordeaux,['Bordeaux Supérieur']
4948,Château Montlisse,85.0,40.0,85.0,40.0,1,1,['Bordeaux-style Red Blend'],France,Bordeaux,['Saint-Émilion']
4949,Château Montrose,93.5,215.0,93.5,165.0,22,1,['Bordeaux-style Red Blend'],France,Bordeaux,['Saint-Estèphe']
4950,Château Montviel,89.0,,89.0,,1,1,['Bordeaux-style Red Blend'],France,Bordeaux,['Pomerol']
4951,Château Motte Maucourt,85.0,12.0,85.0,12.0,1,1,['Bordeaux-style Red Blend'],France,Bordeaux,['Bordeaux Supérieur']
4952,Château Mougneaux,86.0,14.0,86.0,14.0,2,1,['Bordeaux-style Red Blend'],France,Bordeaux,['Bordeaux Supérieur']
4953,Château Moulin Eyquem,86.0,,86.0,,1,1,['Bordeaux-style Red Blend'],France,Bordeaux,['Côtes de Bourg']
4954,Château Moulin Haut-Laroque,84.0,35.0,84.0,35.0,1,1,['Bordeaux-style Red Blend'],France,Bordeaux,['Fronsac']
4955,Château Moulin Lafitte,84.0,25.0,84.0,25.0,1,1,['Bordeaux-style Red Blend'],France,Bordeaux,['Bordeaux']
4956,Château Moulin Saint-Georges,90.4,42.0,91.0,42.0,9,1,['Bordeaux-style Red Blend'],France,Bordeaux,['Saint-Émilion']
4957,Château Moulin de  Clotte,82.0,20.0,82.0,20.0,1,1,['Bordeaux-style Red Blend'],France,Bordeaux,['Castillon Côtes de Bordeaux']
4958,Château Moulin de Beauséjour,86.0,8.0,86.0,8.0,1,1,['Bordeaux-style Red Blend'],France,Bordeaux,['Bordeaux Supérieur']
4959,Château Moulin de Bel-Air,84.0,30.0,84.0,30.0,1,1,['Bordeaux-style Red Blend'],France,Southwest France,['Bergerac']
4960,Château Moulin de Blanchon,88.0,,88.0,,1,1,['Bordeaux-style Red Blend'],France,Bordeaux,['Haut-Médoc']
4961,Château Moulin de Canhaut,85.4,27.4,86.0,25.0,7,1,['Bordeaux-style Red Blend'],France,Bordeaux,['Médoc']
4962,Château Moulin de Cassy,87.0,,87.0,,1,1,['Bordeaux-style Red Blend'],France,Bordeaux,['Médoc']
4963,Château Moulin de Clotte,86.7,17.7,87.0,18.0,3,1,['Bordeaux-style Red Blend'],France,Bordeaux,['Castillon Côtes de Bordeaux']
4964,Château Moulin de Grillet,90.0,70.0,90.0,70.0,1,1,['Bordeaux-style Red Blend'],France,Bordeaux,['Premieres Côtes de Blaye']
4965,Château Moulin de Guiet,91.0,25.0,91.0,25.0,1,1,['Bordeaux-style Red Blend'],France,Bordeaux,['Côtes de Bourg']
4966,Château Moulin de Mallet,87.0,12.0,87.0,12.0,1,1,['Bordeaux-style Red Blend'],France,Bordeaux,['Bordeaux']
4967,Château Moulin de Tricot,86.0,,86.0,,1,1,['Bordeaux-style Red Blend'],France,Bordeaux,['Margaux']
4968,Château Moulin de Vignolle,84.0,12.0,84.0,12.0,1,1,['Bordeaux-style White Blend'],France,Bordeaux,['Bordeaux Blanc']
4969,Château Moulin de la Bridane,93.0,35.0,93.0,35.0,1,1,['Bordeaux-style Red Blend'],France,Bordeaux,['Saint-Julien']
4970,Château Moulin de la Rose,92.2,101.7,92.5,105.0,4,1,['Bordeaux-style Red Blend'],France,Bordeaux,['Saint-Julien']
4971,Château Moulin du Cadet,87.0,,87.0,,1,1,['Bordeaux-style Red Blend'],France,Bordeaux,['Saint-Émilion']
4972,Château Moulin-à-Vent,86.0,,86.0,,2,1,['Bordeaux-style Red Blend'],France,Bordeaux,['Moulis-en-Médoc']
4973,Château Mouton Rothschild,92.6,366.2,92.0,260.0,31,2,"['Bordeaux-style Red Blend', 'Bordeaux-style White Blend']",France,Bordeaux,['Pauillac']
4974,Château Moya,88.7,27.3,89.0,25.0,3,1,['Bordeaux-style Red Blend'],France,Bordeaux,['Castillon Côtes de Bordeaux']
4975,Château Moyau,84.5,20.0,84.5,20.0,2,2,"['Rhône-style Red Blend', 'Rosé']",France,Languedoc-Roussillon,['Coteaux du Languedoc']
4976,Château Musar,85.6,33.0,86.0,25.5,20,3,"['White Blend', 'Red Blend', 'Rosé']",Lebanon,Bekaa Valley,[]
4977,Château Myon de l'Enclos,86.5,37.7,87.0,19.0,4,1,['Bordeaux-style Red Blend'],France,Bordeaux,['Moulis-en-Médoc']
4978,Château Mémoires,84.3,30.0,84.0,30.0,3,2,"['Sauvignon Blanc', 'Rosé']",France,Bordeaux,['Bordeaux Blanc']
4979,Château Méric,84.7,29.0,84.0,29.0,3,1,['Bordeaux-style Red Blend'],France,Bordeaux,['Médoc']
4980,Château Métairie Neuve,88.6,22.0,89.0,21.0,5,1,['Bordeaux-style Red Blend'],France,Bordeaux,['Côtes de Bourg']
4981,Château Mézain,85.0,12.0,85.0,12.0,1,1,['Bordeaux-style Red Blend'],France,Bordeaux,['Bordeaux']
4982,Château Nairac,90.5,,90.0,,14,1,['Bordeaux-style White Blend'],France,Bordeaux,['Barsac']
4983,Château Nardou,88.0,17.7,89.0,19.0,3,1,['Bordeaux-style Red Blend'],France,Bordeaux,['Côtes de Bordeaux']
4984,Château Naudeau,85.0,10.0,85.0,10.0,1,1,['Bordeaux-style White Blend'],France,Bordeaux,['Entre-Deux-Mers']
4985,Château Nenin,89.7,35.3,90.0,39.0,20,1,['Bordeaux-style Red Blend'],France,Bordeaux,['Pomerol']
4986,Château Nicot,85.7,12.3,86.0,12.0,3,2,"['Bordeaux-style Red Blend', 'Bordeaux-style White Blend']",France,Bordeaux,['Bordeaux']
4987,Château Noaillac,87.0,19.0,87.0,19.0,1,1,['Bordeaux-style Red Blend'],France,Bordeaux,['Médoc']
4988,Château Noblet,85.8,14.8,86.0,17.0,5,1,['Bordeaux-style Red Blend'],France,Bordeaux,['Côtes de Bourg']
4989,Château Notre Dame de Salagou,84.0,,84.0,,1,1,['Red Blend'],France,Languedoc-Roussillon,['Coteaux du Languedoc']
4990,Château Notre Dame du Quatourze,83.0,16.0,83.0,16.0,1,1,['Rosé'],France,Languedoc-Roussillon,['Languedoc']
4991,Château Nozières,88.7,22.6,90.0,14.5,10,2,"['Malbec-Merlot', 'Malbec']",France,Southwest France,['Cahors']
4992,Château Noël Les Charmes,89.0,16.0,89.0,16.0,1,1,['Bordeaux-style Red Blend'],France,Bordeaux,['Blaye Côtes de Bordeaux']
4993,Château Nénine,83.0,,83.0,,1,1,['Bordeaux-style Red Blend'],France,Bordeaux,['Cadillac Côtes de Bordeaux']
4994,Château Olivier,91.0,40.4,92.0,35.0,24,2,"['Bordeaux-style White Blend', 'Bordeaux-style Red Blend']",France,Bordeaux,['Pessac-Léognan']
4995,Château Ollieux Romanis,88.0,21.4,88.0,17.0,7,3,"['Rhône-style Red Blend', 'Rhône-style White Blend', 'Rosé']",France,Languedoc-Roussillon,['Corbières']
4996,Château Ormes de Pez,92.0,28.0,91.0,28.0,3,1,['Bordeaux-style Red Blend'],France,Bordeaux,['Saint-Estèphe']
4997,Château Pabus,85.0,65.0,85.0,65.0,1,1,['Bordeaux-style Red Blend'],France,Bordeaux,['Bordeaux Supérieur']
4998,Château Pailhas,89.5,35.0,89.5,35.0,2,1,['Bordeaux-style Red Blend'],France,Bordeaux,['Saint-Émilion']
4999,Château Palmer,94.0,196.0,94.0,120.0,27,1,['Bordeaux-style Red Blend'],France,Bordeaux,['Margaux']
5000,Château Paloumey,90.3,25.1,90.0,21.5,9,1,['Bordeaux-style Red Blend'],France,Bordeaux,['Haut-Médoc']
5001,Château Panchille,86.3,16.7,86.0,15.0,3,2,"['Bordeaux-style White Blend', 'Bordeaux-style Red Blend']",France,Bordeaux,['Bordeaux Blanc']
5002,Château Pape Clément,92.4,135.0,93.0,135.0,29,2,"['Bordeaux-style Red Blend', 'Bordeaux-style White Blend']",France,Bordeaux,['Pessac-Léognan']
5003,Château Paradis,88.9,24.3,89.0,22.0,10,4,"['Rosé', 'White Blend', 'Red Blend', 'Provence white blend']",France,Provence,"[""Coteaux d'Aix-en-Provence""]"
5004,Château Pas du Cerf,87.6,17.9,88.0,16.0,7,1,['Rosé'],France,Provence,['Côtes de Provence La Londe']
5005,Château Pasquet,84.0,16.0,84.0,16.0,1,1,['Bordeaux-style Red Blend'],France,Bordeaux,['Bordeaux']
5006,Château Patache d'Aux,86.4,21.5,87.0,20.0,12,1,['Bordeaux-style Red Blend'],France,Bordeaux,['Médoc']
5007,Château Paveil de Luze,88.6,30.3,88.0,30.0,7,1,['Bordeaux-style Red Blend'],France,Bordeaux,['Margaux']
5008,Château Pavie,93.2,270.0,93.0,250.0,13,1,['Bordeaux-style Red Blend'],France,Bordeaux,['Saint-Émilion']
5009,Château Pavie Decesse,93.0,,93.0,,2,1,['Bordeaux-style Red Blend'],France,Bordeaux,['Saint-Émilion']
5010,Château Pavie Macquin,92.6,95.0,92.0,80.0,11,1,['Bordeaux-style Red Blend'],France,Bordeaux,['Saint-Émilion']
5011,Château Pavillon Bel-Air,90.0,37.0,90.0,37.0,1,1,['Bordeaux-style Red Blend'],France,Bordeaux,['Lalande de Pomerol']
5012,Château Pavillon de Boyrein,85.0,11.0,85.0,11.0,1,1,['Bordeaux-style Red Blend'],France,Bordeaux,['Graves']
5013,Château Pedesclaux,91.0,,91.0,,1,1,['Bordeaux-style Red Blend'],France,Bordeaux,['Pauillac']
5014,Château Peneau,87.0,14.5,87.0,14.5,2,2,"['Bordeaux-style White Blend', 'Bordeaux-style Red Blend']",France,Bordeaux,['Bordeaux Blanc']
5015,Château Penin,86.4,17.9,86.5,18.0,16,5,"['Bordeaux-style White Blend', 'Merlot', 'Bordeaux-style Red Blend', 'Rosé', 'Cabernet Franc']",France,Bordeaux,['Bordeaux Blanc']
5016,Château Perron,86.0,,86.0,,2,2,"['Bordeaux-style White Blend', 'Bordeaux-style Red Blend']",France,Bordeaux,['Graves']
5017,Château Perthus,87.0,19.0,87.0,19.0,2,1,['Bordeaux-style Red Blend'],France,Bordeaux,['Côtes de Bourg']
5018,Château Pesquié,90.5,25.0,90.5,25.0,2,2,"['Rhône-style White Blend', 'Rhône-style Red Blend']",France,Rhône Valley,['Ventoux']
5019,Château Petit Moulin,88.0,12.0,88.0,12.0,2,2,"['Rosé', 'Bordeaux-style White Blend']",France,Bordeaux,['Bordeaux Rosé']
5020,Château Petit Village,89.0,,89.0,,1,1,['Bordeaux-style Red Blend'],France,Bordeaux,['Pomerol']
5021,Château Petit-Freylon,87.2,15.7,87.0,14.5,6,2,"['Bordeaux-style Red Blend', 'Bordeaux-style White Blend']",France,Bordeaux,['Bordeaux Supérieur']
5022,Château Petit-Village,91.7,,92.0,,9,1,['Bordeaux-style Red Blend'],France,Bordeaux,['Pomerol']
5023,Château Peugeais,88.2,15.8,88.5,16.0,4,1,['Bordeaux-style Red Blend'],France,Bordeaux,['Côtes de Bourg']
5024,Château Peuy Saincrit,86.0,15.0,86.0,15.0,2,1,['Bordeaux-style Red Blend'],France,Bordeaux,['Bordeaux Supérieur']
5025,Château Pey La Tour,85.0,14.0,85.0,14.0,1,1,['Bordeaux-style Red Blend'],France,Bordeaux,['Bordeaux']
5026,Château Pey de Faure,84.0,12.0,84.0,12.0,1,1,['Bordeaux-style Red Blend'],France,Bordeaux,['Bordeaux Supérieur']
5027,Château Pey de Pont,91.0,19.0,91.0,19.0,1,1,['Bordeaux-style Red Blend'],France,Bordeaux,['Médoc']
5028,Château Pey la Tour,87.0,15.4,87.0,14.5,10,2,"['Rosé', 'Bordeaux-style Red Blend']",France,Bordeaux,['Bordeaux Rosé']
5029,Château Peychaud,88.0,15.5,88.0,15.5,2,1,['Bordeaux-style Red Blend'],France,Bordeaux,['Côtes de Bourg']
5030,Château Peyfaures,87.0,25.0,87.0,25.0,2,1,['Bordeaux-style Red Blend'],France,Bordeaux,['Bordeaux Supérieur']
5031,Château Peymouton,90.5,28.0,90.5,28.0,2,1,['Bordeaux-style Red Blend'],France,Bordeaux,['Saint-Émilion']
5032,Château Peynaud-Bagnac,89.0,10.0,89.0,10.0,1,1,['Bordeaux-style Red Blend'],France,Bordeaux,['Bordeaux']
5033,Château Peyrabon,89.5,17.0,89.0,17.0,8,1,['Bordeaux-style Red Blend'],France,Bordeaux,['Haut-Médoc']
5034,Château Peyredon Lagravette,87.4,25.8,88.0,25.0,5,1,['Bordeaux-style Red Blend'],France,Bordeaux,['Haut-Médoc']
5035,Château Peyredoulle,88.0,14.5,88.0,14.5,2,1,['Bordeaux-style Red Blend'],France,Bordeaux,['Blaye Côtes de Bordeaux']
5036,Château Peyrefaure,87.0,,87.0,,1,1,['Bordeaux-style Red Blend'],France,Bordeaux,['Blaye Côtes de Bordeaux']
5037,Château Peyros,91.1,20.4,92.0,15.5,16,3,"['Tannat-Cabernet', 'Tannat-Cabernet Franc', 'Tannat']",France,Southwest France,['Madiran']
5038,Château Philippe-le-Hardi,87.5,31.4,87.0,31.0,20,2,"['Chardonnay', 'Pinot Noir']",France,Burgundy,['Mercurey']
5039,Château Phélan-Ségur,90.2,33.1,90.0,33.0,21,1,['Bordeaux-style Red Blend'],France,Bordeaux,['Saint-Estèphe']
5040,Château Pibran,90.5,33.5,90.5,33.5,10,1,['Bordeaux-style Red Blend'],France,Bordeaux,['Pauillac']
5041,Château Pichon Longueville,93.5,111.7,93.0,100.0,21,1,['Bordeaux-style Red Blend'],France,Bordeaux,['Pauillac']
5042,Château Pichon Longueville Comtesse de Lalande,94.1,162.0,94.0,138.5,17,1,['Bordeaux-style Red Blend'],France,Bordeaux,['Pauillac']
5043,Château Picoron,88.7,18.0,88.0,18.0,3,1,['Bordeaux-style Red Blend'],France,Bordeaux,['Castillon Côtes de Bordeaux']
5044,Château Picque Caillou,90.1,33.5,91.0,35.0,16,2,"['Bordeaux-style White Blend', 'Bordeaux-style Red Blend']",France,Bordeaux,['Pessac-Léognan']
5045,Château Pierhem,89.5,83.0,89.5,83.0,2,1,['Bordeaux-style Red Blend'],France,Bordeaux,['Pomerol']
5046,Château Pierrail,87.0,19.4,86.0,15.0,5,2,"['Bordeaux-style White Blend', 'Bordeaux-style Red Blend']",France,Bordeaux,['Bordeaux Blanc']
5047,Château Pierre de Montignac,87.5,21.7,87.5,25.0,4,1,['Bordeaux-style Red Blend'],France,Bordeaux,['Médoc']
5048,Château Pierre-Bise,93.7,42.0,93.0,36.0,3,1,['Chenin Blanc'],France,Loire Valley,['Quarts de Chaume']
5049,Château Pierrousselle,86.0,15.0,86.0,15.0,1,1,['Bordeaux-style Red Blend'],France,Bordeaux,['Bordeaux']
5050,Château Pigoudet,87.2,16.2,87.5,15.0,4,1,['Rosé'],France,Provence,"[""Coteaux d'Aix-en-Provence""]"
5051,Château Pilet,87.0,18.0,87.0,15.0,14,3,"['Bordeaux-style White Blend', 'Rosé', 'Bordeaux-style Red Blend']",France,Bordeaux,['Bordeaux Blanc']
5052,Château Pillebois,87.7,21.3,87.0,21.0,3,1,['Bordeaux-style Red Blend'],France,Bordeaux,['Castillon Côtes de Bordeaux']
5053,Château Pimpine,85.0,,85.0,,1,1,['Bordeaux-style Red Blend'],France,Bordeaux,['Bordeaux Côtes de Francs ']
5054,Château Pindefleurs,86.5,28.0,86.5,28.0,2,1,['Bordeaux-style Red Blend'],France,Bordeaux,['Saint-Émilion']
5055,Château Pineraie,90.0,,90.0,,1,1,['Malbec'],France,Southwest France,['Cahors']
5056,Château Pins des Dunes,85.0,,85.0,,1,1,['Rosé'],France,Bordeaux,['Bordeaux Rosé']
5057,Château Pipeau,84.0,32.0,84.0,32.0,1,1,['Bordeaux-style Red Blend'],France,Bordeaux,['Saint-Émilion']
5058,Château Piron,85.0,28.0,85.0,28.0,1,1,['Bordeaux-style Red Blend'],France,Bordeaux,['Montagne-Saint-Émilion']
5059,Château Plaisance,88.0,22.1,88.0,24.0,8,2,"['Bordeaux-style Red Blend', 'Bordeaux-style White Blend']",France,Bordeaux,['Montagne-Saint-Émilion']
5060,Château Plaisance,87.0,20.0,87.5,20.0,4,3,"['Negrette', 'Red Blend', 'Rosé']",France,Southwest France,['Fronton']
5061,Château Plantier Rose,85.0,,85.0,,1,1,['Bordeaux-style Red Blend'],France,Bordeaux,['Saint-Estèphe']
5062,Château Platon,89.0,16.0,89.0,16.0,1,1,['Bordeaux-style White Blend'],France,Bordeaux,['Bordeaux Blanc']
5063,Château Plince,88.1,49.0,88.0,49.0,9,1,['Bordeaux-style Red Blend'],France,Bordeaux,['Pomerol']
5064,Château Poitevin,87.2,19.8,87.0,20.0,5,1,['Bordeaux-style Red Blend'],France,Bordeaux,['Médoc']
5065,Château Pomeys,88.0,20.0,86.0,20.0,3,1,['Bordeaux-style Red Blend'],France,Bordeaux,['Moulis-en-Médoc']
5066,Château Pomys,88.0,,88.0,,1,1,['Bordeaux-style Red Blend'],France,Bordeaux,['Haut-Médoc']
5067,Château Pontac Monplaisir,92.0,33.0,92.0,33.0,1,1,['Bordeaux-style Red Blend'],France,Bordeaux,['Pessac-Léognan']
5068,Château Pontac-Lynch,90.0,,90.0,,4,1,['Bordeaux-style Red Blend'],France,Bordeaux,['Margaux']
5069,Château Pontet-Canet,94.2,90.7,94.0,100.0,18,1,['Bordeaux-style Red Blend'],France,Bordeaux,['Pauillac']
5070,Château Pontoise Cabarrus,90.3,18.0,90.0,18.0,3,1,['Bordeaux-style Red Blend'],France,Bordeaux,['Haut-Médoc']
5071,Château Ponzac,89.7,29.4,90.0,23.0,10,1,['Malbec'],France,Southwest France,['Cahors']
5072,Château Portillon,86.0,14.0,86.0,14.0,1,1,['Bordeaux-style Red Blend'],France,Bordeaux,['Bordeaux']
5073,Château Potelle,90.1,47.6,91.5,45.0,20,7,"['Syrah', 'Cabernet Sauvignon', 'White Blend', 'Sauvignon Blanc', 'Chardonnay', 'Red Blend', 'Zinfandel']",US,California,"['Mount Veeder', 'Napa']"
5074,Château Potensac,89.9,23.7,90.0,25.0,24,1,['Bordeaux-style Red Blend'],France,Bordeaux,['Médoc']
5075,Château Poujeaux,90.8,25.0,91.0,25.0,10,1,['Bordeaux-style Red Blend'],France,Bordeaux,['Moulis-en-Médoc']
5076,Château Preuillac,90.4,29.4,90.5,30.0,8,1,['Bordeaux-style Red Blend'],France,Bordeaux,['Médoc']
5077,Château Prieuré Borde-Rouge,89.0,16.0,89.0,16.0,1,1,['Rhône-style Red Blend'],France,Languedoc-Roussillon,['Corbières']
5078,Château Prieuré-Lichine,91.3,54.3,91.0,48.0,17,1,['Bordeaux-style Red Blend'],France,Bordeaux,['Margaux']
5079,Château Prieuré-les-Tours,88.0,16.0,88.0,16.0,1,1,['Bordeaux-style White Blend'],France,Bordeaux,['Graves']
5080,Château Providence,92.9,169.0,93.0,169.0,10,1,['Bordeaux-style Red Blend'],France,Bordeaux,['Pomerol']
5081,Château Puech-Haut,88.5,39.5,88.5,39.5,2,1,['Rhône-style Red Blend'],France,Languedoc-Roussillon,['Coteaux du Languedoc']
5082,Château Puisseguin la Rigodrie,89.0,36.0,89.0,36.0,1,1,['Bordeaux-style Red Blend'],France,Bordeaux,['Puisseguin Saint-Émilion']
5083,Château Puy Castera,88.5,,88.5,,2,1,['Bordeaux-style Red Blend'],France,Bordeaux,['Haut-Médoc']
5084,Château Puy Marceau,85.0,14.0,85.0,14.0,1,1,['Bordeaux-style Red Blend'],France,Bordeaux,['Bordeaux']
5085,Château Puy Mouton,86.0,30.0,86.0,30.0,1,1,['Bordeaux-style Red Blend'],France,Bordeaux,['Saint-Émilion']
5086,Château Puy Rigaud,87.0,20.0,87.0,20.0,1,1,['Merlot'],France,Bordeaux,['Montagne-Saint-Émilion']
5087,Château Puy-Blanquet,87.5,,87.5,,2,1,['Bordeaux-style Red Blend'],France,Bordeaux,['Saint-Émilion']
5088,Château Puy-Servain,88.0,25.5,88.0,25.5,2,2,"['Bordeaux-style Red Blend', 'Bordeaux-style White Blend']",France,Southwest France,['Montravel']
5089,Château Puyanché,89.0,19.5,89.0,19.5,3,2,"['Bordeaux-style White Blend', 'Bordeaux-style Red Blend']",France,Bordeaux,['Francs Côtes de Bordeaux']
5090,Château Puygueraud,87.5,19.3,87.5,20.0,6,2,"['Bordeaux-style White Blend', 'Bordeaux-style Red Blend']",France,Bordeaux,['Francs Côtes de Bordeaux']
5091,Château Puynard,89.0,,89.0,,1,1,['Bordeaux-style Red Blend'],France,Bordeaux,['Blaye Côtes de Bordeaux']
5092,Château Péby Faugères,87.5,,87.5,,2,1,['Bordeaux-style Red Blend'],France,Bordeaux,['Saint-Émilion']
5093,Château Pégau,87.8,21.8,88.5,20.0,4,2,"['Rhône-style Red Blend', 'Rhône-style White Blend']",France,Rhône Valley,['Côtes du Rhône Villages']
5094,Château Périer,87.0,17.0,87.0,17.0,1,1,['Bordeaux-style Red Blend'],France,Bordeaux,['Médoc']
5095,Château Pétrus,96.4,2000.0,96.0,2000.0,11,1,['Bordeaux-style Red Blend'],France,Bordeaux,['Pomerol']
5096,Château Queyssard,85.1,13.8,85.0,13.0,7,3,"['Bordeaux-style Red Blend', 'Rosé', 'Sauvignon Blanc']",France,Bordeaux,['Bordeaux Clairet']
5097,Château Quinault L'Enclos,90.9,,91.0,,8,1,['Bordeaux-style Red Blend'],France,Bordeaux,['Saint-Émilion']
5098,Château Quinsac,89.0,15.0,89.0,15.0,1,1,['Bordeaux-style Red Blend'],France,Bordeaux,['Bordeaux Supérieur']
5099,Château Quintus,91.6,61.0,91.0,61.0,7,1,['Bordeaux-style Red Blend'],France,Bordeaux,['Saint-Émilion']
5100,Château Rabaud-Promis,91.1,,91.0,,13,1,['Bordeaux-style White Blend'],France,Bordeaux,['Sauternes']
5101,Château Rahoul,89.9,26.0,90.0,26.0,16,2,"['Bordeaux-style White Blend', 'Bordeaux-style Red Blend']",France,Bordeaux,['Graves']
5102,Château Ramafort,86.3,24.0,87.0,25.0,6,1,['Bordeaux-style Red Blend'],France,Bordeaux,['Médoc']
5103,Château Ramage la Batisse,87.2,25.7,87.5,20.0,12,2,"['Bordeaux-style Red Blend', 'Rosé']",France,Bordeaux,['Haut-Médoc']
5104,Château Rasque,90.0,,90.0,,1,1,['Rosé'],France,Provence,['Côtes de Provence']
5105,Château Rauzan Despagne,88.7,15.0,89.0,15.0,7,3,"['Rosé', 'Bordeaux-style White Blend', 'Bordeaux-style Red Blend']",France,Bordeaux,['Bordeaux Rosé']
5106,Château Rauzan-Gassies,90.1,55.5,91.0,55.5,15,1,['Bordeaux-style Red Blend'],France,Bordeaux,['Margaux']
5107,Château Rauzan-Ségla,93.8,76.0,94.0,70.0,17,1,['Bordeaux-style Red Blend'],France,Bordeaux,['Margaux']
5108,Château Raymond-Lafon,91.5,120.0,91.5,120.0,2,1,['Bordeaux-style White Blend'],France,Bordeaux,['Sauternes']
5109,Château Recougne,85.3,14.9,85.0,15.0,10,3,"['Bordeaux-style White Blend', 'Rosé', 'Bordeaux-style Red Blend']",France,Bordeaux,['Bordeaux Blanc']
5110,Château Renard,89.0,23.0,89.0,23.0,1,1,['Merlot'],France,Bordeaux,['Fronsac']
5111,Château Renard Mondesir,90.0,36.0,90.0,36.0,2,1,['Bordeaux-style Red Blend'],France,Bordeaux,['Fronsac']
5112,Château Respide-Médeville,86.0,35.0,86.0,35.0,1,1,['Bordeaux-style Red Blend'],France,Bordeaux,['Graves']
5113,Château Revelette,87.0,17.0,87.0,17.0,4,3,"['Rosé', 'White Blend', 'Red Blend']",France,Provence,"[""Coteaux d'Aix-en-Provence""]"
5114,Château Reverdi,88.7,29.7,88.0,29.0,3,1,['Bordeaux-style Red Blend'],France,Bordeaux,['Listrac-Médoc']
5115,Château Reynats,88.0,,88.0,,1,1,['Bordeaux-style Red Blend'],France,Bordeaux,['Haut-Médoc']
5116,Château Reynon,88.4,19.2,88.0,18.0,9,3,"['Bordeaux-style Red Blend', 'Bordeaux-style White Blend', 'Rosé']",France,Bordeaux,['Cadillac Côtes de Bordeaux']
5117,Château Reysson,88.2,24.2,88.5,24.0,8,1,['Bordeaux-style Red Blend'],France,Bordeaux,['Haut-Médoc']
5118,Château Ribaute,85.0,20.0,85.0,20.0,2,1,['Rosé'],France,Languedoc-Roussillon,['Corbières']
5119,Château Ricaud,89.0,15.7,88.0,14.0,3,1,['Bordeaux-style Red Blend'],France,Bordeaux,['Blaye Côtes de Bordeaux']
5120,Château Ricaudet,86.0,,86.0,,1,1,['Bordeaux-style Red Blend'],France,Bordeaux,['Médoc']
5121,Château Rieussec,93.4,50.0,93.5,50.0,12,1,['Bordeaux-style White Blend'],France,Bordeaux,['Sauternes']
5122,Château Rimauresq,88.9,21.5,89.0,21.0,8,3,"['Rosé', 'Provence red blend', 'Provence white blend']",France,Provence,['Côtes de Provence']
5123,Château Riotor,88.8,16.6,88.5,17.0,6,1,['Rosé'],France,Provence,['Côtes de Provence']
5124,Château Riotor,91.0,17.0,91.0,17.0,1,1,['Rosé'],France,Rhône Valley,['Côtes du Rhône']
5125,Château Rivensan,87.0,11.0,87.0,11.0,1,1,['Bordeaux-style Red Blend'],France,Bordeaux,['Bordeaux']
5126,Château Rives-Blanques,88.5,19.0,89.5,19.0,10,5,"['Chenin Blanc', 'Chardonnay', 'Sparkling Blend', 'Mauzac', 'White Blend']",France,Languedoc-Roussillon,['Limoux']
5127,Château Robert,90.0,65.0,90.0,65.0,2,1,['Bordeaux-style Red Blend'],France,Bordeaux,['Pomerol']
5128,Château Robin,90.0,20.0,90.0,20.0,2,1,['Bordeaux-style Red Blend'],France,Bordeaux,['Côtes de Castillon']
5129,Château Robin des Moines,88.0,23.0,88.0,23.0,1,1,['Bordeaux-style Red Blend'],France,Bordeaux,['Saint-Émilion']
5130,Château Roc Grand Antoine,83.0,,83.0,,1,1,['Bordeaux-style Red Blend'],France,Bordeaux,['Bordeaux']
5131,Château Roc Meynard,85.7,16.2,86.5,15.5,6,2,"['Bordeaux-style Red Blend', 'Bordeaux-style White Blend']",France,Bordeaux,['Bordeaux Supérieur']
5132,Château Roc Montalon,85.0,15.0,85.0,15.0,1,1,['Bordeaux-style Red Blend'],France,Bordeaux,['Bordeaux Supérieur']
5133,Château Roc Taillade,87.0,18.0,87.0,18.0,1,1,['Bordeaux-style Red Blend'],France,Bordeaux,['Médoc']
5134,Château Roc de Boissac,88.0,25.8,88.0,26.5,4,2,"['Bordeaux-style Red Blend', 'Merlot']",France,Bordeaux,['Puisseguin Saint-Émilion']
5135,Château Roc de Levraut,87.3,12.0,88.0,12.0,3,1,['Bordeaux-style Red Blend'],France,Bordeaux,['Bordeaux Supérieur']
5136,Château Roc de Minvielle,85.7,15.1,85.5,15.0,10,3,"['Bordeaux-style White Blend', 'Rosé', 'Bordeaux-style Red Blend']",France,Bordeaux,['Bordeaux Blanc']
5137,Château Roc de Ségur,85.8,10.5,86.0,10.5,4,1,['Bordeaux-style Red Blend'],France,Bordeaux,['Bordeaux']
5138,Château Roche-Lalande,86.3,39.0,86.0,39.0,3,2,"['Bordeaux-style Red Blend', 'Bordeaux-style White Blend']",France,Bordeaux,['Pessac-Léognan']
5139,Château Rochebelle,91.0,67.0,91.0,67.0,1,1,['Bordeaux-style Red Blend'],France,Bordeaux,['Saint-Émilion']
5140,Château Rocher Bellevue,86.5,16.0,86.5,16.0,2,1,['Bordeaux-style Red Blend'],France,Bordeaux,['Castillon Côtes de Bordeaux']
5141,Château Rocher Calon,88.0,20.0,88.0,20.0,1,1,['Bordeaux-style Red Blend'],France,Bordeaux,['Montagne-Saint-Émilion']
5142,Château Rocher-Bonregard,89.0,45.0,89.0,45.0,1,1,['Bordeaux-style Red Blend'],France,Bordeaux,['Pomerol']
5143,Château Rocher-Figeac,87.0,30.0,87.0,30.0,1,1,['Bordeaux-style Red Blend'],France,Bordeaux,['Saint-Émilion']
5144,Château Rodin,83.0,15.0,83.0,15.0,1,1,['Zinfandel'],US,California,"['El Dorado', 'Sierra Foothills']"
5145,Château Rol Valentin,91.5,,91.5,,2,1,['Bordeaux-style Red Blend'],France,Bordeaux,['Saint-Émilion']
5146,Château Roland-La-Garde,86.0,24.0,86.0,24.0,2,1,['Bordeaux-style Red Blend'],France,Bordeaux,['Blaye Côtes de Bordeaux']
5147,Château Rollan de By,88.9,35.4,89.0,35.0,8,2,"['Bordeaux-style Red Blend', 'Rosé']",France,Bordeaux,['Médoc']
5148,Château Rolland-Maillet,88.5,,89.0,,4,1,['Bordeaux-style Red Blend'],France,Bordeaux,['Saint-Émilion']
5149,Château Romanin,87.4,,87.0,,5,3,"['Provence red blend', 'Provence white blend', 'Red Blend']",France,Provence,['Les Baux de Provence']
5150,Château Romer,90.0,,91.0,,5,1,['Bordeaux-style White Blend'],France,Bordeaux,['Sauternes']
5151,Château Romer du Hayot,89.3,60.0,89.0,60.0,7,2,"['Bordeaux-style White Blend', 'Bordeaux-style Red Blend']",France,Bordeaux,['Sauternes']
5152,Château Roque le Mayne,90.0,25.0,90.0,25.0,1,1,['Bordeaux-style Red Blend'],France,Bordeaux,['Castillon Côtes de Bordeaux']
5153,Château Roquefeuille,88.7,26.3,90.0,25.0,3,1,['Rosé'],France,Provence,['Côtes de Provence Sainte-Victoire']
5154,Château Roquefort,86.4,20.2,86.5,20.0,14,3,"['Bordeaux-style White Blend', 'Rosé', 'Bordeaux-style Red Blend']",France,Bordeaux,['Bordeaux Blanc']
5155,Château Roques Mauriac,86.3,19.3,88.0,18.0,3,2,"['Bordeaux-style White Blend', 'Bordeaux-style Red Blend']",France,Bordeaux,['Bordeaux Blanc']
5156,Château Roquetaillade la Grange,87.8,18.3,88.5,13.0,4,2,"['Bordeaux-style White Blend', 'Bordeaux-style Red Blend']",France,Bordeaux,['Graves']
5157,Château Roquette,83.0,,83.0,,1,1,['Bordeaux-style Red Blend'],France,Bordeaux,['Bordeaux Supérieur']
5158,Château Roquevieille,87.0,18.8,88.0,18.0,8,1,['Bordeaux-style Red Blend'],France,Bordeaux,['Castillon Côtes de Bordeaux']
5159,Château Roubaud,87.3,12.3,87.0,12.0,3,2,"['Rosé', 'Rhône-style Red Blend']",France,Rhône Valley,['Costières de Nîmes']
5160,Château Roubine,88.5,23.4,88.0,23.0,19,3,"['Rosé', 'Rhône-style White Blend', 'Rhône-style Red Blend']",France,Provence,['Côtes de Provence']
5161,Château Rouget,92.0,,92.0,,1,1,['Bordeaux-style Red Blend'],France,Bordeaux,['Pomerol']
5162,Château Roullet,84.7,63.3,85.0,65.0,3,1,['Bordeaux-style Red Blend'],France,Bordeaux,['Canon-Fronsac']
5163,Château Rousset-Caillau,87.8,17.8,88.0,15.0,9,2,"['Bordeaux-style Red Blend', 'Bordeaux-style White Blend']",France,Bordeaux,['Bordeaux Supérieur']
5164,Château Roustaing,85.6,13.0,84.0,12.0,5,1,['Bordeaux-style Red Blend'],France,Bordeaux,['Bordeaux']
5165,Château Roustan,87.0,13.0,87.0,13.0,1,1,['Rosé'],France,Rhône Valley,['Costières de Nîmes']
5166,Château Routas,90.0,17.0,90.0,17.0,1,1,['Syrah'],France,France Other,['Vin de Pays de la Méditerranée']
5167,Château Routas,86.9,13.6,87.0,13.0,21,8,"['Rosé', 'White Blend', 'Syrah', 'Viognier-Chardonnay', 'Cabernet Sauvignon', 'Rhône-style Red Blend', 'Viognier', 'Provence red blend']",France,Provence,['Coteaux Varois']
5168,Château Rouzerol,86.0,13.0,86.0,13.0,1,1,['Bordeaux-style Red Blend'],France,Bordeaux,['Castillon Côtes de Bordeaux']
5169,Château Roylland,90.0,33.0,90.0,33.0,1,1,['Bordeaux-style Red Blend'],France,Bordeaux,['Saint-Émilion']
5170,Château Réal Martin,88.1,19.2,88.0,20.0,8,1,['Rosé'],France,Provence,['Côtes de Provence']
5171,Château Réal d'Or,86.5,19.5,86.5,19.5,2,1,['Rosé'],France,Provence,['Côtes de Provence']
5172,Château Réaut,87.7,28.7,88.0,28.0,3,1,['Bordeaux-style Red Blend'],France,Bordeaux,['Côtes de Bordeaux']
5173,Château Rémandine,84.0,,84.0,,1,1,['Bordeaux-style Red Blend'],France,Bordeaux,['Saint-Estèphe']
5174,Château Saincrit,88.5,24.5,88.5,24.5,2,1,['Bordeaux-style Red Blend'],France,Bordeaux,['Bordeaux Supérieur']
5175,Château Saint Ahon,89.0,32.0,89.0,32.0,2,1,['Bordeaux-style Red Blend'],France,Bordeaux,['Haut-Médoc']
5176,Château Saint Baillon,83.0,16.0,83.0,16.0,1,1,['Rosé'],France,Provence,['Côtes de Provence']
5177,Château Saint Baulery,88.0,14.0,88.0,14.0,2,1,['Rhône-style Red Blend'],France,Languedoc-Roussillon,['Saint-Chinian']
5178,Château Saint Esteve d'Uchaux,90.5,31.8,90.5,25.0,4,3,"['Rhône-style Red Blend', 'Viognier', 'Grenache-Syrah']",France,Rhône Valley,['Côtes du Rhône Villages']
5179,Château Saint Martin de la Garrigue,85.3,13.7,85.0,13.0,3,1,['Rhône-style Red Blend'],France,Languedoc-Roussillon,['Coteaux du Languedoc']
5180,Château Saint Seurin,88.0,15.0,88.0,15.0,1,1,['Bordeaux-style Red Blend'],France,Bordeaux,['Bordeaux Supérieur']
5181,Château Saint Urbain,86.0,20.0,86.0,20.0,1,1,['Bordeaux-style Red Blend'],France,Bordeaux,['Blaye Côtes de Bordeaux']
5182,Château Saint-André Corbin,90.0,25.7,90.0,25.0,3,1,['Bordeaux-style Red Blend'],France,Bordeaux,['Saint-Georges-Saint-Émilion']
5183,Château Saint-André de Figuière,89.0,,89.0,,1,1,['Provence white blend'],France,Provence,['Côtes de Provence']
5184,Château Saint-Corbian,90.0,33.5,90.0,33.5,2,1,['Bordeaux-style Red Blend'],France,Bordeaux,['Saint-Estèphe']
5185,Château Saint-Didier-Parnac,89.6,19.5,90.0,21.0,16,2,"['Malbec', 'Malbec-Merlot']",France,Southwest France,['Cahors']
5186,Château Saint-Estèphe,90.0,,90.0,,1,1,['Bordeaux-style Red Blend'],France,Bordeaux,['Saint-Estèphe']
5187,Château Saint-Florian,85.5,12.0,85.5,12.0,2,2,"['Sauvignon Blanc-Semillon', 'Cabernet Sauvignon-Merlot']",France,Bordeaux,['Bordeaux Blanc']
5188,Château Saint-Florin,86.0,12.0,86.0,12.0,2,2,"['Bordeaux-style White Blend', 'Bordeaux-style Red Blend']",France,Bordeaux,['Bordeaux Blanc']
5189,Château Saint-Germain,87.5,13.0,87.5,13.0,2,1,['Bordeaux-style Red Blend'],France,Bordeaux,['Bordeaux']
5190,Château Saint-Léon,82.0,15.0,82.0,15.0,1,1,['Bordeaux-style Red Blend'],France,Bordeaux,['Bordeaux Supérieur']
5191,Château Saint-Maur,90.7,39.7,91.0,45.0,12,3,"['Rosé', 'Provence white blend', 'Provence red blend']",France,Provence,['Côtes de Provence']
5192,Château Saint-Michel,86.2,25.0,85.0,26.0,4,1,['Bordeaux-style Red Blend'],France,Bordeaux,['Bordeaux Supérieur']
5193,Château Saint-Nabor,86.0,15.0,86.0,15.0,1,1,['Rhône-style White Blend'],France,Rhône Valley,['Côtes du Rhône']
5194,Château Saint-Nicolas,88.5,20.0,88.5,20.0,2,1,['Bordeaux-style Red Blend'],France,Bordeaux,['Premieres Côtes de Bordeaux']
5195,Château Saint-Paul,89.0,,89.0,,1,1,['Bordeaux-style Red Blend'],France,Bordeaux,['Haut-Médoc']
5196,Château Saint-Pierre,91.7,72.5,92.0,72.5,10,1,['Bordeaux-style Red Blend'],France,Bordeaux,['Saint-Julien']
5197,Château Saint-Pierre,85.0,24.0,85.0,24.0,1,1,['Sparkling Blend'],France,France Other,['Vin Mousseux']
5198,Château Saint-Pierre,88.2,15.4,89.0,15.0,5,1,['Rosé'],France,Provence,['Côtes de Provence']
5199,Château Saint-Robert,88.0,17.0,88.0,17.0,1,1,['Bordeaux-style White Blend'],France,Bordeaux,['Graves']
5200,Château Saint-Sernin,87.5,18.1,88.0,18.0,15,5,"['Malbec', 'Segalin', 'Rosé', 'Malbec-Merlot', 'Chardonnay']",France,Southwest France,['Cahors']
5201,Château Saint-Sulpice,84.5,15.0,84.5,15.0,2,1,['Bordeaux-style Red Blend'],France,Bordeaux,['Bordeaux']
5202,Château Saint-Urbain,83.5,15.0,83.5,15.0,2,1,['Bordeaux-style Red Blend'],France,Bordeaux,['Blaye Côtes de Bordeaux']
5203,Château Saint-Urban,85.5,19.5,85.5,19.5,2,1,['Bordeaux-style Red Blend'],France,Bordeaux,['Blaye Côtes de Bordeaux']
5204,Château Sainte Barbe,85.5,15.0,85.0,15.0,11,2,"['Merlot', 'Bordeaux-style Red Blend']",France,Bordeaux,['Bordeaux']
5205,Château Sainte Marguerite,89.7,27.4,91.0,27.0,15,1,['Rosé'],France,Provence,['Côtes de Provence La Londe']
5206,Château Sainte Marie,88.2,14.0,88.0,12.0,6,3,"['Bordeaux-style Red Blend', 'Bordeaux-style White Blend', 'Rosé']",France,Bordeaux,['Bordeaux Supérieur']
5207,Château Sainte Roseline,88.3,29.0,88.0,25.0,23,4,"['Rosé', 'Provence red blend', 'Rolle', 'Provence white blend']",France,Provence,['Côtes de Provence']
5208,Château Sainte-Anne,89.0,17.0,89.0,17.0,1,1,['Bordeaux-style Red Blend'],France,Bordeaux,['Bordeaux']
5209,Château Sainte-Anne,89.5,,89.5,,2,1,['Rhône-style Red Blend'],France,Provence,['Bandol']
5210,Château Sainte-Barbe,86.8,15.0,87.0,15.0,5,2,"['Bordeaux-style Red Blend', 'Merlot']",France,Bordeaux,['Bordeaux Supérieur']
5211,Château Sainte-Béatrice,87.6,14.0,87.0,13.0,5,1,['Rosé'],France,Provence,['Côtes de Provence']
5212,Château Sainte-Croix,88.0,15.0,88.0,15.0,1,1,['Rosé'],France,Provence,['Côtes de Provence']
5213,Château Sainte-Luce Bellevue,85.0,22.0,85.0,22.0,1,1,['Bordeaux-style Red Blend'],France,Bordeaux,['Blaye Côtes de Bordeaux']
5214,Château Sainte-Marguerite,91.0,30.0,91.0,30.0,1,1,['Vermentino'],France,Provence,['Côtes de Provence']
5215,Château Sainte-Marie,88.0,12.0,88.0,12.0,2,1,['Bordeaux-style Red Blend'],France,Bordeaux,['Côtes de Bordeaux']
5216,Château Saintongey,85.8,18.3,86.5,15.0,4,1,['Bordeaux-style Red Blend'],France,Bordeaux,['Bordeaux']
5217,Château Salettes,92.0,40.0,92.0,40.0,1,1,['Rhône-style Red Blend'],France,Provence,['Bandol']
5218,Château Salitis,88.0,,88.0,,1,1,['Red Blend'],France,Languedoc-Roussillon,['Cabardes']
5219,Château Sansey,85.3,11.0,84.0,11.0,3,2,"['Bordeaux-style White Blend', 'Bordeaux-style Red Blend']",France,Bordeaux,['Graves']
5220,Château Sansonnet,91.0,,91.0,,2,1,['Bordeaux-style Red Blend'],France,Bordeaux,['Saint-Émilion']
5221,Château Saransot-Dupré,87.8,32.0,88.0,25.0,6,1,['Bordeaux-style Red Blend'],France,Bordeaux,['Listrac-Médoc']
5222,Château Seguin,85.6,16.2,85.0,18.0,7,3,"['Bordeaux-style Red Blend', 'Sauvignon Blanc', 'Bordeaux-style White Blend']",France,Bordeaux,['Blaye Côtes de Bordeaux']
5223,Château Semonlon,86.0,19.0,86.0,19.0,1,1,['Bordeaux-style Red Blend'],France,Bordeaux,['Haut-Médoc']
5224,Château Sergant,87.5,31.0,87.5,31.0,2,1,['Bordeaux-style Red Blend'],France,Bordeaux,['Lalande de Pomerol']
5225,Château Siaurac,88.4,21.0,89.0,22.0,14,2,"['Bordeaux-style Red Blend', 'Merlot']",France,Bordeaux,['Lalande de Pomerol']
5226,Château Siffle Merle,85.0,,85.0,,1,1,['Bordeaux-style Red Blend'],France,Bordeaux,['Blaye Côtes de Bordeaux']
5227,Château Sigalas Rabaud,91.5,110.0,91.5,110.0,12,2,"['Bordeaux-style White Blend', 'Bordeaux-style Red Blend']",France,Bordeaux,['Sauternes']
5228,Château Signac,89.0,19.3,90.0,21.0,3,2,"['Rhône-style Red Blend', 'Rosé']",France,Rhône Valley,['Côtes du Rhône Villages']
5229,Château Simard,86.8,20.0,87.0,20.0,11,1,['Bordeaux-style Red Blend'],France,Bordeaux,['Saint-Émilion']
5230,Château Simon,91.5,53.3,91.5,40.0,4,1,['Bordeaux-style White Blend'],France,Bordeaux,['Sauternes']
5231,Château Siran,89.8,28.3,89.0,30.0,17,1,['Bordeaux-style Red Blend'],France,Bordeaux,['Margaux']
5232,Château Smith Haut Lafitte,92.4,56.1,93.0,60.0,32,3,"['Bordeaux-style White Blend', 'Bordeaux-style Red Blend', 'Rosé']",France,Bordeaux,['Pessac-Léognan']
5233,Château Sociando-Mallet,90.5,35.0,90.5,35.0,2,1,['Bordeaux-style Red Blend'],France,Bordeaux,['Haut-Médoc']
5234,Château Sorbey,88.0,15.0,88.0,15.0,1,1,['Bordeaux-style Red Blend'],France,Bordeaux,['Haut-Médoc']
5235,Château Soudars,91.0,24.0,91.0,24.0,1,1,['Bordeaux-style Red Blend'],France,Bordeaux,['Haut-Médoc']
5236,Château Soussac,85.5,17.0,85.5,17.0,2,1,['Bordeaux-style Red Blend'],France,Bordeaux,['Bordeaux Supérieur']
5237,Château Soutard,89.7,38.0,90.0,38.0,3,1,['Bordeaux-style Red Blend'],France,Bordeaux,['Saint-Émilion']
5238,Château Souverain,88.1,22.3,88.5,20.0,18,6,"['Cabernet Sauvignon', 'Merlot', 'Syrah', 'Sauvignon Blanc', 'Chardonnay', 'Zinfandel']",US,California,"['California', 'California Other']"
5239,Château St. Roch de Laurens,88.0,20.0,88.0,20.0,1,1,['Rhône-style Red Blend'],France,Languedoc-Roussillon,['Faugères']
5240,Château Suau,88.5,22.6,89.0,17.0,35,3,"['Rosé', 'Bordeaux-style White Blend', 'Bordeaux-style Red Blend']",France,Bordeaux,['Bordeaux Rosé']
5241,Château Suduiraut,93.3,61.2,93.0,54.5,19,1,['Bordeaux-style White Blend'],France,Bordeaux,['Sauternes']
5242,Château Ségonzac,87.4,13.5,87.0,13.5,5,1,['Bordeaux-style Red Blend'],France,Bordeaux,['Premieres Côtes de Blaye']
5243,Château Séguin,85.0,22.0,85.0,22.0,1,1,['Bordeaux-style Red Blend'],France,Bordeaux,['Blaye Côtes de Bordeaux']
5244,Château Ségur de Cabanac,90.3,95.0,91.0,95.0,3,1,['Bordeaux-style Red Blend'],France,Bordeaux,['Saint-Estèphe']
5245,Château Sémeillan Mazeau,85.0,30.0,85.0,30.0,1,1,['Bordeaux-style Red Blend'],France,Bordeaux,['Listrac-Médoc']
5246,Château Sénilhac,90.0,40.0,90.0,40.0,1,1,['Bordeaux-style Red Blend'],France,Bordeaux,['Haut-Médoc']
5247,Château Sénéjac,90.1,16.7,90.0,17.0,7,1,['Bordeaux-style Red Blend'],France,Bordeaux,['Haut-Médoc']
5248,Château Sérilhan,91.5,23.0,91.5,23.0,2,1,['Bordeaux-style Red Blend'],France,Bordeaux,['Saint-Estèphe']
5249,Château Taffard de Blaignan,86.0,,86.0,,2,1,['Bordeaux-style Red Blend'],France,Bordeaux,['Médoc']
5250,Château Taillefer,87.7,,90.0,,3,1,['Bordeaux-style Red Blend'],France,Bordeaux,['Pomerol']
5251,Château Talbot,91.3,45.8,93.0,47.5,19,2,"['Bordeaux-style Red Blend', 'Bordeaux-style White Blend']",France,Bordeaux,['Saint-Julien']
5252,Château Tanesse,87.4,19.6,87.0,18.0,11,2,"['Bordeaux-style White Blend', 'Bordeaux-style Red Blend']",France,Bordeaux,['Bordeaux Blanc']
5253,Château Tanunda,89.2,48.8,89.0,50.0,12,3,"['Shiraz', 'Cabernet Sauvignon', 'Riesling']",Australia,South Australia,['Barossa']
5254,Château Tassin,87.3,14.3,87.0,14.0,3,2,"['Bordeaux-style Red Blend', 'Rosé']",France,Bordeaux,['Bordeaux']
5255,Château Taussin,84.6,10.6,85.0,10.0,5,3,"['Bordeaux-style White Blend', 'Bordeaux-style Red Blend', 'Rosé']",France,Bordeaux,['Bordeaux Blanc']
5256,Château Tayac-Plaisance,86.0,,86.0,,1,1,['Bordeaux-style Red Blend'],France,Bordeaux,['Margaux']
5257,Château Tayet,87.2,33.5,87.5,33.5,4,1,['Bordeaux-style Red Blend'],France,Bordeaux,['Bordeaux Supérieur']
5258,Château Terrasson,85.8,16.2,86.0,15.5,4,1,['Bordeaux-style Red Blend'],France,Bordeaux,['Castillon Côtes de Bordeaux']
5259,Château Terre Blanque,86.0,12.0,87.0,12.0,3,1,['Bordeaux-style Red Blend'],France,Bordeaux,['Bordeaux']
5260,Château Terres Douces,86.7,10.0,87.0,10.0,3,2,"['Bordeaux-style Red Blend', 'Bordeaux-style White Blend']",France,Bordeaux,['Bordeaux']
5261,Château Tertre de Belves,87.0,,87.0,,1,1,['Merlot'],France,Bordeaux,['Castillon Côtes de Bordeaux']
5262,Château Tertre de Belvès,88.7,20.3,91.0,20.0,3,1,['Bordeaux-style Red Blend'],France,Bordeaux,['Castillon Côtes de Bordeaux']
5263,Château Tertre de Launay,84.0,11.0,84.0,11.0,1,1,['Bordeaux-style White Blend'],France,Bordeaux,['Entre-Deux-Mers']
5264,Château Tertre de Viaud,88.0,22.5,88.0,22.5,2,1,['Bordeaux-style Red Blend'],France,Bordeaux,['Côtes de Bourg']
5265,Château Tertre-Daugay,87.0,,87.0,,1,1,['Bordeaux-style Red Blend'],France,Bordeaux,['Saint-Émilion']
5266,Château Tessendey,87.0,18.0,87.5,18.5,4,1,['Bordeaux-style Red Blend'],France,Bordeaux,['Fronsac']
5267,Château Teyssier,88.6,32.3,88.0,35.0,20,2,"['Bordeaux-style Red Blend', 'Bordeaux-style White Blend']",France,Bordeaux,['Saint-Émilion']
5268,Château Thieuley,87.6,17.2,88.0,18.0,18,4,"['Bordeaux-style White Blend', 'Merlot', 'Bordeaux-style Red Blend', 'Rosé']",France,Bordeaux,['Bordeaux Blanc']
5269,Château Thivin,92.0,20.0,92.0,20.0,1,1,['Gamay'],France,Beaujolais,['Côte de Brouilly']
5270,Château Thuerry,87.8,23.7,88.0,22.0,12,4,"['Rosé', 'Rhône-style Red Blend', 'Bordeaux-style Red Blend', 'Rhône-style White Blend']",France,Provence,['Coteaux Varois en Provence']
5271,Château Thuron,85.0,58.3,85.0,60.0,3,1,['Bordeaux-style Red Blend'],France,Bordeaux,['Bordeaux Supérieur']
5272,Château Thénac,88.2,20.8,88.0,19.5,4,2,"['Bordeaux-style White Blend', 'Bordeaux-style Red Blend']",France,Southwest France,['Bergerac Sec']
5273,Château Timberlay,85.7,17.8,86.0,17.0,9,2,"['Bordeaux-style White Blend', 'Bordeaux-style Red Blend']",France,Bordeaux,['Bordeaux Blanc']
5274,Château Tire Pé,81.0,16.0,81.0,16.0,1,1,['Bordeaux-style Red Blend'],France,Bordeaux,['Bordeaux']
5275,Château Torpez,84.0,20.0,84.0,20.0,1,1,['Rosé'],France,Provence,['Côtes de Provence']
5276,Château Toudenac,86.5,13.0,86.5,13.0,2,1,['Bordeaux-style Red Blend'],France,Bordeaux,['Bordeaux Supérieur']
5277,Château Toumilon,84.3,19.3,84.5,20.0,6,2,"['Bordeaux-style Red Blend', 'Bordeaux-style White Blend']",France,Bordeaux,['Graves']
5278,Château Tour Baladoz,90.0,80.0,90.0,80.0,1,1,['Bordeaux-style Red Blend'],France,Bordeaux,['Saint-Émilion']
5279,Château Tour Bayard,89.3,23.3,89.0,25.0,3,1,['Bordeaux-style Red Blend'],France,Bordeaux,['Montagne-Saint-Émilion']
5280,Château Tour Canon,85.7,27.5,86.0,27.5,3,1,['Bordeaux-style Red Blend'],France,Bordeaux,['Canon-Fronsac']
5281,Château Tour Castillon,84.0,,84.0,,1,1,['Bordeaux-style Red Blend'],France,Bordeaux,['Médoc']
5282,Château Tour Chapoux,86.0,13.0,86.0,13.0,2,1,['Bordeaux-style Red Blend'],France,Bordeaux,['Bordeaux']
5283,Château Tour Coutelin,89.0,,89.0,,1,1,['Bordeaux-style Red Blend'],France,Bordeaux,['Saint-Estèphe']
5284,Château Tour Grand Colombier,85.0,31.0,85.0,31.0,2,1,['Bordeaux-style Red Blend'],France,Bordeaux,['Lalande de Pomerol']
5285,Château Tour Grand Faurie,90.2,36.3,91.0,36.5,6,1,['Bordeaux-style Red Blend'],France,Bordeaux,['Saint-Émilion']
5286,Château Tour Grand Mayne,90.0,15.0,90.0,15.0,2,2,"['Bordeaux-style Red Blend', 'Merlot']",France,Bordeaux,['Castillon Côtes de Bordeaux']
5287,Château Tour Haut-Caussan,88.0,23.3,88.0,24.0,3,1,['Bordeaux-style Red Blend'],France,Bordeaux,['Médoc']
5288,Château Tour Léognan,87.0,,87.0,,1,1,['Bordeaux-style White Blend'],France,Bordeaux,['Pessac-Léognan']
5289,Château Tour Prignac,87.2,19.0,86.0,19.0,5,1,['Bordeaux-style Red Blend'],France,Bordeaux,['Médoc']
5290,Château Tour Robert,85.0,51.0,85.0,51.0,1,1,['Merlot'],France,Bordeaux,['Pomerol']
5291,Château Tour Rozier,86.0,30.0,86.0,30.0,1,1,['Bordeaux-style Red Blend'],France,Bordeaux,['Fronsac']
5292,Château Tour Saint Germain,87.5,14.0,87.5,14.0,2,1,['Bordeaux-style Red Blend'],France,Bordeaux,['Blaye Côtes de Bordeaux']
5293,Château Tour Saint Vincent,85.5,21.0,85.5,21.0,2,1,['Bordeaux-style Red Blend'],France,Bordeaux,['Médoc']
5294,Château Tour Saint-Fort,86.0,,86.0,,1,1,['Bordeaux-style Red Blend'],France,Bordeaux,['Saint-Estèphe']
5295,Château Tour Saint-Germain,85.6,18.0,84.0,17.0,5,1,['Bordeaux-style Red Blend'],France,Bordeaux,['Blaye Côtes de Bordeaux']
5296,Château Tour Saint-Joseph,87.3,24.0,87.0,25.0,3,1,['Bordeaux-style Red Blend'],France,Bordeaux,['Haut-Médoc']
5297,Château Tour Saint-Vincent,88.0,18.0,88.0,18.0,2,1,['Bordeaux-style Red Blend'],France,Bordeaux,['Médoc']
5298,Château Tour Seran,89.0,37.0,89.0,37.0,2,1,['Bordeaux-style Red Blend'],France,Bordeaux,['Médoc']
5299,Château Tour Simard,86.0,40.0,86.0,40.0,1,1,['Bordeaux-style Red Blend'],France,Bordeaux,['Saint-Émilion']
5300,Château Tour St Bonnet,88.0,,88.0,,1,1,['Bordeaux-style Red Blend'],France,Bordeaux,['Médoc']
5301,Château Tour d'Auron,87.0,16.0,87.0,16.0,2,2,"['Bordeaux-style Red Blend', 'Bordeaux-style White Blend']",France,Bordeaux,['Bordeaux Supérieur']
5302,Château Tour d'Horable,88.0,23.0,88.0,23.0,1,1,['Merlot-Cabernet Franc'],France,Bordeaux,['Castillon Côtes de Bordeaux']
5303,Château Tour de Bessan,89.0,30.0,89.0,30.0,1,1,['Bordeaux-style Red Blend'],France,Bordeaux,['Margaux']
5304,Château Tour de Bigorre,87.0,10.0,87.0,10.0,1,1,['Bordeaux-style Red Blend'],France,Bordeaux,['Bordeaux']
5305,Château Tour de Bonnet,86.0,16.0,86.0,16.0,2,2,"['Bordeaux-style Red Blend', 'Bordeaux-style White Blend']",France,Bordeaux,['Bordeaux']
5306,Château Tour de Calens,80.0,29.0,80.0,29.0,1,1,['Bordeaux-style Red Blend'],France,Bordeaux,['Graves']
5307,Château Tour de Cazelle,84.0,16.5,84.0,16.5,2,1,['Bordeaux-style Red Blend'],France,Bordeaux,['Côtes de Bourg']
5308,Château Tour de Gilet,88.0,20.0,88.0,20.0,2,1,['Bordeaux-style Red Blend'],France,Bordeaux,['Bordeaux Supérieur']
5309,Château Tour de Goua,89.0,24.0,89.0,24.0,1,1,['Bordeaux-style Red Blend'],France,Bordeaux,['Haut-Médoc']
5310,Château Tour de Guiet,88.0,23.2,87.5,22.0,4,2,"['Rosé', 'Bordeaux-style Red Blend']",France,Bordeaux,['Bordeaux Rosé']
5311,Château Tour de Lagarde,89.5,52.5,89.5,52.5,2,1,['Bordeaux-style Red Blend'],France,Bordeaux,['Saint-Émilion']
5312,Château Tour de Luchey,84.0,,84.0,,1,1,['Bordeaux-style Red Blend'],France,Bordeaux,['Bordeaux']
5313,Château Tour de Mirambeau,89.0,18.9,89.5,16.0,14,3,"['Bordeaux-style White Blend', 'Sémillon', 'Bordeaux-style Red Blend']",France,Bordeaux,['Entre-Deux-Mers']
5314,Château Tour de Mons,86.0,30.0,86.0,30.0,1,1,['Bordeaux-style Red Blend'],France,Bordeaux,['Margaux']
5315,Château Tour de Pez,90.1,21.3,90.0,21.0,8,1,['Bordeaux-style Red Blend'],France,Bordeaux,['Saint-Estèphe']
5316,Château Tour de Pin Figeac,87.0,,87.0,,1,1,['Bordeaux-style Red Blend'],France,Bordeaux,['Saint-Émilion']
5317,Château Tour de Pressac,90.0,41.0,90.0,41.0,2,1,['Bordeaux-style Red Blend'],France,Bordeaux,['Saint-Émilion']
5318,Château Tour des Gendres,89.4,31.2,89.0,24.0,46,10,"['Bordeaux-style White Blend', 'Bordeaux-style Red Blend', 'Cabernet Sauvignon', 'Merlot', 'Sauvignon Blanc', 'Muscadel', 'Cabernet Franc', 'Muscadelle', 'Red Blend', 'Malbec-Merlot']",France,Southwest France,['Bergerac Sec']
5319,Château Tour des Termes,85.3,30.0,85.0,30.0,3,1,['Bordeaux-style Red Blend'],France,Bordeaux,['Saint-Estèphe']
5320,Château Tour du Moulin,88.5,37.5,88.5,37.5,2,2,"['Merlot', 'Bordeaux-style Red Blend']",France,Bordeaux,['Fronsac']
5321,Château Tour du Pin,90.5,,90.5,,2,1,['Bordeaux-style Red Blend'],France,Bordeaux,['Saint-Émilion']
5322,Château Tour le Pin,86.0,14.0,86.0,14.0,2,2,"['Bordeaux-style White Blend', 'Bordeaux-style Red Blend']",France,Bordeaux,['Bordeaux Blanc']
5323,Château Tourans,88.0,48.0,88.0,48.0,1,1,['Bordeaux-style Red Blend'],France,Bordeaux,['Saint-Émilion']
5324,Château Tournefeuille,88.7,34.0,90.0,36.0,3,1,['Bordeaux-style Red Blend'],France,Bordeaux,['Lalande de Pomerol']
5325,Château Tournelles,88.0,17.5,88.0,17.5,2,1,['Bordeaux-style Red Blend'],France,Southwest France,['Buzet']
5326,Château Tourril,90.0,25.0,90.0,25.0,2,2,"['Rhône-style Red Blend', 'Syrah-Grenache']",France,Languedoc-Roussillon,['Minervois']
5327,Château Tourteran,86.3,41.0,85.0,41.0,3,1,['Bordeaux-style Red Blend'],France,Bordeaux,['Haut-Médoc']
5328,Château Toutigeac,86.3,14.7,85.0,15.0,3,3,"['Bordeaux-style White Blend', 'Bordeaux-style Red Blend', 'Rosé']",France,Bordeaux,['Bordeaux Blanc']
5329,Château Treytins,86.0,,86.0,,2,1,['Bordeaux-style Red Blend'],France,Bordeaux,['Montagne-Saint-Émilion']
5330,Château Trians,89.5,15.0,89.5,15.0,2,1,['Rosé'],France,Provence,['Coteaux Varois en Provence']
5331,Château Tricot d'Arsac,85.0,22.0,85.0,22.0,1,1,['Bordeaux-style Red Blend'],France,Bordeaux,['Margaux']
5332,Château Trimoulet,86.6,30.2,87.0,32.0,5,1,['Bordeaux-style Red Blend'],France,Bordeaux,['Saint-Émilion']
5333,Château Trocard,85.7,12.3,85.0,12.0,3,2,"['Bordeaux-style Red Blend', 'Rosé']",France,Bordeaux,['Bordeaux Supérieur']
5334,Château Trocard Monrepos,88.5,16.0,88.5,16.0,2,1,['Bordeaux-style Red Blend'],France,Bordeaux,['Bordeaux Supérieur']
5335,Château Trois Moulins,88.0,18.0,88.0,18.0,3,1,['Bordeaux-style Red Blend'],France,Bordeaux,['Haut-Médoc']
5336,Château Trolliet Lafite,88.5,20.0,88.5,20.0,2,1,['Bordeaux-style Red Blend'],France,Southwest France,['Côtes de Bergerac']
5337,Château Tronquoy-Lalande,90.9,45.0,91.0,45.0,13,1,['Bordeaux-style Red Blend'],France,Bordeaux,['Saint-Estèphe']
5338,Château Troplong Mondot,93.0,133.3,93.0,150.0,10,1,['Bordeaux-style Red Blend'],France,Bordeaux,['Saint-Émilion']
5339,Château Trotanoy,94.9,325.0,95.0,250.0,14,1,['Bordeaux-style Red Blend'],France,Bordeaux,['Pomerol']
5340,Château Trottevieille,92.0,65.0,93.0,65.0,12,1,['Bordeaux-style Red Blend'],France,Bordeaux,['Saint-Émilion']
5341,Château Troupian,85.0,20.0,85.0,20.0,1,1,['Bordeaux-style Red Blend'],France,Bordeaux,['Haut-Médoc']
5342,Château Truquet,87.5,19.5,87.5,19.5,2,1,['Bordeaux-style Red Blend'],France,Bordeaux,['Saint-Émilion']
5343,Château Tuilerie Pagès,85.3,12.7,85.0,14.0,3,2,"['Bordeaux-style Red Blend', 'Bordeaux-style White Blend']",France,Bordeaux,['Bordeaux']
5344,Château Turcaud,88.1,19.0,88.5,22.0,10,2,"['Bordeaux-style White Blend', 'Bordeaux-style Red Blend']",France,Bordeaux,['Bordeaux Blanc']
5345,Château Témperance,88.0,30.0,88.0,30.0,1,1,['Bordeaux-style Red Blend'],France,Bordeaux,['Médoc']
5346,Château Val Joanis,86.7,17.2,87.0,13.0,7,5,"['Rhône-style Red Blend', 'Red Blend', 'Roussanne', 'Rosé', 'Syrah']",France,Rhône Valley,['Côtes du Luberon']
5347,Château Val d'Arenc,92.0,27.0,92.0,27.0,1,1,['Rosé'],France,Provence,['Bandol']
5348,Château Valade,87.8,42.0,88.0,49.0,4,1,['Bordeaux-style Red Blend'],France,Bordeaux,['Saint-Émilion']
5349,Château Valandraud,92.2,128.4,92.0,105.0,17,1,['Bordeaux-style Red Blend'],France,Bordeaux,['Saint-Émilion']
5350,Château Valcolombe,88.0,16.0,88.0,16.0,1,1,['Rosé'],France,Provence,['Coteaux Varois en Provence']
5351,Château Valcombe,88.0,,88.0,,1,1,['Rhône-style Red Blend'],France,Rhône Valley,['Ventoux']
5352,Château Valentin,86.0,26.0,86.0,26.0,1,1,['Bordeaux-style Red Blend'],France,Bordeaux,['Côtes de Bordeaux']
5353,Château Vannières,91.0,27.0,91.0,27.0,4,1,['Rosé'],France,Provence,['Bandol']
5354,Château Vartely,87.0,16.0,87.0,16.0,1,1,['Merlot-Cabernet Sauvignon'],Moldova,Codru Region,[]
5355,Château Vartely,87.1,14.7,88.0,15.0,7,6,"['Traminer', 'Cabernet Sauvignon', 'Feteascǎ Regalǎ', 'Pinot Gris', 'Chardonnay', 'Red Blend']",Moldova,Moldova,[]
5356,Château Venus,86.0,25.0,86.0,25.0,1,1,['Bordeaux-style Red Blend'],France,Bordeaux,['Graves']
5357,Château Verdignan,88.0,30.0,88.0,30.0,2,1,['Bordeaux-style Red Blend'],France,Bordeaux,['Haut-Médoc']
5358,Château Vergnes Beaulieu,84.0,19.0,84.0,19.0,1,1,['Bordeaux-style Red Blend'],France,Bordeaux,['Bordeaux Supérieur']
5359,Château Vermont,85.0,13.0,85.0,13.0,2,2,"['Rosé', 'Bordeaux-style White Blend']",France,Bordeaux,['Bordeaux Rosé']
5360,Château Veronique,90.0,17.0,90.0,17.0,1,1,['Carignan-Grenache'],France,Languedoc-Roussillon,['Saint-Chinian']
5361,Château Vessière,85.0,14.0,85.0,14.0,2,2,"['Grenache-Syrah', 'Rhône-style White Blend']",France,Rhône Valley,['Costières de Nîmes']
5362,Château Victoria,87.5,19.0,87.5,19.0,2,1,['Bordeaux-style Red Blend'],France,Bordeaux,['Haut-Médoc']
5363,Château Vieil Orme,84.0,12.0,84.0,12.0,1,1,['Bordeaux-style Red Blend'],France,Bordeaux,['Bordeaux']
5364,Château Vieille Dynastie,88.0,33.0,88.0,33.0,1,1,['Bordeaux-style Red Blend'],France,Bordeaux,['Lalande de Pomerol']
5365,Château Viella,89.0,14.0,89.0,14.0,2,2,"['Red Blend', 'White Blend']",France,Southwest France,['Madiran']
5366,Château Vieux Cardinal Lafaurie,89.7,31.0,90.0,30.0,3,1,['Bordeaux-style Red Blend'],France,Bordeaux,['Lalande de Pomerol']
5367,Château Vieux Ferrand,84.0,50.0,84.0,50.0,1,1,['Bordeaux-style Red Blend'],France,Bordeaux,['Lalande de Pomerol']
5368,Château Vieux Ligat,88.0,16.0,88.0,16.0,2,1,['Bordeaux-style Red Blend'],France,Bordeaux,['Côtes de Bourg']
5369,Château Vieux Maillet,89.5,,89.5,,2,1,['Bordeaux-style Red Blend'],France,Bordeaux,['Pomerol']
5370,Château Vieux Manoir,85.0,11.3,86.0,11.0,3,1,['Bordeaux-style Red Blend'],France,Bordeaux,['Bordeaux']
5371,Château Vieux Montagne,89.0,40.0,89.0,40.0,1,1,['Bordeaux-style Red Blend'],France,Bordeaux,['Montagne-Saint-Émilion']
5372,Château Vieux Moulin,89.0,26.0,89.0,26.0,2,1,['Bordeaux-style Red Blend'],France,Bordeaux,['Listrac-Médoc']
5373,Château Vieux Peyrouquet,83.0,25.0,83.0,25.0,1,1,['Bordeaux-style Red Blend'],France,Bordeaux,['Saint-Émilion']
5374,Château Vieux Porier,86.0,11.0,86.0,11.0,1,1,['Bordeaux-style Red Blend'],France,Bordeaux,['Bordeaux']
5375,Château Vieux Robin,89.5,38.3,90.0,45.0,4,1,['Bordeaux-style Red Blend'],France,Bordeaux,['Médoc']
5376,Château Vignelaure,91.5,21.2,91.5,20.5,18,4,"['Rosé', 'Provence red blend', 'Red Blend', 'Cabernet-Syrah']",France,Provence,"[""Coteaux d'Aix-en-Provence""]"
5377,Château Vignol,87.0,14.7,87.0,15.0,3,2,"['Rosé', 'Bordeaux-style Red Blend']",France,Bordeaux,['Bordeaux Rosé']
5378,Château Vignot,88.0,,88.0,,1,1,['Bordeaux-style Red Blend'],France,Bordeaux,['Saint-Émilion']
5379,Château Villa Bel Air,89.5,23.3,89.5,25.0,6,2,"['Bordeaux-style White Blend', 'Bordeaux-style Red Blend']",France,Bordeaux,['Graves']
5380,Château Villegeorge,89.5,,89.5,,2,1,['Bordeaux-style Red Blend'],France,Bordeaux,['Haut-Médoc']
5381,Château Villemaurine,92.0,40.0,92.0,40.0,3,1,['Bordeaux-style Red Blend'],France,Bordeaux,['Saint-Émilion']
5382,Château Vincens,90.7,34.8,91.5,18.0,10,3,"['Malbec', 'Malbec-Merlot', 'Rosé']",France,Southwest France,['Cahors']
5383,Château Violette,92.0,,92.0,,1,1,['Bordeaux-style Red Blend'],France,Bordeaux,['Pomerol']
5384,Château Viranel,85.0,15.0,85.0,15.0,1,1,['Rosé'],France,Languedoc-Roussillon,['Saint-Chinian']
5385,Château Virant,84.0,10.0,84.0,10.0,1,1,['Rosé'],France,Provence,['Côtes de Provence']
5386,Château Vircoulon,87.2,10.4,87.0,10.0,5,3,"['Rosé', 'Bordeaux-style White Blend', 'Bordeaux-style Red Blend']",France,Bordeaux,['Bordeaux Rosé']
5387,Château Vitallis,89.4,24.6,90.0,23.0,8,1,['Chardonnay'],France,Burgundy,['Mâcon-Fuissé']
5388,Château Vrai Caillou,85.2,13.9,85.0,14.0,9,2,"['Bordeaux-style Red Blend', 'Bordeaux-style White Blend']",France,Bordeaux,['Bordeaux Supérieur']
5389,Château Vray Croix de Gay,90.9,68.9,91.0,66.0,10,2,"['Bordeaux-style Red Blend', 'Merlot']",France,Bordeaux,['Pomerol']
5390,Château Vray Houchat,89.0,,89.0,,1,1,['Bordeaux-style Red Blend'],France,Bordeaux,['Fronsac']
5391,Château Woltner,85.0,50.0,85.0,50.0,1,1,['Bordeaux-style Red Blend'],US,California,"['Howell Mountain', 'Napa']"
5392,Château Yon Figeac,91.0,40.0,91.0,40.0,1,1,['Bordeaux-style Red Blend'],France,Bordeaux,['Saint-Émilion']
5393,Château au Pont de Guitres,88.0,,88.0,,2,1,['Bordeaux-style Red Blend'],France,Bordeaux,['Lalande de Pomerol']
5394,Château d'Agassac,90.5,27.2,91.0,25.0,11,1,['Bordeaux-style Red Blend'],France,Bordeaux,['Haut-Médoc']
5395,Château d'Aiguilhe,90.5,30.0,90.5,30.0,4,1,['Bordeaux-style Red Blend'],France,Bordeaux,['Côtes de Castillon']
5396,Château d'Alix,88.7,25.0,88.0,25.0,3,3,"['Bordeaux-style Red Blend', 'Bordeaux-style White Blend', 'Sauvignon Blanc']",France,Bordeaux,['Pessac-Léognan']
5397,Château d'Angludet,89.4,31.0,89.0,28.0,11,1,['Bordeaux-style Red Blend'],France,Bordeaux,['Margaux']
5398,Château d'Anglès,88.7,17.7,88.0,18.0,3,2,"['Rosé', 'Rhône-style White Blend']",France,Languedoc-Roussillon,['La Clape']
5399,Château d'Antugnac,91.0,17.0,91.0,17.0,2,2,"['Chardonnay', 'Red Blend']",France,Languedoc-Roussillon,['Limoux']
5400,Château d'Aqueria,90.7,18.2,90.5,18.5,6,1,['Rosé'],France,Rhône Valley,['Tavel']
5401,Château d'Arce,88.5,17.5,88.5,17.5,2,1,['Bordeaux-style Red Blend'],France,Bordeaux,['Castillon Côtes de Bordeaux']
5402,Château d'Arche,89.7,47.3,90.0,35.0,13,2,"['Bordeaux-style White Blend', 'Bordeaux-style Red Blend']",France,Bordeaux,['Sauternes']
5403,Château d'Arcins,85.2,21.8,85.5,24.0,6,1,['Bordeaux-style Red Blend'],France,Bordeaux,['Haut-Médoc']
5404,Château d'Arcole,90.0,26.0,90.0,26.0,1,1,['Bordeaux-style Red Blend'],France,Bordeaux,['Saint-Émilion']
5405,Château d'Argadens,88.0,12.0,88.0,12.0,1,1,['Bordeaux-style White Blend'],France,Bordeaux,['Bordeaux Blanc']
5406,Château d'Arlay,88.4,,89.0,,5,4,"['Pinot Noir', 'White Blend', 'Red Blend', 'Chardonnay']",France,France Other,['Côtes du Jura']
5407,Château d'Armailhac,91.1,59.7,91.0,54.0,15,1,['Bordeaux-style Red Blend'],France,Bordeaux,['Pauillac']
5408,Château d'Arnaussan,82.0,,82.0,,1,1,['Bordeaux-style Red Blend'],France,Bordeaux,['Bordeaux']
5409,Château d'Arsac,92.0,26.7,92.0,30.0,7,1,['Bordeaux-style Red Blend'],France,Bordeaux,['Margaux']
5410,Château d'Arveyres,86.0,13.0,86.0,13.0,1,1,['Bordeaux-style White Blend'],France,Bordeaux,['Bordeaux Blanc']
5411,Château d'Arvigny,84.0,16.0,84.0,16.0,1,1,['Bordeaux-style Red Blend'],France,Bordeaux,['Haut-Médoc']
5412,Château d'Astros,88.0,17.5,88.0,17.5,2,1,['Rosé'],France,Provence,['Côtes de Provence']
5413,Château d'Aurilhac,90.0,,90.0,,1,1,['Bordeaux-style Red Blend'],France,Bordeaux,['Haut-Médoc']
5414,Château d'Auvernier,90.0,21.0,90.0,21.0,1,1,['White Blend'],Switzerland,Neuchâtel,[]
5415,Château d'Aydie,88.5,25.2,89.5,28.0,6,2,"['Tannat', 'Red Blend']",France,France Other,['Vin de Liqueur']
5416,Château d'Aydie,90.5,17.9,91.0,15.0,31,9,"['Red Blend', 'Tannat-Cabernet', 'Tannat', 'Tannat-Cabernet Franc', 'Ugni Blanc-Colombard', 'Tannat-Syrah', 'Gros and Petit Manseng', 'Petit Manseng', 'Colombard-Sauvignon Blanc']",France,Southwest France,['Madiran']
5417,Château d'Azur,92.0,75.0,92.0,75.0,1,1,['Cabernet Franc'],France,France Other,['Vin de France']
5418,Château d'Azur,88.5,26.0,88.0,28.0,4,2,"['Rosé', 'Provence red blend']",France,Provence,['Bandol']
5419,Château d'Eck,88.0,,88.0,,1,1,['Bordeaux-style Red Blend'],France,Bordeaux,['Pessac-Léognan']
5420,Château d'Epire,92.0,,92.0,,1,1,['Chenin Blanc'],France,Loire Valley,['Savennières']
5421,Château d'Esclans,89.9,54.5,90.0,50.0,37,1,['Rosé'],France,Provence,['Côtes de Provence']
5422,Château d'Escurac,86.7,25.2,86.0,25.0,6,1,['Bordeaux-style Red Blend'],France,Bordeaux,['Médoc']
5423,Château d'Esteau,83.7,15.7,84.0,15.0,3,1,['Bordeaux-style Red Blend'],France,Bordeaux,['Haut-Médoc']
5424,Château d'Estoublon,88.0,,88.0,,2,2,"['Syrah', 'Grenache Blanc']",France,France Other,['Vin de France']
5425,Château d'Estoublon,90.3,30.0,92.0,30.0,3,2,"['Provence red blend', 'Red Blend']",France,Provence,['Les Baux de Provence']
5426,Château d'Eyran,86.0,65.0,86.0,65.0,2,1,['Bordeaux-style Red Blend'],France,Bordeaux,['Pessac-Léognan']
5427,Château d'Hanteillan,87.0,19.3,88.0,18.0,3,1,['Bordeaux-style Red Blend'],France,Bordeaux,['Haut-Médoc']
5428,Château d'Haurets,85.0,13.0,84.5,12.5,6,3,"['Bordeaux-style Red Blend', 'Bordeaux-style White Blend', 'Rosé']",France,Bordeaux,['Bordeaux Rosé']
5429,Château d'Issan,90.6,35.5,91.0,35.5,8,1,['Bordeaux-style Red Blend'],France,Bordeaux,['Margaux']
5430,Château d'Ollières,90.1,29.3,91.0,29.0,9,3,"['Rosé', 'Provence white blend', 'Provence red blend']",France,Provence,['Coteaux Varois en Provence']
5431,Château d'Or et de Gueules,88.2,22.8,88.5,19.0,14,2,"['Rosé', 'Rhône-style Red Blend']",France,Rhône Valley,['Costières de Nîmes']
5432,Château d'Orschwihr,89.2,19.2,89.0,20.0,6,5,"['Gewürztraminer', 'Sparkling Blend', 'Pinot Blanc', 'Riesling', 'Pinot Gris']",France,Alsace,['Alsace']
5433,Château d'Ourbenac,88.0,16.0,88.0,16.0,2,1,['Malbec'],France,Southwest France,['Cahors']
5434,Château d'Uza,88.0,18.0,88.0,18.0,1,1,['Bordeaux-style Red Blend'],France,Bordeaux,['Graves']
5435,Château d'Yquem,95.6,800.0,95.5,800.0,8,2,"['Bordeaux-style White Blend', 'Semillon-Sauvignon Blanc']",France,Bordeaux,['Sauternes']
5436,Château de Basty,87.0,13.0,87.0,13.0,1,1,['Rosé'],France,Beaujolais,['Beaujolais-Villages']
5437,Château de Beaucastel,89.7,86.4,90.0,95.0,7,2,"['Rhône-style Red Blend', 'Rhône-style White Blend']",France,Rhône Valley,['Côtes du Rhône']
5438,Château de Beaupré,87.8,18.0,87.5,17.5,4,2,"['Rosé', 'Cabernet-Syrah']",France,Provence,"[""Coteaux d'Aix-en-Provence""]"
5439,Château de Beauregard,88.3,42.6,88.0,50.0,9,1,['Chardonnay'],France,Burgundy,['Pouilly-Fuissé']
5440,Château de Beauregard-Ducourt,84.8,12.5,84.0,12.5,6,2,"['Bordeaux-style Red Blend', 'Bordeaux-style White Blend']",France,Bordeaux,['Bordeaux Rosé']
5441,Château de Bel,86.1,16.0,86.5,15.0,8,2,"['Bordeaux-style White Blend', 'Bordeaux-style Red Blend']",France,Bordeaux,['Bordeaux Blanc']
5442,Château de Bel,88.0,,88.0,,1,1,['Bordeaux-style Red Blend'],France,France Other,['Vin de France']
5443,Château de Bel-Air,87.5,35.0,87.5,35.0,2,1,['Bordeaux-style Red Blend'],France,Bordeaux,['Lalande de Pomerol']
5444,Château de Belcier,87.2,24.0,87.0,18.0,26,2,"['Bordeaux-style Red Blend', 'Rosé']",France,Bordeaux,['Castillon Côtes de Bordeaux']
5445,Château de Belles Eaux,87.0,,87.0,,1,1,['Rosé'],France,Languedoc-Roussillon,['Coteaux du Languedoc']
5446,Château de Bellevue,91.0,30.0,92.0,24.0,3,1,['Gamay'],France,Beaujolais,['Morgon']
5447,Château de Bellevue,87.0,,87.0,,1,1,['Sauvignon Gris'],France,Bordeaux,['Bordeaux Blanc']
5448,Château de Bensse,87.0,,87.0,,1,1,['Bordeaux-style Red Blend'],France,Bordeaux,['Médoc']
5449,Château de Bergun,86.0,10.0,86.0,10.0,1,1,['Rosé'],France,Bordeaux,['Bordeaux Rosé']
5450,Château de Berne,85.0,9.0,85.0,9.0,1,1,['Rosé'],France,France Other,['Mediterranée']
5451,Château de Berne,88.9,24.2,90.0,22.0,16,4,"['Provence red blend', 'White Blend', 'Rosé', 'Red Blend']",France,Provence,['Côtes de Provence']
5452,Château de Birot,88.6,19.2,90.0,18.0,5,2,"['Bordeaux-style White Blend', 'Bordeaux-style Red Blend']",France,Bordeaux,['Bordeaux Blanc']
5453,Château de Blaignac,85.0,11.0,85.0,11.0,1,1,['Rosé'],France,Bordeaux,['Bordeaux Rosé']
5454,Château de Bligny,87.7,61.0,87.5,60.0,10,2,"['Champagne Blend', 'Chardonnay']",France,Champagne,['Champagne']
5455,Château de Bonhoste,86.2,18.8,86.0,20.0,4,2,"['Bordeaux-style White Blend', 'Rosé']",France,Bordeaux,['Bordeaux Blanc']
5456,Château de Bordeneuve,85.0,,85.0,,1,1,['Bordeaux-style Red Blend'],France,Bordeaux,['Bordeaux']
5457,Château de Bordes-Quancard,87.0,12.2,87.5,12.5,4,1,['Bordeaux-style Red Blend'],France,Bordeaux,['Bordeaux']
5458,Château de Bousquet,86.0,13.0,86.0,13.0,1,1,['Bordeaux-style Red Blend'],France,Bordeaux,['Côtes de Bourg']
5459,Château de Brague,85.0,15.0,85.0,15.0,1,1,['Bordeaux-style Red Blend'],France,Bordeaux,['Bordeaux Supérieur']
5460,Château de Braude,89.8,25.8,89.5,20.5,4,1,['Bordeaux-style Red Blend'],France,Bordeaux,['Haut-Médoc']
5461,Château de Bregançon,90.0,20.0,90.0,20.0,1,1,['Rosé'],France,Provence,['Côtes de Provence']
5462,Château de Brigue,85.0,29.0,85.0,29.0,2,2,"['Red Blend', 'Sparkling Blend']",France,France Other,['Vin de France']
5463,Château de Brigue,86.9,15.8,87.0,17.0,19,2,"['Rosé', 'Rhône-style Red Blend']",France,Provence,['Côtes de Provence']
5464,Château de Brondeau,85.0,15.0,85.0,15.0,2,2,"['Merlot', 'Bordeaux-style Red Blend']",France,Bordeaux,['Bordeaux Supérieur']
5465,Château de Brousse,90.0,45.0,90.0,45.0,1,1,['Bordeaux-style Red Blend'],France,Bordeaux,['Castillon Côtes de Bordeaux']
5466,Château de Brézé,90.3,26.3,91.0,17.0,3,2,"['Chenin Blanc', 'Cabernet Franc']",France,Loire Valley,['Saumur']
5467,Château de Béru,84.0,,84.0,,1,1,['Chardonnay'],France,Burgundy,['Chablis']
5468,Château de Calavon,89.4,26.5,90.0,25.0,13,3,"['Rosé', 'Red Blend', 'Rhône-style Red Blend']",France,Provence,"[""Coteaux d'Aix-en-Provence""]"
5469,Château de Callac,86.5,20.0,86.5,20.0,2,2,"['Bordeaux-style Red Blend', 'Bordeaux-style White Blend']",France,Bordeaux,['Graves']
5470,Château de Camarsac,83.5,14.5,83.5,14.5,2,1,['Bordeaux-style Red Blend'],France,Bordeaux,['Bordeaux Supérieur']
5471,Château de Camensac,90.2,25.0,90.0,25.0,4,1,['Bordeaux-style Red Blend'],France,Bordeaux,['Haut-Médoc']
5472,Château de Campuget,86.5,15.0,87.0,12.0,13,5,"['Rosé', 'Rhône-style Red Blend', 'Viognier', 'Syrah', 'Rhône-style White Blend']",France,Rhône Valley,['Costières de Nîmes']
5473,Château de Candale,89.2,45.0,89.5,45.0,4,1,['Bordeaux-style Red Blend'],France,Bordeaux,['Saint-Émilion']
5474,Château de Caraguilhes,87.0,14.0,87.0,14.0,1,1,['Rhône-style Red Blend'],France,Languedoc-Roussillon,['Corbières']
5475,Château de Carolle,87.0,10.3,87.0,10.0,3,2,"['Bordeaux-style White Blend', 'Bordeaux-style Red Blend']",France,Bordeaux,['Graves']
5476,Château de Cayx,87.0,49.0,87.0,49.0,1,1,['Malbec'],France,Southwest France,['Cahors']
5477,Château de Chaintres,88.7,31.7,90.0,34.0,3,2,"['Chenin Blanc', 'Cabernet Franc']",France,Loire Valley,['Saumur']
5478,Château de Chambert,88.0,35.0,88.0,35.0,1,1,['Malbec'],France,France Other,['Vin de Liqueur']
5479,Château de Chambert,89.9,26.4,91.0,19.5,14,2,"['Malbec-Merlot', 'Malbec']",France,Southwest France,['Cahors']
5480,Château de Chambrun,87.0,37.5,87.0,37.5,2,1,['Bordeaux-style Red Blend'],France,Bordeaux,['Lalande de Pomerol']
5481,Château de Chamirey,88.4,48.4,88.5,53.0,8,2,"['Pinot Noir', 'Chardonnay']",France,Burgundy,['Mercurey']
5482,Château de Chantegrive,89.9,23.3,90.0,23.0,19,2,"['Bordeaux-style White Blend', 'Bordeaux-style Red Blend']",France,Bordeaux,['Graves']
5483,Château de Chassagne-Montrachet,87.3,45.0,88.0,45.0,3,2,"['Pinot Noir', 'Chardonnay']",France,Burgundy,['Chassagne-Montrachet']
5484,Château de Chatelard,87.1,22.0,87.0,22.0,7,3,"['Rosé', 'Gamay', 'Chardonnay']",France,Beaujolais,['Beaujolais Rosé']
5485,Château de Chénas,89.5,21.5,89.5,21.5,2,1,['Gamay'],France,Beaujolais,['Chénas']
5486,Château de Corbiac,89.8,18.2,90.0,16.0,5,2,"['Bordeaux-style Red Blend', 'Bordeaux-style White Blend']",France,Southwest France,['Pécharmant']
5487,Château de Corcelles,87.0,20.7,87.0,20.0,3,1,['Gamay'],France,Beaujolais,['Beaujolais-Villages']
5488,Château de Cordes,88.0,18.0,88.0,18.0,1,1,['Syrah-Carignan'],France,Languedoc-Roussillon,['Minervois']
5489,Château de Corneilla,86.0,23.0,86.0,23.0,1,1,['Rhône-style Red Blend'],France,Languedoc-Roussillon,['Côtes du Roussillon']
5490,Château de Cornemps,86.0,12.6,85.0,12.0,9,2,"['Bordeaux-style Red Blend', 'Rosé']",France,Bordeaux,['Bordeaux Supérieur']
5491,Château de Costis,86.6,10.8,87.0,10.0,5,2,"['Bordeaux-style Red Blend', 'Bordeaux-style White Blend']",France,Bordeaux,['Bordeaux']
5492,Château de Crain,83.0,19.0,83.0,19.0,1,1,['Bordeaux-style Red Blend'],France,Bordeaux,['Bordeaux']
5493,Château de Cranne,87.9,16.9,88.0,15.5,8,2,"['Bordeaux-style Red Blend', 'Bordeaux-style White Blend']",France,Bordeaux,['Côtes de Bordeaux']
5494,Château de Cruzeau,88.4,21.0,88.0,21.0,5,2,"['Bordeaux-style White Blend', 'Bordeaux-style Red Blend']",France,Bordeaux,['Pessac-Léognan']
5495,Château de Crézancy,90.5,25.0,90.5,25.0,2,1,['Sauvignon Blanc'],France,Loire Valley,['Sancerre']
5496,Château de Cénac,89.6,30.4,89.0,26.0,16,2,"['Malbec', 'Chardonnay-Viognier']",France,Southwest France,['Cahors']
5497,Château de Cérons,87.2,36.5,87.0,33.5,4,2,"['Bordeaux-style White Blend', 'Bordeaux-style Red Blend']",France,Bordeaux,['Graves']
5498,Château de Côme,88.2,47.2,88.0,37.5,6,1,['Bordeaux-style Red Blend'],France,Bordeaux,['Saint-Estèphe']
5499,Château de Farel,86.0,12.0,86.0,12.0,1,1,['Rhône-style Red Blend'],France,Rhône Valley,['Côtes du Rhône']
5500,Château de Fargues,91.7,,92.0,,7,1,['Bordeaux-style White Blend'],France,Bordeaux,['Sauternes']
5501,Château de Ferrand,89.0,36.0,89.0,35.0,9,1,['Bordeaux-style Red Blend'],France,Bordeaux,['Saint-Émilion']
5502,Château de Fesles,89.0,21.9,88.0,16.0,11,3,"['Chenin Blanc', 'Cabernet Franc', 'Rosé']",France,Loire Valley,['Bonnezeaux']
5503,Château de Fieuzal,91.6,46.0,92.0,50.0,27,2,"['Bordeaux-style White Blend', 'Bordeaux-style Red Blend']",France,Bordeaux,['Pessac-Léognan']
5504,Château de Fleurie,90.5,21.5,90.5,21.5,2,1,['Gamay'],France,Beaujolais,['Fleurie']
5505,Château de Fonbel,87.4,21.5,88.0,21.5,9,1,['Bordeaux-style Red Blend'],France,Bordeaux,['Saint-Émilion']
5506,Château de Fontenay,88.0,,88.0,,1,1,['Bordeaux-style Red Blend'],France,Bordeaux,['Côtes de Castillon']
5507,Château de Fontenille,86.3,13.4,87.0,14.0,15,3,"['Bordeaux-style White Blend', 'Bordeaux-style Red Blend', 'Rosé']",France,Bordeaux,['Entre-Deux-Mers']
5508,Château de Fountgraves,89.0,10.0,89.0,10.0,1,1,['Rosé'],France,Languedoc-Roussillon,['Coteaux du Languedoc']
5509,Château de France,90.9,74.7,92.0,100.0,16,2,"['Bordeaux-style White Blend', 'Bordeaux-style Red Blend']",France,Bordeaux,['Pessac-Léognan']
5510,Château de Francs,91.0,28.0,91.0,28.0,1,1,['Bordeaux-style Red Blend'],France,Bordeaux,['Francs Côtes de Bordeaux']
5511,Château de Fuissé,89.0,21.0,89.0,21.0,1,1,['Gamay'],France,Beaujolais,['Juliénas']
5512,Château de Fuissé,91.2,57.7,92.0,58.0,37,1,['Chardonnay'],France,Burgundy,['Pouilly-Fuissé']
5513,Château de Garcinières,88.0,24.0,88.0,24.0,1,1,['Rosé'],France,Provence,['Côtes de Provence']
5514,Château de Garros,87.0,16.7,87.0,15.0,3,2,"['Bordeaux-style Red Blend', 'Merlot']",France,Bordeaux,['Bordeaux Supérieur']
5515,Château de Gaudou,86.8,16.0,86.0,16.0,4,1,['Malbec'],France,France Other,['Vin de France']
5516,Château de Gaudou,89.6,24.1,90.0,21.0,22,3,"['Malbec-Merlot', 'Malbec', 'Red Blend']",France,Southwest France,['Cahors']
5517,Château de Gayon,91.7,33.6,91.5,26.0,6,4,"['Tannat-Cabernet', 'Gros Manseng', 'Gros and Petit Manseng', 'Red Blend']",France,Southwest France,['Madiran']
5518,Château de Genibon,88.0,14.0,88.0,14.0,2,1,['Bordeaux-style Red Blend'],France,Bordeaux,['Côtes de Bourg']
5519,Château de Gironville,88.3,17.5,88.0,17.5,3,1,['Bordeaux-style Red Blend'],France,Bordeaux,['Haut-Médoc']
5520,Château de Goëlane,86.7,15.7,87.0,16.0,3,1,['Bordeaux-style Red Blend'],France,Bordeaux,['Bordeaux Supérieur']
5521,Château de Hauterive,88.5,18.5,88.5,18.5,2,1,['Malbec'],France,Southwest France,['Cahors']
5522,Château de Janicon,84.7,33.3,85.0,35.0,3,2,"['Bordeaux-style White Blend', 'Bordeaux-style Red Blend']",France,Bordeaux,['Graves']
5523,Château de Jau,85.6,17.6,86.0,16.0,8,5,"['Rhône-style Red Blend', 'Muscat', 'Grenache Blanc', 'Red Blend', 'Grenache-Syrah']",France,Languedoc-Roussillon,['Côtes du Roussillon Villages']
5524,Château de Javernand,87.8,24.7,88.0,25.0,6,1,['Gamay'],France,Beaujolais,['Chiroubles']
5525,Château de Jonquieres,86.3,16.3,87.0,16.0,3,1,['Rosé'],France,Languedoc-Roussillon,['Languedoc']
5526,Château de Juliénas,89.5,23.5,89.5,23.5,2,1,['Gamay'],France,Beaujolais,['Juliénas']
5527,Château de Jurque,89.8,24.1,89.5,22.0,20,3,"['Gros and Petit Manseng', 'White Blend', 'Petit Manseng']",France,Southwest France,['Jurançon Sec']
5528,Château de L'Aumerade,85.5,,85.5,,2,2,"['Rhône-style Red Blend', 'Rosé']",France,Provence,['Côtes de Provence']
5529,Château de Lacarelle,87.3,13.3,86.0,13.0,3,1,['Gamay'],France,Beaujolais,['Beaujolais-Villages']
5530,Château de Lagarde,85.6,16.1,86.0,14.0,10,4,"['Bordeaux-style White Blend', 'Bordeaux-style Red Blend', 'Merlot', 'Malbec']",France,Bordeaux,['Bordeaux Blanc']
5531,Château de Lagorce,85.0,10.0,85.0,10.0,1,1,['Bordeaux-style Red Blend'],France,Bordeaux,['Bordeaux']
5532,Château de Lamarque,88.7,30.0,89.0,30.0,6,1,['Bordeaux-style Red Blend'],France,Bordeaux,['Haut-Médoc']
5533,Château de Lancyre,87.4,21.0,88.0,20.0,15,5,"['Rosé', 'Rhône-style Red Blend', 'Syrah-Grenache', 'Roussanne', 'Red Blend']",France,Languedoc-Roussillon,['Coteaux du Languedoc Pic Saint Loup']
5534,Château de Landure,85.5,15.0,85.5,15.0,2,1,['Rhône-style Red Blend'],France,Languedoc-Roussillon,['Minervois']
5535,Château de Landué,86.0,17.0,86.0,17.0,1,1,['Rosé'],France,Provence,['Côtes de Provence']
5536,Château de Lardiley,85.0,14.0,84.0,14.0,6,3,"['Rosé', 'Bordeaux-style White Blend', 'Sémillon']",France,Bordeaux,['Bordeaux Rosé']
5537,Château de Lastours,87.8,21.2,87.5,18.5,4,2,"['Rhône-style Red Blend', 'Rosé']",France,Languedoc-Roussillon,['Corbières']
5538,Château de Lavagnac,86.3,21.3,88.0,16.0,3,1,['Bordeaux-style Red Blend'],France,Bordeaux,['Bordeaux']
5539,Château de Lavernette,86.6,26.2,86.5,23.0,10,2,"['Gamay', 'Chardonnay']",France,Beaujolais,['Beaujolais-Villages']
5540,Château de Lavernette,89.9,37.2,90.0,40.5,8,1,['Chardonnay'],France,Burgundy,['Pouilly-Fuissé']
5541,Château de Lavernette,91.0,29.0,91.0,29.0,1,1,['Gamay'],France,France Other,['Vin Mousseux']
5542,Château de Laville,87.0,14.5,87.0,14.5,3,1,['Bordeaux-style Red Blend'],France,Bordeaux,['Premieres Côtes de Bordeaux']
5543,Château de Lescours,89.0,40.0,89.0,40.0,3,1,['Bordeaux-style Red Blend'],France,Bordeaux,['Saint-Émilion']
5544,Château de Lestiac,87.6,24.0,87.0,25.0,5,1,['Bordeaux-style Red Blend'],France,Bordeaux,['Cadillac Côtes de Bordeaux']
5545,Château de Lionne,88.0,19.0,88.0,19.0,1,1,['Bordeaux-style Red Blend'],France,Bordeaux,['Bordeaux']
5546,Château de Lisennes,85.5,14.6,86.0,15.0,6,2,"['Bordeaux-style Red Blend', 'Rosé']",France,Bordeaux,['Bordeaux Supérieur']
5547,Château de Lugagnac,86.0,13.0,86.0,13.0,2,2,"['Bordeaux-style White Blend', 'Bordeaux-style Red Blend']",France,Bordeaux,['Bordeaux Blanc']
5548,Château de Lussac,88.0,15.0,88.0,15.0,1,1,['Bordeaux-style White Blend'],France,Bordeaux,['Bordeaux Blanc']
5549,Château de Léoube,89.5,21.5,89.5,21.5,2,1,['Rosé'],France,Provence,['Côtes de Provence']
5550,Château de Macard,88.3,22.5,88.0,22.5,3,1,['Bordeaux-style Red Blend'],France,Bordeaux,['Bordeaux Supérieur']
5551,Château de Malengin,91.0,20.0,91.0,20.0,1,1,['Bordeaux-style Red Blend'],France,Bordeaux,['Montagne-Saint-Émilion']
5552,Château de Maligny,88.8,35.4,89.0,32.5,8,1,['Chardonnay'],France,Burgundy,['Chablis']
5553,Château de Malle,91.9,,92.0,,14,1,['Bordeaux-style White Blend'],France,Bordeaux,['Sauternes']
5554,Château de Malleret,90.5,26.0,90.5,26.0,2,1,['Bordeaux-style Red Blend'],France,Bordeaux,['Haut-Médoc']
5555,Château de Marsan,86.5,14.3,86.0,14.0,15,3,"['Rosé', 'Bordeaux-style Red Blend', 'Bordeaux-style White Blend']",France,Bordeaux,['Bordeaux Rosé']
5556,Château de Meursault,88.0,21.0,88.0,21.0,1,1,['Chardonnay'],France,Burgundy,['Bourgogne']
5557,Château de Minière,88.8,21.0,89.0,20.0,4,1,['Cabernet Franc'],France,Loire Valley,['Bourgueil']
5558,Château de Mirande,87.0,18.0,87.0,18.0,1,1,['Chardonnay'],France,Burgundy,['Mâcon-Villages']
5559,Château de Monbadon,87.0,20.0,87.0,20.0,3,1,['Bordeaux-style Red Blend'],France,Bordeaux,['Castillon Côtes de Bordeaux']
5560,Château de Monrecueil,85.0,7.0,85.5,7.0,4,1,['Bordeaux-style Red Blend'],France,Bordeaux,['Bordeaux Supérieur']
5561,Château de Montfort,86.0,17.5,86.0,17.5,2,1,['Chenin Blanc'],France,Loire Valley,['Vouvray']
5562,Château de Montguéret,86.8,15.6,87.0,15.0,8,6,"['Chenin Blanc', 'White Blend', 'Cabernet Franc', 'Rosé', 'Cabernet Franc-Cabernet Sauvignon', 'Sparkling Blend']",France,Loire Valley,['Saumur']
5563,Château de Myrat,91.9,,92.0,,13,1,['Bordeaux-style White Blend'],France,Bordeaux,['Barsac']
5564,Château de Nages,88.2,14.6,88.0,15.0,19,3,"['Rosé', 'Rhône-style Red Blend', 'Rhône-style White Blend']",France,Rhône Valley,['Costières de Nîmes']
5565,Château de Nardon,89.0,18.0,89.0,18.0,1,1,['Bordeaux-style Red Blend'],France,Bordeaux,['Bordeaux Supérieur']
5566,Château de Paillet-Quancard,87.2,16.4,87.0,15.0,5,1,['Bordeaux-style Red Blend'],France,Bordeaux,['Cadillac Côtes de Bordeaux']
5567,Château de Palayson,88.5,40.0,88.5,40.0,2,1,['Cabernet-Syrah'],France,Provence,['Var']
5568,Château de Pampelonne,89.0,24.5,89.0,24.5,3,1,['Rosé'],France,Provence,['Côtes de Provence']
5569,Château de Panigon,88.0,35.0,88.0,35.0,1,1,['Bordeaux-style Red Blend'],France,Bordeaux,['Médoc']
5570,Château de Parenchère,86.2,16.8,86.0,15.0,23,3,"['Bordeaux-style White Blend', 'Bordeaux-style Red Blend', 'Rosé']",France,Bordeaux,['Bordeaux Blanc']
5571,Château de Parnay,91.6,69.6,92.0,50.0,5,2,"['Cabernet Franc', 'Chenin Blanc']",France,Loire Valley,['Saumur-Champigny']
5572,Château de Pennautier,82.7,9.0,83.0,9.0,3,2,"['Merlot', 'Cabernet Sauvignon']",France,Languedoc-Roussillon,"[""Vin de Pays d'Oc""]"
5573,Château de Perligues,86.0,13.0,86.0,13.0,1,1,['Bordeaux-style White Blend'],France,Bordeaux,['Graves']
5574,Château de Pez,91.5,41.2,92.0,42.0,14,1,['Bordeaux-style Red Blend'],France,Bordeaux,['Saint-Estèphe']
5575,Château de Pierreclos,85.0,,85.0,,2,1,['Chardonnay'],France,Burgundy,['Pouilly-Fuissé']
5576,Château de Pierreux,88.5,24.5,88.5,24.5,2,1,['Gamay'],France,Beaujolais,['Brouilly']
5577,Château de Piote,83.9,23.8,84.0,23.5,8,3,"['Bordeaux-style Red Blend', 'Sparkling Blend', 'Rosé']",France,Bordeaux,['Bordeaux Supérieur']
5578,Château de Pitray,89.0,19.0,89.0,19.0,2,1,['Bordeaux-style Red Blend'],France,Bordeaux,['Castillon Côtes de Bordeaux']
5579,Château de Pizay,86.9,16.1,87.0,15.0,29,3,"['Gamay', 'Rosé', 'Chardonnay']",France,Beaujolais,['Morgon']
5580,Château de Pizay,86.3,15.5,86.0,15.5,3,1,['Chardonnay'],France,Burgundy,['Bourgogne']
5581,Château de Portets,88.2,29.7,88.0,15.0,5,2,"['Bordeaux-style White Blend', 'Bordeaux-style Red Blend']",France,Bordeaux,['Graves']
5582,Château de Potiron,87.0,15.0,87.0,15.0,1,1,['Bordeaux-style Red Blend'],France,Bordeaux,['Côtes de Bordeaux']
5583,Château de Pourcieux,87.4,15.7,87.5,15.0,8,1,['Rosé'],France,Provence,['Côtes de Provence']
5584,Château de Pressac,89.3,37.0,89.0,37.0,3,1,['Bordeaux-style Red Blend'],France,Bordeaux,['Saint-Émilion']
5585,Château de Raousset,88.0,20.0,88.0,20.0,1,1,['Gamay'],France,Beaujolais,['Chiroubles']
5586,Château de Rayne Vigneau,91.7,55.6,92.0,59.0,17,2,"['Bordeaux-style White Blend', 'Sauvignon Blanc']",France,Bordeaux,['Sauternes']
5587,Château de Respide,83.0,22.0,83.0,22.0,1,1,['Bordeaux-style Red Blend'],France,Bordeaux,['Graves']
5588,Château de Reynaud,89.0,50.0,89.0,50.0,2,1,['Bordeaux-style Red Blend'],France,Bordeaux,['Côtes de Bourg']
5589,Château de Rhodes,89.7,16.3,89.0,17.0,3,2,"['Red Blend', 'White Blend']",France,Southwest France,['Gaillac']
5590,Château de Ribebon,91.0,40.0,91.0,40.0,1,1,['Bordeaux-style Red Blend'],France,Bordeaux,['Bordeaux Supérieur']
5591,Château de Riberon,85.0,25.0,85.0,25.0,1,1,['Bordeaux-style Red Blend'],France,Bordeaux,['Bordeaux Supérieur']
5592,Château de Ricaud,86.8,23.4,87.0,19.0,9,1,['Bordeaux-style Red Blend'],France,Bordeaux,['Cadillac Côtes de Bordeaux']
5593,Château de Rochemorin,87.6,24.8,87.0,26.0,5,3,"['Bordeaux-style Red Blend', 'Sauvignon Blanc', 'Bordeaux-style White Blend']",France,Bordeaux,['Pessac-Léognan']
5594,Château de Roquebrune,89.5,28.0,89.5,29.0,4,1,['Bordeaux-style Red Blend'],France,Bordeaux,['Lalande de Pomerol']
5595,Château de Roquefort,89.8,17.5,89.5,17.0,4,1,['Rosé'],France,Provence,['Côtes de Provence']
5596,Château de Roques,88.0,,88.0,,1,1,['Bordeaux-style Red Blend'],France,Bordeaux,['Lussac Saint-Émilion']
5597,Château de Rouillac,88.5,,88.5,,2,2,"['Bordeaux-style Red Blend', 'Bordeaux-style White Blend']",France,Bordeaux,['Pessac-Léognan']
5598,Château de Rouquette,86.5,15.0,86.5,15.0,2,2,"['Bordeaux-style White Blend', 'Bordeaux-style Red Blend']",France,Bordeaux,['Bordeaux Blanc']
5599,Château de Rousse,91.0,30.5,91.0,30.5,2,2,"['Petit Manseng', 'Gros and Petit Manseng']",France,Southwest France,['Jurançon']
5600,Château de Sadran,87.0,15.0,87.0,15.0,1,1,['Bordeaux-style Red Blend'],France,Bordeaux,['Cadillac Côtes de Bordeaux']
5601,Château de Saint Martin,84.7,21.7,85.0,22.0,3,1,['Rosé'],France,Provence,['Côtes de Provence']
5602,Château de Saint-Cosme,92.5,45.0,92.5,45.0,2,1,['Rhône-style Red Blend'],France,Rhône Valley,['Gigondas']
5603,Château de Saint-Martin,86.6,22.3,86.5,22.0,8,1,['Rosé'],France,Provence,['Côtes de Provence']
5604,Château de Sainte-Gemme,87.0,,87.0,,1,1,['Bordeaux-style Red Blend'],France,Bordeaux,['Haut-Médoc']
5605,Château de Sancerre,88.2,28.8,88.0,29.5,9,2,"['Sauvignon Blanc', 'Pinot Noir']",France,Loire Valley,['Sancerre']
5606,Château de Santenay,90.1,64.7,90.0,50.0,47,2,"['Pinot Noir', 'Chardonnay']",France,Burgundy,['Aloxe-Corton']
5607,Château de Saurs,87.0,,87.0,,3,2,"['Red Blend', 'White Blend']",France,Southwest France,['Gaillac']
5608,Château de Seguin,85.1,15.2,85.0,15.0,10,2,"['Sauvignon Blanc', 'Bordeaux-style Red Blend']",France,Bordeaux,['Bordeaux Blanc']
5609,Château de Sours,85.9,22.5,85.0,18.0,12,3,"['Bordeaux-style Red Blend', 'Bordeaux-style White Blend', 'Rosé']",France,Bordeaux,['Bordeaux']
5610,Château de Suronde,93.0,86.0,93.0,86.0,1,1,['Chenin Blanc'],France,Loire Valley,['Quarts de Chaume']
5611,Château de Ségriès,87.6,17.6,87.0,18.0,8,2,"['Rhône-style Red Blend', 'Rosé']",France,Rhône Valley,['Côtes du Rhône']
5612,Château de Sérame,88.8,25.2,88.5,18.0,6,1,['Rhône-style Red Blend'],France,Languedoc-Roussillon,['Corbières']
5613,Château de Tabuteau,89.0,17.5,89.0,17.5,2,1,['Bordeaux-style Red Blend'],France,Bordeaux,['Lussac Saint-Émilion']
5614,Château de Targé,91.0,35.0,91.0,35.0,1,1,['Cabernet Franc'],France,Loire Valley,['Saumur-Champigny']
5615,Château de Terrefort Bibonne,87.0,15.0,87.0,15.0,1,1,['Bordeaux-style Red Blend'],France,Bordeaux,['Côtes de Bordeaux']
5616,Château de Terrefort-Quancard,86.4,18.0,87.0,18.0,5,1,['Bordeaux-style Red Blend'],France,Bordeaux,['Bordeaux Supérieur']
5617,Château de Thauvenay,85.0,18.0,85.0,18.0,1,1,['Sauvignon Blanc'],France,Loire Valley,['Sancerre']
5618,Château de Tigné,87.0,22.0,87.0,22.0,1,1,['Pinot Noir'],France,France Other,['Vin de France']
5619,Château de Tigné,86.5,35.0,86.5,35.0,2,2,"['Cabernet Franc-Cabernet Sauvignon', 'Cabernet Sauvignon']",France,Loire Valley,['Anjou']
5620,Château de Tiregand,91.0,26.0,92.0,20.0,3,1,['Bordeaux-style Red Blend'],France,Southwest France,['Pécharmant']
5621,Château de Tourteyron,86.0,20.0,86.0,20.0,3,1,['Bordeaux-style Red Blend'],France,Bordeaux,['Médoc']
5622,Château de Tracy,90.0,48.7,90.0,35.0,22,2,"['Sauvignon Blanc', 'Chardonnay']",France,Loire Valley,['Pouilly-Fumé']
5623,Château de Trinquevedel,86.0,18.0,86.0,18.0,1,1,['Rosé'],France,Rhône Valley,['Tavel']
5624,Château de Trousse,87.0,13.0,87.0,13.0,1,1,['Bordeaux-style Red Blend'],France,Bordeaux,['Blaye Côtes de Bordeaux']
5625,Château de Valcombe,85.0,12.0,85.0,12.0,2,2,"['Syrah-Grenache', 'Rhône-style Red Blend']",France,Rhône Valley,['Costières de Nîmes']
5626,Château de Valflaunès,80.0,15.0,80.0,15.0,1,1,['Syrah'],France,Languedoc-Roussillon,['Coteaux du Languedoc']
5627,Château de Varennes,89.0,17.0,89.0,17.0,1,1,['Chenin Blanc'],France,Loire Valley,['Savennières']
5628,Château de Vauclaire,83.0,12.0,83.0,12.0,1,1,['Rosé'],France,Provence,"[""Coteaux d'Aix-en-Provence""]"
5629,Château de Vaucouleurs,88.0,15.0,88.0,15.0,1,1,['Rosé'],France,Provence,['Côtes de Provence']
5630,Château de Vaudieu,94.0,,94.0,,1,1,['Rhône-style Red Blend'],France,Rhône Valley,['Châteauneuf-du-Pape']
5631,Château de Vaugelas,86.0,12.0,86.0,12.0,1,1,['Red Blend'],France,Languedoc-Roussillon,['Corbières']
5632,Château de Vaux,89.0,13.0,89.0,13.0,1,1,['White Blend'],France,France Other,['Moselle VDQS']
5633,Château de Villambis,87.5,23.0,87.5,23.0,2,1,['Bordeaux-style Red Blend'],France,Bordeaux,['Haut-Médoc']
5634,Château de Villegeorge,89.3,15.0,89.0,15.0,3,1,['Bordeaux-style Red Blend'],France,Bordeaux,['Haut-Médoc']
5635,Château de Villeneuve,87.0,,87.0,,1,1,['Cabernet Franc'],France,Loire Valley,['Saumur-Champigny']
5636,Château de Virecourt,84.3,14.5,84.0,13.5,6,2,"['Bordeaux-style Red Blend', 'Bordeaux-style White Blend']",France,Bordeaux,['Bordeaux']
5637,Château de l'Abbaye de Saint-Ferme,85.0,,85.0,,1,1,['Bordeaux-style Red Blend'],France,Bordeaux,['Bordeaux Supérieur']
5638,Château de l'Annonciation,90.3,65.0,90.0,65.0,3,1,['Bordeaux-style Red Blend'],France,Bordeaux,['Saint-Émilion']
5639,Château de l'Aubrade,86.3,12.6,86.5,12.0,10,3,"['Rosé', 'Bordeaux-style White Blend', 'Bordeaux-style Red Blend']",France,Bordeaux,['Bordeaux Rosé']
5640,Château de l'Enclos,86.0,9.0,86.0,9.0,1,1,['Bordeaux-style White Blend'],France,Bordeaux,['Bordeaux Blanc']
5641,Château de l'Escarelle,88.0,20.8,88.0,20.0,5,1,['Rosé'],France,Provence,['Coteaux Varois en Provence']
5642,Château de l'Hyvernière,87.0,12.0,87.0,12.0,1,1,['Melon'],France,Loire Valley,['Muscadet Sèvre et Maine']
5643,Château de l'Orangerie,83.0,,83.0,,1,1,['Bordeaux-style Red Blend'],France,Bordeaux,['Premieres Côtes de Bordeaux']
5644,Château de la Bouyère,85.3,11.3,85.0,10.0,3,1,['Bordeaux-style Red Blend'],France,Bordeaux,['Bordeaux']
5645,Château de la Brède,90.0,52.5,90.0,52.5,2,2,"['Bordeaux-style White Blend', 'Bordeaux-style Red Blend']",France,Bordeaux,['Graves']
5646,Château de la Chaize,88.2,22.8,88.0,21.5,4,1,['Gamay'],France,Beaujolais,['Brouilly']
5647,Château de la Cour,87.5,54.5,87.5,54.5,2,1,['Bordeaux-style Red Blend'],France,Bordeaux,['Saint-Émilion']
5648,Château de la Cour d'Argent,86.0,18.0,88.0,18.0,3,1,['Bordeaux-style Red Blend'],France,Bordeaux,['Bordeaux Supérieur']
5649,Château de la Croix,86.3,42.5,86.0,42.5,3,1,['Bordeaux-style Red Blend'],France,Bordeaux,['Médoc']
5650,Château de la Crée,90.0,93.0,90.0,93.0,5,2,"['Chardonnay', 'Pinot Noir']",France,Burgundy,['Chassagne-Montrachet']
5651,Château de la Font du Loup,94.0,57.0,94.0,57.0,1,1,['Rhône-style Red Blend'],France,Rhône Valley,['Châteauneuf-du-Pape']
5652,Château de la Galinière,87.0,17.0,87.0,17.0,1,1,['Rosé'],France,Provence,['Côtes de Provence']
5653,Château de la Gardine,87.0,80.0,87.0,80.0,1,1,['Rhône-style Red Blend'],France,Rhône Valley,['Châteauneuf-du-Pape']
5654,Château de la Grave,90.5,21.5,90.5,21.5,2,1,['Bordeaux-style Red Blend'],France,Bordeaux,['Côtes de Bourg']
5655,Château de la Grenière,87.0,40.0,87.0,40.0,1,1,['Bordeaux-style Red Blend'],France,Bordeaux,['Lussac Saint-Émilion']
5656,Château de la Guimonière,86.0,10.5,86.0,10.5,2,2,"['Cabernet Franc', 'Chenin Blanc']",France,Loire Valley,['Anjou']
5657,Château de la Jaubertie,88.4,16.8,90.0,19.0,7,2,"['Bordeaux-style White Blend', 'Bordeaux-style Red Blend']",France,Southwest France,['Bergerac Sec']
5658,Château de la Liquiere,90.7,25.0,90.0,25.0,3,1,['Rhône-style Red Blend'],France,Languedoc-Roussillon,['Faugères']
5659,Château de la Ragotiere,89.8,18.2,90.0,16.0,13,1,['Melon'],France,Loire Valley,['Muscadet Sèvre et Maine']
5660,Château de la Rivière,87.3,15.0,88.0,15.0,3,2,"['Bordeaux-style Red Blend', 'Bordeaux-style White Blend']",France,Bordeaux,['Fronsac']
5661,Château de la Roche-Aux-Moines,90.7,43.0,92.0,40.0,3,1,['Chenin Blanc'],France,Loire Valley,['Savennières-Roche-Aux-Moines']
5662,Château de la Roulerie,87.9,19.6,88.0,14.5,12,3,"['Chenin Blanc', 'Cabernet Franc', 'Rosé']",France,Loire Valley,['Anjou']
5663,Château de la Selve,86.0,40.0,86.0,40.0,1,1,['Viognier'],France,France Other,"[""Vin de Pays des Coteaux de L'Ardeche""]"
5664,Château de la Terrière,88.2,19.9,88.0,20.0,10,2,"['Gamay', 'Gamay Noir']",France,Beaujolais,['Brouilly']
5665,Château de la Tour,94.5,287.5,94.5,287.5,2,1,['Pinot Noir'],France,Burgundy,['Clos de Vougeot']
5666,Château de la Tuilerie,84.5,12.0,84.5,12.0,2,2,"['Viognier', 'Merlot']",France,Languedoc-Roussillon,"[""Vin de Pays d'Oc""]"
5667,Château de la Tuilerie,87.5,31.5,87.5,31.5,2,2,"['Rhône-style Red Blend', 'Syrah']",France,Rhône Valley,['Costières de Nîmes']
5668,Château de la Vieille Chapelle,88.0,,88.0,,1,1,['Bordeaux-style White Blend'],France,Bordeaux,['Bordeaux Blanc']
5669,Château de la Vieille Tour,85.5,17.4,85.0,16.0,12,3,"['Bordeaux-style White Blend', 'Bordeaux-style Red Blend', 'Rosé']",France,Bordeaux,['Bordeaux Blanc']
5670,Château des Albières,84.0,,84.0,,1,1,['Red Blend'],France,Languedoc-Roussillon,['Saint-Chinian']
5671,Château des Annereaux,89.4,38.0,88.0,26.0,7,1,['Bordeaux-style Red Blend'],France,Bordeaux,['Lalande de Pomerol']
5672,Château des Annibals,86.0,19.0,84.0,19.0,3,2,"['Rosé', 'Rhône-style Red Blend']",France,Provence,['Coteaux Varois']
5673,Château des Antonins,85.6,14.0,85.0,14.0,5,3,"['Rosé', 'Bordeaux-style White Blend', 'Bordeaux-style Red Blend']",France,Bordeaux,['Bordeaux Rosé']
5674,Château des Arnauds,87.8,16.2,88.5,15.0,6,3,"['Bordeaux-style Red Blend', 'Merlot', 'Rosé']",France,Bordeaux,['Lalande de Pomerol']
5675,Château des Arras,86.5,16.0,86.5,16.0,2,2,"['Bordeaux-style White Blend', 'Bordeaux-style Red Blend']",France,Bordeaux,['Bordeaux Blanc']
5676,Château des Augustins,87.0,18.0,87.0,18.0,1,1,['Bordeaux-style Red Blend'],France,Bordeaux,['Côtes de Bordeaux']
5677,Château des Bachelards,91.0,67.5,91.5,60.0,4,1,['Gamay'],France,France Other,[]
5678,Château des Bardes,90.0,25.0,90.0,25.0,1,1,['Bordeaux-style Red Blend'],France,Bordeaux,['Saint-Émilion']
5679,Château des Bertrands,86.3,22.7,85.0,24.0,3,2,"['Rosé', 'Provence red blend']",France,Provence,['Côtes de Provence']
5680,Château des Bormettes,89.4,23.2,90.0,26.0,5,2,"['Rosé', 'Provence white blend']",France,Provence,['Côtes de Provence La Londe']
5681,Château des Cabans,86.0,20.0,86.0,20.0,1,1,['Bordeaux-style Red Blend'],France,Bordeaux,['Médoc']
5682,Château des Charmes,86.0,17.2,86.0,16.5,4,3,"['Chardonnay', 'Riesling', 'Viognier']",Canada,Ontario,"[""St. David's Bench""]"
5683,Château des Combes,85.4,13.0,86.0,13.0,5,1,['Bordeaux-style Red Blend'],France,Bordeaux,['Bordeaux']
5684,Château des Demoiselles,86.3,23.2,87.0,19.0,9,1,['Bordeaux-style Red Blend'],France,Bordeaux,['Castillon Côtes de Bordeaux']
5685,Château des Demoiselles,87.0,26.2,88.0,26.5,5,1,['Rosé'],France,Provence,['Côtes de Provence']
5686,Château des Fougères,87.0,36.0,87.0,36.0,1,1,['Bordeaux-style Red Blend'],France,Bordeaux,['Graves']
5687,Château des Gavelles,88.0,,88.0,,1,1,['Rosé'],France,Provence,"[""Coteaux d'Aix-en-Provence""]"
5688,Château des Gimarets,89.5,29.0,89.5,29.0,2,1,['Gamay'],France,Beaujolais,['Moulin-à-Vent']
5689,Château des Graviers,84.0,,84.0,,1,1,['Bordeaux-style Red Blend'],France,Bordeaux,['Margaux']
5690,Château des Gravières,86.0,15.0,86.0,15.0,2,1,['Bordeaux-style White Blend'],France,Bordeaux,['Bordeaux Blanc']
5691,Château des Jacques,91.9,35.6,92.0,34.5,16,2,"['Gamay', 'Chardonnay']",France,Beaujolais,['Moulin-à-Vent']
5692,Château des Jean-Loron,88.0,,88.0,,1,1,['Gamay'],France,Beaujolais,['Chénas']
5693,Château des Judes,86.0,11.5,86.0,11.5,2,1,['Bordeaux-style Red Blend'],France,Bordeaux,['Bordeaux']
5694,Château des Karantes,88.8,27.3,88.5,29.0,14,5,"['Rhône-style Red Blend', 'Rosé', 'Rhône-style White Blend', 'Syrah', 'White Blend']",France,Languedoc-Roussillon,['Coteaux du Languedoc']
5695,Château des Landes,87.4,31.1,87.0,33.0,7,2,"['Merlot', 'Bordeaux-style Red Blend']",France,Bordeaux,['Lussac Saint-Émilion']
5696,Château des Lattes,88.0,16.5,88.0,16.5,2,1,['Bordeaux-style Red Blend'],France,Bordeaux,['Médoc']
5697,Château des Laudes,89.5,30.0,89.5,30.0,2,1,['Bordeaux-style Red Blend'],France,Bordeaux,['Saint-Émilion']
5698,Château des Loges,87.0,16.0,87.0,16.0,1,1,['Gamay'],France,Beaujolais,['Beaujolais-Villages']
5699,Château des Matards,88.0,19.0,88.0,19.0,2,1,['Bordeaux-style Red Blend'],France,Bordeaux,['Blaye Côtes de Bordeaux']
5700,Château des Mille Anges,87.0,21.8,87.0,22.0,5,1,['Bordeaux-style Red Blend'],France,Bordeaux,['Cadillac Côtes de Bordeaux']
5701,Château des Moines Menodin,85.0,15.0,85.0,15.0,1,1,['Bordeaux-style Red Blend'],France,Bordeaux,['Bordeaux Supérieur']
5702,Château des Perligues,86.0,13.0,86.0,13.0,2,2,"['Bordeaux-style Red Blend', 'Bordeaux-style White Blend']",France,Bordeaux,['Graves']
5703,Château des Pertonnières,88.0,15.0,88.0,15.0,1,1,['Gamay'],France,Beaujolais,['Beaujolais']
5704,Château des Ravatys,90.0,,90.0,,1,1,['Gamay'],France,Beaujolais,['Côte de Brouilly']
5705,Château des Rontets,90.2,38.4,90.5,36.0,6,1,['Chardonnay'],France,Burgundy,['Pouilly-Fuissé']
5706,Château des Sarrins,86.8,21.7,87.0,20.0,4,2,"['Rosé', 'Rhône-style Red Blend']",France,Provence,['Côtes de Provence']
5707,Château des Séraphin,87.0,20.0,87.0,20.0,1,1,['Rhône-style Red Blend'],France,Rhône Valley,['Côtes du Rhône']
5708,Château des Tours,86.0,19.0,86.0,19.0,2,1,['Gamay'],France,Beaujolais,['Brouilly']
5709,Château des Tourtes,85.3,18.2,85.0,15.0,14,4,"['Bordeaux-style White Blend', 'Rosé', 'Bordeaux-style Red Blend', 'Sauvignon Blanc']",France,Bordeaux,['Blaye Côtes de Bordeaux']
5710,Château du Bailli,86.0,25.0,86.0,25.0,1,1,['Bordeaux-style Red Blend'],France,Bordeaux,['Blaye Côtes de Bordeaux']
5711,Château du Barrailh,86.0,22.5,86.0,22.5,2,2,"['Bordeaux-style Red Blend', 'Bordeaux-style White Blend']",France,Bordeaux,['Graves']
5712,Château du Barry,87.0,12.0,87.0,12.0,1,1,['Bordeaux-style Red Blend'],France,Bordeaux,['Bordeaux']
5713,Château du Bernat,88.0,12.0,88.0,12.0,1,1,['Bordeaux-style Red Blend'],France,Bordeaux,['Bordeaux']
5714,Château du Biac,84.0,42.0,84.0,42.0,1,1,['Bordeaux-style Red Blend'],France,Bordeaux,['Cadillac Côtes de Bordeaux']
5715,Château du Bois Chantant,86.5,14.0,87.0,15.0,6,1,['Bordeaux-style Red Blend'],France,Bordeaux,['Bordeaux']
5716,Château du Bousquet,82.0,13.0,82.0,13.0,1,1,['Bordeaux-style Red Blend'],France,Bordeaux,['Côtes de Bourg']
5717,Château du Breuil,92.0,17.0,92.0,17.0,1,1,['Bordeaux-style Red Blend'],France,Bordeaux,['Haut-Médoc']
5718,Château du Caillau,87.3,18.7,87.0,18.0,3,1,['Malbec'],France,Southwest France,['Cahors']
5719,Château du Carrubier,88.0,18.0,87.5,18.0,6,3,"['Provence red blend', 'Rosé', 'Provence white blend']",France,Provence,['Côtes de Provence']
5720,Château du Cartillon,86.3,29.0,87.0,30.0,6,1,['Bordeaux-style Red Blend'],France,Bordeaux,['Haut-Médoc']
5721,Château du Cayrou,87.7,16.7,87.0,18.0,3,1,['Malbec'],France,Southwest France,['Cahors']
5722,Château du Chatelard,88.6,19.4,89.5,20.0,8,2,"['Chardonnay', 'Gamay']",France,Beaujolais,['Beaujolais Blanc']
5723,Château du Châtelard,86.0,15.5,86.0,15.5,2,1,['Gamay'],France,Beaujolais,['Beaujolais-Villages']
5724,Château du Claouset,85.0,12.5,85.0,12.5,2,1,['Bordeaux-style White Blend'],France,Bordeaux,['Bordeaux Blanc']
5725,Château du Cluzeau,86.0,,86.0,,1,1,['Bordeaux-style Red Blend'],France,Bordeaux,['Listrac-Médoc']
5726,Château du Coing de Saint-Fiacre,88.3,18.2,88.5,16.5,6,2,"['Melon', 'Chardonnay']",France,Loire Valley,['Muscadet Sèvre et Maine']
5727,Château du Coudray Montpensier,88.6,17.2,87.0,16.0,5,1,['Cabernet Franc'],France,Loire Valley,['Chinon']
5728,Château du Coudray Montpensier ,92.0,20.0,92.0,20.0,1,1,['Cabernet Franc'],France,Loire Valley,['Chinon']
5729,Château du Courlat,90.0,45.0,90.0,45.0,1,1,['Bordeaux-style Red Blend'],France,Bordeaux,['Lussac Saint-Émilion']
5730,Château du Cros,86.4,18.2,86.5,17.5,10,3,"['Sauvignon Blanc', 'Bordeaux-style Red Blend', 'Bordeaux-style White Blend']",France,Bordeaux,['Bordeaux Blanc']
5731,Château du Cèdre,88.0,33.0,88.0,33.0,3,1,['Malbec'],France,France Other,['Vin de Liqueur']
5732,Château du Cèdre,90.3,45.3,91.0,27.0,47,4,"['Malbec', 'Malbec-Merlot', 'White Blend', 'Ugni Blanc-Colombard']",France,Southwest France,['Cahors']
5733,Château du Domaine de l'Eglise,88.3,74.5,88.0,74.5,3,1,['Bordeaux-style Red Blend'],France,Bordeaux,['Pomerol']
5734,Château du Donjon,89.0,15.8,89.5,15.5,4,2,"['Rosé', 'Red Blend']",France,Languedoc-Roussillon,['Minervois']
5735,Château du Galoupet,88.4,22.3,88.0,18.5,10,2,"['Rosé', 'Rhône-style Red Blend']",France,Provence,['Côtes de Provence']
5736,Château du Glana,91.0,59.2,90.5,56.5,8,1,['Bordeaux-style Red Blend'],France,Bordeaux,['Saint-Julien']
5737,Château du Grand Bos,85.5,60.0,85.5,60.0,2,1,['Bordeaux-style Red Blend'],France,Bordeaux,['Graves']
5738,Château du Grand Pierre,86.0,15.0,86.0,15.0,2,1,['Bordeaux-style Red Blend'],France,Bordeaux,['Blaye Côtes de Bordeaux']
5739,Château du Juge,88.5,14.0,88.5,14.0,2,1,['Bordeaux-style Red Blend'],France,Bordeaux,['Bordeaux']
5740,Château du Lort,86.5,15.5,86.5,15.5,2,1,['Bordeaux-style Red Blend'],France,Bordeaux,['Bordeaux']
5741,Château du Luc,86.0,24.0,86.0,24.0,1,1,['Bordeaux-style Red Blend'],France,Bordeaux,['Côtes de Bourg']
5742,Château du Moulin,87.5,43.5,87.5,43.5,2,2,"['Bordeaux-style Red Blend', 'Bordeaux-style White Blend']",France,Bordeaux,['Haut-Médoc']
5743,Château du Moulin Rouge,85.7,18.4,85.5,18.0,6,1,['Bordeaux-style Red Blend'],France,Bordeaux,['Haut-Médoc']
5744,Château du Moulin-à-Vent,90.3,45.2,90.0,44.5,6,1,['Gamay'],France,Beaujolais,['Moulin-à-Vent']
5745,Château du Parc,86.8,35.0,86.0,35.0,4,1,['Bordeaux-style Red Blend'],France,Bordeaux,['Saint-Émilion']
5746,Château du Pavillon,87.0,,87.0,,1,1,['Bordeaux-style White Blend'],France,Bordeaux,['Saint-Croix-du-Mont']
5747,Château du Perier,85.5,20.0,85.5,20.0,2,1,['Bordeaux-style Red Blend'],France,Bordeaux,['Médoc']
5748,Château du Petit Thouars,88.0,19.5,88.0,19.5,2,2,"['Cabernet Franc', 'Sparkling Blend']",France,Loire Valley,['Touraine']
5749,Château du Pin,82.0,,82.0,,1,1,['Bordeaux-style Red Blend'],France,Bordeaux,['Bordeaux']
5750,Château du Pin Franc,85.3,17.5,85.0,17.5,3,2,"['Bordeaux-style White Blend', 'Bordeaux-style Red Blend']",France,Bordeaux,['Bordeaux Blanc']
5751,Château du Pitray,90.0,15.0,90.0,15.0,1,1,['Bordeaux-style Red Blend'],France,Bordeaux,['Castillon Côtes de Bordeaux']
5752,Château du Plessis,91.0,,91.0,,1,1,['Bordeaux-style Red Blend'],France,Bordeaux,['Moulis-en-Médoc']
5753,Château du Port,88.1,21.3,88.0,18.0,12,2,"['Malbec-Merlot', 'Malbec']",France,Southwest France,['Cahors']
5754,Château du Prieur,87.0,12.0,87.0,12.0,1,1,['Bordeaux-style Red Blend'],France,Bordeaux,['Bordeaux']
5755,Château du Prieuré des Mourgues,90.0,20.0,90.0,20.0,1,1,['Rhône-style Red Blend'],France,Languedoc-Roussillon,['Saint-Chinian']
5756,Château du Puget,87.0,20.0,87.0,20.0,1,1,['Rosé'],France,Provence,['Côtes de Provence']
5757,Château du Raux,88.0,19.0,88.0,19.0,1,1,['Bordeaux-style Red Blend'],France,Bordeaux,['Haut-Médoc']
5758,Château du Retout,85.7,19.3,84.0,20.0,3,1,['Bordeaux-style Red Blend'],France,Bordeaux,['Haut-Médoc']
5759,Château du Roc,89.4,35.0,90.0,25.0,5,1,['Bordeaux-style Red Blend'],France,Bordeaux,['Castillon Côtes de Bordeaux']
5760,Château du Rouët,85.3,14.2,85.0,15.0,7,1,['Rosé'],France,Provence,['Côtes de Provence']
5761,Château du Seguinier,87.0,14.0,87.0,14.0,1,1,['Bordeaux-style Red Blend'],France,Bordeaux,['Blaye Côtes de Bordeaux']
5762,Château du Seuil,88.9,25.1,89.0,25.0,9,2,"['Bordeaux-style White Blend', 'Bordeaux-style Red Blend']",France,Bordeaux,['Cérons']
5763,Château du Taillan,87.4,23.4,87.0,24.0,7,2,"['Bordeaux-style Red Blend', 'Sauvignon Blanc']",France,Bordeaux,['Haut-Médoc']
5764,Château du Tasta,86.0,40.0,86.0,40.0,1,1,['Bordeaux-style Red Blend'],France,Bordeaux,['Cadillac Côtes de Bordeaux']
5765,Château du Tertre,91.4,43.2,92.0,41.0,16,1,['Bordeaux-style Red Blend'],France,Bordeaux,['Margaux']
5766,Château du Trignon,88.8,25.9,89.0,19.0,11,3,"['Roussanne', 'Rhône-style Red Blend', 'Marsanne']",France,Rhône Valley,['Côtes du Rhône']
5767,Château du Vallier,86.4,30.6,86.0,25.0,7,1,['Bordeaux-style Red Blend'],France,Bordeaux,['Côtes de Bordeaux']
5768,Château du Vieux Puit,88.5,15.5,88.5,15.5,2,1,['Bordeaux-style Red Blend'],France,Bordeaux,['Blaye Côtes de Bordeaux']
5769,Château du Vieux-Guinot,87.0,84.0,87.0,84.0,1,1,['Bordeaux-style Red Blend'],France,Bordeaux,['Saint-Émilion']
5770,Château l' Oiseau,87.0,16.0,87.0,16.0,1,1,['Bordeaux-style White Blend'],France,Bordeaux,['Bordeaux Blanc']
5771,Château l'Afrique,87.8,21.8,88.5,20.0,6,1,['Rosé'],France,Provence,['Côtes de Provence']
5772,Château l'Ancien,89.0,,89.0,,1,1,['Bordeaux-style Red Blend'],France,Bordeaux,['Lalande de Pomerol']
5773,Château l'Archange,89.0,,89.0,,1,1,['Bordeaux-style Red Blend'],France,Bordeaux,['Saint-Émilion']
5774,Château l'Argenteyre,88.0,19.3,88.5,20.0,4,1,['Bordeaux-style Red Blend'],France,Bordeaux,['Médoc']
5775,Château l'Avocat,87.6,19.4,88.0,20.0,5,2,"['Bordeaux-style White Blend', 'Bordeaux-style Red Blend']",France,Bordeaux,['Graves']
5776,Château l'Eglise Saget,85.0,13.0,85.0,13.0,1,1,['Bordeaux-style Red Blend'],France,Bordeaux,['Bordeaux']
5777,Château l'Enclos,89.3,59.7,90.0,60.0,3,1,['Bordeaux-style Red Blend'],France,Bordeaux,['Pomerol']
5778,Château l'Escadre,87.0,14.0,87.0,14.0,1,1,['Bordeaux-style Red Blend'],France,Bordeaux,['Blaye Côtes de Bordeaux']
5779,Château l'Escart,84.7,18.7,85.0,19.0,3,1,['Bordeaux-style Red Blend'],France,Bordeaux,['Bordeaux Supérieur']
5780,Château l'Espérance,88.6,27.2,88.5,23.5,10,2,"['Bordeaux-style Red Blend', 'Merlot']",France,Bordeaux,['Premieres Côtes de Blaye']
5781,Château l'Estang,90.0,15.0,90.0,15.0,1,1,['Bordeaux-style Red Blend'],France,Bordeaux,['Castillon Côtes de Bordeaux']
5782,Château l'Isle Fort,82.0,,82.0,,1,1,['Bordeaux-style Red Blend'],France,Bordeaux,['Bordeaux Supérieur']
5783,Château l'Oasis,83.0,15.0,83.0,15.0,1,1,['Rosé'],France,Provence,['Côtes de Provence']
5784,Château l'Orangerie,85.7,12.0,85.0,12.0,3,3,"['Bordeaux-style White Blend', 'Rosé', 'Bordeaux-style Red Blend']",France,Bordeaux,['Bordeaux Blanc']
5785,Château l'Évangile,92.2,,92.5,,4,1,['Bordeaux-style Red Blend'],France,Bordeaux,['Pomerol']
5786,Château la Baronnerie,88.0,23.7,89.0,25.0,3,2,"['Bordeaux-style Red Blend', 'Sauvignon Blanc']",France,Bordeaux,['Blaye Côtes de Bordeaux']
5787,Château la Barotte,86.0,10.5,86.0,10.5,2,1,['Bordeaux-style Red Blend'],France,Bordeaux,['Bordeaux']
5788,Château la Bassonnerie,86.0,46.0,86.0,46.0,2,1,['Bordeaux-style Red Blend'],France,Bordeaux,['Pomerol']
5789,Château la Bastidette,90.0,15.0,90.0,15.0,1,1,['Bordeaux-style Red Blend'],France,Bordeaux,['Montagne-Saint-Émilion']
5790,Château la Bessane,87.8,33.7,87.5,32.0,4,1,['Bordeaux-style Red Blend'],France,Bordeaux,['Margaux']
5791,Château la Bienfaisance,92.0,,92.0,,2,1,['Bordeaux-style Red Blend'],France,Bordeaux,['Saint-Émilion']
5792,Château la Brande,88.0,19.7,88.0,19.0,3,1,['Bordeaux-style Red Blend'],France,Bordeaux,['Castillon Côtes de Bordeaux']
5793,Château la Bretonnière,86.0,15.7,86.0,15.0,3,2,"['Bordeaux-style Red Blend', 'Bordeaux-style White Blend']",France,Bordeaux,['Premieres Côtes de Blaye']
5794,Château la Cabanne,90.0,,90.5,,6,1,['Bordeaux-style Red Blend'],France,Bordeaux,['Pomerol']
5795,Château la Caderie,84.0,,84.0,,1,1,['Bordeaux-style White Blend'],France,Bordeaux,['Bordeaux Blanc']
5796,Château la Calisse,88.5,31.0,88.5,32.5,4,1,['Rosé'],France,Provence,['Coteaux Varois en Provence']
5797,Château la Calvaire,88.0,15.0,88.0,15.0,1,1,['Bordeaux-style Red Blend'],France,Bordeaux,['Bordeaux Supérieur']
5798,Château la Caminade,88.4,18.0,88.0,18.0,7,3,"['Malbec', 'Malbec-Merlot', 'Red Blend']",France,Southwest France,['Cahors']
5799,Château la Canorgue,85.3,17.0,86.0,18.0,3,3,"['Rhône-style Red Blend', 'Rosé', 'Rhône-style White Blend']",France,Rhône Valley,['Côtes du Luberon']
5800,Château la Chapelle Despagnet,87.0,25.0,87.0,25.0,1,1,['Bordeaux-style Red Blend'],France,Bordeaux,['Saint-Émilion']
5801,Château la Chapelle Maillard,89.0,13.0,89.0,13.0,1,1,['Bordeaux-style Red Blend'],France,Bordeaux,['Bordeaux']
5802,Château la Chapelle aux Moines,90.3,24.0,90.0,25.0,3,1,['Bordeaux-style Red Blend'],France,Bordeaux,['Saint-Émilion']
5803,Château la Clide,90.4,89.0,91.0,89.0,5,1,['Bordeaux-style Red Blend'],France,Bordeaux,['Saint-Émilion']
5804,Château la Clotte,90.5,,90.5,,2,1,['Bordeaux-style Red Blend'],France,Bordeaux,['Saint-Émilion']
5805,Château la Clémence,84.0,,84.0,,1,1,['Bordeaux-style Red Blend'],France,Bordeaux,['Pomerol']
5806,Château la Colombière,87.0,22.5,87.0,22.5,2,2,"['White Blend', 'Negrette']",France,France Other,['Vin de France']
5807,Château la Colombière,85.0,20.0,85.0,20.0,1,1,['Rosé'],France,Southwest France,['Fronton']
5808,Château la Coste,90.0,,90.0,,2,2,"['Rosé', 'Red Blend']",France,Provence,"[""Coteaux d'Aix-en-Provence""]"
5809,Château la Couspaude,89.6,,91.0,,5,1,['Bordeaux-style Red Blend'],France,Bordeaux,['Saint-Émilion']
5810,Château la Coustarelle,90.0,30.0,90.0,30.0,2,2,"['Malbec', 'Malbec-Merlot']",France,Southwest France,['Cahors']
5811,Château la Croix Blanche,84.5,16.5,84.5,16.5,2,1,['Bordeaux-style Red Blend'],France,Bordeaux,['Francs Côtes de Bordeaux']
5812,Château la Croix Margautot,87.0,19.7,88.0,19.0,3,1,['Bordeaux-style Red Blend'],France,Bordeaux,['Haut-Médoc']
5813,Château la Croix Melin,88.0,22.0,88.0,22.0,1,1,['Bordeaux-style Red Blend'],France,Bordeaux,['Saint-Émilion']
5814,Château la Croix Romane,89.0,32.0,89.0,32.0,1,1,['Bordeaux-style Red Blend'],France,Bordeaux,['Lalande de Pomerol']
5815,Château la Croix Saint-Georges,92.0,,92.0,,1,1,['Bordeaux-style Red Blend'],France,Bordeaux,['Pomerol']
5816,Château la Croix Saint-Pierre,87.4,15.7,88.0,15.0,7,1,['Bordeaux-style Red Blend'],France,Bordeaux,['Blaye Côtes de Bordeaux']
5817,Château la Croix St-Pierre,89.0,14.0,89.0,14.0,1,1,['Bordeaux-style Red Blend'],France,Bordeaux,['Blaye Côtes de Bordeaux']
5818,Château la Croix de Gay,89.8,40.0,90.0,40.0,5,1,['Bordeaux-style Red Blend'],France,Bordeaux,['Pomerol']
5819,Château la Croix de Roche,88.0,15.0,89.0,15.0,6,2,"['Bordeaux-style White Blend', 'Bordeaux-style Red Blend']",France,Bordeaux,['Bordeaux Blanc']
5820,Château la Croix de St-Georges,82.0,,82.0,,1,1,['Bordeaux-style Red Blend'],France,Bordeaux,['Saint-Georges-Saint-Émilion']
5821,Château la Croix du Casse,89.5,55.0,89.5,55.0,2,1,['Bordeaux-style Red Blend'],France,Bordeaux,['Pomerol']
5822,Château la Croizille,88.0,120.0,88.0,120.0,2,1,['Bordeaux-style Red Blend'],France,Bordeaux,['Saint-Estèphe']
5823,Château la Dauphine,87.0,,87.0,,1,1,['Bordeaux-style Red Blend'],France,Bordeaux,['Fronsac']
5824,Château la Dominique,91.3,65.0,91.5,65.0,10,1,['Bordeaux-style Red Blend'],France,Bordeaux,['Saint-Émilion']
5825,Château la Doyenne,90.0,45.0,90.0,45.0,1,1,['Bordeaux-style Red Blend'],France,Bordeaux,['Cadillac Côtes de Bordeaux']
5826,Château la Favière,86.7,18.2,86.5,18.0,6,1,['Bordeaux-style Red Blend'],France,Bordeaux,['Bordeaux Supérieur']
5827,Château la Fleur,86.0,17.0,85.0,16.5,4,1,['Bordeaux-style Red Blend'],France,Bordeaux,['Montagne-Saint-Émilion']
5828,Château la Fleur Bellevue,85.0,14.0,85.0,14.0,1,1,['Bordeaux-style Red Blend'],France,Bordeaux,['Blaye Côtes de Bordeaux']
5829,Château la Fleur Peyrabon,89.0,22.0,89.0,22.0,1,1,['Bordeaux-style Red Blend'],France,Bordeaux,['Pauillac']
5830,Château la Fleur Poitou,86.0,34.0,86.0,34.0,1,1,['Bordeaux-style Red Blend'],France,Bordeaux,['Lussac Saint-Émilion']
5831,Château la Fleur d'Arthus,87.0,,87.0,,1,1,['Bordeaux-style Red Blend'],France,Bordeaux,['Saint-Émilion']
5832,Château la Fleur de Boüard,90.0,,90.0,,2,1,['Bordeaux-style Red Blend'],France,Bordeaux,['Lalande de Pomerol']
5833,Château la Fleur-Pétrus,93.6,199.5,93.5,162.5,14,1,['Bordeaux-style Red Blend'],France,Bordeaux,['Pomerol']
5834,Château la Font du Jeu,90.0,20.0,90.0,20.0,1,1,['Bordeaux-style Red Blend'],France,Bordeaux,['Castillon Côtes de Bordeaux']
5835,Château la Fontaine de Genin,84.0,,84.0,,1,1,['Bordeaux-style Red Blend'],France,Bordeaux,['Bordeaux']
5836,Château la Fortune,91.0,65.0,91.0,65.0,1,1,['Bordeaux-style Red Blend'],France,Bordeaux,['Margaux']
5837,Château la France,86.6,12.1,86.0,12.0,9,3,"['Rosé', 'Bordeaux-style White Blend', 'Bordeaux-style Red Blend']",France,Bordeaux,['Bordeaux Rosé']
5838,Château la Freynelle,86.2,14.4,86.0,14.5,11,4,"['Bordeaux-style White Blend', 'Bordeaux-style Red Blend', 'Cabernet Sauvignon', 'Rosé']",France,Bordeaux,['Bordeaux Blanc']
5839,Château la Gaffelière,92.6,50.2,93.0,47.0,18,1,['Bordeaux-style Red Blend'],France,Bordeaux,['Saint-Émilion']
5840,Château la Garde,90.5,43.5,91.0,43.5,15,2,"['Bordeaux-style White Blend', 'Bordeaux-style Red Blend']",France,Bordeaux,['Pessac-Léognan']
5841,Château la Garricq,89.0,25.0,89.0,25.0,1,1,['Bordeaux-style Red Blend'],France,Bordeaux,['Moulis-en-Médoc']
5842,Château la Genestière,91.0,22.0,91.0,22.0,2,2,"['Rosé', 'Rhône-style Red Blend']",France,Rhône Valley,['Tavel']
5843,Château la Gomerie,93.0,,93.0,,1,1,['Bordeaux-style Red Blend'],France,Bordeaux,['Saint-Émilion']
5844,Château la Gordonne,88.7,20.6,88.0,20.0,10,3,"['Rosé', 'Red Blend', 'Rolle']",France,Provence,['Côtes de Provence']
5845,Château la Gorre,84.0,25.0,84.0,25.0,1,1,['Bordeaux-style Red Blend'],France,Bordeaux,['Médoc']
5846,Château la Grande Barthe,88.0,40.0,88.0,40.0,1,1,['Bordeaux-style Red Blend'],France,Bordeaux,['Montagne-Saint-Émilion']
5847,Château la Grande Maye,86.0,,86.0,,1,1,['Bordeaux-style Red Blend'],France,Bordeaux,['Castillon Côtes de Bordeaux']
5848,Château la Grande Métaire,87.0,,87.0,,1,1,['Bordeaux-style White Blend'],France,Bordeaux,['Entre-Deux-Mers']
5849,Château la Grange Clinet,91.0,,91.0,,1,1,['Bordeaux-style Red Blend'],France,Bordeaux,['Côtes de Bordeaux']
5850,Château la Grave,90.0,,90.0,,1,1,['Bordeaux-style Red Blend'],France,Bordeaux,['Pomerol']
5851,Château la Grave,87.0,20.0,87.0,20.0,1,1,['Rosé'],France,Languedoc-Roussillon,['Minervois']
5852,Château la Gravette Lacombe,85.7,18.0,84.0,18.0,3,1,['Bordeaux-style Red Blend'],France,Bordeaux,['Médoc']
5853,Château la Gravière Grand Poujeaux,89.5,65.0,89.5,65.0,2,1,['Bordeaux-style Red Blend'],France,Bordeaux,['Moulis-en-Médoc']
5854,Château la Grolet,87.0,19.0,87.0,19.0,1,1,['Bordeaux-style Red Blend'],France,Bordeaux,['Côtes de Bourg']
5855,Château la Grâce Dieu,93.0,35.0,93.0,35.0,1,1,['Bordeaux-style Red Blend'],France,Bordeaux,['Saint-Émilion']
5856,Château la Guillaumette,86.0,10.0,86.0,10.0,1,1,['Bordeaux-style Red Blend'],France,Bordeaux,['Bordeaux']
5857,Château la Gurgue,89.7,19.0,90.0,19.0,3,1,['Bordeaux-style Red Blend'],France,Bordeaux,['Margaux']
5858,Château la Hargue,83.0,13.0,83.0,13.0,1,1,['Bordeaux-style Red Blend'],France,Bordeaux,['Bordeaux Blanc']
5859,Château la Haye,86.5,24.7,86.5,20.0,4,1,['Bordeaux-style Red Blend'],France,Bordeaux,['Saint-Estèphe']
5860,Château la Jorine,88.3,17.3,88.0,18.0,3,1,['Bordeaux-style Red Blend'],France,Bordeaux,['Lussac Saint-Émilion']
5861,Château la Lauzette,85.0,28.0,85.0,28.0,1,1,['Bordeaux-style Red Blend'],France,Bordeaux,['Haut-Médoc']
5862,Château la Levrette,89.0,35.0,89.0,35.0,1,1,['Bordeaux-style Red Blend'],France,Bordeaux,['Blaye Côtes de Bordeaux']
5863,Château la Longua,88.0,19.0,88.0,19.0,2,1,['Bordeaux-style Red Blend'],France,Bordeaux,['Fronsac']
5864,Château la Louvière,91.1,52.9,92.0,49.0,19,2,"['Bordeaux-style Red Blend', 'Bordeaux-style White Blend']",France,Bordeaux,['Pessac-Léognan']
5865,Château la Maroutine,88.0,13.0,88.0,13.0,1,1,['Bordeaux-style Red Blend'],France,Bordeaux,['Bordeaux']
5866,Château la Martinette,88.0,,88.0,,1,1,['Rosé'],France,Provence,['Côtes de Provence']
5867,Château la Marzelle,93.0,60.0,93.0,60.0,1,1,['Bordeaux-style Red Blend'],France,Bordeaux,['Saint-Émilion']
5868,Château la Mascaronne,90.0,22.8,90.0,24.0,9,4,"['Rosé', 'Rhône-style Red Blend', 'Provence red blend', 'Provence white blend']",France,Provence,['Côtes de Provence']
5869,Château la Mothe du Barry,84.0,18.0,84.0,18.0,1,1,['Bordeaux-style Red Blend'],France,Bordeaux,['Bordeaux Supérieur']
5870,Château la Moulinière,86.0,11.0,87.0,11.0,3,3,"['Rosé', 'Bordeaux-style Red Blend', 'Bordeaux-style White Blend']",France,Bordeaux,['Bordeaux Rosé']
5871,Château la Moutète,87.8,15.0,87.5,15.0,4,1,['Rosé'],France,Provence,['Côtes de Provence']
5872,Château la Nauze,86.0,,86.0,,1,1,['Bordeaux-style Red Blend'],France,Bordeaux,['Castillon Côtes de Bordeaux']
5873,Château la Patache,88.7,48.0,89.0,48.0,3,1,['Bordeaux-style Red Blend'],France,Bordeaux,['Pomerol']
5874,Château la Pervenche,90.0,35.0,90.0,35.0,1,1,['Bordeaux-style Red Blend'],France,Bordeaux,['Lalande de Pomerol']
5875,Château la Petite Roque,84.8,19.0,84.5,14.5,4,1,['Bordeaux-style Red Blend'],France,Bordeaux,['Blaye Côtes de Bordeaux']
5876,Château la Pointe,90.6,,90.0,,7,1,['Bordeaux-style Red Blend'],France,Bordeaux,['Pomerol']
5877,Château la Prade,89.0,,89.0,,1,1,['Bordeaux-style Red Blend'],France,Bordeaux,['Francs Côtes de Bordeaux']
5878,Château la Rayre,84.8,16.7,84.5,15.0,6,3,"['Bordeaux-style Red Blend', 'Bordeaux-style White Blend', 'Rosé']",France,Southwest France,['Bergerac']
5879,Château la Reyne,90.2,21.7,90.0,20.0,4,2,"['Malbec Blend', 'Malbec']",France,Southwest France,['Cahors']
5880,Château la Roche Bazin,90.0,20.0,90.0,20.0,1,1,['Bordeaux-style Red Blend'],France,Bordeaux,['Blaye Côtes de Bordeaux']
5881,Château la Rode,82.0,22.0,82.0,22.0,1,1,['Bordeaux-style Red Blend'],France,Bordeaux,['Castillon Côtes de Bordeaux']
5882,Château la Roque de By,86.6,17.0,87.0,17.0,5,1,['Bordeaux-style Red Blend'],France,Bordeaux,['Médoc']
5883,Château la Rose Belair,86.0,12.0,86.0,12.0,1,1,['Bordeaux-style Red Blend'],France,Bordeaux,['Bordeaux Supérieur']
5884,Château la Rose Bellevue,85.5,15.0,85.5,15.0,2,2,"['Sauvignon Blanc', 'Bordeaux-style Red Blend']",France,Bordeaux,['Premieres Côtes de Blaye']
5885,Château la Rose Trimoulet,87.0,,87.0,,1,1,['Bordeaux-style Red Blend'],France,Bordeaux,['Saint-Émilion']
5886,Château la Rose de Vitrac,85.0,10.0,85.0,10.0,1,1,['Bordeaux-style Red Blend'],France,Bordeaux,['Bordeaux']
5887,Château la Rose du Pin,85.5,14.0,85.5,14.0,2,1,['Bordeaux-style Red Blend'],France,Bordeaux,['Bordeaux']
5888,Château la Roselière,88.0,,88.0,,1,1,['Bordeaux-style Red Blend'],France,Bordeaux,['Premieres Côtes de Blaye']
5889,Château la Roseraie,86.0,13.0,86.0,13.0,1,1,['Bordeaux-style Red Blend'],France,Bordeaux,['Blaye Côtes de Bordeaux']
5890,Château la Révérence,90.5,46.0,90.5,46.0,2,1,['Bordeaux-style Red Blend'],France,Bordeaux,['Saint-Émilion']
5891,Château la Tonnelle,88.4,18.0,88.0,18.0,5,1,['Bordeaux-style Red Blend'],France,Bordeaux,['Haut-Médoc']
5892,Château la Tour Blanche,93.5,60.0,94.0,45.0,15,1,['Bordeaux-style White Blend'],France,Bordeaux,['Sauternes']
5893,Château la Tour Chapoux,86.0,13.0,86.0,13.0,1,1,['Bordeaux-style Red Blend'],France,Bordeaux,['Bordeaux']
5894,Château la Tour Sainte Anne,85.0,,85.0,,1,1,['Rosé'],France,Provence,['Côtes de Provence']
5895,Château la Tour de Bessan,91.0,40.0,91.0,40.0,3,1,['Bordeaux-style Red Blend'],France,Bordeaux,['Margaux']
5896,Château la Tour de By,88.2,35.0,88.0,38.0,9,1,['Bordeaux-style Red Blend'],France,Bordeaux,['Médoc']
5897,Château la Tour de Mons,90.5,23.0,90.5,23.0,2,1,['Bordeaux-style Red Blend'],France,Bordeaux,['Margaux']
5898,Château la Tour de Pin,91.5,,91.5,,2,1,['Bordeaux-style Red Blend'],France,Bordeaux,['Saint-Émilion']
5899,Château la Tour de Pin Figeac,90.0,,90.0,,1,1,['Bordeaux-style Red Blend'],France,Bordeaux,['Saint-Émilion']
5900,Château la Tour de Pin Figeac Moueix,86.0,,86.0,,1,1,['Bordeaux-style Red Blend'],France,Bordeaux,['Saint-Émilion']
5901,Château la Tour de l'Evêque,86.8,16.0,87.0,16.0,5,1,['Rosé'],France,Provence,['Côtes de Provence']
5902,Château la Tourbeille,86.0,13.0,86.0,13.0,1,1,['Bordeaux-style Red Blend'],France,Bordeaux,['Bordeaux Supérieur']
5903,Château la Valade,86.0,13.0,86.0,13.0,3,1,['Bordeaux-style Red Blend'],France,Bordeaux,['Premieres Côtes de Blaye']
5904,Château la Valière,88.0,20.0,88.0,20.0,1,1,['Bordeaux-style Red Blend'],France,Bordeaux,['Médoc']
5905,Château la Varière,90.4,36.0,91.0,30.0,15,5,"['Cabernet Franc-Cabernet Sauvignon', 'Chenin Blanc', 'Cabernet Franc', 'Cabernet Sauvignon', 'Rosé']",France,Loire Valley,['Anjou Villages Brissac']
5906,Château la Verrière,86.5,15.4,86.0,15.0,11,3,"['Bordeaux-style Red Blend', 'Bordeaux-style White Blend', 'Rosé']",France,Bordeaux,['Bordeaux Supérieur']
5907,Château la Vieille Cure,90.3,23.5,90.0,23.5,3,1,['Bordeaux-style Red Blend'],France,Bordeaux,['Fronsac']
5908,Château la Vivonne,88.7,16.7,89.0,17.0,3,1,['Rosé'],France,Provence,['Côtes de Provence']
5909,Château la Voie,86.0,14.0,86.0,14.0,1,1,['Bordeaux-style Red Blend'],France,Bordeaux,['Blaye Côtes de Bordeaux']
5910,Château le Bergey,83.0,10.0,83.0,10.0,1,1,['Bordeaux-style Red Blend'],France,Bordeaux,['Bordeaux']
5911,Château le Bon Pasteur,91.6,96.0,92.0,96.0,8,1,['Bordeaux-style Red Blend'],France,Bordeaux,['Pomerol']
5912,Château le Bonnat,87.0,19.0,87.0,20.0,10,2,"['Bordeaux-style Red Blend', 'Bordeaux-style White Blend']",France,Bordeaux,['Graves']
5913,Château le Bourdieu Vertheuil,85.0,,85.0,,1,1,['Bordeaux-style Red Blend'],France,Bordeaux,['Haut-Médoc']
5914,Château le Breton,86.5,15.5,86.5,15.5,2,1,['Bordeaux-style Red Blend'],France,Bordeaux,['Bordeaux']
5915,Château le Calvaire,88.3,15.0,88.0,15.0,3,1,['Bordeaux-style Red Blend'],France,Bordeaux,['Bordeaux Supérieur']
5916,Château le Castellot,86.5,43.8,87.0,40.0,4,1,['Bordeaux-style Red Blend'],France,Southwest France,['Côtes de Bergerac']
5917,Château le Chêne,88.5,18.0,88.5,18.0,2,1,['Bordeaux-style Red Blend'],France,Bordeaux,['Haut-Médoc']
5918,Château le Devoy Martine,88.3,20.0,89.0,20.0,3,2,"['Rhône-style Red Blend', 'Rosé']",France,Rhône Valley,['Lirac']
5919,Château le Doyenne,87.5,20.5,87.5,20.0,4,1,['Bordeaux-style Red Blend'],France,Bordeaux,['Côtes de Bordeaux']
5920,Château le Gardera,87.5,16.7,87.0,15.0,4,1,['Bordeaux-style Red Blend'],France,Bordeaux,['Bordeaux Supérieur']
5921,Château le Gay,93.5,,93.5,,2,1,['Bordeaux-style Red Blend'],France,Bordeaux,['Pomerol']
5922,Château le Grand Moulin,88.7,29.5,90.0,29.5,3,1,['Bordeaux-style Red Blend'],France,Bordeaux,['Blaye Côtes de Bordeaux']
5923,Château le Grand Paroissien,86.0,25.0,86.0,25.0,1,1,['Bordeaux-style Red Blend'],France,Bordeaux,['Haut-Médoc']
5924,Château le Grand Verdus,87.2,14.2,87.5,15.0,4,3,"['Bordeaux-style White Blend', 'Rosé', 'Bordeaux-style Red Blend']",France,Bordeaux,['Bordeaux Blanc']
5925,Château le Joyeux,87.0,12.0,87.0,12.0,1,1,['Bordeaux-style Red Blend'],France,Bordeaux,['Bordeaux']
5926,Château le Manoir,91.0,70.0,91.0,70.0,1,1,['Bordeaux-style Red Blend'],France,Bordeaux,['Lalande de Pomerol']
5927,Château le Mayne Turon,84.0,8.0,84.0,8.0,1,1,['Bordeaux-style Red Blend'],France,Bordeaux,['Bordeaux']
5928,Château le Moulin d'Ulysse,89.0,40.0,89.0,40.0,1,1,['Bordeaux-style Red Blend'],France,Bordeaux,['Haut-Médoc']
5929,Château le Moulin de la Jaumarde,85.0,15.0,85.0,15.0,1,1,['Bordeaux-style Red Blend'],France,Bordeaux,['Bordeaux']
5930,Château le Noble,84.5,18.0,84.5,18.0,2,2,"['Bordeaux-style Red Blend', 'Bordeaux-style White Blend']",France,Bordeaux,['Bordeaux']
5931,Château le Pape,88.8,70.8,89.0,66.5,5,1,['Bordeaux-style Red Blend'],France,Bordeaux,['Pessac-Léognan']
5932,Château le Paradis,88.0,22.0,88.0,22.0,1,1,['Bordeaux-style Red Blend'],France,Bordeaux,['Côtes de Bourg']
5933,Château le Payral,89.0,18.0,90.0,13.0,3,2,"['Bordeaux-style White Blend', 'Bordeaux-style Red Blend']",France,Southwest France,['Saussignac']
5934,Château le Peuy Saincrit,85.0,13.0,85.0,13.0,1,1,['Bordeaux-style Red Blend'],France,Bordeaux,['Bordeaux Supérieur']
5935,Château le Pey,88.7,21.0,90.0,21.0,3,1,['Bordeaux-style Red Blend'],France,Bordeaux,['Médoc']
5936,Château le Peyrat,90.0,13.5,90.0,13.5,2,1,['Bordeaux-style Red Blend'],France,Bordeaux,['Castillon Côtes de Bordeaux']
5937,Château le Piat,87.0,23.8,87.0,27.0,5,1,['Bordeaux-style Red Blend'],France,Bordeaux,['Côtes de Bourg']
5938,Château le Prieuré,89.5,44.2,89.5,42.0,8,2,"['Bordeaux-style Red Blend', 'Merlot']",France,Bordeaux,['Saint-Émilion']
5939,Château le Pré de la Lande,87.0,17.5,87.0,17.5,3,2,"['Bordeaux-style Red Blend', 'Bordeaux-style White Blend']",France,Bordeaux,['Sainte-Foy Bordeaux']
5940,Château le Raz,87.0,22.4,86.0,25.0,7,2,"['Bordeaux-style White Blend', 'Bordeaux-style Red Blend']",France,Southwest France,['Montravel']
5941,Château le Reysse,87.3,28.0,87.0,28.0,3,1,['Bordeaux-style Red Blend'],France,Bordeaux,['Médoc']
5942,Château le Roudier,90.0,30.0,90.0,30.0,1,1,['Bordeaux-style Red Blend'],France,Bordeaux,['Bordeaux Supérieur']
5943,Château le Sanctuaire,83.0,25.0,83.0,25.0,1,1,['Bordeaux-style Red Blend'],France,Bordeaux,['Castillon Côtes de Bordeaux']
5944,Château le Sartre,88.0,25.0,88.0,25.0,5,2,"['Bordeaux-style White Blend', 'Bordeaux-style Red Blend']",France,Bordeaux,['Pessac-Léognan']
5945,Château le Sèpe,84.0,20.0,84.0,20.0,1,1,['Bordeaux-style Red Blend'],France,Bordeaux,['Bordeaux']
5946,Château le Temple,89.5,55.0,89.5,55.0,2,1,['Bordeaux-style Red Blend'],France,Bordeaux,['Médoc']
5947,Château le Thil,90.0,,90.0,,1,1,['Bordeaux-style Red Blend'],France,Bordeaux,['Pessac-Léognan']
5948,Château le Vivier,85.0,20.0,85.0,20.0,1,1,['Bordeaux-style Red Blend'],France,Bordeaux,['Médoc']
5949,Château les Ancres,86.3,12.0,86.0,12.0,3,1,['Bordeaux-style Red Blend'],France,Bordeaux,['Bordeaux']
5950,Château les Anguilleys,87.0,45.0,87.0,45.0,1,1,['Bordeaux-style Red Blend'],France,Bordeaux,['Médoc']
5951,Château les Arromans,87.2,14.5,88.0,15.0,8,4,"['Bordeaux-style White Blend', 'Merlot', 'Bordeaux-style Red Blend', 'Rosé']",France,Bordeaux,['Entre-Deux-Mers']
5952,Château les Aubastons,88.0,21.0,88.0,21.0,1,1,['Bordeaux-style Red Blend'],France,Bordeaux,['Côtes de Bourg']
5953,Château les Aubiers,87.0,20.5,87.0,20.5,2,1,['Bordeaux-style Red Blend'],France,Bordeaux,['Blaye Côtes de Bordeaux']
5954,Château les Barraillots,86.0,27.0,86.0,27.0,1,1,['Bordeaux-style Red Blend'],France,Bordeaux,['Margaux']
5955,Château les Berthets,84.0,13.0,84.0,13.0,1,1,['Bordeaux-style Red Blend'],France,Bordeaux,['Blaye Côtes de Bordeaux']
5956,Château les Bertrands,86.4,20.0,87.0,20.0,5,3,"['Bordeaux-style Red Blend', 'Sauvignon Blanc', 'Bordeaux-style White Blend']",France,Bordeaux,['Blaye Côtes de Bordeaux']
5957,Château les Bormettes,85.0,18.0,85.0,18.0,1,1,['Rosé'],France,Provence,['Côtes de Provence']
5958,Château les Charmes Godard,86.3,20.0,86.0,20.0,3,2,"['Bordeaux-style White Blend', 'Bordeaux-style Red Blend']",France,Bordeaux,['Francs Côtes de Bordeaux']
5959,Château les Clauzots,87.2,16.8,87.0,17.0,4,2,"['Bordeaux-style White Blend', 'Bordeaux-style Red Blend']",France,Bordeaux,['Graves']
5960,Château les Conseillans,88.5,16.0,88.5,16.0,2,1,['Bordeaux-style Red Blend'],France,Bordeaux,['Cadillac Côtes de Bordeaux']
5961,Château les Croisille,86.0,18.0,86.0,18.0,3,1,['Malbec'],France,Southwest France,['Cahors']
5962,Château les Crostes,89.0,25.0,89.0,25.0,2,1,['Rosé'],France,Provence,['Côtes de Provence']
5963,Château les Cèdres,90.0,,90.0,,1,1,['Bordeaux-style Red Blend'],France,Bordeaux,['Côtes de Bourg']
5964,Château les Grands  Maréchaux,84.0,17.0,84.0,17.0,1,1,['Bordeaux-style Red Blend'],France,Bordeaux,['Blaye Côtes de Bordeaux']
5965,Château les Grands Chênes,92.0,45.0,92.0,45.0,2,1,['Bordeaux-style Red Blend'],France,Bordeaux,['Médoc']
5966,Château les Graves de Lavaud,90.0,24.0,90.0,24.0,1,1,['Bordeaux-style Red Blend'],France,Bordeaux,['Lalande de Pomerol']
5967,Château les Guyonnet,84.0,19.0,84.0,19.0,1,1,['Bordeaux-style Red Blend'],France,Bordeaux,['Cadillac Côtes de Bordeaux']
5968,Château les Hautes Graves,88.0,18.0,88.0,18.0,1,1,['Bordeaux-style Red Blend'],France,Bordeaux,['Montagne-Saint-Émilion']
5969,Château les Hauts d'Aglan,86.0,18.5,86.0,18.5,2,1,['Malbec-Merlot'],France,Southwest France,['Cahors']
5970,Château les Hauts de Palette,88.0,17.5,88.0,17.5,2,1,['Bordeaux-style Red Blend'],France,Bordeaux,['Cadillac Côtes de Bordeaux']
5971,Château les Joyeuses,84.0,14.0,84.0,14.0,1,1,['Bordeaux-style Red Blend'],France,Bordeaux,['Bordeaux']
5972,Château les Lattes,84.5,25.0,84.5,25.0,2,1,['Bordeaux-style Red Blend'],France,Bordeaux,['Médoc']
5973,Château les Martinelles,89.0,16.0,89.0,16.0,1,1,['Bordeaux-style Red Blend'],France,Bordeaux,['Castillon Côtes de Bordeaux']
5974,Château les Mottes Pradier,86.0,14.0,86.0,14.0,2,1,['Bordeaux-style Red Blend'],France,Bordeaux,['Côtes de Bourg']
5975,Château les Ormes,91.0,89.0,92.0,80.0,3,1,['Bordeaux-style Red Blend'],France,Bordeaux,['Saint-Julien']
5976,Château les Ormes Sorbet,87.1,3300.0,87.0,3300.0,7,1,['Bordeaux-style Red Blend'],France,Bordeaux,['Médoc']
5977,Château les Ormes de Pez,91.5,37.3,91.0,35.0,13,1,['Bordeaux-style Red Blend'],France,Bordeaux,['Saint-Estèphe']
5978,Château les Pasquets,86.5,13.0,86.5,13.0,2,2,"['Bordeaux-style White Blend', 'Bordeaux-style Red Blend']",France,Bordeaux,['Entre-Deux-Mers']
5979,Château les Petits Arnauds,89.0,24.2,90.0,20.0,5,1,['Bordeaux-style Red Blend'],France,Bordeaux,['Blaye Côtes de Bordeaux']
5980,Château les Peyroulets,88.0,14.0,88.0,14.0,1,1,['Bordeaux-style Red Blend'],France,Southwest France,['Bergerac']
5981,Château les Reuilles,86.0,12.0,86.0,12.0,2,1,['Bordeaux-style Red Blend'],France,Bordeaux,['Bordeaux']
5982,Château les Roches de Ferrand,88.5,40.0,88.5,40.0,2,1,['Bordeaux-style Red Blend'],France,Bordeaux,['Fronsac']
5983,Château les Roques,86.0,,86.0,,1,1,['Bordeaux-style White Blend'],France,Bordeaux,[]
5984,Château les Templiers,85.0,11.0,85.0,11.0,1,1,['Melon'],France,Loire Valley,['Muscadet Sèvre et Maine']
5985,Château les Terrasses de Bouey,84.0,10.0,84.0,10.0,2,1,['Bordeaux-style Red Blend'],France,Bordeaux,['Bordeaux']
5986,Château les Tonnelles,92.0,19.0,92.0,19.0,1,1,['Bordeaux-style Red Blend'],France,Bordeaux,['Fronsac']
5987,Château les Tours des Verdots,89.0,18.3,89.0,21.0,3,2,"['Bordeaux-style Red Blend', 'Bordeaux-style White Blend']",France,Southwest France,['Côtes de Bergerac']
5988,Château les Valentines,89.6,24.2,90.0,25.0,18,3,"['Rosé', 'Provence white blend', 'Provence red blend']",France,Provence,['Côtes de Provence La Londe']
5989,Château les Vergnes,86.0,13.0,86.0,13.0,1,1,['Bordeaux-style Red Blend'],France,Bordeaux,['Bordeaux']
5990,Château les Verriers,85.0,12.0,85.0,12.0,1,1,['Bordeaux-style Red Blend'],France,Bordeaux,['Bordeaux']
5991,Château les Vieilles Pierres,91.0,30.0,91.0,30.0,1,1,['Bordeaux-style Red Blend'],France,Bordeaux,['Lussac Saint-Émilion']
5992,Château les Vieux Moulins,89.0,26.0,89.0,26.0,1,1,['Bordeaux-style Red Blend'],France,Bordeaux,['Blaye Côtes de Bordeaux']
5993,Château les Vimières,89.5,50.0,89.5,50.0,2,1,['Bordeaux-style Red Blend'],France,Bordeaux,['Margaux']
5994,Château Élan,89.0,46.7,90.0,50.0,3,3,"['Tempranillo', 'Cabernet Sauvignon', 'Red Blend']",US,America,[]
5995,Châteu Giscours,88.0,,88.0,,1,1,['Bordeaux-style Red Blend'],France,Bordeaux,['Haut-Médoc']
5996,Chêne,91.5,48.0,91.5,48.0,2,1,['Pinot Noir'],US,California,"['Edna Valley', 'Central Coast']"
5997,Chêne Bleu,90.8,66.0,91.0,67.0,4,2,"['Rosé', 'Rhône-style Red Blend']",France,Rhône Valley,['Vin de Pays de Vaucluse']
5998,Chêne Peyraille Tradition,85.0,,85.0,,1,1,['Cabernet Franc'],France,Southwest France,['Bergerac']
5999,Ciabot Berton,90.4,63.2,91.0,66.0,17,2,"['Nebbiolo', 'Barbera']",Italy,Piedmont,['Barolo']
6000,Ciacci Piccolomini d'Aragona,90.3,56.6,90.0,60.0,23,4,"['Sangiovese', 'Red Blend', 'Syrah', 'Sangiovese Grosso']",Italy,Tuscany,['Brunello di Montalcino']
6001,Ciao Bella,87.0,13.0,87.0,13.0,1,1,['Pinot Grigio'],US,Washington,"['Columbia Valley (WA)', 'Columbia Valley']"
6002,Ciavolich,87.0,,87.0,,1,1,['Rosato'],Italy,Central Italy,['Colline Pescaresi']
6003,Ciavolich Giuseppe,87.5,27.7,88.0,21.0,19,4,"['Trebbiano', 'Pecorino', 'Montepulciano', 'Rosé']",Italy,Central Italy,"[""Trebbiano d'Abruzzo""]"
6004,Cicchitti,86.8,26.2,86.0,22.0,11,6,"['Malbec', 'Red Blend', 'Bordeaux-style Red Blend', 'Cabernet Sauvignon', 'Chardonnay', 'Merlot']",Argentina,Mendoza Province,['Mendoza']
6005,Ciconia,85.0,12.0,85.0,12.0,1,1,['Rosé'],Portugal,Alentejano,[]
6006,Cielo,85.0,,85.0,,1,1,"[""Nero d'Avola""]",Italy,Sicily & Sardinia,['Sicilia']
6007,Cielo,89.6,110.0,89.0,100.0,5,4,"['Syrah', 'Viognier', 'Red Blend', 'Cabernet Sauvignon']",US,California,"['Saddle Rock-Malibu', 'South Coast']"
6008,Cielo Malibu Estate Vineyards,84.6,93.8,85.0,95.0,5,5,"['Red Blend', 'Syrah', 'Cabernet Sauvignon', 'White Blend', 'Bordeaux-style Red Blend']",US,California,"['Napa Valley', 'Napa']"
6009,Cielo e Terra,84.5,13.0,84.5,13.0,2,2,"['Raboso', 'Pinot Noir']",Italy,Northeastern Italy,['Delle Venezie']
6010,Cielo e Terra,84.0,,84.0,,2,2,"['Sangiovese', 'Red Blend']",Italy,Sicily & Sardinia,['Sicilia']
6011,Cielo e Terra,85.0,,85.0,,1,1,['Primitivo'],Italy,Southern Italy,['Puglia']
6012,Cielo e Terra,84.0,13.0,84.0,13.0,1,1,['Glera'],Italy,Veneto,['Prosecco']
6013,Cielo y Tierra,88.4,29.4,88.5,32.0,8,1,['Malbec'],Argentina,Mendoza Province,['Mendoza']
6014,Cigale,87.0,21.3,87.0,20.0,3,2,"['G-S-M', 'Shiraz']",Australia,South Australia,['Barossa Valley']
6015,Cigar Box,83.0,12.0,83.0,12.0,1,1,['Malbec'],Argentina,Mendoza Province,['Mendoza']
6016,Cigar Box,82.0,12.0,82.0,12.0,1,1,['Cabernet Sauvignon'],Chile,Central Valley,[]
6017,Cigliuti,89.4,43.4,89.0,38.0,9,4,"['Barbera', 'Nebbiolo', 'Red Blend', 'Dolcetto']",Italy,Piedmont,"[""Barbera d'Alba""]"
6018,Cignale,92.5,78.5,92.5,78.5,2,1,['Cabernet Sauvignon'],Italy,Tuscany,['Colli della Toscana Centrale']
6019,Cima,88.0,45.0,88.0,45.0,1,1,['Vermentino Nero'],Italy,Tuscany,['Toscana']
6020,Cima Collina,88.3,33.8,88.0,34.0,6,5,"['Tempranillo', 'Chardonnay', 'Syrah', 'Pinot Noir', 'Mourvèdre']",US,California,"['Monterey County', 'Central Coast']"
6021,Cimarone,87.3,32.9,88.0,30.0,9,6,"['Cabernet Sauvignon', 'Bordeaux-style Red Blend', 'Viognier', 'Sangiovese', 'Syrah', 'Red Blend']",US,California,"['Happy Canyon of Santa Barbara', 'Central Coast']"
6022,Cimarossa,90.8,71.2,92.0,75.0,4,1,['Cabernet Sauvignon'],US,California,"['Howell Mountain', 'Napa']"
6023,Cims de Porrera,92.2,61.2,92.5,59.0,4,2,"['Red Blend', 'Carignan']",Spain,Catalonia,['Priorat']
6024,Cinciano,91.5,33.0,91.5,33.0,2,1,['Sangiovese'],Italy,Tuscany,['Chianti Classico']
6025,Cinco Sentidos,85.1,21.0,85.0,14.0,7,5,"['Malbec-Cabernet Sauvignon', 'Red Blend', 'Torrontés', 'Malbec', 'Chardonnay']",Argentina,Mendoza Province,['Mendoza']
6026,Cinder,87.8,24.4,88.0,27.0,19,6,"['Tempranillo', 'Viognier', 'Syrah', 'Riesling', 'Red Blend', 'Bordeaux-style Red Blend']",US,Idaho,[]
6027,Cinnabar,87.8,34.3,87.0,36.0,71,20,"['Malbec', 'Pinot Noir', 'Bordeaux-style Red Blend', 'Chardonnay', 'Cabernet Sauvignon', 'Petit Verdot', 'Red Blend', 'Merlot', 'Sémillon', 'Tempranillo', 'Syrah', 'White Blend', 'Zinfandel', 'Cabernet Franc', 'Cabernet Blend', 'Carignan', 'Trebbiano', 'Rosé', 'Mourvèdre', 'Petite Sirah']",US,California,"['Red Hills Lake County', 'Mendocino/Lake Counties']"
6028,Cinquain,84.2,38.0,84.5,41.0,6,6,"['Sauvignon Blanc', 'Meritage', 'Syrah', 'Chardonnay', 'Merlot', 'Cabernet Sauvignon-Syrah']",US,California,"['Monterey', 'Central Coast']"
6029,Cinzano,85.0,13.0,85.0,13.0,1,1,['Moscato'],Italy,Piedmont,['Asti']
6030,Cipriana,88.6,33.4,88.0,30.0,12,2,"['Red Blend', 'White Blend']",Italy,Tuscany,['Bolgheri Superiore']
6031,Circadia,88.2,27.5,88.5,25.0,4,2,"['Chardonnay', 'Cabernet Sauvignon']",US,California,"['California', 'California Other']"
6032,Circe,85.2,17.6,85.0,16.0,5,1,['Verdejo'],Spain,Northern Spain,['Rueda']
6033,Circles Edge,82.0,17.0,81.0,17.0,3,3,"['Merlot', 'Cabernet Sauvignon', 'Chardonnay']",US,California,"['California', 'California Other']"
6034,Cirillo,90.8,71.8,90.0,80.0,4,1,['Grenache'],Australia,South Australia,['Barossa Valley']
6035,Ciringa,84.0,20.0,84.0,20.0,1,1,['Sauvignon Blanc'],Slovenia,Slovenia,[]
6036,Ciringa,88.5,26.5,88.5,26.5,2,1,['Sauvignon Blanc'],Slovenia,Štajerska,[]
6037,Ciro Picariello,91.0,23.0,91.0,23.0,1,1,['Fiano'],Italy,Southern Italy,['Fiano di Avellino']
6038,Cirotto,85.0,25.0,85.0,25.0,2,2,"['Glera', 'Prosecco']",Italy,Veneto,['Prosecco']
6039,Cirque du Vin,86.3,17.7,86.0,19.0,3,1,['Red Blend'],US,California,"['Paso Robles', 'Central Coast']"
6040,Cirrus,89.0,58.0,89.0,58.0,1,1,['Syrah'],South Africa,Stellenbosch,[]
6041,Cirulli,87.0,30.0,86.0,20.0,3,2,"['Red Blend', 'White Blend']",Italy,Central Italy,['Umbria']
6042,Cispiano,86.0,16.0,86.0,16.0,1,1,['Sangiovese'],Italy,Tuscany,['Chianti Classico']
6043,Cistus,89.0,21.3,89.0,20.0,3,2,"['Portuguese Red', 'Red Blend']",Portugal,Douro,[]
6044,Citari,88.5,24.0,89.0,24.0,4,1,['Turbiana'],Italy,Lombardy,['Lugana']
6045,Citari,87.0,21.0,87.0,21.0,1,1,['Friulano'],Italy,Veneto,['San Martino della Battaglia']
6046,Citation,88.8,49.2,89.0,46.0,4,2,"['Chardonnay', 'Pinot Noir']",US,Oregon,"['Oregon', 'Oregon Other']"
6047,Citille di Sopra,89.9,64.5,89.5,65.0,14,2,"['Sangiovese', 'Sangiovese Grosso']",Italy,Tuscany,['Brunello di Montalcino']
6048,City Limits,87.0,15.0,87.0,15.0,2,1,['Cabernet Sauvignon'],US,Washington,"['Columbia Valley (WA)', 'Columbia Valley']"
6049,City Winery Chicago,89.0,29.3,89.0,32.0,15,7,"['Cabernet Sauvignon', 'Chardonnay', 'Syrah', 'Red Blend', 'Roussanne-Marsanne', 'Pinot Noir', 'Sauvignon Blanc']",US,California,"['Red Hills Lake County', 'Mendocino/Lake Counties']"
6050,City Winery Chicago,84.0,26.0,84.0,26.0,1,1,['Riesling'],US,Michigan,['Old Mission Peninsula']
6051,City Winery Chicago,86.0,30.5,86.0,30.5,2,1,['Pinot Noir'],US,Oregon,"['Willamette Valley', 'Willamette Valley']"
6052,City Winery of New York,88.4,37.7,88.5,38.0,10,6,"['Syrah', 'Sauvignon Blanc', 'Cabernet Sauvignon', 'Cabernet Franc', 'Pinot Noir', 'Chardonnay']",US,California,"['Mendocino', 'Mendocino/Lake Counties']"
6053,City Winery of New York,88.0,38.0,88.0,38.0,1,1,['Pinot Noir'],US,Oregon,"['Willamette Valley', 'Willamette Valley']"
6054,Civello,84.0,14.0,84.0,14.0,1,1,['Pinot Gris'],US,California,"['California', 'California Other']"
6055,Civielle - Cantina della Valtenesi e della Lugana,84.0,12.5,84.0,12.5,2,2,"['Red Blend', 'Rosé']",Italy,Northeastern Italy,['Benaco Bresciano']
6056,Ciù Ciù,87.0,17.0,86.0,17.0,3,3,"['Red Blend', 'Pecorino', 'Passerina']",Italy,Central Italy,['Rosso Piceno Superiore']
6057,Ciù Ciù,85.0,22.0,85.0,22.0,1,1,['Passerina'],Italy,Italy Other,['Vino Spumante']
6058,Claar,84.0,21.2,82.5,19.0,10,8,"['Red Blend', 'Syrah', 'Riesling', 'Chardonnay', 'Sauvignon Blanc', 'Cabernet Sauvignon', 'Sangiovese', 'Merlot']",US,Washington,"['Columbia Valley (WA)', 'Columbia Valley']"
6059,Claiborne & Churchill,88.3,25.0,88.0,22.0,42,6,"['Pinot Noir', 'Gewürztraminer', 'Riesling', 'Pinot Gris', 'Chardonnay', 'Edelzwicker']",US,California,"['Edna Valley', 'Central Coast']"
6060,Clairault,86.0,20.0,86.0,20.0,1,1,['Sauvignon Blanc-Semillon'],Australia,Western Australia,['Margaret River']
6061,Clara,87.0,18.0,87.0,18.0,1,1,['Sparkling Blend'],US,California,"['California', 'California Other']"
6062,Clara Marcelli,83.5,21.5,83.5,21.5,2,2,"['Red Blend', 'Passerina']",Italy,Central Italy,['Rosso Piceno Superiore']
6063,Clarbec,86.7,28.0,87.0,35.0,3,2,"['Cabernet Sauvignon', 'Pinot Gris']",US,California,"['Sonoma County', 'Sonoma']"
6064,Clarendelle,86.4,19.2,87.0,20.0,9,3,"['Bordeaux-style Red Blend', 'Bordeaux-style White Blend', 'Rosé']",France,Bordeaux,['Bordeaux']
6065,Clarendelle,86.0,,86.0,,1,1,['Bordeaux-style White Blend'],France,Southwest France,['Monbazillac']
6066,Clarendon Hills,91.9,91.2,92.0,70.0,46,4,"['Syrah', 'Grenache', 'Merlot', 'Cabernet Sauvignon']",Australia,South Australia,['Clarendon']
6067,Clark-Clauden,90.2,88.6,91.0,78.0,5,1,['Cabernet Sauvignon'],US,California,"['Napa Valley', 'Napa']"
6068,Clark-Claudon,91.0,82.0,91.0,78.0,3,1,['Cabernet Sauvignon'],US,California,"['Napa Valley', 'Napa']"
6069,Clarksburg Wine Company,86.6,20.3,87.0,16.0,7,4,"['Chenin Blanc', 'Cabernet Franc', 'Petite Sirah', 'Chenin Blanc-Viognier']",US,California,"['Clarksburg', 'Central Valley']"
6070,Claro,85.0,17.0,85.0,17.0,1,1,['Chardonnay'],Chile,Casablanca Valley,[]
6071,Claro,87.5,14.5,87.5,14.5,2,2,"['Malbec', 'Merlot']",Chile,Colchagua Valley,[]
6072,Claro,89.0,17.0,89.0,17.0,1,1,['Sauvignon Blanc'],Chile,Leyda Valley,[]
6073,Clary Ranch,89.0,39.3,89.0,40.0,3,2,"['Pinot Noir', 'Syrah']",US,California,"['Sonoma Coast', 'Sonoma']"
6074,Clau de Nell,90.5,52.0,90.5,52.0,2,2,"['Cabernet Franc', 'Grolleau']",France,Loire Valley,['Anjou']
6075,Claude Baron,87.5,32.5,87.5,32.5,2,1,['Champagne Blend'],France,Champagne,['Champagne']
6076,Claude Lafond,91.0,16.0,91.0,16.0,1,1,['Sauvignon Blanc'],France,Loire Valley,['Reuilly']
6077,Claude Riffault,90.0,40.0,90.0,40.0,2,1,['Sauvignon Blanc'],France,Loire Valley,['Sancerre']
6078,Claudia Papayianni,88.2,23.2,87.0,25.0,5,3,"['Red Blend', 'White Blend', 'Malagouzia']",Greece,Chalkidiki,[]
6079,Claudia Papayianni,87.0,43.0,87.0,43.0,1,1,['Red Blend'],Greece,Macedonia,[]
6080,Claudia Springs,86.2,24.3,86.5,24.0,28,7,"['Grenache', 'Viognier', 'Pinot Noir', 'Red Blend', 'Zinfandel', 'Pinot Gris', 'Petite Sirah']",US,California,"['Redwood Valley', 'Mendocino/Lake Counties']"
6081,Claudio Alario,90.7,80.0,90.0,80.0,6,1,['Nebbiolo'],Italy,Piedmont,['Barolo']
6082,Claudio Quarta,88.0,17.0,88.0,17.0,1,1,['Rosato'],Italy,Southern Italy,['Salento']
6083,Clautiere,83.8,25.8,83.0,26.0,13,8,"['Syrah', 'Bordeaux-style Red Blend', 'Grenache', 'Rhône-style Red Blend', 'Viognier', 'Red Blend', 'Mourvèdre', 'Cabernet Sauvignon']",US,California,"['Paso Robles', 'Central Coast']"
6084,Clavesana,87.8,23.7,87.0,21.0,9,2,"['Nebbiolo', 'Dolcetto']",Italy,Piedmont,['Barolo']
6085,Clavo Cellars,87.0,32.1,86.0,26.5,10,8,"['Petite Sirah', 'Grenache Blanc', 'Zinfandel', 'Red Blend', 'Malbec', 'Vermentino', 'Bordeaux-style Red Blend', 'Albariño']",US,California,"['Paso Robles', 'Central Coast']"
6086,Clawson Creek,88.0,50.0,88.0,50.0,2,1,['Pinot Noir'],US,Oregon,"['Oregon', 'Oregon Other']"
6087,Clay Pigeon,90.0,26.0,90.0,25.0,3,3,"['Chardonnay', 'Cabernet Franc', 'Pinot Noir']",US,Oregon,"['Columbia Valley (OR)', 'Oregon Other']"
6088,Clay Station,84.2,12.9,84.0,13.0,9,6,"['Pinot Gris', 'Petite Sirah', 'Viognier', 'Zinfandel', 'Malbec', 'Shiraz']",US,California,"['Lodi', 'Central Valley']"
6089,Clayhouse,85.3,22.1,86.0,18.5,36,14,"['Rhône-style White Blend', 'Sauvignon Blanc', 'Syrah', 'Cabernet Sauvignon', 'Grenache Blanc', 'Tannat', 'Malbec', 'Petite Sirah', 'Tempranillo', 'Rhône-style Red Blend', 'Bordeaux-style Red Blend', 'Red Blend', 'Syrah-Petite Sirah', 'Rosé']",US,California,"['Paso Robles', 'Central Coast']"
6090,Clean Slate,86.0,10.7,86.0,11.0,3,1,['Riesling'],Germany,Mosel,[]
6091,Clear Night,87.8,11.0,88.0,11.0,4,1,['Riesling'],Germany,Pfalz,[]
6092,Clearview,89.1,41.2,89.0,33.5,9,2,"['Bordeaux-style Red Blend', 'Chardonnay']",New Zealand,Hawke's Bay,[]
6093,Clearwater Canyon,84.5,24.0,84.5,24.0,2,2,"['Merlot', 'Red Blend']",US,America,[]
6094,Clearwater Canyon,84.0,22.8,83.5,24.0,4,4,"['White Blend', 'Red Blend', 'Cabernet Franc', 'Syrah']",US,Idaho,['Idaho']
6095,Clearwater Canyon,85.4,27.8,86.0,28.0,5,4,"['Carmenère', 'Syrah', 'Petit Verdot', 'Malbec']",US,Washington,"['Washington', 'Washington Other']"
6096,Clement et Florian Berthier,88.0,20.2,88.5,19.0,4,2,"['Pinot Noir', 'Sauvignon Blanc']",France,Loire Valley,['Coteaux du Giennois']
6097,Clendenen,91.4,34.7,92.0,35.0,7,4,"['Chardonnay', 'Nebbiolo', 'Sauvignon Blanc', 'Petite Verdot']",US,California,"['Santa Maria Valley', 'Central Coast']"
6098,Clendenen Family,93.2,47.5,93.0,50.0,6,3,"['Pinot Noir', 'Chardonnay', 'Nebbiolo']",US,California,"['Santa Maria Valley', 'Central Coast']"
6099,Clerget,85.0,14.7,84.0,10.0,3,1,['Rhône-style Red Blend'],France,Rhône Valley,['Côtes du Rhône']
6100,Cleto Chiarli,87.2,15.6,87.0,16.0,12,4,"['Lambrusco di Sorbara', 'Lambrusco Grasparossa', 'Sparkling Blend', 'Lambrusco']",Italy,Central Italy,['Lambrusco di Sorbara']
6101,Clif Family,87.9,26.6,88.0,28.0,32,10,"['Sauvignon Blanc', 'Grenache', 'Chardonnay', 'Riesling', 'Cabernet Sauvignon', 'Red Blend', 'Zinfandel', 'Syrah', 'White Blend', 'Gewürztraminer']",US,California,"['Napa Valley', 'Napa']"
6102,Cliff Creek,86.1,24.1,86.0,25.0,19,9,"['Syrah', 'Cabernet Sauvignon', 'Merlot', 'Cabernet Franc', 'Red Blend', 'White Blend', 'Marsanne-Roussanne', 'Claret', 'Rhône-style White Blend']",US,Oregon,"['Southern Oregon', 'Southern Oregon']"
6103,Cliff Lede,90.9,66.0,90.5,60.0,8,3,"['Cabernet Sauvignon', 'Sauvignon Blanc', 'Bordeaux-style Red Blend']",US,California,"['Stags Leap District', 'Napa']"
6104,Cliffhanger,87.5,14.0,87.5,14.0,2,2,"['Pinot Grigio', 'Red Blend']",Italy,Northeastern Italy,['Trentino']
6105,Clifford Bay,88.0,11.5,88.0,11.5,2,1,['Sauvignon Blanc'],New Zealand,Marlborough,[]
6106,Clifford Bay Estate,86.5,15.0,86.5,15.0,2,1,['Pinot Noir'],New Zealand,Marlborough,[]
6107,Climbing,83.0,13.0,83.0,13.0,1,1,['Pinot Grigio'],Australia,Australia Other,['Australia']
6108,Climbing,85.9,14.8,86.0,14.0,9,5,"['Cabernet Sauvignon', 'Merlot', 'Chardonnay', 'Pinot Grigio', 'Shiraz']",Australia,New South Wales,['Orange']
6109,Cline,85.7,16.9,85.0,16.0,70,18,"['Zinfandel', 'White Blend', 'Red Blend', 'Rhône-style Red Blend', 'Mourvèdre', 'Carignane', 'Pinot Noir', 'Viognier', 'Syrah', 'Pinot Gris', 'Rosé', 'Roussanne', 'Marsanne-Roussanne', 'Carignan', 'Pinot Grigio-Chardonnay', 'Grenache', 'Chardonnay', 'Merlot']",US,California,"['Contra Costa County', 'Central Coast']"
6110,Clinton,84.0,25.8,84.0,24.5,4,2,"['Sparkling Blend', 'Seyval Blanc']",US,New York,"['Hudson River Region', 'New York Other']"
6111,Cloak & Dagger,90.0,44.8,90.5,40.0,6,4,"['Syrah', 'Cabernet Sauvignon-Syrah', 'Sangiovese', 'Malbec']",US,California,"['Paso Robles', 'Central Coast']"
6112,Clockspring,85.5,9.0,85.5,9.0,2,1,['Zinfandel'],US,California,"['Amador County', 'Sierra Foothills']"
6113,Clonakilla,88.5,25.5,88.5,25.5,2,1,['Shiraz'],Australia,New South Wales,['Hilltops']
6114,Clone 7,91.0,20.0,91.0,20.0,1,1,['Cabernet Sauvignon'],US,California,"['Napa Valley', 'Napa']"
6115,Cloninger,86.5,17.0,86.5,17.0,2,2,"['Chardonnay', 'Cabernet Sauvignon']",US,California,"['Santa Lucia Highlands', 'Central Coast']"
6116,Clos Alivu,88.0,22.2,88.0,22.0,5,4,"['Vermentino', 'Rosé', 'White Blend', 'Nielluciu']",France,France Other,['Patrimonio']
6117,Clos Badon,90.2,,90.5,,4,1,['Bordeaux-style Red Blend'],France,Bordeaux,['Saint-Émilion']
6118,Clos Badon-Thunevin,92.0,60.0,92.0,60.0,2,1,['Bordeaux-style Red Blend'],France,Bordeaux,['Saint-Émilion']
6119,Clos Bandon,90.0,,90.0,,1,1,['Bordeaux-style Red Blend'],France,Bordeaux,['Saint-Émilion']
6120,Clos Barenys,89.0,21.0,89.0,21.0,1,1,['Cabernet Sauvignon-Merlot'],Spain,Catalonia,['Tarragona']
6121,Clos Beauregard,89.5,58.0,89.5,58.0,2,1,['Bordeaux-style Red Blend'],France,Bordeaux,['Pomerol']
6122,Clos Berenguer del Molar,91.0,74.0,90.0,60.0,5,4,"['Syrah', 'Red Blend', 'Cabernet Sauvignon', 'White Blend']",Spain,Catalonia,['Priorat']
6123,Clos Cantenac,86.0,45.0,86.0,45.0,1,1,['Bordeaux-style Red Blend'],France,Bordeaux,['Saint-Émilion']
6124,Clos Chapon,87.0,17.0,87.0,17.0,1,1,['Chenin Blanc'],France,Loire Valley,['Vouvray']
6125,Clos Cibonne,90.0,,90.0,,1,1,['Rosé'],France,Provence,['Côtes de Provence']
6126,Clos Cypres,91.0,60.0,91.0,60.0,1,1,['Red Blend'],Spain,Catalonia,['Priorat']
6127,Clos Dady,89.0,54.0,89.0,54.0,1,1,['Bordeaux-style White Blend'],France,Bordeaux,['Sauternes']
6128,Clos Dels Coduls,86.0,19.0,86.0,19.0,1,1,['Red Blend'],Spain,Catalonia,['Montsant']
6129,Clos Erasmus,93.0,125.0,93.0,125.0,1,1,['Grenache'],Spain,Catalonia,['Priorat']
6130,Clos Fardet,90.0,,90.0,,1,1,['Tannat'],France,Southwest France,['Madiran']
6131,Clos Figueras,90.9,51.3,91.0,40.0,11,2,"['Red Blend', 'White Blend']",Spain,Catalonia,['Priorat']
6132,Clos Floridène,86.3,19.7,85.0,15.0,3,2,"['Rosé', 'Bordeaux-style White Blend']",France,Bordeaux,['Bordeaux Rosé']
6133,Clos Fourtet,92.9,79.0,93.0,72.5,14,1,['Bordeaux-style Red Blend'],France,Bordeaux,['Saint-Émilion']
6134,Clos Gebrat,89.2,25.8,89.5,24.0,4,1,['Red Blend'],Spain,Catalonia,['Priorat']
6135,Clos Haut-Peyraguey,94.0,44.3,93.0,49.0,3,1,['Bordeaux-style White Blend'],France,Bordeaux,['Sauternes']
6136,Clos Henri,88.2,25.2,89.0,25.0,13,2,"['Pinot Noir', 'Sauvignon Blanc']",New Zealand,Marlborough,[]
6137,Clos Junet,89.0,29.0,89.0,29.0,1,1,['Bordeaux-style Red Blend'],France,Bordeaux,['Saint-Émilion']
6138,Clos La Chance,86.7,30.2,86.0,30.0,103,18,"['Rhône-style Red Blend', 'Chardonnay', 'Pinot Noir', 'White Blend', 'Malbec', 'Syrah', 'Zinfandel', 'Petit Verdot', 'Viognier', 'Sauvignon Blanc', 'Cabernet Sauvignon', 'Meritage', 'Grenache', 'Merlot', 'Cabernet Franc', 'Rosé', 'Red Blend', 'Sparkling Blend']",US,California,"['Central Coast', 'Central Coast']"
6139,Clos La Soleya,85.0,16.5,85.0,16.5,2,1,['Sparkling Blend'],Spain,Catalonia,['Cava']
6140,Clos LaChance,88.0,29.8,88.0,29.0,12,9,"['Pinot Noir', 'Petite Sirah', 'Grenache', 'Chardonnay', 'Sauvignon Blanc', 'Meritage', 'Cabernet Sauvignon', 'Syrah', 'Carignane']",US,California,"['Santa Cruz Mountains', 'Central Coast']"
6141,Clos Larcis,89.0,125.0,89.0,125.0,1,1,['Bordeaux-style Red Blend'],France,Bordeaux,['Saint-Émilion']
6142,Clos Magdelaine,91.0,,91.0,,1,1,['Bordeaux-style Red Blend'],France,Bordeaux,['Margaux']
6143,Clos Malverne,86.3,26.6,85.0,17.0,6,4,"['Pinotage', 'Cabernet Sauvignon-Shiraz', 'Cabernet Sauvignon', 'Cabernet Sauvignon-Merlot']",South Africa,Stellenbosch,[]
6144,Clos Marguerite,86.5,19.5,86.0,19.5,4,1,['Sauvignon Blanc'],New Zealand,Marlborough,[]
6145,Clos Marsalette,88.0,,88.0,,1,1,['Bordeaux-style White Blend'],France,Bordeaux,['Pessac-Léognan']
6146,Clos Mogador,92.4,73.6,93.0,75.0,10,2,"['White Blend', 'Red Blend']",Spain,Catalonia,['Priorat']
6147,Clos Monicord,86.2,20.7,86.0,15.0,4,2,"['Bordeaux-style Red Blend', 'Sauvignon Blanc']",France,Bordeaux,['Bordeaux Supérieur']
6148,Clos Mont-Blanc,86.0,15.5,85.5,15.0,4,3,"['White Blend', 'Sparkling Blend', 'Red Blend']",Spain,Catalonia,['Conca de Barberà']
6149,Clos Pegase,88.7,40.2,89.0,35.0,61,5,"['Merlot', 'Chardonnay', 'Cabernet Sauvignon', 'Sauvignon Blanc', 'Pinot Noir']",US,California,"['Carneros', 'Napa-Sonoma']"
6150,Clos Pepe,88.7,52.4,88.0,54.0,7,2,"['Pinot Noir', 'Chardonnay']",US,California,"['Sta. Rita Hills', 'Central Coast']"
6151,Clos Poggiale,88.6,30.0,88.0,30.0,5,3,"['Rosé', 'Vermentino', 'Provence red blend']",France,France Other,['Corse']
6152,Clos Pons,86.5,30.2,86.0,20.0,6,2,"['Red Blend', 'White Blend']",Spain,Catalonia,['Costers del Segre']
6153,Clos Puy Arnaud,88.8,26.0,89.0,26.0,4,1,['Bordeaux-style Red Blend'],France,Bordeaux,['Castillon Côtes de Bordeaux']
6154,Clos René,89.0,90.0,89.0,90.0,2,1,['Bordeaux-style Red Blend'],France,Bordeaux,['Pomerol']
6155,Clos Saint Michel,90.0,40.0,90.0,40.0,1,1,['Rhône-style Red Blend'],France,Rhône Valley,['Châteauneuf-du-Pape']
6156,Clos Saint-Joseph,88.5,42.0,88.5,42.0,2,2,"['White Blend', 'Rhône-style Red Blend']",France,Provence,['Côtes de Provence']
6157,Clos Saint-Julien,91.0,,91.0,,1,1,['Bordeaux-style Red Blend'],France,Bordeaux,['Saint-Émilion']
6158,Clos Saint-Vincent,87.0,25.0,87.0,25.0,1,1,['Bordeaux-style Red Blend'],France,Bordeaux,['Saint-Émilion']
6159,Clos Sainte-Anne,86.0,36.0,86.0,36.0,1,1,['Bordeaux-style Red Blend'],France,Bordeaux,['Pomerol']
6160,Clos Siguier,82.0,,82.0,,1,1,['Malbec'],France,Southwest France,['Cahors']
6161,Clos Solène,90.0,77.5,90.0,85.0,13,10,"['Rhône-style Red Blend', 'Viognier-Roussanne', 'Roussanne', 'Syrah-Grenache', 'Syrah', 'G-S-M', 'Cabernet Sauvignon', 'Grenache', 'Rosé', 'Rhône-style White Blend']",US,California,"['Paso Robles', 'Central Coast']"
6162,Clos Teddi,87.2,24.3,87.0,25.0,13,5,"['Nielluciu', 'Vermentino', 'Red Blend', 'White Blend', 'Rosé']",France,France Other,['Patrimonio']
6163,Clos Triguedina,89.0,47.3,89.0,49.0,3,3,"['Chenin Blanc', 'Red Blend', 'Chardonnay-Viognier']",France,Southwest France,['Vin de Pays du Comté Tolosan']
6164,Clos Troteligotte,89.8,28.2,90.0,22.0,33,4,"['White Blend', 'Malbec', 'Chenin Blanc', 'Malbec-Merlot']",France,Southwest France,['Côtes du Lot']
6165,Clos Ventana,91.0,19.0,91.0,19.0,1,1,['Red Blend'],Spain,Northern Spain,['Navarra']
6166,Clos Venturi,90.1,35.8,90.0,28.0,18,7,"['Carcajolu', 'White Blend', 'Sciaccerellu', 'Red Blend', 'Biancu Gentile', 'Vermentino', 'Rosé']",France,France Other,['Vin de France']
6167,Clos d'Argentine,93.0,42.0,93.0,42.0,1,1,['Malbec'],Argentina,Mendoza Province,['Mendoza']
6168,Clos d'Audhuy,88.0,18.0,88.0,18.0,2,1,['Malbec'],France,Southwest France,['Cahors']
6169,Clos d'Yvigne,86.3,17.0,87.0,17.0,3,3,"['Bordeaux-style Red Blend', 'Bordeaux-style White Blend', 'Rosé']",France,Southwest France,['Bergerac']
6170,Clos de Chacras,88.5,28.0,88.0,24.0,4,3,"['Bordeaux-style Red Blend', 'Cabernet Sauvignon', 'Malbec']",Argentina,Mendoza Province,['Mendoza']
6171,Clos de Gamot,87.0,37.0,87.0,37.0,2,1,['Malbec'],France,Southwest France,['Cahors']
6172,Clos de Gat,88.8,37.0,89.0,35.0,5,5,"['Syrah', 'Bordeaux-style Red Blend', 'Chardonnay', 'White Blend', 'Red Blend']",Israel,Judean Hills,[]
6173,Clos de Haute-Combe,89.0,22.0,89.0,22.0,1,1,['Gamay'],France,Beaujolais,['Juliénas']
6174,Clos de L'Oratoire des Papes,89.8,44.4,90.0,45.0,9,3,"['Rhône-style White Blend', 'Rhône-style Red Blend', 'Red Blend']",France,Rhône Valley,['Châteauneuf-du-Pape']
6175,Clos de Nit,85.0,10.0,85.0,10.0,1,1,['Red Blend'],Spain,Catalonia,['Montsant']
6176,Clos de Tafall,89.5,23.5,89.5,23.5,2,1,['Red Blend'],Spain,Catalonia,['Priorat']
6177,Clos de Tart,94.5,319.0,94.5,319.0,4,1,['Pinot Noir'],France,Burgundy,['Clos de Tart']
6178,Clos de l'Hermitage,87.0,34.0,87.0,34.0,1,1,['Rhône-style Red Blend'],France,Rhône Valley,['Côtes du Rhône']
6179,Clos de la Briderie,88.0,,88.0,,3,3,"['Chenin Blanc-Chardonnay', 'Red Blend', 'Gamay']",France,Loire Valley,['Touraine Mesland']
6180,Clos de la Coulée de Serrant,95.5,84.5,95.5,84.5,2,1,['Chenin Blanc'],France,Loire Valley,['Savennières-Coulée de Serrant']
6181,Clos de la Tech,93.4,70.3,93.0,62.0,13,1,['Pinot Noir'],US,California,"['Santa Cruz Mountains', 'Central Coast']"
6182,Clos de los Siete,90.3,18.0,90.0,18.0,6,2,"['Red Blend', 'Malbec']",Argentina,Mendoza Province,['Mendoza']
6183,Clos de lé Oratoire,91.0,,91.0,,1,1,['Bordeaux-style Red Blend'],France,Bordeaux,['Saint-Émilion']
6184,Clos des Amis,86.7,19.3,86.0,18.0,3,3,"['Petit Verdot', 'Chardonnay', 'Rosé']",US,California,"['Ventura County', 'Central Coast']"
6185,Clos des Augustins,88.0,20.0,88.0,20.0,1,1,['Rhône-style Red Blend'],France,Languedoc-Roussillon,['Coteaux du Languedoc Pic Saint Loup']
6186,Clos des Bachelards,89.0,24.0,89.0,24.0,1,1,['Gamay'],France,Beaujolais,['Fleurie']
6187,Clos des Baies,88.0,,88.0,,1,1,['Bordeaux-style Red Blend'],France,Bordeaux,['Saint-Émilion']
6188,Clos des Cordeliers,87.5,,87.5,,2,1,['Cabernet Franc'],France,Loire Valley,['Saumur-Champigny']
6189,Clos des Fous,90.0,30.0,90.0,30.0,1,1,['Red Blend'],Chile,Itata Valley,[]
6190,Clos des Jacobins,91.0,,91.0,,2,1,['Bordeaux-style Red Blend'],France,Bordeaux,['Saint-Émilion']
6191,Clos des Justices,88.8,17.0,89.0,17.0,4,3,"['Bordeaux-style Red Blend', 'Merlot', 'Sémillon']",France,Bordeaux,['Bordeaux']
6192,Clos des Menuts,87.8,17.0,88.0,12.0,5,2,"['Bordeaux-style Red Blend', 'Bordeaux-style White Blend']",France,Bordeaux,['Saint-Émilion']
6193,Clos des Moiselles,83.5,15.0,83.5,15.0,2,2,"['Bordeaux-style White Blend', 'Bordeaux-style Red Blend']",France,Bordeaux,['Bordeaux Blanc']
6194,Clos des Nines,87.0,42.0,87.0,42.0,2,1,['Rhône-style Red Blend'],France,Languedoc-Roussillon,['Coteaux du Languedoc']
6195,Clos des Orefeuilles,88.0,,88.0,,1,1,['Melon'],France,Loire Valley,['Muscadet Sèvre et Maine']
6196,Clos des Rocs,87.2,33.3,87.5,35.0,8,1,['Chardonnay'],France,Burgundy,['Pouilly-Loché']
6197,Clos des Terrasses,87.3,15.5,87.5,15.5,6,3,"['Bordeaux-style Red Blend', 'Bordeaux-style White Blend', 'Rosé']",France,Southwest France,['Côtes de Bergerac']
6198,Clos des Verdots,88.0,,88.0,,1,1,['Bordeaux-style Red Blend'],France,Southwest France,['Bergerac']
6199,Clos du Beau-Père,90.0,,90.0,,1,1,['Bordeaux-style Red Blend'],France,Bordeaux,['Pomerol']
6200,Clos du Bois,85.9,21.8,85.5,18.0,52,14,"['Red Blend', 'Cabernet Sauvignon', 'Bordeaux-style Red Blend', 'Chardonnay', 'Cabernet Blend', 'Merlot', 'Pinot Noir', 'Pinot Grigio', 'Sauvignon Blanc', 'Tempranillo', 'Riesling', 'Shiraz', 'Zinfandel', 'Rosé']",US,California,"['Mendocino', 'Mendocino/Lake Counties']"
6201,Clos du Canton des Ormeaux,90.5,40.0,90.5,40.0,2,1,['Bordeaux-style Red Blend'],France,Bordeaux,['Pomerol']
6202,Clos du Cellier aux Moines,90.0,32.0,90.0,32.0,2,1,['Pinot Noir'],France,Burgundy,['Givry']
6203,Clos du Clocher,89.6,,90.0,,5,1,['Bordeaux-style Red Blend'],France,Bordeaux,['Pomerol']
6204,Clos du Gaimont,88.4,20.0,89.0,20.0,5,1,['Chenin Blanc'],France,Loire Valley,['Vouvray']
6205,Clos du Lac,85.6,14.2,86.0,14.0,19,6,"['Sauvignon Blanc', 'Zinfandel', 'Rosé', 'Syrah', 'Red Blend', 'Cabernet Franc']",US,California,"['Amador County', 'Sierra Foothills']"
6206,Clos du Marquis,93.3,45.0,93.0,45.0,9,1,['Bordeaux-style Red Blend'],France,Bordeaux,['Saint-Julien']
6207,Clos du Moulin,84.0,30.0,84.0,30.0,1,1,['Bordeaux-style Red Blend'],France,Bordeaux,['Médoc']
6208,Clos du Roy,89.0,30.0,89.0,30.0,1,1,['Bordeaux-style Red Blend'],France,Bordeaux,['Fronsac']
6209,Clos du Val,88.0,40.0,88.0,40.0,1,1,['Sparkling Blend'],Australia,Tasmania,['Tasmania']
6210,Clos du Val,88.9,49.0,88.5,35.0,76,10,"['Chardonnay', 'Cabernet Sauvignon', 'Merlot', 'Semillon-Sauvignon Blanc', 'Pinot Noir', 'Cabernet Franc', 'Sauvignon Blanc', 'Zinfandel', 'Bordeaux-style Red Blend', 'Rosé']",US,California,"['Carneros', 'Napa-Sonoma']"
6211,Clos l'Eglise,92.0,,92.0,,1,1,['Bordeaux-style Red Blend'],France,Bordeaux,['Pomerol']
6212,Clos l'Hermitage,91.0,28.0,91.0,28.0,1,1,['Bordeaux-style Red Blend'],France,Bordeaux,['Lalande de Pomerol']
6213,Clos la Bohème,89.3,40.7,89.0,40.0,3,1,['Bordeaux-style Red Blend'],France,Bordeaux,['Haut-Médoc']
6214,Clos la Coutale,89.0,15.0,89.0,15.0,2,1,['Malbec'],France,Southwest France,['Cahors']
6215,Clos la Madeleine,90.5,,90.5,,2,1,['Bordeaux-style Red Blend'],France,Bordeaux,['Saint-Émilion']
6216,Closerie du Bailli,86.7,25.6,86.5,21.0,14,4,"['Sauvignon Blanc', 'Bordeaux-style White Blend', 'Rosé', 'Bordeaux-style Red Blend']",France,Bordeaux,['Côtes de Bourg']
6217,Cloud 9,85.0,35.0,85.0,35.0,1,1,['Zinfandel'],US,California,"['Amador County', 'Sierra Foothills']"
6218,Cloud View,91.0,60.0,91.0,60.0,1,1,['Bordeaux-style Red Blend'],US,California,"['Napa Valley', 'Napa']"
6219,Cloudburst,91.0,225.0,91.0,225.0,4,3,"['Chardonnay', 'Malbec', 'Cabernet Sauvignon']",Australia,Western Australia,['Margaret River']
6220,Cloudlift Cellars,88.0,24.5,88.0,25.0,30,10,"['Cabernet Sauvignon', 'Cabernet Franc', 'G-S-M', 'Petite Verdot', 'Chardonnay', 'Bordeaux-style Red Blend', 'Bordeaux-style White Blend', 'Petit Verdot', 'Red Blend', 'Sauvignon Blanc-Semillon']",US,Washington,"['Columbia Valley (WA)', 'Columbia Valley']"
6221,Cloudline,85.8,17.2,86.0,15.0,6,2,"['Pinot Noir', 'Pinot Gris']",US,Oregon,"['Oregon', 'Oregon Other']"
6222,Clouds Rest,88.0,39.0,88.0,39.0,1,1,['Pinot Noir'],US,California,"['Sonoma Coast', 'Sonoma']"
6223,Cloudveil,85.5,15.0,85.5,15.0,2,2,"['Pinot Noir', 'Rosé']",US,Oregon,"['Oregon', 'Oregon Other']"
6224,Cloudy Bay,87.5,75.0,87.5,75.0,2,1,['Pinot Noir'],New Zealand,Central Otago,[]
6225,Cloudy Bay,89.5,32.9,90.0,30.0,28,3,"['Pinot Noir', 'Sauvignon Blanc', 'Chardonnay']",New Zealand,Marlborough,[]
6226,Clover Hill,90.0,34.7,89.0,32.0,3,1,['Champagne Blend'],Australia,Tasmania,['Tasmania']
6227,Clovis Point,87.4,37.4,87.5,31.5,10,5,"['Merlot', 'Cabernet Franc', 'Red Blend', 'Chardonnay', 'Malbec']",US,New York,"['North Fork of Long Island', 'Long Island']"
6228,Club Deluxe,85.0,25.0,85.0,25.0,1,1,['Cabernet Franc'],US,Washington,"['Columbia Valley (WA)', 'Columbia Valley']"
6229,Clunia,91.0,51.6,91.0,55.0,6,2,"['Tempranillo', 'Syrah']",Spain,Northern Spain,['Vino de la Tierra de Castilla y León']
6230,Clusserath-Weiler,86.5,27.5,86.5,27.5,2,1,['Riesling'],Germany,Mosel,[]
6231,Clusserath-Weiler,89.8,36.2,90.0,36.5,4,1,['Riesling'],Germany,Mosel-Saar-Ruwer,[]
6232,Cluster M45,91.2,73.8,91.0,70.0,4,1,['Shiraz'],Australia,Victoria,['Heathcote']
6233,Clément Bosquet,84.0,,84.0,,1,1,['Malbec'],France,Southwest France,['Cahors']
6234,Clément Klur,88.8,23.0,88.0,21.0,11,6,"['Alsace white blend', 'Pinot Noir', 'White Blend', 'Gewürztraminer', 'Pinot Blanc', 'Sparkling Blend']",France,Alsace,['Alsace']
6235,Co Dinn,90.5,50.0,90.5,50.0,6,4,"['Chardonnay', 'G-S-M', 'Syrah', 'Cabernet Sauvignon']",US,Washington,"['Snipes Mountain', 'Columbia Valley']"
6236,Coach House,87.6,29.0,87.0,30.0,5,3,"['Cabernet Sauvignon', 'Merlot', 'Syrah']",US,Washington,"['Columbia Valley (WA)', 'Columbia Valley']"
6237,Coast,84.0,9.0,84.0,9.0,2,2,"['Chardonnay', 'Merlot']",US,California,"['California', 'California Other']"
6238,Coastal Ridge,83.3,7.2,83.0,7.0,12,7,"['Riesling', 'Chardonnay', 'Merlot', 'Cabernet Sauvignon', 'Shiraz', 'Moscato', 'Pinot Grigio']",US,California,"['California', 'California Other']"
6239,Coastline,84.9,10.6,84.5,10.0,8,5,"['Zinfandel', 'Merlot', 'Pinot Grigio', 'Chardonnay', 'Cabernet Sauvignon']",US,California,"['Central Coast', 'Central Coast']"
6240,Coastline Cellars,83.5,10.0,83.5,10.0,2,2,"['Merlot', 'Cabernet Sauvignon']",US,California,"['Paso Robles', 'Central Coast']"
6241,Coastview,88.7,37.3,89.0,35.0,3,3,"['Syrah', 'Chardonnay', 'Bordeaux-style Red Blend']",US,California,"['Monterey County', 'Central Coast']"
6242,Coates,87.0,29.0,87.0,29.0,1,1,['Syrah-Cabernet'],Australia,South Australia,['McLaren Vale']
6243,Cobb,92.6,76.2,92.5,75.0,8,1,['Pinot Noir'],US,California,"['Sonoma Coast', 'Sonoma']"
6244,Cobblestone,90.0,50.0,90.0,50.0,2,1,['Pinot Noir'],New Zealand,Martinborough,[]
6245,Cobblestone,87.8,45.4,87.0,44.0,18,2,"['Chardonnay', 'Cabernet Sauvignon']",US,California,"['Arroyo Seco', 'Central Coast']"
6246,Cobden Wini,90.5,40.5,90.0,38.0,4,2,"['Pinot Noir', 'White Blend']",US,California,"['Russian River Valley', 'Sonoma']"
6247,Cobenzl,88.0,,88.0,,1,1,['Austrian white blend'],Austria,Vienna,[]
6248,Cocchi,91.3,44.3,91.0,45.0,3,2,"['Sparkling Blend', 'Pinot Nero']",Italy,Piedmont,['Alta Langa']
6249,Coccinella,82.0,11.0,82.0,11.0,1,1,['Pinot Grigio'],Italy,Veneto,['Veneto']
6250,Cockatoo Ridge,82.0,8.5,82.0,8.5,2,2,"['Sparkling Blend', 'Chardonnay']",Australia,Australia Other,['South Eastern Australia']
6251,Cockatoo Ridge,82.7,8.7,83.0,8.0,3,2,"['Shiraz', 'Chardonnay']",Australia,South Australia,['South Australia']
6252,Cockburn's,87.8,43.5,88.0,50.0,15,2,"['Red Blend', 'Port']",Portugal,Port,[]
6253,Cockerell,91.5,29.5,91.5,29.5,2,1,['Sauvignon Blanc'],US,California,"['Napa Valley', 'Napa']"
6254,Cockfighter's Ghost,88.0,17.0,88.0,17.0,1,1,['Verdelho'],Australia,New South Wales,['Hunter Valley']
6255,Cocobon,84.2,9.2,84.0,8.5,4,1,['Red Blend'],US,California,"['California', 'California Other']"
6256,Coda,90.0,28.0,90.0,28.0,2,2,"['Syrah', 'Sauvignon Blanc']",US,California,"['Santa Barbara County', 'Central Coast']"
6257,Codice Citra,88.0,28.0,88.0,28.0,1,1,['Montepulciano'],Italy,Central Italy,"[""Montepulciano d'Abruzzo""]"
6258,Codirosso,83.0,10.0,83.0,10.0,1,1,['Sangiovese'],Italy,Tuscany,['Chianti']
6259,Codognè,86.0,,86.0,,1,1,['Glera'],Italy,Veneto,['Prosecco']
6260,Codorníu,86.1,14.9,87.0,15.0,23,2,"['Sparkling Blend', 'Pinot Noir']",Spain,Catalonia,['Cava']
6261,Codorníu Napa,87.0,45.0,87.0,45.0,1,1,['Sparkling Blend'],US,California,"['Carneros', 'Napa-Sonoma']"
6262,Coelho,87.5,29.5,87.5,25.0,32,5,"['Red Blend', 'Pinot Noir', 'Pinot Gris', 'Chardonnay', 'Rosé']",US,Oregon,"['Willamette Valley', 'Willamette Valley']"
6263,Coeur d'Alene,89.0,28.3,89.0,28.0,39,10,"['Syrah', 'Chardonnay', 'Viognier', 'Red Blend', 'Cabernet Sauvignon', 'Cabernet Franc', 'Chenin Blanc', 'Mourvèdre', 'Bordeaux-style Red Blend', 'Merlot']",US,Washington,"['Washington', 'Washington Other']"
6264,Coeur de Terre,87.8,35.6,88.0,22.0,37,4,"['Pinot Noir', 'Rosé', 'Riesling', 'Pinot Gris']",US,Oregon,"['McMinnville', 'Willamette Valley']"
6265,Coffee Pot Cellars,87.6,21.4,87.0,21.0,10,6,"['Chardonnay', 'Meritage', 'Sauvignon Blanc', 'Merlot', 'Cabernet Franc-Merlot', 'Gewürztraminer']",US,New York,"['North Fork of Long Island', 'Long Island']"
6266,Coffele,87.8,21.0,88.0,18.0,10,2,"['White Blend', 'Garganega']",Italy,Veneto,['Soave Classico']
6267,Coghlan,87.9,42.8,88.0,43.5,10,4,"['Pinot Noir', 'Grenache Blanc', 'Bordeaux-style Red Blend', 'Cabernet Sauvignon']",US,California,"['Sta. Rita Hills', 'Central Coast']"
6268,Coho,90.3,49.1,91.0,52.0,7,4,"['Cabernet Sauvignon', 'Merlot', 'Bordeaux-style Red Blend', 'Pinot Noir']",US,California,"['Diamond Mountain District', 'Napa']"
6269,Coiled,86.8,23.2,87.0,25.0,5,3,"['Riesling', 'Syrah', 'Red Blend']",US,Idaho,[]
6270,Coiron,84.6,11.8,85.0,11.0,8,5,"['Chardonnay', 'Torrontés', 'Malbec', 'Merlot', 'Cabernet Sauvignon']",Argentina,Mendoza Province,['Mendoza']
6271,Col Saliz,85.3,17.0,86.0,17.0,3,1,['Prosecco'],Italy,Veneto,['Prosecco di Valdobbiadene']
6272,Col Solare,90.9,75.8,91.0,75.0,19,5,"['Red Blend', 'Bordeaux-style Red Blend', 'Cabernet Sauvignon', 'Malbec', 'Syrah']",US,Washington,"['Columbia Valley (WA)', 'Columbia Valley']"
6273,Col Vetoraz,88.0,30.0,88.0,30.0,3,1,['Glera'],Italy,Veneto,['Valdobbiadene Prosecco Superiore']
6274,Col Vetoraz Spumanti,87.8,23.6,87.5,23.0,12,2,"['Prosecco', 'Glera']",Italy,Veneto,['Prosecco di Valdobbiadene']
6275,Col d'Orcia,90.3,68.5,91.0,55.0,32,6,"['Sangiovese', 'Sangiovese Grosso', 'Red Blend', 'Cabernet Sauvignon', 'Pinot Grigio', 'Moscadello']",Italy,Tuscany,['Brunello di Montalcino']
6276,Col de' Salici,86.0,15.3,86.0,15.0,3,2,"['Glera', 'Prosecco']",Italy,Veneto,['Conegliano Valdobbiadene Prosecco Superiore']
6277,Col dei Venti,89.2,35.2,89.5,33.5,4,1,['Nebbiolo'],Italy,Piedmont,['Barbaresco']
6278,Col di Bacche,90.0,36.0,90.0,36.0,2,2,"['Red Blend', 'Merlot']",Italy,Tuscany,['Morellino di Scansano']
6279,Col di Lamo,88.7,56.4,88.0,65.0,7,2,"['Sangiovese Grosso', 'Sangiovese']",Italy,Tuscany,['Brunello di Montalcino']
6280,Col di Lano di Giovanna Neri,90.0,,90.0,,1,1,['Sangiovese Grosso'],Italy,Tuscany,['Rosso di Montalcino']
6281,Col di Luna,85.0,12.0,85.0,12.0,1,1,['White Blend'],Italy,Italy Other,['Italy']
6282,Col di Rocca,86.0,15.0,86.0,15.0,1,1,['Glera'],Italy,Veneto,['Valdobbiadene Prosecco Superiore']
6283,Cola,89.3,28.3,89.0,30.0,3,2,"['Chardonnay', 'Sparkling Blend']",Italy,Lombardy,['Franciacorta']
6284,Colacino,86.2,,87.0,,4,3,"['Red Blend', 'Magliocco', 'White Blend']",Italy,Southern Italy,['Savuto']
6285,Colby,84.0,13.0,84.0,13.0,1,1,['Red Blend'],US,California,"['California', 'California Other']"
6286,Colby Red,84.0,13.0,84.0,13.0,1,1,['Red Blend'],US,California,"['California', 'California Other']"
6287,Colcanyon,88.5,39.0,88.5,39.0,2,2,"['Cabernet Sauvignon', 'Merlot']",US,California,['South Coast']
6288,Cold Heaven,86.0,26.0,86.5,25.0,4,1,['Viognier'],US,California,"['Santa Barbara County', 'Central Coast']"
6289,Cold Water Creek,88.0,13.0,88.0,13.0,1,1,['Chardonnay'],US,California,"['North Coast', 'North Coast']"
6290,Coldisole,88.8,33.0,89.0,30.0,6,2,"['Sangiovese Grosso', 'Sangiovese']",Italy,Tuscany,['Brunello di Montalcino']
6291,Coldstream Hills,87.2,20.0,87.5,19.0,6,3,"['Pinot Noir', 'Sauvignon Blanc', 'Chardonnay']",Australia,Victoria,['Yarra Valley']
6292,Coleccion Privada,86.0,35.0,86.0,35.0,1,1,['Pinot Noir'],Chile,Maule Valley,[]
6293,Colene Clemens,89.4,46.9,90.0,50.0,7,1,['Pinot Noir'],US,Oregon,"['Willamette Valley', 'Willamette Valley']"
6294,Colesel,86.2,21.3,86.5,22.0,4,2,"['Glera', 'Prosecco']",Italy,Veneto,['Valdobbiadene Superiore di Cartizze']
6295,Colgin,95.0,211.7,95.0,225.0,10,4,"['Syrah', 'Red Blend', 'Bordeaux-style Red Blend', 'Cabernet Sauvignon']",US,California,"['Napa Valley', 'Napa']"
6296,Coli,85.7,20.7,86.0,15.0,13,3,"['Red Blend', 'Sangiovese', 'Vernaccia']",Italy,Tuscany,['Chianti Classico']
6297,Colin,89.8,54.5,90.0,54.5,4,2,"['Chardonnay', 'Champagne Blend']",France,Champagne,['Champagne']
6298,Colina Verde,85.0,19.5,85.0,19.5,2,1,['Tempranillo'],Spain,Northern Spain,['Rioja']
6299,Colinas de São Lourenço,85.7,9.7,85.0,10.0,3,2,"['Portuguese Red', 'Portuguese White']",Portugal,Bairrada,[]
6300,Colinas do Douro,89.4,25.1,89.5,17.5,10,4,"['Rosé', 'Portuguese Red', 'Portuguese White', 'Verdelho']",Portugal,Douro,[]
6301,Colio,88.0,18.0,88.0,18.0,2,1,['Riesling'],Canada,Ontario,['Lake Erie North Shore']
6302,Collalbrigo,86.0,21.8,86.0,18.0,4,3,"['Merlot', 'Red Blend', 'Prosecco']",Italy,Veneto,['Veneto']
6303,Collato,86.0,16.0,86.0,16.0,1,1,['Glera'],Italy,Veneto,['Valdobbiadene Prosecco Superiore']
6304,Collavini,88.1,36.0,87.0,20.0,15,6,"['Friulano', 'Ribolla Gialla', 'Pinot Grigio', 'Picolit', 'Sauvignon', 'White Blend']",Italy,Northeastern Italy,['Collio']
6305,Collazzi,89.8,31.2,89.0,31.5,5,2,"['Red Blend', 'Sangiovese']",Italy,Tuscany,['Toscana']
6306,Colle Bereto,84.0,28.5,84.0,28.5,2,2,"['Red Blend', 'Sangiovese']",Italy,Tuscany,['Chianti Classico']
6307,Colle Manora,88.0,,88.0,,1,1,['Barbera'],Italy,Piedmont,['Barbera del Monferrato']
6308,Colle Nero,85.0,8.0,85.0,8.0,1,1,['Sangiovese'],Italy,Tuscany,['Chianti']
6309,Colle S. Mustiola di Fabio Cenni,87.0,45.0,87.0,45.0,1,1,['Sangiovese'],Italy,Tuscany,['Toscana']
6310,Colle Spinello,88.0,32.0,88.0,30.0,5,1,['Red Blend'],Italy,Tuscany,['Toscana']
6311,Colle dei Bardellini,84.3,13.3,84.0,9.0,3,2,"['Vermentino', 'Pigato']",Italy,Northwestern Italy,['Riviera Ligure di Ponente']
6312,Colle dei Venti,87.9,22.3,87.0,17.5,7,5,"['Dolcetto', 'White Blend', 'Barbera', 'Cortese', 'Nebbiolo']",Italy,Piedmont,"[""Dolcetto d'Alba""]"
6313,ColleStefano,90.0,17.0,91.0,18.0,3,1,['Verdicchio'],Italy,Central Italy,['Verdicchio di Matelica']
6314,Collection 35,85.8,36.5,85.5,39.0,4,2,"['Grüner Veltliner', 'Sparkling Blend']",US,California,"['Santa Barbara County', 'Central Coast']"
6315,Collection des Anges,86.0,11.0,86.0,11.0,1,1,['Rosé'],France,Provence,['Côtes de Provence']
6316,College Cellars,88.2,23.4,88.0,22.0,13,10,"['Syrah', 'Riesling', 'Cabernet Sauvignon', 'Roussanne', 'Merlot', 'Chardonnay', 'Petit Verdot', 'Carmenère', 'Tempranillo', 'Viognier']",US,Washington,"['Walla Walla Valley (WA)', 'Columbia Valley']"
6317,Collegiale des Domaines de Loire,86.2,20.2,86.0,18.5,4,2,"['Chenin Blanc', 'Sauvignon Blanc']",France,Loire Valley,['Vouvray']
6318,Collelceto,89.4,47.9,89.5,47.5,14,2,"['Sangiovese', 'Sangiovese Grosso']",Italy,Tuscany,['Brunello di Montalcino']
6319,Collelungo,86.5,,86.5,,4,1,['Sangiovese'],Italy,Tuscany,['Chianti Classico']
6320,Collemassari,88.5,39.1,88.0,28.0,19,4,"['Rosé', 'Red Blend', 'Vermentino', 'Sangiovese']",Italy,Tuscany,['Toscana']
6321,Collemattoni,88.0,61.8,88.5,66.0,10,2,"['Sangiovese', 'Sangiovese Grosso']",Italy,Tuscany,['Brunello di Montalcino']
6322,Collet,88.6,70.2,88.0,58.5,13,2,"['Champagne Blend', 'Chardonnay']",France,Champagne,['Champagne']
6323,Collevite,86.5,20.0,86.5,20.0,2,2,"['White Blend', 'Pecorino']",Italy,Central Italy,['Falerio']
6324,Colli Ripani,89.0,17.0,89.0,17.0,1,1,['Pecorino'],Italy,Central Italy,['Offida Pecorino']
6325,Colli del Soligo,84.5,18.5,84.5,18.5,2,1,['Prosecco'],Italy,Italy Other,['Italy']
6326,Colli del Soligo,86.5,15.5,86.5,15.5,2,1,['Prosecco'],Italy,Veneto,['Prosecco del Veneto']
6327,Colli di Castelfranci,88.0,17.2,88.0,15.5,6,4,"['Falanghina', 'Aglianico', 'Greco', 'Fiano']",Italy,Southern Italy,['Falanghina del Sannio']
6328,Colli di Lapio,88.8,36.0,89.0,31.0,4,2,"['Fiano', 'Aglianico']",Italy,Southern Italy,['Fiano di Avellino']
6329,Colli di Serrapetrona,87.3,30.0,88.0,30.0,3,3,"['White Blend', 'Vernaccia', 'Sparkling Blend']",Italy,Central Italy,['Marche']
6330,Colliano,89.0,15.0,89.0,15.0,3,3,"['Ribolla Gialla', 'White Blend', 'Bordeaux-style Red Blend']",Slovenia,Goriska Brda,[]
6331,Colliano,88.0,17.0,88.0,17.0,1,1,['Ribolla Gialla'],Slovenia,Primorska,[]
6332,Collier Falls,86.1,34.9,86.0,36.0,26,5,"['Syrah', 'Primitivo', 'Zinfandel', 'Petite Sirah', 'Cabernet Sauvignon']",US,California,"['Dry Creek Valley', 'Sonoma']"
6333,Collin-Bourisset,88.0,12.0,88.0,11.0,5,1,['Gamay'],France,Beaujolais,['Moulin-à-Vent']
6334,Collin-Bourisset,88.3,30.0,87.0,30.0,3,1,['Chardonnay'],France,Burgundy,['Pouilly-Fuissé']
6335,Collina San Ponzio,86.7,33.2,86.5,32.5,6,3,"['Nebbiolo', 'Barbera', 'Dolcetto']",Italy,Piedmont,['Barolo']
6336,Collina Serragrilli,87.5,66.2,87.5,62.5,4,1,['Nebbiolo'],Italy,Piedmont,['Barbaresco']
6337,Collis,88.0,,88.0,,1,1,['Garganega'],Italy,Veneto,['Soave']
6338,Collis Veneto Wine Group,87.0,,87.0,,2,2,"['Red Blend', 'Garganega']",Italy,Veneto,['Arcole']
6339,Collosorbo,91.2,56.6,91.5,56.0,20,3,"['Sangiovese', 'Sangiovese Grosso', 'Red Blend']",Italy,Tuscany,['Brunello di Montalcino']
6340,Collovray et Terrier,88.9,25.3,89.0,25.0,22,1,['Chardonnay'],France,Burgundy,['Saint-Véran']
6341,Colmello di Grotta,86.0,20.0,87.0,25.0,3,2,"['Pinot Grigio', 'Sauvignon']",Italy,Northeastern Italy,['Isonzo del Friuli']
6342,Colognole,86.9,23.7,87.0,20.0,7,2,"['Red Blend', 'Sangiovese']",Italy,Tuscany,['Chianti Rufina']
6343,Colombaio,87.8,52.5,87.0,52.5,5,2,"['Sangiovese', 'Sangiovese Grosso']",Italy,Tuscany,['Brunello di Montalcino']
6344,Colombera & Garella,92.9,30.0,93.0,30.0,7,2,"['Red Blend', 'Nebbiolo']",Italy,Piedmont,['Bramaterra']
6345,Colombo,92.2,39.2,92.5,37.5,4,1,['Pinot Nero'],Italy,Piedmont,['Alta Langa']
6346,Colomé,89.1,37.8,89.0,25.0,27,3,"['Torrontés', 'Malbec', 'Red Blend']",Argentina,Other,['Calchaquí Valley']
6347,Colonia Las Liebres,87.0,9.0,87.0,9.0,1,1,['Bonarda'],Argentina,Mendoza Province,['Mendoza']
6348,Colonnara,87.3,25.0,88.0,28.0,3,1,['Verdicchio'],Italy,Central Italy,['Verdicchio dei Castelli di Jesi']
6349,Color Block,85.0,10.0,85.0,10.0,1,1,['Cabernet Sauvignon'],Chile,Central Valley,[]
6350,Colores del Sol,87.0,12.0,87.0,12.0,3,1,['Malbec'],Argentina,Mendoza Province,['Mendoza']
6351,Colosi,86.7,20.2,87.0,15.0,21,8,"['Red Blend', ""Nero d'Avola"", 'White Blend', 'Malvasia', 'Zibibbo', 'Nerello Mascalese', 'Grillo', 'Moscato']",Italy,Sicily & Sardinia,['Terre Siciliane']
6352,Colter's Creek,87.7,21.2,88.5,21.0,18,11,"['Bordeaux-style Red Blend', 'Merlot', 'Petit Verdot', 'Riesling', 'Cabernet Franc', 'Chardonnay', 'Red Blend', 'Syrah', 'Viognier', 'Rhône-style Red Blend', 'G-S-M']",US,Idaho,['Idaho']
6353,Colterenzio,88.7,28.9,88.0,23.0,37,10,"['Sauvignon', 'Pinot Grigio', 'Pinot Nero', 'Chardonnay', 'Pinot Bianco', 'Lagrein', 'Sauvignon Blanc', 'Gewürztraminer', 'Cabernet Sauvignon', 'Schiava']",Italy,Northeastern Italy,['Alto Adige']
6354,Columbia Crest,87.8,18.6,88.0,15.0,227,30,"['Red Blend', 'Chardonnay', 'Merlot', 'Cabernet Sauvignon', 'Syrah', 'Shiraz', 'Sauvignon Blanc', 'Bordeaux-style Red Blend', 'Merlot-Cabernet', 'Zinfandel', 'Gewürztraminer', 'Riesling', 'Pinot Gris', 'Pinot Grigio', 'Malbec', 'Rhône-style White Blend', 'Tempranillo', 'White Blend', 'Sémillon', 'Primitivo', 'Rhône-style Red Blend', 'Cabernet Franc', 'Semillon-Chardonnay', 'Johannisberg Riesling', 'Garnacha Blanca', 'Muscat Canelli', 'Grenache Blanc', 'Chenin Blanc', 'Viognier', 'Grenache']",US,Washington,"['Horse Heaven Hills', 'Columbia Valley']"
6355,Columbia Winery,87.2,21.7,87.0,21.5,78,19,"['Chardonnay', 'Rosé', 'Cabernet Sauvignon', 'Gewürztraminer', 'Syrah', 'Riesling', 'Merlot', 'Viognier', 'Sangiovese', 'Barbera', 'Malbec', 'Cabernet Franc', 'Pinot Gris', 'Tempranillo', 'Red Blend', 'Grenache', 'Petit Verdot', 'Zinfandel', 'Bordeaux-style Red Blend']",US,Washington,"['Columbia Valley (WA)', 'Columbia Valley']"
6356,Colutta,86.7,20.8,87.0,19.5,22,9,"['Ribolla Gialla', 'Sparkling Blend', 'Pinot Grigio', 'Sauvignon', 'Chardonnay', 'Friulano', 'Picolit', 'Verduzzo Friulano ', 'Cabernet Franc']",Italy,Northeastern Italy,['Friuli Venezia Giulia']
6357,Colutta,83.0,15.0,83.0,15.0,1,1,['Glera'],Italy,Veneto,['Prosecco']
6358,Colvin Vineyards,89.0,24.0,89.0,23.0,3,2,"['Cabernet Sauvignon', 'Syrah']",US,Washington,"['Walla Walla Valley (WA)', 'Columbia Valley']"
6359,Com e Bella,83.0,27.0,83.0,27.0,2,2,"['Cabernet Sauvignon-Syrah', 'Cabernet Sauvignon']",US,California,"['Calaveras County', 'Sierra Foothills']"
6360,Comando-G,88.0,40.0,88.0,40.0,1,1,['Garnacha'],Spain,Central Spain,['Vinos de Madrid']
6361,Comando-G,90.5,90.0,90.5,90.0,2,2,"['White Blend', 'Garnacha']",Spain,Northern Spain,['Vino de la Tierra de Castilla y León']
6362,Comartin,89.5,34.3,89.0,35.0,33,10,"['Pinot Noir', 'Syrah', 'Syrah-Grenache', 'Chardonnay', 'Rhône-style Red Blend', 'Grenache', 'G-S-M', 'Petite Sirah', 'Rosé', 'Sauvignon Blanc']",US,California,"['Santa Cruz Mountains', 'Central Coast']"
6363,Comelli,88.1,19.8,87.0,19.0,17,7,"['Red Blend', 'Friulano', 'Sauvignon', 'Pinot Grigio', 'White Blend', 'Picolit', 'Malvasia']",Italy,Northeastern Italy,['Delle Venezie']
6364,Comenge,88.6,22.9,88.0,24.0,7,2,"['Tempranillo', 'Verdejo']",Spain,Northern Spain,['Ribera del Duero']
6365,Comm. G. B. Burlotto,92.4,54.9,92.5,56.5,16,2,"['Barbera', 'Nebbiolo']",Italy,Piedmont,"[""Barbera d'Alba""]"
6366,Commanderie de Peyrassol,89.0,20.0,89.0,20.0,1,1,['Rosé'],France,Provence,['Côtes de Provence']
6367,Commanderie de la Bargemone,87.7,19.9,87.0,19.0,19,5,"['Rosé', 'Red Blend', 'Provence red blend', 'Rhône-style Red Blend', 'Provence white blend']",France,Provence,"[""Coteaux d'Aix-en-Provence""]"
6368,Communication Block,89.8,67.0,89.5,75.0,4,3,"['Cabernet Sauvignon', 'Red Blend', 'Grenache Blanc']",US,California,"['Mount Veeder', 'Napa']"
6369,Comoloco,87.0,9.0,87.0,9.0,1,1,['Monastrell'],Spain,Levante,['Jumilla']
6370,Compagnie Viticole de Provence,87.0,13.0,87.0,13.0,1,1,['Rosé'],France,Provence,['Côtes de Provence']
6371,Companhia das Quintas,87.7,19.8,87.0,15.0,16,1,['Portuguese Red'],Portugal,Alentejano,[]
6372,Companhia das Quintas,92.0,38.3,92.0,40.0,3,1,['Portuguese Red'],Portugal,Alentejo,[]
6373,Companhia das Quintas,89.4,19.8,89.0,15.0,29,4,"['Siria', 'Portuguese White', 'Portuguese Red', 'Touriga Nacional']",Portugal,Beira Interior,[]
6374,Companhia das Quintas,89.7,17.3,90.0,15.0,6,2,"['Arinto', 'Portuguese White']",Portugal,Bucelas,[]
6375,Companhia das Quintas,90.7,32.9,92.0,20.0,18,2,"['Portuguese Red', 'Portuguese White']",Portugal,Douro,[]
6376,Companhia das Quintas,87.0,15.0,85.0,15.0,3,3,"['Portuguese White', 'Cabernet Sauvignon', 'Touriga Nacional']",Portugal,Estremadura,[]
6377,Companhia das Quintas,88.5,19.9,88.0,15.0,28,5,"['Portuguese Red', 'Touriga Nacional', 'Portuguese White', 'Cabernet Sauvignon', 'Arinto']",Portugal,Lisboa,[]
6378,Companhia das Quintas,86.0,10.8,85.0,10.0,5,1,['Castelão'],Portugal,Palmela,[]
6379,Compass,84.0,10.0,84.0,10.0,1,1,['Merlot'],US,California,"['California', 'California Other']"
6380,Compañia de Vinos del Atlántico,88.0,19.0,88.0,19.0,1,1,['Red Blend'],Spain,Catalonia,['Montsant']
6381,Compañia de Vinos del Atlántico,84.0,17.0,84.0,17.0,1,1,['Albariño'],Spain,Galicia,['Rías Baixas']
6382,Compañia de Vinos del Atlántico,86.0,17.0,86.0,17.0,1,1,['Mencía'],Spain,Northern Spain,['Valdeorras']
6383,Compilation,85.7,24.0,85.0,25.0,3,2,"['Cabernet Sauvignon', 'Pinot Noir']",US,California,"['Rutherford', 'Napa']"
6384,Complexity,86.0,29.0,86.0,29.0,1,1,['Pinot Noir'],US,California,"['Santa Barbara County', 'Central Coast']"
6385,Comte Audoin de Dampierre,90.0,39.0,90.0,39.0,1,1,['Champagne Blend'],France,Champagne,['Champagne']
6386,Comte LaFond,87.0,40.0,87.0,40.0,2,1,['Sauvignon Blanc'],France,Loire Valley,['Sancerre']
6387,Comte de Lantage,91.0,43.0,91.0,43.0,1,1,['Champagne Blend'],France,Champagne,['Champagne']
6388,Comtes de Dampierre,88.2,71.8,88.0,72.0,4,2,"['Champagne Blend', 'Chardonnay']",France,Champagne,['Champagne']
6389,Comtesse Thérèse,85.8,22.1,86.0,20.0,18,5,"['Merlot', 'Sauvignon Blanc', 'Cabernet Sauvignon', 'Chardonnay', 'Rosé']",US,New York,"['North Fork of Long Island', 'Long Island']"
6390,Con Carne,85.5,10.0,85.5,10.0,2,2,"['Sauvignon Blanc', 'Merlot']",Chile,Central Valley,[]
6391,Con un Par,87.5,18.0,87.5,18.0,2,1,['Albariño'],Spain,Galicia,['Rías Baixas']
6392,Con un Par,87.0,16.0,87.0,16.0,1,1,['Monastrell-Petit Verdot'],Spain,Levante,['Valencia']
6393,Conarium,88.6,33.2,89.0,36.0,5,2,"['Pinot Noir', 'Chardonnay']",US,California,"['Russian River Valley', 'Sonoma']"
6394,Concadoro,84.5,,84.5,,2,1,['Sangiovese'],Italy,Tuscany,['Chianti Classico']
6395,Concannon,86.5,21.8,86.0,20.0,123,17,"['Red Blend', 'Petite Sirah', 'Chardonnay', 'Cabernet Sauvignon', 'Sauvignon Blanc', 'Viognier', 'Pinot Noir', 'Pinot Grigio', 'Merlot', 'Syrah', 'Petit Verdot', 'Grenache', 'Rosé', 'White Blend', 'Cabernet Blend', 'Rhône-style Red Blend', 'Sémillon']",US,California,"['Livermore Valley', 'Central Coast']"
6396,Conceito Vinhos,90.0,42.0,91.0,45.0,28,3,"['Portuguese White', 'Bastardo', 'Portuguese Red']",Portugal,Douro,[]
6397,Conceito Vinhos,84.5,30.0,84.5,30.0,2,1,['Bastardo'],Portugal,Duriense,[]
6398,Conceito Vinhos,89.0,61.0,89.0,61.0,1,1,['Port'],Portugal,Port,[]
6399,Concentration,82.0,14.0,82.0,14.0,1,1,['Malbec'],Argentina,Mendoza Province,['Mendoza']
6400,Concertum,87.0,20.0,87.0,20.0,1,1,['Albariño'],Spain,Galicia,['Rías Baixas']
6401,Concha y Toro,90.9,73.6,91.0,25.0,7,1,['Syrah'],Chile,Buin,[]
6402,Concha y Toro,90.2,61.2,90.0,34.0,4,2,"['Carmenère', 'Shiraz']",Chile,Cachapoal Valley,[]
6403,Concha y Toro,87.8,26.3,88.0,29.0,38,5,"['Chardonnay', 'Sauvignon Blanc', 'Syrah', 'Riesling', 'Pinot Noir']",Chile,Casablanca Valley,[]
6404,Concha y Toro,85.4,10.1,85.0,11.0,33,9,"['Cabernet Sauvignon', 'Chardonnay', 'Merlot', 'Sauvignon Blanc', 'Carmenère', 'Rosé', 'Shiraz', 'Cabernet Sauvignon-Syrah', 'Malbec']",Chile,Central Valley,[]
6405,Concha y Toro,84.6,12.2,84.0,11.0,5,4,"['Sauvignon Blanc', 'Pinot Noir', 'Chardonnay', 'Malbec']",Chile,Chile,[]
6406,Concha y Toro,87.0,17.0,86.0,17.0,9,2,"['Sauvignon Blanc', 'Chardonnay']",Chile,Colchagua Valley,[]
6407,Concha y Toro,88.0,22.7,88.0,23.0,3,1,['Sauvignon Blanc'],Chile,Leyda Valley,[]
6408,Concha y Toro,86.8,19.6,87.0,20.5,16,2,"['Chardonnay', 'Pinot Noir']",Chile,Limarí Valley,[]
6409,Concha y Toro,87.8,38.8,88.0,18.0,17,3,"['Cabernet Sauvignon-Syrah', 'Cabernet Sauvignon', 'Syrah']",Chile,Maipo Valley,[]
6410,Concha y Toro,86.7,17.3,86.0,17.0,7,2,"['Cabernet Sauvignon', 'Malbec']",Chile,Marchigue,[]
6411,Concha y Toro,87.7,21.0,88.0,24.0,3,2,"['Sauvignon Blanc', 'Merlot']",Chile,Maule Valley,[]
6412,Concha y Toro,89.1,35.6,89.0,26.0,31,3,"['Carmenère', 'Syrah', 'Merlot']",Chile,Peumo,[]
6413,Concha y Toro,90.1,29.8,91.0,32.0,10,2,"['Cabernet Sauvignon', 'Chardonnay']",Chile,Pirque,[]
6414,Concha y Toro,91.0,63.5,91.5,50.0,18,1,['Cabernet Sauvignon'],Chile,Puente Alto,[]
6415,Concha y Toro,85.8,12.9,86.0,12.0,19,6,"['Red Blend', 'Syrah', 'Carmenère', 'Malbec', 'Sauvignon Blanc', 'Merlot']",Chile,Rapel Valley,[]
6416,Concha y Toro,86.0,18.0,86.0,18.0,2,1,['Merlot'],Chile,San Clemente,[]
6417,Concilio,85.0,10.5,85.0,10.5,2,2,"['Pinot Grigio', 'Chardonnay']",Italy,Northeastern Italy,['Delle Venezie']
6418,Conclusion,90.7,35.7,90.0,24.0,3,3,"['Sauvignon Blanc', 'White Blend', 'Cabernet Sauvignon']",US,California,"['Napa Valley', 'Napa']"
6419,Concrete,87.8,31.0,89.0,20.0,5,2,"['Zinfandel', 'Cabernet Sauvignon']",US,California,"['Lodi', 'Central Valley']"
6420,Condado de Haza,86.8,47.5,87.0,31.0,4,1,['Tempranillo'],Spain,Northern Spain,['Ribera del Duero']
6421,Condado de Oriza,85.8,14.5,86.0,13.0,18,2,"['Tempranillo', 'Tempranillo Blend']",Spain,Northern Spain,['Ribera del Duero']
6422,Conde Ansurez,89.0,13.0,89.0,13.0,1,1,['Red Blend'],Spain,Northern Spain,['Cigales']
6423,Conde Bel,85.5,17.5,85.5,17.5,2,2,"['Tempranillo', 'Viura']",Spain,Northern Spain,['Rioja']
6424,Conde Villar,85.0,11.0,85.0,11.0,1,1,['Portuguese Red'],Portugal,Alentejano,[]
6425,Conde Villar,87.5,14.0,87.5,14.0,2,1,['Alvarinho'],Portugal,Minho,[]
6426,Conde Villar,85.0,14.0,85.0,14.0,3,3,"['Portuguese White', 'Espadeiro', 'Alvarinho']",Portugal,Vinho Verde,[]
6427,Conde de Altava,85.7,13.0,85.5,15.0,6,2,"['Tempranillo', 'Viura']",Spain,Northern Spain,['Rioja']
6428,Conde de Caralt,84.5,11.0,84.5,11.0,2,1,['Sparkling Blend'],Spain,Catalonia,['Cava']
6429,Conde de Hervías & Mencos,89.7,50.3,90.0,45.0,3,2,"['Tempranillo', 'Tempranillo Blend']",Spain,Northern Spain,['Rioja']
6430,Conde de Jauregui,83.5,14.8,83.5,16.5,4,2,"['Tempranillo Blend', 'Tempranillo-Garnacha']",Spain,Northern Spain,['Rioja']
6431,Conde de Olzinellas,82.0,18.0,82.0,18.0,1,1,['Cabernet Sauvignon-Merlot'],Spain,Catalonia,['Penedès']
6432,Conde de San Cristóbal,85.0,25.0,85.0,25.0,1,1,['Tinta Fina'],Spain,Northern Spain,['Ribera del Duero']
6433,Conde de Siruela,87.8,27.7,88.5,26.0,6,2,"['Tempranillo', 'Tempranillo Blend']",Spain,Northern Spain,['Ribera del Duero']
6434,Conde de Subirats,84.5,12.7,85.0,13.0,11,2,"['Sparkling Blend', 'Tempranillo']",Spain,Catalonia,['Cava']
6435,Conde de Velázquez,84.8,13.5,84.0,13.0,21,8,"['Cabernet Sauvignon', 'Chardonnay', 'Red Blend', 'Merlot', 'Sauvignon Blanc', 'Cabernet Sauvignon-Carmenère', 'Syrah', 'Malbec']",Chile,Aconcagua Valley,[]
6436,Conde de la Salceda,91.3,46.7,91.0,50.0,3,2,"['Tempranillo', 'Tempranillo Blend']",Spain,Northern Spain,['Rioja']
6437,Condes de Albarei,88.0,13.6,88.0,14.0,19,1,['Albariño'],Spain,Galicia,['Rías Baixas']
6438,Condesa Eylo,87.4,13.4,87.0,14.0,5,1,['Verdejo'],Spain,Northern Spain,['Rueda']
6439,Condesa de Leganza,85.0,11.2,84.0,11.0,8,2,"['Tempranillo', 'Sauvignon Blanc']",Spain,Central Spain,['La Mancha']
6440,Condor's Summit,83.3,10.0,83.0,10.0,3,3,"['Malbec', 'Pinot Grigio', 'Syrah']",Argentina,Other,['Famatina Valley']
6441,Condé,87.2,28.0,88.0,23.0,5,2,"['Sangiovese', 'Red Blend']",Italy,Central Italy,['Sangiovese di Romagna Superiore']
6442,Confidence,86.3,15.0,86.0,15.0,3,3,"['Cabernet Sauvignon', 'Chardonnay', 'Rhône-style Red Blend']",France,France Other,['Vin de France']
6443,Confin,84.8,12.2,85.0,11.0,5,3,"['Merlot', 'Cabernet Sauvignon', 'Chardonnay']",Chile,Rapel Valley,[]
6444,Confrerie de Oisly et Thesée,85.0,9.0,85.0,9.0,1,1,['Sauvignon Blanc'],France,Loire Valley,['Touraine']
6445,Congress Springs,81.6,12.4,82.0,12.0,5,5,"['Chardonnay', 'Cabernet Sauvignon', 'Petite Sirah', 'Viognier', 'Pinot Noir']",US,California,"['California', 'California Other']"
6446,Coniglio,88.5,46.9,88.0,45.0,17,3,"['Cabernet Franc', 'Cabernet Sauvignon', 'Sauvignon Blanc']",US,California,"['Napa Valley', 'Napa']"
6447,Conn Creek,88.9,45.9,90.0,45.0,45,8,"['Chardonnay', 'Cabernet Sauvignon', 'Bordeaux-style Red Blend', 'Red Blend', 'Cabernet Franc', 'Cabernet Blend', 'Rosé', 'Sauvignon Blanc']",US,California,"['Carneros', 'Napa-Sonoma']"
6448,Conn Valley,88.0,58.3,89.0,55.0,3,3,"['Chardonnay', 'Cabernet Sauvignon', 'Bordeaux-style Red Blend']",US,California,"['Carneros', 'Napa-Sonoma']"
6449,Cono Sur,87.7,13.3,87.0,10.0,3,1,['Riesling'],Chile,Bío Bío Valley,[]
6450,Cono Sur,89.0,14.0,89.0,14.0,1,1,['Carmenère'],Chile,Cachapoal Valley,[]
6451,Cono Sur,87.3,23.3,87.0,15.0,23,4,"['Pinot Noir', 'Chardonnay', 'Gewürztraminer', 'Sauvignon Blanc']",Chile,Casablanca Valley,[]
6452,Cono Sur,84.8,10.8,85.0,10.0,20,6,"['Cabernet Sauvignon', 'Merlot', 'Pinot Noir', 'Chardonnay', 'Riesling', 'Sauvignon Blanc']",Chile,Central Valley,[]
6453,Cono Sur,86.0,14.0,86.0,14.0,2,2,"['Pinot Noir', 'Red Blend']",Chile,Chile,[]
6454,Cono Sur,85.9,14.9,86.0,13.0,17,6,"['Pinot Noir', 'Viognier', 'Chardonnay', 'Cabernet Sauvignon-Carmenère', 'Carmenère', 'Merlot']",Chile,Colchagua Valley,[]
6455,Cono Sur,91.0,24.0,91.0,24.0,1,1,['Syrah'],Chile,Limarí Valley,[]
6456,Cono Sur,88.8,39.7,88.0,24.0,9,1,['Cabernet Sauvignon'],Chile,Maipo Valley,[]
6457,Cono Sur,85.0,12.0,85.0,12.0,1,1,['Merlot'],Chile,Rapel Valley,[]
6458,Cono Sur,85.8,14.3,86.0,14.0,9,3,"['Sauvignon Blanc', 'Chardonnay', 'Pinot Noir']",Chile,San Antonio,[]
6459,Conquista,82.8,9.8,82.5,9.5,6,4,"['Moscato', 'Malbec', 'Cabernet Sauvignon', 'Red Blend']",Argentina,Mendoza Province,['Mendoza']
6460,Conquista de Argentina,84.0,8.5,84.0,8.5,2,1,['Malbec'],Argentina,Mendoza Province,['Mendoza']
6461,Conreria d'Scala Dei,90.0,25.0,90.0,25.0,1,1,['Garnacha'],Spain,Catalonia,['Priorat']
6462,Consejo de la Alta,88.6,35.0,88.0,28.0,13,2,"['Tempranillo', 'Tempranillo Blend']",Spain,Northern Spain,['Rioja']
6463,Conselve,84.5,13.5,84.5,13.5,2,2,"['Pinot Grigio', 'Glera']",Italy,Veneto,['Veneto']
6464,Consilience,86.9,25.4,86.0,25.5,14,9,"['Pinot Noir', 'Roussanne', 'Zinfandel', 'Viognier', 'Chardonnay', 'Petite Sirah', 'Grenache Blanc', 'Syrah', 'Grenache']",US,California,"['Santa Barbara County', 'Central Coast']"
6465,Consorzio Vini Tipici di San Marino,87.0,23.5,87.0,18.0,5,4,"['Moscato', 'White Blend', 'Sparkling Blend', 'Biancale']",Italy,Central Italy,['Emilia-Romagna']
6466,Conspire,87.4,30.8,86.0,28.0,5,2,"['Pinot Noir', 'Sauvignon Blanc']",US,California,"['Sonoma County', 'Sonoma']"
6467,Constant,89.5,88.3,88.0,85.0,15,4,"['Bordeaux-style Red Blend', 'Syrah', 'Cabernet Sauvignon', 'Cabernet Franc']",US,California,"['Napa Valley', 'Napa']"
6468,Constantia Glen,88.9,35.9,89.0,33.0,7,4,"['Bordeaux-style Red Blend', 'Sauvignon Blanc', 'Red Blend', 'Sauvignon Blanc-Semillon']",South Africa,Constantia,[]
6469,Constantin Gofas,87.0,15.0,87.0,15.0,1,1,['Agiorgitiko'],Greece,Nemea,[]
6470,Contadi Castaldi,89.6,32.9,90.0,34.0,27,2,"['Chardonnay', 'Sparkling Blend']",Italy,Lombardy,['Franciacorta']
6471,Contador,81.0,354.0,81.0,354.0,1,1,['Tempranillo'],Spain,Northern Spain,['Rioja']
6472,Conte Brandolini,85.7,14.3,86.0,15.0,3,2,"['Friulano', 'Pinot Grigio']",Italy,Northeastern Italy,['Friuli Grave']
6473,Conte Collalto,86.6,16.0,87.0,15.5,15,3,"['Sparkling Blend', 'Prosecco', 'Glera']",Italy,Veneto,['Veneto']
6474,Conte Ferdinando Guicciardini,87.6,27.3,88.5,26.5,10,4,"['Sangiovese', 'Red Blend', 'Vermentino', 'Merlot']",Italy,Tuscany,['Morellino di Scansano']
6475,Conte Leopardi,86.0,22.5,86.5,21.5,4,4,"['Red Blend', 'Montepulciano', 'Sauvignon', 'Verdicchio']",Italy,Central Italy,['Rosso Conero']
6476,Conte Loredan Gasparini,83.0,12.0,83.0,12.0,1,1,['Glera'],Italy,Veneto,['Colli Asolani Prosecco']
6477,Conte d'Attimis-Maniago,86.7,29.1,87.0,24.0,9,5,"['White Blend', 'Pinot Grigio', 'Sauvignon', 'Picolit', 'Malvasia Istriana']",Italy,Northeastern Italy,['Colli Orientali del Friuli']
6478,Conterno Fantino,88.8,66.4,89.0,70.0,20,5,"['Nebbiolo', 'Barbera', 'Dolcetto', 'Chardonnay', 'Red Blend']",Italy,Piedmont,['Barolo']
6479,Conti Costanti,92.1,89.2,92.0,77.0,13,2,"['Sangiovese', 'Sangiovese Grosso']",Italy,Tuscany,['Brunello di Montalcino']
6480,Conti Formentini,87.4,18.4,88.0,20.0,12,5,"['Sauvignon', 'Pinot Grigio', 'Friulano', 'White Blend', 'Chardonnay']",Italy,Northeastern Italy,['Collio']
6481,Conti Leopardi di San Leopardo,87.6,15.0,87.0,15.0,5,3,"['White Blend', 'Red Blend', 'Sangiovese']",Italy,Central Italy,['Marche']
6482,Conti Zecca,87.5,24.4,87.0,21.5,21,7,"['Red Blend', 'Primitivo', 'Negroamaro', 'Chardonnay', 'White Blend', 'Fiano', 'Malvasia']",Italy,Southern Italy,['Salento']
6483,Conti di Buscareto,87.0,18.5,87.0,18.5,2,1,['Verdicchio'],Italy,Central Italy,['Verdicchio dei Castelli di Jesi']
6484,Conti di Sn Bonifacio,87.5,40.0,87.5,40.0,2,2,"['Red Blend', 'Syrah']",Italy,Tuscany,['Toscana']
6485,Contini,89.0,17.3,89.0,16.5,6,3,"['Vermentino', 'Cannonau', 'Red Blend']",Italy,Sicily & Sardinia,['Vermentino di Sardegna']
6486,Contino,89.8,105.1,90.0,130.0,15,6,"['Garnacha', 'Tempranillo', 'Graciano', 'Tempranillo Blend', 'White Blend', 'Red Blend']",Spain,Northern Spain,['Rioja']
6487,Continuum,93.0,158.3,92.5,145.0,6,2,"['Bordeaux-style Red Blend', 'Red Blend']",US,California,"['Napa Valley', 'Napa']"
6488,Contour,91.0,15.0,91.0,15.0,1,1,['Pinot Noir'],US,California,"['Sonoma County-Monterey County-Napa County', 'California Other']"
6489,Contrada Michele,87.0,23.0,87.0,23.0,2,2,"['Fiano', 'Aglianico']",Italy,Southern Italy,['Fiano di Avellino']
6490,Contrada Salandra,88.0,,88.0,,2,2,"['Falanghina', 'Piedirosso']",Italy,Southern Italy,['Campi Flegrei']
6491,Contrada Santo Spirito di Passopisciaro,87.0,45.0,87.0,45.0,1,1,['White Blend'],Italy,Sicily & Sardinia,['Etna']
6492,Contrade di Taurasi,85.0,,85.0,,1,1,['Aglianico'],Italy,Southern Italy,['Taurasi']
6493,Contrade di Taurasi - Lonardo,92.5,53.2,92.5,60.0,10,2,"['Roviello', 'Aglianico']",Italy,Southern Italy,['Campania']
6494,Contratto,90.3,90.6,91.0,90.0,9,3,"['Nebbiolo', 'Moscato', 'Sparkling Blend']",Italy,Piedmont,['Barolo']
6495,Contucci,92.8,42.4,93.0,49.0,8,1,['Red Blend'],Italy,Tuscany,['Vino Nobile di Montepulciano']
6496,Conundrum,87.0,22.0,87.0,22.0,1,1,['White Blend'],US,California,"['California', 'California Other']"
6497,Convento Cappuccini,85.0,17.0,85.0,17.0,1,1,['Barbera'],Italy,Piedmont,"[""Barbera d'Asti""]"
6498,Convento Oreja,85.5,28.7,84.5,23.0,6,2,"['Tempranillo Blend', 'Tempranillo']",Spain,Northern Spain,['Ribera del Duero']
6499,Convento San Francisco,86.2,44.4,87.0,32.0,5,4,"['Tinto del Pais', 'Red Blend', 'Tempranillo', 'Tempranillo Blend']",Spain,Northern Spain,['Ribera del Duero']
6500,Convento de Las Claras,89.2,23.2,89.5,23.0,4,1,['Tinto Fino'],Spain,Northern Spain,['Ribera del Duero']
6501,Convergence Zone,87.4,23.0,87.0,19.0,26,7,"['Riesling', 'Chenin Blanc', 'Pinot Gris', 'Bordeaux-style Red Blend', 'Red Blend', 'Rhône-style Red Blend', 'Malbec']",US,Washington,"['Columbia Valley (WA)', 'Columbia Valley']"
6502,Conveyance,89.0,17.0,89.0,17.0,1,1,['Pinot Gris'],US,Oregon,"['Willamette Valley', 'Willamette Valley']"
6503,Conviviale,84.0,8.0,84.0,8.0,1,1,['Pinot Grigio'],Italy,Lombardy,['Pavia']
6504,Conway,86.5,58.5,86.5,58.5,2,2,"['Cabernet Sauvignon', 'Chardonnay']",US,California,"['Rutherford', 'Napa']"
6505,Cook's,84.0,7.0,84.0,7.0,2,1,['Champagne Blend'],US,California,"['California', 'California Other']"
6506,Cookies & Cream,86.0,10.0,86.0,10.0,5,4,"['Cabernet Sauvignon', 'Chardonnay', 'Pinot Grigio', 'Merlot']",US,California,"['California', 'California Other']"
6507,Cookoothama,83.5,12.0,83.5,12.0,2,2,"['Pinot Noir', 'Cabernet Merlot']",Australia,New South Wales,['Darlington Point']
6508,Cool Woods,85.0,13.0,85.0,13.0,2,2,"['Pinot Noir', 'Pinot Gris']",Australia,South Australia,['Eden Valley']
6509,Coomber Family Ranch,89.5,117.0,89.5,126.0,4,2,"['Pinot Noir', 'Cabernet Sauvignon']",US,California,"['Sta. Rita Hills', 'Central Coast']"
6510,Cooper,89.0,20.0,89.0,20.0,1,1,['Zinfandel'],US,California,"['Lodi', 'Central Valley']"
6511,Cooper Mountain,87.0,26.3,87.0,25.0,3,1,['Pinot Noir'],US,Oregon,"['Willamette Valley', 'Willamette Valley']"
6512,Cooper Station,82.6,11.2,82.0,11.0,5,4,"['Cabernet Sauvignon', 'Petite Sirah', 'Chardonnay', 'Pinot Noir']",US,California,"['Lodi', 'Central Valley']"
6513,Cooper Vineyards,84.5,21.1,85.0,21.0,11,9,"['Red Blend', 'Chambourcin', 'Viognier', 'Cabernet Franc', 'Norton', 'White Blend', 'Petit Verdot', 'Chardonnay', 'Cabernet Sauvignon']",US,Virginia,['Virginia']
6514,Cooper's Hawk,87.0,18.0,87.0,18.0,1,1,['Shiraz'],US,America,[]
6515,Cooper-Garrod,89.3,35.5,89.0,35.0,30,8,"['Cabernet Sauvignon', 'Cabernet Franc', 'Syrah', 'Bordeaux-style Red Blend', 'Red Blend', 'Chardonnay', 'Viognier', 'Pinot Noir']",US,California,"['Santa Cruz Mountains', 'Central Coast']"
6516,Cooperativa Agricola de Santo Isidro de Pegoes,86.8,11.0,87.0,11.0,15,9,"['Touriga Nacional', 'Portuguese White', 'Syrah', 'Castelão', 'Portuguese Red', 'Aragonez', 'Alicante Bouschet', 'Moscatel', 'Rosé']",Portugal,Península de Setúbal,[]
6517,Cooperativa Reguengos de Monsaraz,84.5,6.5,84.5,6.5,2,1,['Portuguese Red'],Portugal,Alentejano,[]
6518,Cooperativa Reguengos de Monsaraz,87.2,12.8,87.5,10.0,16,2,"['Portuguese Red', 'Portuguese White']",Portugal,Alentejo,[]
6519,Coopers Creek,90.0,15.0,90.0,15.0,1,1,['Chardonnay'],New Zealand,Gisborne,[]
6520,Coopers Creek,87.0,18.4,86.5,16.0,6,6,"['Syrah', 'Chardonnay', 'Cabernet Sauvignon-Merlot', 'Riesling', 'Merlot', 'Pinot Noir']",New Zealand,Hawke's Bay,[]
6521,Coopers Creek,86.0,13.3,86.0,15.0,3,2,"['Sauvignon Blanc', 'Riesling']",New Zealand,Marlborough,[]
6522,Cooralook,85.5,16.8,85.5,16.5,6,4,"['Pinot Noir', 'Sauvignon Blanc', 'Shiraz', 'Chardonnay']",Australia,Victoria,['Strathbogie Ranges']
6523,Copain Wines,91.7,47.2,91.5,50.0,6,1,['Pinot Noir'],US,California,"['Anderson Valley', 'Mendocino/Lake Counties']"
6524,Copeland Creek,82.0,30.0,82.0,30.0,1,1,['Pinot Noir'],US,California,"['Sonoma Coast', 'Sonoma']"
6525,Copper Belt,86.0,32.2,87.0,28.0,5,3,"['Pinot Noir', 'Red Blend', 'White Blend']",US,Oregon,"['Willamette Valley', 'Willamette Valley']"
6526,Copper Belt,89.0,22.0,89.0,22.0,2,2,"['Red Blend', 'Syrah']",US,Washington,"['Columbia Valley (WA)', 'Columbia Valley']"
6527,Copper River Estate,82.8,15.0,82.0,15.0,5,5,"['Riesling', 'Chardonnay', 'Red Blend', 'Cabernet Sauvignon', 'Merlot']",US,Washington,"['Washington', 'Washington Other']"
6528,Coppiere,86.0,15.0,86.0,15.0,1,1,['Sangiovese'],Italy,Tuscany,['Chianti Classico']
6529,Coppo,88.8,48.6,89.0,20.0,25,5,"['Barbera', 'Nebbiolo', 'Cortese', 'Moscato', 'Chardonnay']",Italy,Piedmont,"[""Barbera d'Asti""]"
6530,Coquelicot,86.9,35.8,87.0,35.0,38,11,"['Bordeaux-style Red Blend', 'Cabernet Sauvignon', 'Rosé', 'Sangiovese', 'Rhône-style Red Blend', 'Sauvignon Blanc', 'Chardonnay', 'White Blend', 'Riesling', 'Syrah', 'Merlot']",US,California,"['Santa Ynez Valley', 'Central Coast']"
6531,Coquena,84.0,26.0,84.0,26.0,1,1,['Malbec'],Argentina,Other,['Cafayate']
6532,Coquerel Family Wine Estates,86.4,30.8,86.5,33.5,12,5,"['Sauvignon Blanc', 'Petite Sirah', 'Verdelho', 'Merlot', 'Cabernet Sauvignon']",US,California,"['Calistoga', 'Napa']"
6533,Cor Cellars,88.0,14.0,88.0,14.0,1,1,['Sauvignon Blanc'],US,Oregon,"['Columbia Gorge (OR)', 'Oregon Other']"
6534,Cor Cellars,88.5,20.5,88.0,20.0,15,11,"['Petit Verdot', 'Red Blend', 'Rosé', 'Cabernet Franc', 'Malbec', 'Riesling', 'White Blend', 'Bordeaux-style Red Blend', 'Cabernet Sauvignon', 'Tempranillo', 'Pinot Gris-Gewürztraminer']",US,Washington,"['Wahluke Slope', 'Columbia Valley']"
6535,Coral Wines,88.0,20.0,88.0,20.0,1,1,['Rosé'],US,Washington,"['Columbia Valley (WA)', 'Columbia Valley']"
6536,Corazón Verde,81.0,15.0,81.0,15.0,1,1,['Albariño'],Spain,Galicia,['Rías Baixas']
6537,Corbans,86.0,13.0,86.0,13.0,2,2,"['Merlot', 'Chardonnay']",New Zealand,East Coast,[]
6538,Corbans,86.0,18.0,86.0,18.0,1,1,['Chardonnay'],New Zealand,Gisborne,[]
6539,Corbans,89.0,21.0,89.0,21.0,2,1,['Bordeaux-style Red Blend'],New Zealand,Hawke's Bay,[]
6540,Corbans,84.0,15.5,84.0,15.5,2,1,['Sauvignon Blanc'],New Zealand,Marlborough,[]
6541,Corbett Canyon,84.0,9.0,84.0,10.0,3,3,"['Merlot', 'Chardonnay', 'Syrah']",US,California,"['North Coast', 'North Coast']"
6542,Cordant,93.7,42.0,94.0,42.0,3,3,"['Grenache', 'Syrah', 'Rhône-style Red Blend']",US,California,"['Paso Robles', 'Central Coast']"
6543,Cordelier,84.0,13.0,84.0,13.0,1,1,['Sparkling Blend'],Brazil,Brazil,[]
6544,Cordella,89.0,48.8,90.0,49.0,9,2,"['Sangiovese', 'Sangiovese Grosso']",Italy,Tuscany,['Brunello di Montalcino']
6545,Cordero di Montezemolo,92.3,66.1,93.0,75.0,17,2,"['Nebbiolo', 'Barbera']",Italy,Piedmont,['Barolo']
6546,Cordeuil,88.0,45.0,88.0,45.0,1,1,['Champagne Blend'],France,Champagne,['Champagne']
6547,Cordier,84.0,17.0,84.0,17.0,1,1,['Bordeaux-style Red Blend'],France,Bordeaux,['Bordeaux']
6548,Core Winery,88.4,32.5,89.0,35.0,8,5,"['Rhône-style Red Blend', 'Grenache-Syrah', 'Tempranillo', 'Red Blend', 'Grenache']",US,California,"['Santa Barbara County', 'Central Coast']"
6549,Corey Creek,85.0,14.7,85.0,15.0,3,3,"['Merlot', 'Chardonnay', 'Rosé']",US,New York,"['North Fork of Long Island', 'Long Island']"
6550,Corinne et Pierre Grossot,87.0,22.0,87.0,22.0,1,1,['Chardonnay'],France,Burgundy,['Chablis']
6551,Corinto,81.0,11.7,80.0,10.0,3,3,"['Sauvignon Blanc', 'Carmenère', 'Syrah']",Chile,Central Valley,[]
6552,Corinto,83.0,14.0,83.0,14.0,1,1,['Pinot Noir'],Chile,Maule Valley,[]
6553,Coriole,85.0,15.0,85.0,15.0,1,1,['Semillon-Sauvignon Blanc'],Australia,Australia Other,['South Eastern Australia']
6554,Coriole,88.5,25.9,88.0,19.0,11,5,"['Shiraz', 'Red Blend', 'Chenin Blanc', 'Sangiovese', 'Semillon-Sauvignon Blanc']",Australia,South Australia,['McLaren Vale']
6555,Corison,91.8,78.8,92.0,70.0,11,1,['Cabernet Sauvignon'],US,California,"['Napa Valley', 'Napa']"
6556,Corkscrew,86.5,28.3,87.0,27.5,6,3,"['Pinot Noir', 'Syrah', 'Riesling']",US,California,"['Sonoma Coast', 'Sonoma']"
6557,Corley,90.1,61.4,91.0,62.5,24,6,"['Red Blend', 'Cabernet Sauvignon', 'Chardonnay', 'Bordeaux-style Red Blend', 'Pinot Noir', 'Cabernet Blend']",US,California,"['Napa Valley', 'Napa']"
6558,Corley Reserve,88.6,55.6,87.0,50.0,5,3,"['Cabernet Sauvignon', 'Chardonnay', 'Pinot Noir']",US,California,"['Napa Valley', 'Napa']"
6559,Corliss Estates,92.7,69.1,92.0,65.0,17,3,"['Cabernet Sauvignon', 'Bordeaux-style Red Blend', 'Syrah']",US,Washington,"['Columbia Valley (WA)', 'Columbia Valley']"
6560,Cormòns,86.1,12.6,86.0,12.0,13,5,"['Sauvignon', 'Friulano', 'Pinot Grigio', 'Tocai Friulano', 'Chardonnay']",Italy,Northeastern Italy,['Collio']
6561,Cornaleto,87.0,25.4,88.0,26.0,5,1,['Sparkling Blend'],Italy,Lombardy,['Franciacorta']
6562,Cornarea,86.9,29.1,87.0,27.0,8,2,"['Nebbiolo', 'Arneis']",Italy,Piedmont,['Roero']
6563,Cornellana,84.5,12.0,85.0,12.0,4,4,"['Cabernet Sauvignon', 'Carmenère', 'Sauvignon Blanc', 'Cabernet Sauvignon-Merlot']",Chile,Cachapoal Valley,[]
6564,Corner 103,88.9,47.5,89.5,47.5,10,8,"['Chardonnay', 'Cabernet Franc', 'Tempranillo', 'Pinot Noir', 'Red Blend', 'Cabernet Sauvignon', 'Merlot', 'Zinfandel']",US,California,"['Sonoma Coast', 'Sonoma']"
6565,Cornerstone,88.8,63.9,90.0,62.5,18,8,"['Cabernet Sauvignon', 'Red Blend', 'Sauvignon Blanc', 'Syrah', 'Rosé', 'Bordeaux-style Red Blend', 'Merlot', 'Cabernet Franc']",US,California,"['Napa Valley', 'Napa']"
6566,Cornerstone,88.0,50.0,88.0,50.0,1,1,['Pinot Noir'],US,Oregon,"['Willamette Valley', 'Willamette Valley']"
6567,Corolilla,85.5,13.0,85.5,13.0,2,1,['Bobal'],Spain,Levante,['Utiel-Requena']
6568,Corona de Aragón,82.0,12.0,82.0,12.0,1,1,['Syrah'],Spain,Northern Spain,['Cariñena']
6569,Corona de Castilla,84.0,22.0,84.0,22.0,1,1,['Tempranillo'],Spain,Northern Spain,['Ribera del Duero']
6570,Coronica,88.2,29.2,88.0,26.0,4,2,"['Malvasia', 'Teran']",Croatia,Istria,[]
6571,Corte Adami,87.5,22.8,88.0,13.5,13,3,"['Garganega', 'Red Blend', 'White Blend']",Italy,Veneto,['Soave']
6572,Corte Aleardi,90.0,80.0,90.0,100.0,3,2,"['Red Blend', 'Corvina, Rondinella, Molinara']",Italy,Veneto,['Valpolicella Ripasso Classico']
6573,Corte Archi,86.8,36.2,86.5,37.5,4,2,"['Corvina, Rondinella, Molinara', 'Red Blend']",Italy,Veneto,['Amarone della Valpolicella Classico']
6574,Corte Campagnola,89.6,36.3,92.0,40.0,5,1,"['Corvina, Rondinella, Molinara']",Italy,Veneto,['Amarone della Valpolicella Classico']
6575,Corte Cariano,87.0,,86.0,,3,3,"['Red Blend', 'Corvina', 'Corvina, Rondinella, Molinara']",Italy,Veneto,['Valpolicella Superiore Ripasso']
6576,Corte Falco,87.0,15.0,87.0,15.0,1,1,['Garganega'],Italy,Veneto,['Soave']
6577,Corte Figaretto,87.8,34.8,87.0,34.0,4,1,"['Corvina, Rondinella, Molinara']",Italy,Veneto,['Amarone della Valpolicella Valpantena']
6578,Corte Fornello,86.0,21.0,86.0,21.0,2,2,"['Corvina, Rondinella, Molinara', 'Red Blend']",Italy,Veneto,['Bardolino']
6579,Corte Giacobbe,88.0,16.5,88.0,16.5,2,1,['Garganega'],Italy,Veneto,['Soave Superiore']
6580,Corte Giara,86.5,15.0,86.5,15.0,2,2,"['White Blend', 'Red Blend']",Italy,Veneto,['Soave']
6581,Corte Giona,90.0,37.0,90.0,37.0,1,1,['Red Blend'],Italy,Veneto,['Amarone della Valpolicella']
6582,Corte Lenguin,88.0,41.8,88.0,36.0,12,2,"['Red Blend', 'Corvina, Rondinella, Molinara']",Italy,Veneto,['Amarone della Valpolicella Classico']
6583,Corte Mainente,88.0,10.0,88.0,10.0,3,1,['Garganega'],Italy,Veneto,['Soave Classico']
6584,Corte Moschina,88.0,23.0,88.0,21.0,16,4,"['Garganega', 'Sparkling Blend', 'Red Blend', 'Durella']",Italy,Veneto,['Soave']
6585,Corte Pavone,91.4,60.6,92.0,65.0,9,2,"['Sangiovese Grosso', 'Sangiovese']",Italy,Tuscany,['Brunello di Montalcino']
6586,Corte Rugolin,89.5,56.0,89.5,61.0,10,2,"['Corvina, Rondinella, Molinara', 'Red Blend']",Italy,Veneto,['Amarone della Valpolicella Classico']
6587,Corte San Benedetto,88.8,36.8,88.0,33.5,8,2,"['Corvina, Rondinella, Molinara', 'Red Blend']",Italy,Veneto,['Amarone della Valpolicella Classico']
6588,Corte Sant' Alda,88.9,94.4,89.0,85.0,13,2,"['Corvina, Rondinella, Molinara', 'Garganega']",Italy,Veneto,['Amarone della Valpolicella']
6589,Corte Sant'Alda,94.0,130.0,94.0,130.0,1,1,['Red Blend'],Italy,Veneto,['Amarone della Valpolicella']
6590,Corte Sermana,87.0,19.0,87.0,19.0,1,1,['Turbiana'],Italy,Lombardy,['Lugana']
6591,Corte alla Flora,86.5,13.8,87.0,14.0,4,1,['Red Blend'],Italy,Tuscany,['Vino Nobile di Montepulciano']
6592,Corte dei Papi,87.5,24.0,87.5,24.0,2,1,['Red Blend'],Italy,Central Italy,['Cesanese del Piglio']
6593,Corte dei Venti,89.5,50.7,89.5,52.0,6,1,['Sangiovese'],Italy,Tuscany,['Brunello di Montalcino']
6594,Corteforte,89.9,51.0,90.0,55.0,24,2,"['Corvina, Rondinella, Molinara', 'Red Blend']",Italy,Veneto,['Valpolicella Classico Superiore Ripasso']
6595,Cortenova,84.0,10.0,84.0,10.0,1,1,['Montepulciano'],Italy,Central Italy,"[""Montepulciano d'Abruzzo""]"
6596,Cortenova,84.0,10.0,84.0,10.0,1,1,['Pinot Grigio'],Italy,Northeastern Italy,['Delle Venezie']
6597,Cortenova,84.0,10.0,84.0,10.0,1,1,['Primitivo'],Italy,Southern Italy,['Salento']
6598,Cortenova,85.0,13.0,85.0,13.0,1,1,['Glera'],Italy,Veneto,['Prosecco']
6599,Cortes de Cima,88.0,34.7,88.0,24.0,80,13,"['Petit Verdot', 'Syrah', 'Aragonez', 'Trincadeira', 'Portuguese Red', 'Portuguese White', 'Touriga Nacional', 'Sauvignon Blanc', 'Aragonês', 'Rosé', 'Cabernet Sauvignon', 'Alvarinho', 'Pinot Noir']",Portugal,Alentejano,[]
6600,Cortijo,83.5,10.0,83.5,10.0,2,1,['Tempranillo-Garnacha'],Spain,Northern Spain,['Rioja']
6601,Corton André,88.8,,88.5,,8,2,"['Chardonnay', 'Pinot Noir']",France,Burgundy,['Meursault']
6602,Coruce,86.8,23.8,87.0,24.5,5,4,"['Sémillon', 'Viognier', 'Chardonnay', 'Syrah']",US,California,"['Antelope Valley of the California High Desert', 'South Coast']"
6603,Corvalle,90.3,31.3,92.0,28.0,3,3,"['Chardonnay', 'Syrah', 'Sauvignon Blanc']",US,California,"['Oak Knoll District', 'Napa']"
6604,Corvallis Cellars,86.8,22.5,86.5,22.0,4,2,"['Pinot Gris', 'Pinot Noir']",US,Oregon,"['Oregon', 'Oregon Other']"
6605,Corvidae,84.8,12.5,84.5,11.5,4,4,"['Chardonnay', 'Syrah', 'Sauvignon Blanc', 'Petite Sirah']",US,Washington,"['Columbia Valley (WA)', 'Columbia Valley']"
6606,Corvidae,88.0,9.0,88.0,9.0,1,1,['Chardonnay'],US,Washington-Oregon,[]
6607,Corvo,85.4,11.5,85.0,10.0,28,4,"['Red Blend', 'White Blend', ""Nero d'Avola"", 'Grillo']",Italy,Sicily & Sardinia,['Sicilia']
6608,Corvus,88.8,34.9,88.5,35.0,16,6,"['Cabernet Sauvignon', 'Syrah-Petite Sirah', 'Bordeaux-style Red Blend', 'Petit Verdot', 'Mourvèdre', 'Rosé']",US,Washington,"['Red Mountain', 'Columbia Valley']"
6609,Cosa Obra,87.3,27.1,86.5,26.0,12,3,"['Sauvignon Blanc', 'Rhône-style Red Blend', 'Pinot Noir']",US,California,"['Sonoma County', 'Sonoma']"
6610,Cosecheros y Criadores,81.0,11.0,81.0,11.0,1,1,['Garnacha'],Spain,Central Spain,['Vino de la Tierra de Castilla']
6611,Cosentino,86.3,38.7,86.0,25.0,42,10,"['Zinfandel', 'Cabernet Sauvignon', 'Cabernet Franc', 'Bordeaux-style White Blend', 'Chardonnay', 'Meritage', 'Merlot', 'Bordeaux-style Red Blend', 'Gewürztraminer', 'Pinot Grigio']",US,California,"['Lodi', 'Central Valley']"
6612,Cosme Palacio y Hermanos,86.5,25.0,87.0,19.0,4,3,"['Tempranillo', 'White Blend', 'Tempranillo Blend']",Spain,Northern Spain,['Rioja']
6613,Cosmos,89.0,40.0,89.0,40.0,1,1,['Bordeaux-style Red Blend'],US,California,"['Napa Valley', 'Napa']"
6614,Cossart Gordon,90.9,53.1,91.0,34.0,8,3,"['Bual', 'Malmsey', 'Tinta Negra Mole']",Portugal,Madeira,[]
6615,Costa Alessandro,86.0,,86.0,,1,1,['Arneis'],Italy,Piedmont,['Roero']
6616,Costa Archi,82.7,27.0,83.0,28.0,3,2,"['Sangiovese', 'Red Blend']",Italy,Central Italy,['Sangiovese di Romagna Superiore']
6617,Costa Calda,88.0,,88.0,,1,1,"['Corvina, Rondinella, Molinara']",Italy,Veneto,['Valpolicella Superiore Ripasso']
6618,Costa Olmo,88.5,62.5,88.5,62.5,2,1,['Barbera'],Italy,Piedmont,"[""Barbera d'Asti Superiore""]"
6619,Costa de Oro,87.2,37.9,87.0,35.0,10,2,"['Pinot Noir', 'Chardonnay']",US,California,"['Santa Maria Valley', 'Central Coast']"
6620,Costa del Sol,88.0,15.0,88.0,15.0,1,1,['Red Blend'],US,California,"['Napa Valley', 'Napa']"
6621,Costa di Bussia,88.5,33.1,88.5,30.0,8,3,"['Nebbiolo', 'Barbera', 'Red Blend']",Italy,Piedmont,['Barolo']
6622,Costantino,87.0,26.0,87.0,26.0,2,2,"['White Blend', 'Red Blend']",Italy,Sicily & Sardinia,['Etna']
6623,Costanza Malfatti,89.0,47.0,89.0,47.0,1,1,['Sangiovese'],Italy,Tuscany,['Morellino di Scansano']
6624,Costaripa,87.0,37.0,87.0,37.0,2,1,['Sparkling Blend'],Italy,Italy Other,['Vino Spumante']
6625,Costaripa,86.9,20.5,87.0,20.5,8,5,"['Turbiana', 'Trebbiano di Lugana', 'Sparkling Blend', 'Chardonnay', 'Rosato']",Italy,Lombardy,['Lugana']
6626,Costaripa,86.2,20.0,86.0,20.0,5,4,"['Rosé', 'Red Blend', 'Groppello', 'Marzemino']",Italy,Northeastern Italy,['Garda Classico']
6627,Costaripa,88.0,39.0,88.0,39.0,2,2,"['Chardonnay', 'Sparkling Blend']",Italy,Veneto,['Veneto']
6628,Costaruél,85.3,,86.0,,3,2,"['Glera', 'Sparkling Blend']",Italy,Veneto,['Conegliano Valdobbiadene Prosecco Superiore']
6629,Costaval,87.8,24.2,87.0,21.0,4,1,['Tempranillo Blend'],Spain,Northern Spain,['Ribera del Duero']
6630,Coste Ghirlanda,88.5,56.0,88.5,56.0,2,1,['Zibibbo'],Italy,Sicily & Sardinia,['Terre Siciliane']
6631,Costers del Priorat,88.5,64.5,89.5,49.5,4,1,['Red Blend'],Spain,Catalonia,['Priorat']
6632,Costers del Siurana,90.0,83.6,90.0,79.0,10,2,"['Red Blend', 'White Blend']",Spain,Catalonia,['Priorat']
6633,Cota 585,85.0,12.0,85.0,12.0,1,1,['Tempranillo'],Spain,Northern Spain,['Rioja']
6634,Cote Tariquet,83.0,14.0,83.0,14.0,1,1,['White Blend'],France,Southwest France,['Vin de Pays des Côtes de Gascogne']
6635,Coteaux da Murta,87.5,17.0,87.5,17.0,4,1,['Arinto'],Portugal,Bucelas,[]
6636,Coteaux da Murta,84.7,19.0,84.0,19.0,3,3,"['Portuguese Red', 'Touriga Nacional Blend', 'Touriga Nacional']",Portugal,Lisboa,[]
6637,Coto de Gomariz,85.5,28.8,86.5,31.5,4,3,"['White Blend', 'Red Blend', 'Albariño']",Spain,Galicia,['Ribeiro']
6638,Coto de Hayas,86.0,10.0,86.0,10.0,1,1,['Garnacha'],Spain,Catalonia,['Tarragona']
6639,Coto de Hayas,84.4,12.1,84.5,10.0,36,10,"['Tempranillo-Cabernet Sauvignon', 'Rosado', 'Garnacha', 'Garnacha-Syrah', 'Red Blend', 'Chardonnay', 'Rosé', 'Grenache', 'Tempranillo-Garnacha', 'Garnacha-Tempranillo']",Spain,Northern Spain,['Campo de Borja']
6640,Coto de Imaz,90.0,32.3,91.0,29.0,3,1,['Tempranillo'],Spain,Northern Spain,['Rioja']
6641,Cottanera,88.8,31.5,89.0,28.0,38,10,"['Carricante', 'Nerello Mascalese', 'Red Blend', 'White Blend', 'Syrah', 'Merlot', 'Mondeuse', 'Cabernet Sauvignon', 'Rosato', 'Inzolia']",Italy,Sicily & Sardinia,['Etna']
6642,Cottesbrook,88.0,15.0,88.0,15.0,1,1,['Sauvignon Blanc'],New Zealand,Marlborough,[]
6643,Cottesbrook,84.0,20.0,84.0,20.0,1,1,['Pinot Noir'],New Zealand,South Island,[]
6644,Cottier,81.0,20.0,81.0,20.0,1,1,['Sauvignon Blanc'],New Zealand,Wairarapa,[]
6645,Cottini,89.3,28.0,89.0,28.0,3,2,"['Corvina, Rondinella, Molinara', 'Red Blend']",Italy,Veneto,['Amarone della Valpolicella Classico']
6646,Cottonwood Canyon,89.1,43.4,90.0,48.0,15,4,"['Pinot Noir', 'Chardonnay', 'Red Blend', 'Syrah']",US,California,"['Santa Maria Valley', 'Central Coast']"
6647,Cottonwood Creek,83.0,8.5,83.0,8.5,2,2,"['White Blend', 'Red Blend']",US,California,"['California', 'California Other']"
6648,Cottonwood Winery of Oregon,86.8,25.2,86.0,20.0,5,3,"['Pinot Noir', 'Müller-Thurgau', 'Chardonnay']",US,Oregon,"['Willamette Valley', 'Willamette Valley']"
6649,Cottonwood Winery of Oregon,86.5,17.0,86.5,17.0,2,1,['Syrah'],US,Washington,"['Yakima Valley', 'Columbia Valley']"
6650,Coturri Winery,87.0,30.0,87.0,30.0,1,1,['Charbono'],US,California,"['Mendocino County', 'Mendocino/Lake Counties']"
6651,Coudert Pere et Fils,90.0,18.0,90.0,18.0,1,1,['Gamay'],France,Beaujolais,['Fleurie']
6652,Cougar,87.3,39.7,90.0,41.0,3,3,"['Falanghina', 'Negroamaro', 'Sangiovese']",US,California,"['Temecula Valley', 'South Coast']"
6653,Cougar Crest,86.4,35.6,86.0,38.0,5,4,"['Syrah', 'Red Blend', 'Malbec', 'Bordeaux-style Red Blend']",US,Washington,"['Walla Walla Valley (WA)', 'Columbia Valley']"
6654,Couleur d'Aquitaine,83.0,12.0,83.0,12.0,1,1,['Sauvignon Blanc'],France,Southwest France,['Périgord']
6655,Couloir,92.5,46.2,93.0,44.0,13,1,['Pinot Noir'],US,California,"['Marin County', 'North Coast']"
6656,Coulson Eldorado,83.0,15.5,83.0,15.5,2,2,"['Syrah', 'Mataro']",US,California,"['El Dorado County', 'Sierra Foothills']"
6657,Couly-Dutheil,87.5,28.0,87.5,28.0,2,1,['Cabernet Franc'],France,France Other,['Vin de Table Francais']
6658,Couly-Dutheil,88.4,34.6,89.0,24.0,14,2,"['Cabernet Franc', 'Chenin Blanc']",France,Loire Valley,['Chinon']
6659,Count Károlyi,87.0,11.0,87.0,11.0,1,1,['Grüner Veltliner'],Hungary,Hungary,[]
6660,Count Károlyi,88.0,12.0,88.0,12.0,1,1,['Grüner Veltliner'],Hungary,Pannon,[]
6661,Counter Punch,86.3,47.7,85.0,40.0,3,3,"['Petite Sirah', 'Chardonnay', 'Cabernet Sauvignon']",US,California,"['Paso Robles', 'Central Coast']"
6662,Coup de Foudre,92.7,88.3,92.0,95.0,7,3,"['Cabernet Sauvignon', 'Pinot Noir', 'Bordeaux-style Red Blend']",US,California,"['Napa Valley', 'Napa']"
6663,Coup de Grace,87.5,29.0,87.5,29.0,2,1,['Red Blend'],US,California,"['Lodi', 'Central Valley']"
6664,Courtney Benham,86.1,19.6,86.0,17.0,53,14,"['Cabernet Sauvignon', 'Red Blend', 'Merlot', 'Chardonnay', 'Malbec', 'Pinot Noir', 'G-S-M', 'Zinfandel', 'Cabernet Franc', 'Sauvignon Blanc', 'Grenache-Mourvèdre', 'Rhône-style Red Blend', 'Gewürztraminer', 'Petite Sirah']",US,California,"['Diamond Mountain District', 'Napa']"
6665,Courtney's Angels,81.0,10.0,81.0,10.0,1,1,['Cabernet Sauvignon'],US,California,"['Paso Robles', 'Central Coast']"
6666,Cousiño-Macul,85.0,10.5,85.5,10.5,4,3,"['Chardonnay', 'Merlot', 'Cabernet Sauvignon']",Chile,Central Valley,[]
6667,Cousiño-Macul,86.0,22.6,86.0,15.0,39,9,"['Red Blend', 'Chardonnay', 'Merlot', 'Sauvignon Gris', 'Cabernet Sauvignon', 'Bordeaux-style Red Blend', 'Cabernet Sauvignon-Merlot', 'Riesling', 'Syrah']",Chile,Maipo Valley,[]
6668,Cousiño-Macul,87.0,15.0,87.0,15.0,1,1,['Sauvignon Gris'],Chile,Maule Valley,[]
6669,Couvillion,88.0,18.0,88.0,18.0,1,1,['Sauvignon Blanc'],US,Washington,"['Columbia Valley (WA)', 'Columbia Valley']"
6670,Couvillion Winery,88.0,26.0,88.0,26.0,2,2,"['Cabernet Sauvignon', 'Red Blend']",US,Washington,"['Columbia Valley (WA)', 'Columbia Valley']"
6671,Covenant,90.9,53.8,91.0,40.0,9,6,"['Cabernet Sauvignon', 'Syrah', 'Chardonnay', 'Roussanne', 'Sauvignon Blanc', 'Red Blend']",US,California,"['Napa Valley', 'Napa']"
6672,Covey Run,86.0,10.0,86.0,9.0,63,15,"['Syrah', 'Chenin Blanc', 'Sauvignon Blanc', 'Pinot Grigio', 'Chardonnay', 'Cabernet Sauvignon', 'Merlot', 'Lemberger', 'Fumé Blanc', 'Riesling', 'Gewürztraminer', 'Cabernet Sauvignon-Merlot', 'Semillon-Chardonnay', 'Morio Muskat', 'White Blend']",US,Washington,"['Columbia Valley (WA)', 'Columbia Valley']"
6673,Covides,87.5,25.0,87.5,25.0,2,1,['Sparkling Blend'],Spain,Catalonia,['Cava']
6674,Covila,88.2,19.5,88.0,15.0,13,3,"['Tempranillo', 'White Blend', 'Tempranillo Blend']",Spain,Northern Spain,['Rioja']
6675,Covilalba,84.0,28.0,84.0,25.0,3,3,"['Garnacha', 'Red Blend', 'Carineña']",Spain,Catalonia,['Terra Alta']
6676,Covington,87.6,35.0,88.0,35.0,29,11,"['Bordeaux-style Red Blend', 'Cabernet Sauvignon', 'Sangiovese', 'Cabernet Franc', 'Rhône-style Red Blend', 'Sauvignon Blanc-Semillon', 'Syrah', 'Red Blend', 'Petite Sirah', 'Sémillon', 'Viognier']",US,Washington,"['Yakima Valley', 'Columbia Valley']"
6677,Cow Bell,87.0,25.0,87.0,25.0,1,1,['Pinot Noir'],US,Oregon,"['Willamette Valley', 'Willamette Valley']"
6678,Cowhorn,90.6,37.3,91.0,35.0,38,6,"['Rhône-style White Blend', 'Marsanne-Roussanne', 'Grenache', 'Syrah', 'Viognier', 'Rosé']",US,Oregon,"['Applegate Valley', 'Southern Oregon']"
6679,Cox,83.0,12.0,83.0,12.0,1,1,['Pinot Noir'],France,Languedoc-Roussillon,"[""Vin de Pays d'Oc""]"
6680,Cox,84.0,12.0,84.0,12.0,1,1,['Colombard'],France,Southwest France,['Vin de Pays des Côtes de Gascogne']
6681,Coyote Canyon,88.0,55.0,88.0,55.0,1,1,['Pinot Noir'],US,California,"['Santa Lucia Highlands', 'Central Coast']"
6682,Coyote Canyon,85.9,25.8,86.0,25.0,10,9,"['Rhône-style Red Blend', 'Primitivo', 'Viognier', 'Cabernet Sauvignon', 'Malbec', 'Red Blend', 'Roussanne', 'Albariño', 'Tempranillo']",US,Washington,"['Horse Heaven Hills', 'Columbia Valley']"
6683,Coyote Creek,83.1,10.0,83.0,10.0,7,5,"['Syrah', 'Chardonnay', 'Cabernet Sauvignon', 'Zinfandel', 'Merlot']",US,California,"['Paso Robles', 'Central Coast']"
6684,Crabtree,86.0,16.0,86.0,16.0,1,1,['Riesling'],Australia,South Australia,['Clare Valley']
6685,Craftsman,84.1,9.0,84.0,9.0,9,7,"['Grüner Veltliner', 'Királyleányka', 'Cserszegi Fűszeres', 'Hárslevelü', 'Sauvignon Blanc', 'Gewürztraminer', 'Red Blend']",Hungary,Neszmély,[]
6686,Craftsman,85.0,9.0,85.0,9.0,1,1,['Cabernet Franc'],Hungary,Szekszárd,[]
6687,Craftsman,86.0,9.0,86.0,9.0,1,1,['Chardonnay'],US,California,"['California', 'California Other']"
6688,Craggy Range,91.0,50.0,91.0,50.0,2,1,['Pinot Noir'],New Zealand,Central Otago,[]
6689,Craggy Range,90.2,58.5,90.0,55.0,29,4,"['Bordeaux-style Red Blend', 'Syrah', 'Chardonnay', 'Merlot']",New Zealand,Hawke's Bay,[]
6690,Craggy Range,89.2,21.0,89.5,21.5,4,2,"['Riesling', 'Sauvignon Blanc']",New Zealand,Marlborough,[]
6691,Craggy Range,89.9,41.3,90.0,39.0,21,3,"['Pinot Noir', 'Sauvignon Blanc', 'Riesling']",New Zealand,Martinborough,[]
6692,Craggy Range,93.0,60.0,93.0,60.0,1,1,['Pinot Noir'],New Zealand,Martinborough Terrace,[]
6693,Cramele Halewood,88.0,9.0,88.0,9.0,3,3,"['Rosé', 'Merlot', 'Pinot Grigio']",Romania,Colinele Dobrogei,[]
6694,Cramele Halewood,85.9,21.3,85.0,15.0,7,5,"['Pinot Noir', 'Feteasca Neagra', 'Cabernet Sauvignon', 'Merlot', 'Shiraz']",Romania,Dealu Mare,[]
6695,Cramele Halewood,86.0,10.0,86.0,9.0,3,3,"['Pinot Noir', 'Cabernet Sauvignon', 'White Blend']",Romania,Dealurile Munteniei,[]
6696,Cramele Halewood,87.5,14.5,87.5,14.5,2,2,"['Chardonnay', 'Sauvignon Blanc']",Romania,Sebes,[]
6697,Cramele Halewood,88.0,9.0,88.0,9.0,1,1,['Chardonnay'],Romania,Terasele Dunarii,[]
6698,Cramele Recas,86.2,10.3,86.0,7.0,13,6,"['Merlot', 'Riesling', 'Moscato', 'Sauvignon Blanc', 'Chardonnay', 'Feteascǎ Regalǎ']",Romania,Recas,[]
6699,Cramele Recas,86.2,8.0,86.0,8.0,12,6,"['Chardonnay', 'Merlot', 'Sauvignon Blanc', 'Pinot Noir', 'Pinot Grigio', 'Cabernet Sauvignon']",Romania,Romania,[]
6700,Cramele Recas,84.0,8.0,84.0,8.0,1,1,['Pinot Grigio'],Romania,Viile Timis,[]
6701,Cramele Recas,86.2,7.8,86.0,7.0,20,8,"['Cabernet Sauvignon', 'Pinot Noir', 'Pinot Grigio', 'Sauvignon Blanc', 'Feteascǎ Regalǎ', 'Syrah', 'Moscato', 'Merlot']",Romania,Viile Timisului,[]
6702,Crane Brothers,88.3,35.4,87.0,36.0,13,4,"['Merlot', 'Syrah', 'Cabernet Sauvignon', 'Red Blend']",US,California,"['Napa Valley', 'Napa']"
6703,Crane Family,88.3,41.3,89.0,39.0,3,2,"['Merlot', 'Bordeaux-style Red Blend']",US,California,"['Napa Valley', 'Napa']"
6704,Crane Lake,83.7,6.7,84.0,5.0,3,3,"['Merlot', 'Sauvignon Blanc', 'Sparkling Blend']",US,California,"['California', 'California Other']"
6705,Craneford,87.6,26.2,87.5,27.0,10,6,"['Shiraz', 'Grenache', 'Petit Verdot', 'Chardonnay', 'Cabernet Sauvignon', 'Red Blend']",Australia,South Australia,['Barossa Valley']
6706,Crauford,90.7,22.0,91.0,18.0,3,2,"['Zinfandel', 'Sauvignon Blanc']",US,California,"['Napa Valley', 'Napa']"
6707,Crave,88.0,,88.0,,1,1,['Chardonnay'],US,California,"['Monterey County', 'Central Coast']"
6708,Crawford,88.0,22.0,88.0,22.0,1,1,['Sauvignon Blanc'],US,California,"['Napa Valley', 'Napa']"
6709,Crayelle Cellars,86.0,25.0,86.5,25.0,4,3,"['Syrah', 'Rhône-style Red Blend', 'Albariño']",US,Washington,"['Washington', 'Washington Other']"
6710,Creación,84.5,10.5,84.5,10.5,4,3,"['Carmenère', 'Merlot', 'Cabernet Sauvignon']",Chile,Maule Valley,[]
6711,Creation,86.0,20.0,86.0,20.0,1,1,['Sauvignon Blanc'],South Africa,Walker Bay,[]
6712,Creed of Barossa,88.3,27.7,88.0,23.0,3,3,"['Red Blend', 'Merlot-Cabernet Franc', 'Shiraz-Viognier']",Australia,South Australia,['Barossa']
6713,Creekside Cellars,86.8,37.2,86.5,37.5,6,5,"['Cabernet Franc', 'Syrah', 'Cabernet Sauvignon', 'Petite Sirah', 'Petit Verdot']",US,Colorado,['Grand Valley']
6714,Creencia,88.0,25.0,88.0,25.0,1,1,['Monastrell'],Spain,Levante,['Yecla']
6715,Cremaschi Furlotti,84.5,26.2,84.0,17.0,13,7,"['Carmenère', 'Cabernet Sauvignon', 'Syrah', 'Red Blend', 'Merlot', 'Sauvignon Blanc', 'Carignan']",Chile,Loncomilla Valley,[]
6716,Cremaschi Furlotti,82.0,12.0,82.0,12.0,1,1,['Pinot Grigio'],Chile,Maule Valley,[]
6717,Crescendo,90.0,75.0,90.0,75.0,1,1,['Pinot Noir'],US,California,"['Carneros', 'Napa-Sonoma']"
6718,Crespi Ranch,84.8,22.0,85.0,22.0,4,1,['Pinot Noir'],US,California,"['Santa Lucia Highlands', 'Central Coast']"
6719,Creta Olympias,84.0,11.0,84.0,11.0,2,2,"['Red Blend', 'Vilana']",Greece,Crete,[]
6720,Creta Olympias,89.0,17.0,89.0,17.0,1,1,['Muscat'],Greece,Samos,[]
6721,Creō,94.5,75.0,94.5,75.0,2,1,['Cabernet Sauvignon'],US,California,"['Chalk Hill', 'Sonoma']"
6722,Criadores de Rioja,85.2,11.8,85.0,10.5,4,2,"['Tempranillo', 'Tempranillo Blend']",Spain,Northern Spain,['Rioja']
6723,Crichton Hall,93.0,75.0,93.0,75.0,1,1,['Merlot-Cabernet Sauvignon'],US,California,"['Napa Valley', 'Napa']"
6724,Cricket Hill,86.0,25.0,86.0,25.0,1,1,['Merlot'],US,Oregon,"['Applegate Valley', 'Southern Oregon']"
6725,Cricova,85.0,13.0,85.0,13.0,1,1,['Sparkling Blend'],Moldova,Codru Region,[]
6726,Cricova,83.3,15.4,83.5,16.0,10,4,"['Champagne Blend', 'Cabernet Sauvignon', 'Cabernet Sauvignon-Merlot', 'Red Blend']",Moldova,Moldova,[]
6727,Crimson Ranch,88.0,15.0,88.0,15.0,1,1,['Cabernet Sauvignon'],US,California,"['California', 'California Other']"
6728,Crinella,87.7,28.0,88.0,22.0,3,2,"['Sauvignon Blanc', 'Pinot Noir']",US,California,"['Russian River Valley', 'Sonoma']"
6729,Criss Cross,88.3,18.3,88.0,18.0,7,4,"['Cabernet Sauvignon', 'Petite Sirah', 'Zinfandel', 'Chardonnay']",US,California,"['Clarksburg', 'Central Valley']"
6730,Crissante Alessandria,87.0,62.5,87.0,62.5,2,1,['Nebbiolo'],Italy,Piedmont,['Barolo']
6731,Cristalino,84.4,10.2,85.5,9.0,14,2,"['Sparkling Blend', 'Champagne Blend']",Spain,Catalonia,['Cava']
6732,Cristiari,83.0,21.0,83.0,21.0,2,2,"['Riesling', 'White Blend']",Spain,Catalonia,['Costers del Segre']
6733,Cristobal 1492,84.3,9.8,84.5,10.5,6,6,"['White Blend', 'Cabernet Sauvignon', 'Malbec', 'Bonarda', 'Merlot', 'Red Blend']",Argentina,Mendoza Province,['Mendoza']
6734,Cristom,90.4,40.6,91.0,40.0,40,4,"['Pinot Noir', 'Viognier', 'Pinot Gris', 'Syrah']",US,Oregon,"['Eola-Amity Hills', 'Willamette Valley']"
6735,Criterion,87.0,14.0,87.0,14.0,1,1,['Malbec'],Argentina,Mendoza Province,['Mendoza']
6736,Criterion,90.0,18.0,90.0,18.0,1,1,['Cabernet Sauvignon'],Australia,South Australia,['Coonawarra']
6737,Criterion,84.0,16.0,84.0,16.0,1,1,['Carmenère'],Chile,Colchagua Valley,[]
6738,Crivelli Marco Maria,87.0,,87.0,,1,1,['Barbera'],Italy,Piedmont,"[""Barbera d'Asti""]"
6739,Croad,82.2,35.2,82.0,36.0,5,5,"['Zinfandel', 'Cabernet Sauvignon-Syrah', 'G-S-M', 'Grenache', 'Petite Sirah']",US,California,"['Paso Robles', 'Central Coast']"
6740,Crocedimezzo,89.7,62.5,89.0,62.5,3,1,['Sangiovese'],Italy,Tuscany,['Brunello di Montalcino']
6741,Crocker & Starr,90.2,60.0,89.5,64.5,6,2,"['Sauvignon Blanc', 'Cabernet Sauvignon']",US,California,"['Napa Valley', 'Napa']"
6742,Croft,89.0,42.4,89.0,45.0,20,1,['Port'],Portugal,Port,[]
6743,Croix Milhas,87.0,20.0,87.0,20.0,1,1,['Grenache'],France,Languedoc-Roussillon,['Rivesaltes Rosé']
6744,Croix Toriino,85.0,24.0,85.0,24.0,1,1,['Koshu'],Japan,Kyoto,[]
6745,Croix de Beaucaillou,92.2,,92.0,,6,1,['Bordeaux-style Red Blend'],France,Bordeaux,['Saint-Julien']
6746,Croix du Mayne,87.0,16.0,87.0,16.0,1,1,['Malbec-Merlot'],France,Southwest France,['Cahors']
6747,Croma Vera,86.7,27.7,87.0,26.0,3,3,"['Albariño', 'Tempranillo', 'Rosé']",US,California,"['San Luis Obispo County', 'Central Coast']"
6748,Croney Estates,87.7,16.7,87.0,15.0,3,3,"['Pinot Noir', 'Chardonnay', 'Sauvignon Blanc']",New Zealand,Marlborough,[]
6749,Croney Estates,90.0,22.0,90.0,22.0,1,1,['Pinot Noir'],New Zealand,Martinborough,[]
6750,Crooked Path,85.5,32.0,85.5,32.0,2,2,"['Zinfandel', 'Cabernet Sauvignon']",US,California,"['Paso Robles', 'Central Coast']"
6751,Crosby Roamann,90.0,59.4,90.0,45.0,5,5,"['Cabernet Sauvignon', 'Bordeaux-style Red Blend', 'Sauvignon Blanc', 'Merlot', 'Chardonnay']",US,California,"['Mount Veeder', 'Napa']"
6752,CrossKeys,85.6,25.8,85.0,23.0,10,7,"['Merlot', 'Meritage', 'White Blend', 'Chardonnay', 'Cabernet Franc', 'Petit Verdot', 'Touriga']",US,Virginia,['Virginia']
6753,Crossbarn Paul Hobbs,89.0,50.0,89.0,50.0,1,1,['Cabernet Sauvignon'],US,California,"['Napa Valley', 'Napa']"
6754,Crossbarn by Paul Hobbs,89.2,32.3,89.5,35.0,10,4,"['Pinot Noir', 'Chardonnay', 'Cabernet Sauvignon', 'Rosé']",US,California,"['Anderson Valley', 'Mendocino/Lake Counties']"
6755,Crossfork Creek,90.5,30.0,90.5,30.0,2,2,"['Cabernet Sauvignon', 'Syrah']",US,Washington,"['Yakima Valley', 'Columbia Valley']"
6756,Crossroads,86.3,24.6,86.0,18.0,7,6,"['Chardonnay', 'Merlot', 'Bordeaux-style Red Blend', 'Merlot-Cabernet Sauvignon', 'Gewürztraminer', 'Syrah']",New Zealand,Hawke's Bay,[]
6757,Crossroads,86.7,14.5,87.0,14.5,6,1,['Sauvignon Blanc'],New Zealand,Marlborough,[]
6758,Croteaux,86.5,23.2,88.0,22.5,4,2,"['Cabernet Franc', 'Merlot']",US,New York,"['North Fork of Long Island', 'Long Island']"
6759,Crowded House,89.0,25.0,89.0,25.0,1,1,['Sauvignon Blanc'],New Zealand,Marlborough,[]
6760,Crowded House,83.0,25.0,83.0,25.0,1,1,['Pinot Gris'],New Zealand,New Zealand,[]
6761,Crown Point,95.5,185.0,95.5,185.0,2,2,"['Cabernet Sauvignon', 'Red Blend']",US,California,"['Happy Canyon of Santa Barbara', 'Central Coast']"
6762,Crown Range,89.0,20.0,89.0,20.0,1,1,['Pinot Noir'],New Zealand,Central Otago,[]
6763,Croze,86.5,35.7,86.0,30.0,6,3,"['Cabernet Sauvignon', 'Sauvignon Blanc', 'Port']",US,California,"['Napa Valley', 'Napa']"
6764,Cru,86.0,29.5,86.0,30.0,20,2,"['Pinot Noir', 'Chardonnay']",US,California,"['Santa Maria Valley', 'Central Coast']"
6765,Cru Lagaillarde,86.0,35.0,86.0,35.0,1,1,['Bordeaux-style Red Blend'],France,Bordeaux,['Bordeaux Supérieur']
6766,Cru Monplaisir,85.0,24.0,85.0,24.0,1,1,['Bordeaux-style Red Blend'],France,Bordeaux,['Bordeaux Supérieur']
6767,Cru Vin Dogs,85.8,35.3,86.0,28.0,6,6,"['Red Blend', 'Chardonnay', 'Cabernet Sauvignon', 'Cabernet Merlot', 'Pinot Noir', 'Cabernet Sauvignon-Syrah']",US,California,"['Sonoma County', 'Sonoma']"
6768,Cru de la Maqueline,87.0,,87.0,,1,1,['Bordeaux-style Red Blend'],France,Bordeaux,['Bordeaux']
6769,Crucillon,86.0,7.0,86.0,7.0,3,1,['Garnacha'],Spain,Northern Spain,['Campo de Borja']
6770,Crush,81.0,12.0,81.0,12.0,1,1,['Bordeaux-style Red Blend'],US,California,"['Dry Creek Valley', 'Sonoma']"
6771,Crush Farm,82.0,22.0,82.0,22.0,1,1,['Cabernet Sauvignon'],US,California,"['California', 'California Other']"
6772,Crushed,85.4,11.0,85.0,11.0,5,5,"['Chardonnay', 'Cabernet Sauvignon', 'White Blend', 'Red Blend', 'Pinot Noir']",US,California,"['California', 'California Other']"
6773,Crux,89.2,34.7,90.0,36.0,6,6,"['Grenache', 'Syrah', 'Zinfandel', 'Petite Sirah', 'Viognier', 'Rosé']",US,California,"['Russian River Valley', 'Sonoma']"
6774,Cruz,82.0,11.0,82.0,11.0,1,1,['Tempranillo'],Spain,Northern Spain,['Ribera del Duero']
6775,Cruz Alta,85.1,16.1,86.0,15.0,33,6,"['Malbec', 'Red Blend', 'Cabernet Sauvignon', 'Bonarda', 'Chardonnay', 'Pinot Noir']",Argentina,Mendoza Province,['Mendoza']
6776,Cruz Andina,91.0,20.0,91.0,20.0,2,1,['Malbec'],Argentina,Mendoza Province,['Mendoza']
6777,Cruz Montesa,89.0,20.0,89.0,20.0,1,1,['Red Blend'],Spain,Levante,['Alicante']
6778,Cruz de Alba,86.0,25.0,87.0,25.0,3,2,"['Tempranillo Blend', 'Tempranillo']",Spain,Northern Spain,['Ribera del Duero']
6779,Cruz de Piedra,84.7,11.4,85.0,10.0,7,3,"['Garnacha', 'Rosado', 'Rosé']",Spain,Northern Spain,['Calatayud']
6780,Cruzat,85.5,19.7,86.5,19.0,6,2,"['Sparkling Blend', 'Champagne Blend']",Argentina,Mendoza Province,['Valle de Uco']
6781,Cryptic,84.3,16.0,84.0,15.0,3,1,['Red Blend'],US,California,"['California', 'California Other']"
6782,Crystal Valley Cellars,84.3,17.8,84.0,16.0,6,6,"['Cabernet Franc', 'Chardonnay', 'Cabernet Sauvignon', 'Zinfandel', 'Sauvignon Blanc', 'Pinot Noir']",US,California,"['California', 'California Other']"
6783,Crápula,92.0,48.3,92.0,35.0,3,3,"['Monastrell', 'Red Blend', 'Monastrell-Syrah']",Spain,Levante,['Jumilla']
6784,Cuatro Pasos,87.7,13.7,88.0,13.0,3,1,['Mencía'],Spain,Northern Spain,['Bierzo']
6785,Cuatro Rayas,87.0,15.3,86.0,14.0,3,1,['Verdejo'],Spain,Northern Spain,['Rueda']
6786,Cuatro Vacas Gordas,84.0,12.0,84.0,12.0,4,3,"['Torrontés', 'Malbec-Cabernet Sauvignon', 'Rosé']",Argentina,Mendoza Province,['Mendoza']
6787,Cubanisimo Vineyards,84.1,28.7,83.0,27.0,12,2,"['Pinot Noir', 'Rosé']",US,Oregon,"['Willamette Valley', 'Willamette Valley']"
6788,Cubo,80.5,9.5,80.5,9.5,2,1,['Tempranillo'],Spain,Central Spain,['Vino de la Tierra de Castilla']
6789,Cuboid,84.0,22.0,84.0,22.0,1,1,['Chardonnay'],US,California,"['California', 'California Other']"
6790,Cucao,83.0,12.0,83.0,12.0,2,2,"['Chardonnay', 'Cabernet Sauvignon']",Chile,Colchagua Valley,[]
6791,Cucao,84.0,12.0,84.0,12.0,1,1,['Pedro Ximénez'],Chile,Elqui Valley,[]
6792,Cucao,86.0,,86.0,,1,1,['Pinot Noir'],Chile,Limarí Valley,[]
6793,Cuckoo's Nest,85.0,14.0,85.0,14.0,2,2,"['Muscat', 'Viognier-Gewürztraminer']",US,Oregon,"['Oregon', 'Oregon Other']"
6794,Cuda Ridge Wines,88.6,35.6,89.0,32.0,15,7,"['Malbec', 'Cabernet Franc', 'Bordeaux-style Red Blend', 'Merlot', 'Petit Verdot', 'Sémillon', 'Cabernet Sauvignon']",US,California,"['Livermore Valley', 'Central Coast']"
6795,Cueto,83.7,14.3,84.0,16.0,3,1,['Tempranillo'],Spain,Northern Spain,['Rioja']
6796,Cueva de las Manos,86.8,15.4,86.0,15.0,5,4,"['Malbec', 'Red Blend', 'Cabernet Sauvignon', 'Bonarda']",Argentina,Mendoza Province,['Mendoza']
6797,Cuevas del Sur,84.0,15.0,84.0,15.0,2,2,"['Cabernet Sauvignon', 'Merlot']",Chile,Curicó Valley,[]
6798,Cuevas del Sur,81.5,15.0,81.5,15.0,2,2,"['Chardonnay', 'Sauvignon Blanc']",Chile,Maule Valley,[]
6799,Cuillin Hills,88.2,29.0,88.0,28.0,6,4,"['Syrah', 'Bordeaux-style Red Blend', 'Cabernet Franc', 'Red Blend']",US,Washington,"['Walla Walla Valley (WA)', 'Columbia Valley']"
6800,Cullen,90.6,66.4,91.0,75.0,25,7,"['Cabernet Sauvignon-Merlot', 'Bordeaux-style Red Blend', 'Sauvignon Blanc-Semillon', 'Chardonnay', 'Cabernet Blend', 'Semillon-Sauvignon Blanc', 'Red Blend']",Australia,Western Australia,['Margaret River']
6801,Culmina,91.0,60.0,91.0,60.0,1,1,['Bordeaux-style Red Blend'],Canada,British Columbia,['Okanagan Valley']
6802,Cult X,88.5,52.5,88.5,52.5,2,2,"['Pinot Noir', 'Meritage']",US,California,"['Russian River Valley', 'Sonoma']"
6803,Cultivate,81.0,15.0,81.0,15.0,1,1,['Malbec'],Argentina,Mendoza Province,['Mendoza']
6804,Cultivate,80.0,13.0,80.0,13.0,1,1,['Cabernet Sauvignon-Carmenère'],Chile,Central Valley,[]
6805,Cultivé Cellars,85.0,30.0,85.0,30.0,2,2,"['Cabernet Sauvignon', 'Pinot Noir']",US,Oregon,"['Rogue Valley', 'Southern Oregon']"
6806,Culton,90.2,46.5,90.5,44.5,6,5,"['Petite Sirah', 'Rhône-style Red Blend', 'Grenache', 'Syrah', 'Rhône-style White Blend']",US,California,"['Paso Robles', 'Central Coast']"
6807,Cultura,91.0,37.3,91.0,36.0,3,3,"['Bordeaux-style Red Blend', 'Cabernet Franc', 'Merlot']",US,Washington,"['Yakima Valley', 'Columbia Valley']"
6808,Cuma,86.0,13.0,86.0,13.0,1,1,['Torrontés'],Argentina,Other,['Cafayate']
6809,Cumbre of Vine Hill,91.2,55.2,92.0,59.0,8,1,['Pinot Noir'],US,California,"['Santa Cruz Mountains', 'Central Coast']"
6810,Cummins Road,87.0,25.0,87.0,25.0,2,1,['Pinot Noir'],US,Oregon,['Willamette Valley']
6811,Cuna del Sol,85.3,12.0,86.0,12.0,3,3,"['Cabernet Sauvignon', 'Carmenère', 'Sauvignon Blanc']",Chile,Central Valley,[]
6812,Cuneo,89.0,21.5,89.0,21.5,2,2,"['Pinot Noir', 'Bordeaux-style Red Blend']",US,Oregon,"['Willamette Valley', 'Willamette Valley']"
6813,Cupano,91.7,110.4,93.0,110.0,9,3,"['Sangiovese Grosso', 'Red Blend', 'Sangiovese']",Italy,Tuscany,['Brunello di Montalcino']
6814,Cupcake,87.0,14.0,87.0,14.0,1,1,['Malbec'],Argentina,Mendoza Province,['Mendoza']
6815,Cupcake,87.0,14.0,87.0,14.0,1,1,['Riesling'],Germany,Mosel,[]
6816,Cupcake,86.0,15.0,86.0,15.0,1,1,['Moscato'],Italy,Piedmont,"[""Moscato d'Asti""]"
6817,Cupcake,86.0,13.0,86.0,13.0,2,1,['Sauvignon Blanc'],New Zealand,Marlborough,[]
6818,Cupcake,84.5,13.1,84.0,14.0,24,8,"['Pinot Noir', 'Red Blend', 'White Blend', 'Chardonnay', 'Cabernet Sauvignon', 'Petite Sirah', 'Rosé', 'Merlot']",US,California,"['Central Coast', 'Central Coast']"
6819,Cupcake,87.0,14.0,87.0,14.0,1,1,['Riesling'],US,Washington,"['Washington', 'Washington Other']"
6820,Curious Cove,85.0,15.0,85.0,15.0,1,1,['Chardonnay'],New Zealand,Hawke's Bay,[]
6821,Curly Flat,86.0,30.0,86.0,30.0,1,1,['Pinot Noir'],Australia,Victoria,['Victoria']
6822,Curran,90.0,28.0,92.0,28.0,5,4,"['Tempranillo', 'Grenache', 'Grenache Blanc', 'Rosé']",US,California,"['Santa Ynez Valley', 'Central Coast']"
6823,Currency Creek Estate,83.0,14.0,83.0,14.0,1,1,['Sauvignon Blanc'],Australia,South Australia,['Currency Creek']
6824,Curtis,85.2,22.3,85.0,22.0,51,11,"['Viognier', 'Grenache-Syrah', 'Rhône-style Red Blend', 'Mourvèdre', 'Syrah', 'Grenache', 'Rosé', 'Roussanne', 'Rhône-style White Blend', 'Sauvignon Blanc', 'Chardonnay']",US,California,"['Santa Barbara County', 'Central Coast']"
6825,Curto,89.0,20.3,88.0,18.5,14,5,"[""Nero d'Avola"", 'Inzolia', 'Syrah', 'Red Blend', 'Insolia']",Italy,Sicily & Sardinia,['Eloro']
6826,Curto Marco,91.5,75.0,92.0,72.5,4,1,['Nebbiolo'],Italy,Piedmont,['Barolo']
6827,Curveball,87.0,18.0,87.0,18.5,4,2,"['Red Blend', 'White Blend']",US,California,"['Sonoma County', 'Sonoma']"
6828,Cuslanus,90.0,,90.0,,1,1,"['Corvina, Rondinella, Molinara']",Italy,Veneto,['Amarone della Valpolicella Classico']
6829,Custard,86.5,22.0,86.5,22.0,2,1,['Chardonnay'],US,California,"['Sonoma Valley', 'Sonoma']"
6830,Cusumano,87.6,19.0,87.0,16.0,73,12,"['Grillo', 'White Blend', 'Syrah', ""Nero d'Avola"", 'Insolia', 'Red Blend', 'Merlot', 'Pinot Nero', 'Chardonnay', 'Rosé', 'Moscato', 'Nerello Mascalese']",Italy,Sicily & Sardinia,['Sicilia']
6831,Cutruzzola,90.1,34.6,90.5,35.0,8,2,"['Riesling', 'Pinot Noir']",US,California,"['San Luis Obispo County', 'Central Coast']"
6832,Cuttaway Hill Estate,86.5,14.5,86.5,14.5,2,2,"['Merlot', 'Pinot Gris']",Australia,Australia Other,['Australia']
6833,Cuttaway Hill Estate,88.0,13.0,88.0,13.0,1,1,['Cabernet Sauvignon'],Australia,New South Wales,['Southern Highlands']
6834,Cuttings,92.0,55.0,92.0,55.0,1,1,['Cabernet Sauvignon'],US,California,"['California', 'California Other']"
6835,Cuvaison,89.3,33.8,90.0,33.0,42,6,"['Pinot Noir', 'Chardonnay', 'Cabernet Sauvignon', 'Merlot', 'Syrah', 'Sauvignon Blanc']",US,California,"['Carneros', 'Napa-Sonoma']"
6836,Cuvée Jean-Paul,86.0,9.0,86.0,9.0,1,1,['Rhône-style Red Blend'],France,Rhône Valley,['Vin de Pays de Vaucluse']
6837,Cuvée Lion d'Or,85.5,10.5,85.5,10.5,2,2,"['White Blend', 'Rhône-style Red Blend']",France,France Other,['Vin de France']
6838,Cuvée Lucia,89.0,21.7,89.0,25.0,3,3,"['Pinot Gris', 'Cabernet Sauvignon', 'Merlot']",US,Washington,"['Washington', 'Washington Other']"
6839,Cuvée Valentin Duc,87.0,12.0,87.0,12.0,1,1,['Rhône-style Red Blend'],France,Languedoc-Roussillon,['Faugères']
6840,Cuvée Wine Cellars,86.4,26.4,87.0,24.0,5,5,"['Pinot Noir', 'Cabernet Sauvignon', 'Chardonnay', 'Sauvignon Blanc', 'Syrah']",US,California,"['Russian River Valley', 'Sonoma']"
6841,Cuvée de Peña,84.7,11.3,85.0,11.0,3,2,"['Viognier', 'Rosé']",France,Languedoc-Roussillon,['Vin de Pays des Côtes Catalanes']
6842,Cuyen,85.0,10.0,86.0,10.0,3,3,"['Merlot', 'Sauvignon Blanc', 'Carmenère']",Chile,Central Valley,[]
6843,Cyan,87.7,33.3,88.0,27.0,9,2,"['Tinta de Toro', 'Red Blend']",Spain,Northern Spain,['Toro']
6844,Cyatho,86.0,13.3,87.0,13.0,3,1,['Verdejo'],Spain,Northern Spain,['Rueda']
6845,Cycles Gladiator,84.5,10.7,85.0,11.0,21,9,"['Pinot Noir', 'Cabernet Sauvignon', 'Syrah', 'Pinot Grigio', 'Chardonnay', 'Merlot', 'Viognier', 'Zinfandel', 'Petite Sirah']",US,California,"['California', 'California Other']"
6846,Cynthus,87.0,45.0,87.0,45.0,1,1,['Cabernet Sauvignon'],US,California,"['Napa Valley', 'Napa']"
6847,Cypress,91.5,30.0,91.5,30.0,2,2,"['Syrah', 'Chardonnay']",New Zealand,Hawke's Bay,[]
6848,Cypress,83.2,10.0,83.5,10.0,4,4,"['Cabernet Sauvignon', 'Chardonnay', 'Sauvignon Blanc', 'Merlot']",US,California,"['California', 'California Other']"
6849,Cyrus,92.0,50.0,92.0,50.0,1,1,['Bordeaux-style Red Blend'],US,California,"['Alexander Valley', 'Sonoma']"
6850,Cà Bianca,87.3,21.0,87.0,18.0,3,2,"['Moscato', 'Barbera']",Italy,Piedmont,"[""Moscato d'Asti""]"
6851,Cà Di Rajo,85.0,15.0,85.0,15.0,2,2,"['Manzoni', 'Glera']",Italy,Veneto,['Veneto']
6852,Cà Furlan,86.0,,86.0,,1,1,['Glera'],Italy,Veneto,['Prosecco']
6853,Cà La Bionda,92.0,60.0,92.0,60.0,5,2,"['Corvina, Rondinella, Molinara', 'Red Blend']",Italy,Veneto,['Amarone della Valpolicella Classico']
6854,Cà Lojera,91.0,26.5,91.0,26.5,2,1,['Turbiana'],Italy,Lombardy,['Lugana']
6855,Cà Maiol,88.0,,88.0,,1,1,['Turbiana'],Italy,Lombardy,['Lugana']
6856,Cà Montanari,83.7,17.7,84.0,17.0,3,1,['Lambrusco'],Italy,Central Italy,['Lambrusco di Modena']
6857,Cà Richeta,85.0,25.0,85.0,25.0,1,1,['Nebbiolo'],Italy,Piedmont,"[""Nebbiolo d'Alba""]"
6858,Cà Salina,87.0,15.0,87.0,15.0,1,1,['Glera'],Italy,Veneto,['Conegliano Valdobbiadene Prosecco Superiore']
6859,Cà Vittoria,85.9,17.3,86.0,17.5,7,2,"['Glera', 'Prosecco']",Italy,Veneto,['Conegliano Valdobbiadene Prosecco Superiore']
6860,Cà dei Frati,89.2,30.8,89.0,27.5,5,1,['Turbiana'],Italy,Lombardy,['Lugana']
6861,Cà del Doge,84.0,7.0,84.0,7.0,1,1,['Glera'],Italy,Veneto,['Prosecco']
6862,Cà del Sarto,84.0,13.0,84.0,13.0,1,1,['Pinot Grigio'],Italy,Northeastern Italy,['Friuli Grave']
6863,Cà del Vispo,87.0,16.0,87.0,16.0,1,1,['Vernaccia'],Italy,Tuscany,['Vernaccia di San Gimignano']
6864,Cà del Vént,86.7,28.0,87.0,24.0,3,1,['Chardonnay'],Italy,Lombardy,['Franciacorta']
6865,Cà della Scala,86.0,,86.0,,1,1,['Red Blend'],Italy,Veneto,['Amarone della Valpolicella']
6866,Cà di Frara,88.5,35.0,88.5,35.0,2,1,['Sparkling Blend'],Italy,Italy Other,['Vino Spumante']
6867,Cà di Frara,86.0,15.0,86.0,15.0,1,1,['Sparkling Blend'],Italy,Lombardy,['Oltrepò Pavese']
6868,Cà di Rajo,89.0,20.0,89.0,19.0,3,1,['Glera'],Italy,Veneto,['Valdobbiadene Prosecco Superiore']
6869,Cà ed Balos,88.0,14.0,88.0,14.0,1,1,['Moscato'],Italy,Piedmont,"[""Moscato d'Asti""]"
6870,CàMaiol,88.2,23.2,88.0,25.0,5,1,['Turbiana'],Italy,Lombardy,['Lugana']
6871,Cálago,88.0,15.0,88.0,15.0,1,1,['Albariño'],Spain,Galicia,['Rías Baixas']
6872,Cálem,89.0,24.0,89.0,24.0,1,1,['Portuguese Red'],Portugal,Douro,[]
6873,Cálem,89.0,60.8,89.0,39.0,20,1,['Port'],Portugal,Port,[]
6874,Cédric Vincent,84.0,,84.0,,1,1,['Gamay'],France,Beaujolais,['Beaujolais']
6875,Còlpetrone,88.6,58.2,88.0,49.0,9,2,"['Sagrantino', 'Red Blend']",Italy,Central Italy,['Sagrantino di Montefalco']
6876,Cória,88.0,21.0,88.0,21.0,1,1,['Pinot Gris'],US,Oregon,"['Willamette Valley', 'Willamette Valley']"
6877,Côte Bonneville,91.6,65.4,91.0,50.0,24,5,"['Riesling', 'Syrah', 'Bordeaux-style Red Blend', 'Chardonnay', 'Red Blend']",US,Washington,"['Yakima Valley', 'Columbia Valley']"
6878,Côte Nicault,93.0,75.0,93.0,75.0,1,1,['Rhône-style Red Blend'],US,Washington,"['Wahluke Slope', 'Columbia Valley']"
6879,Côtes de Ciel,91.8,47.0,92.0,44.5,6,6,"['Petit Verdot', 'Cabernet Franc', 'Merlot', 'Bordeaux-style Red Blend', 'Syrah', 'Cabernet Sauvignon']",US,Washington,"['Red Mountain', 'Columbia Valley']"
6880,Côtnar Hills,84.0,6.0,84.0,6.0,3,3,"['Rosé', 'Cabernet Sauvignon', 'Merlot']",Ukraine,Ukraine,[]
6881,Côté Mas,88.5,14.0,88.5,14.0,2,2,"['Rosé', 'Sparkling Blend']",France,Languedoc-Roussillon,"[""Pays d'Oc""]"
6882,D & R Dubois,87.8,,88.0,,6,1,['Bordeaux-style Red Blend'],France,Bordeaux,['Côtes de Castillon']
6883,D'Aione,88.0,26.0,88.0,26.0,1,1,['Aglianico'],Italy,Southern Italy,['Taurasi']
6884,D'Alessandro,87.1,17.8,87.5,17.0,8,5,"[""Nero d'Avola"", 'Red Blend', 'Syrah', 'Grillo', 'Inzolia']",Italy,Sicily & Sardinia,['Sicilia']
6885,D'Alfonso-Curran,96.0,65.0,96.0,65.0,1,1,['Chardonnay'],US,California,"['Santa Barbara County', 'Central Coast']"
6886,D'Anbino,85.6,27.1,85.0,28.0,7,3,"['Red Blend', 'Syrah', 'Cabernet Sauvignon']",US,California,"['Paso Robles', 'Central Coast']"
6887,D'Angelo,90.0,27.2,91.0,26.0,5,1,['Aglianico'],Italy,Southern Italy,['Aglianico del Vulture']
6888,D'Antiche Terre,88.8,23.0,88.0,19.0,5,3,"['Aglianico', 'Greco', 'Fiano']",Italy,Southern Italy,['Irpinia']
6889,D'Arenberg,88.4,36.6,89.0,25.0,141,22,"['Shiraz', 'Cabernet Sauvignon', 'Grenache', 'Viognier-Marsanne', 'Shiraz-Grenache', 'Chardonnay-Semillon', 'Port', 'Sauvignon Blanc', 'Bordeaux-style Red Blend', 'Riesling', 'Chardonnay', 'Viognier', 'Roussanne', 'White Blend', 'G-S-M', 'Pinot Noir', 'Red Blend', 'Rhône-style Red Blend', 'Mourvèdre', 'Shiraz-Viognier', 'Rhône-style White Blend', 'Shiraz-Roussanne']",Australia,South Australia,['McLaren Vale']
6890,D'Argenzio,85.5,38.0,85.5,41.0,6,5,"['Zinfandel', 'Cabernet Sauvignon', 'Rosé', 'Pinot Noir', 'Sangiovese']",US,California,"['Russian River Valley', 'Sonoma']"
6891,D'Aria,86.0,11.5,86.0,11.5,2,2,"['Sauvignon Blanc', 'Red Blend']",South Africa,Durbanville,[]
6892,D'Autrefois,85.5,13.0,85.5,13.0,2,1,['Rosé'],France,Languedoc-Roussillon,"[""Pays d'Oc""]"
6893,D'Orta - De Conciliis,90.0,,90.0,,1,1,['Aglianico'],Italy,Southern Italy,['Campania']
6894,D-Cubed Cellars,84.5,27.0,84.5,27.0,2,2,"['Zinfandel', 'Petite Sirah']",US,California,"['Napa Valley', 'Napa']"
6895,D. Bosler,86.5,11.0,86.5,11.0,2,1,['Pinot Noir'],Chile,Casablanca Valley,[]
6896,D. Pedro de SoutoMaior,87.0,19.0,87.0,19.0,1,1,['Albariño'],Spain,Galicia,['Rías Baixas']
6897,D. Ventura,88.5,21.5,88.5,21.5,2,1,['Mencía'],Spain,Galicia,['Ribeira Sacra']
6898,D.G. Viticultors,90.7,58.3,91.0,50.0,3,2,"['Chardonnay', 'White Blend']",Spain,Spain Other,['Spain']
6899,D.H. Gustafson,87.0,20.0,87.0,20.0,2,2,"['Syrah', 'Riesling']",US,California,"['Dry Creek Valley', 'Sonoma']"
6900,D.H. Lescombes,83.6,25.8,83.0,24.0,5,5,"['Sparkling Blend', 'Pinot Noir', 'Mourvèdre', 'Cabernet Franc', 'Petite Verdot']",US,New Mexico,['New Mexico']
6901,D.R. Stephens,91.0,90.0,91.0,85.0,28,3,"['Cabernet Sauvignon', 'Chardonnay', 'Pinot Noir']",US,California,"['St. Helena', 'Napa']"
6902,DAOU,95.0,100.0,95.0,100.0,1,1,['Cabernet Sauvignon'],US,California,"['Adelaida District', 'Central Coast']"
6903,DARE by Viader,86.0,40.0,86.0,40.0,1,1,['Tempranillo'],US,California,"['Napa Valley', 'Napa']"
6904,DC Flynt MW Selections,85.0,10.0,85.0,10.0,1,1,['Red Blend'],US,California,"['California', 'California Other']"
6905,DENO,90.0,31.7,91.0,35.0,3,2,"['G-S-M', 'Red Blend']",US,California,"['Paso Robles', 'Central Coast']"
6906,DFJ Vinhos,85.8,8.8,86.0,9.0,20,3,"['Portuguese White', 'Portuguese Red', 'Rosé']",Portugal,Alentejano,[]
6907,DFJ Vinhos,84.0,11.0,84.0,11.0,1,1,['Portuguese Red'],Portugal,Algarve,[]
6908,DFJ Vinhos,89.6,11.2,90.0,9.0,10,1,['Portuguese Red'],Portugal,Douro,[]
6909,DFJ Vinhos,86.6,11.5,86.0,10.5,39,14,"['Portuguese Red', 'Shiraz', 'Touriga Nacional', 'Cabernet Sauvignon', 'Arinto', 'Fernão Pires', 'Chardonnay', 'Portuguese White', 'Alvarinho', 'Rosé', 'Alicante Bouschet', 'Red Blend', 'Touriga Nacional Blend', 'Pinot Noir']",Portugal,Estremadura,[]
6910,DFJ Vinhos,86.6,10.7,86.0,9.5,190,17,"['Alicante Bouschet', 'Rosé', 'Arinto', 'Portuguese Red', 'Red Blend', 'Portuguese White', 'Touriga Nacional', 'Alfrocheiro', 'Shiraz', 'Touriga Nacional Blend', 'Cabernet Sauvignon and Tinta Roriz', 'Cabernet Sauvignon', 'Chardonnay', 'Alvarinho-Chardonnay', 'Touriga Nacional-Cabernet Sauvignon', 'Alvarinho', 'Pinot Noir']",Portugal,Lisboa,[]
6911,DFJ Vinhos,87.0,10.5,86.5,9.5,4,1,['Castelão'],Portugal,Península de Setúbal,[]
6912,DFJ Vinhos,90.0,13.0,90.0,13.0,1,1,['Trincadeira'],Portugal,Ribatejano,[]
6913,DFJ Vinhos,87.0,14.0,87.0,14.0,1,1,['Trincadeira'],Portugal,Ribatejo,[]
6914,DFJ Vinhos,85.0,8.0,85.0,8.0,1,1,['Castelão'],Portugal,Setubal,[]
6915,DFJ Vinhos,84.0,8.0,84.0,8.0,1,1,['Castelão'],Portugal,Terras do Sado,[]
6916,DOC Wine Selection,84.0,13.0,84.0,13.0,1,1,['Cabernet Blend'],France,Southwest France,['Vin de Pays du Comté Tolosan']
6917,DSG Vineyards,85.5,56.5,85.5,56.5,2,1,['Tempranillo Blend'],Spain,Northern Spain,['Rioja']
6918,Da Vinci,88.0,31.5,88.0,20.0,4,1,['Sangiovese'],Italy,Tuscany,['Chianti']
6919,DaMa,88.7,25.2,89.0,22.0,18,8,"['Merlot', 'Riesling', 'Chardonnay', 'Syrah', 'Red Blend', 'Cabernet Sauvignon', 'G-S-M', 'Rhône-style Red Blend']",US,Washington,"['Walla Walla Valley (WA)', 'Columbia Valley']"
6920,Dacapo,87.8,28.8,88.0,29.0,4,1,['Barbera'],Italy,Piedmont,"[""Barbera d'Asti Superiore Nizza""]"
6921,Dachshund,88.0,17.0,88.0,17.0,1,1,['Sparkling Blend'],Germany,Germany,[]
6922,Dachshund,87.0,15.0,87.0,15.0,1,1,['Pinot Noir'],Germany,Nahe,[]
6923,Dachshund,88.0,15.0,88.0,15.0,1,1,['Riesling'],Germany,Rheinhessen,[]
6924,Dachshund,87.5,14.0,87.5,14.0,2,2,"['Chardonnay', 'Cabernet Sauvignon']",US,California,"['California', 'California Other']"
6925,Dado,85.0,11.0,85.0,11.0,1,1,['Red Blend'],US,California,"['California', 'California Other']"
6926,Daedalus,89.0,24.0,89.5,22.5,6,4,"['Pinot Gris', 'Syrah', 'Pinot Noir', 'Grüner Veltliner']",US,Oregon,"['Willamette Valley', 'Willamette Valley']"
6927,Daedalus Cellars,87.8,23.8,88.0,25.0,5,5,"['Pinot Noir', 'Riesling', 'Pinot Gris', 'Chardonnay', 'Syrah']",US,Oregon,"['Willamette Valley', 'Willamette Valley']"
6928,Daglia Canyon,84.7,20.3,85.0,20.0,3,1,['Cabernet Sauvignon'],US,California,"['Napa Valley', 'Napa']"
6929,Daguet,84.0,10.0,84.0,10.0,1,1,['Sauvignon Blanc'],France,France Other,['Atlantique']
6930,Dahlia,83.7,24.3,84.0,20.0,7,2,"['Chardonnay', 'Pinot Noir']",US,California,"['Monterey County', 'Central Coast']"
6931,Dal Cero Tenuta di Corte Giacobbe,84.8,18.0,85.0,15.5,4,2,"['Garganega', 'Red Blend']",Italy,Veneto,['Soave']
6932,Dal Din,86.0,,86.0,,1,1,['Glera'],Italy,Veneto,['Prosecco']
6933,Dal Forno Romano,92.8,337.4,93.0,335.0,9,2,"['Red Blend', 'Corvina, Rondinella, Molinara']",Italy,Veneto,['Valpolicella Superiore']
6934,Dalamara,86.0,24.0,86.0,24.0,1,1,['Xinomavro'],Greece,Naoussa,[]
6935,Dalfiume,87.0,6.0,87.0,6.0,1,1,['Sangiovese'],Italy,Central Italy,['Emilia-Romagna']
6936,Dall'Abaco Fedrigoni,86.0,,86.0,,1,1,"['Corvina, Rondinella, Molinara']",Italy,Veneto,['Valpolicella Classico Superiore']
6937,Dalla Valle,95.0,110.0,95.0,110.0,2,2,"['Red Blend', 'Cabernet Sauvignon']",US,California,"['Napa Valley', 'Napa']"
6938,Dallas Conté,84.0,10.0,84.0,10.0,1,1,['Chardonnay'],Chile,Casablanca Valley,[]
6939,Dallas Conté,87.5,9.5,87.5,9.5,2,2,"['Chardonnay', 'Cabernet Sauvignon']",Chile,Colchagua Valley,[]
6940,Dallas Conté,83.0,10.0,83.0,10.0,1,1,['Cabernet Sauvignon'],Chile,Maipo Valley,[]
6941,Dallas Conté,85.0,11.7,85.0,10.0,3,3,"['Cabernet Sauvignon-Merlot', 'Cabernet Sauvignon', 'Merlot']",Chile,Rapel Valley,[]
6942,Dalliance,86.3,19.0,86.0,20.0,3,2,"['Red Blend', 'Chardonnay']",US,California,"['Lake County', 'Mendocino/Lake Counties']"
6943,Dalrymple,90.0,48.0,91.0,40.0,5,2,"['Pinot Noir', 'Chardonnay']",Australia,Tasmania,['Tasmania']
6944,Dalton,89.9,20.7,90.0,20.0,19,11,"['Red Blend', 'White Blend', 'Shiraz', 'Pinot Gris', 'Cabernet Sauvignon', 'Rhône-style Red Blend', 'Chardonnay', 'Fumé Blanc', 'Merlot', 'Bordeaux-style Red Blend', 'Sauvignon Blanc']",Israel,Galilee,[]
6945,Dalton,91.0,23.0,91.0,23.0,1,1,['Petite Sirah'],Israel,Israel,[]
6946,Dalton,93.0,25.0,93.0,25.0,1,1,['Petite Sirah'],Israel,Samson,[]
6947,Dalton,87.0,30.0,87.0,30.0,1,1,['Rhône-style White Blend'],US,California,"['Calaveras County', 'Sierra Foothills']"
6948,Dalva,86.3,,85.0,,3,1,['Port'],Portugal,Port,[]
6949,Dalwhinnie,87.0,40.0,87.0,40.0,1,1,['Chardonnay'],Australia,Australia Other,['Australia']
6950,Dalwhinnie,88.0,50.0,88.0,50.0,1,1,['Cabernet Sauvignon'],Australia,Victoria,['Victoria']
6951,Dalÿs,87.0,,87.0,,1,1,['Chardonnay'],France,Champagne,['Champagne']
6952,Dama del Lago,84.0,10.0,84.0,10.0,1,1,['Tempranillo'],Spain,Northern Spain,['Rueda']
6953,Damalisco,85.8,20.2,86.0,20.0,5,2,"['Tinta de Toro', 'Tempranillo Blend']",Spain,Northern Spain,['Toro']
6954,Damas,84.0,15.0,84.0,15.0,2,2,"['Zinfandel', 'Red Blend']",US,California,"['Fiddletown', 'Sierra Foothills']"
6955,Damia,85.0,18.0,85.0,18.0,1,1,['Sparkling Blend'],Spain,Catalonia,['Cava']
6956,Damian Rae,87.3,51.8,87.0,50.0,9,3,"['Syrah', 'Cabernet Sauvignon', 'Pinot Noir']",US,California,"['Santa Barbara County', 'Central Coast']"
6957,Damiani,87.5,24.1,88.0,22.0,72,15,"['Cabernet Sauvignon', 'Sauvignon Blanc', 'Rosé', 'Pinot Grigio', 'Sparkling Blend', 'Bordeaux-style Red Blend', 'Gewürztraminer', 'Riesling', 'Lemberger', 'Cabernet Franc', 'Chardonnay', 'Pinot Noir', 'Merlot', 'Meritage', 'White Blend']",US,New York,"['Finger Lakes', 'Finger Lakes']"
6958,Damien Laureau,89.0,26.5,89.0,26.5,2,1,['Chenin Blanc'],France,Loire Valley,['Savennières']
6959,Damien et Romain Bouchard,90.2,40.0,90.0,40.0,9,1,['Chardonnay'],France,Burgundy,['Chablis']
6960,Damilano,90.1,65.2,90.0,56.5,33,3,"['Barbera', 'Nebbiolo', 'Arneis']",Italy,Piedmont,"[""Barbera d'Alba""]"
6961,Dampierre,92.0,,92.0,,3,1,['Champagne Blend'],France,Champagne,['Champagne']
6962,Damsel,89.6,35.0,89.0,35.0,7,3,"['Cabernet Sauvignon', 'Syrah', 'Cabernet Franc']",US,Washington,"['Columbia Valley (WA)', 'Columbia Valley']"
6963,Dan Aykroyd Wines,82.5,20.0,82.5,20.0,2,2,"['Chardonnay', 'Cabernet Sauvignon']",US,California,"['Sonoma County', 'Sonoma']"
6964,DanCin,91.4,33.8,92.0,34.0,24,4,"['Chardonnay', 'Pinot Noir', 'Syrah', 'Red Blend']",US,Oregon,"['Southern Oregon', 'Southern Oregon']"
6965,Dance,88.2,37.0,88.0,37.0,4,1,['Chardonnay'],US,Washington,"['Horse Heaven Hills', 'Columbia Valley']"
6966,Dancing Bear Cellars,86.7,18.3,87.0,18.0,3,2,"['Pinot Noir', 'Zinfandel']",US,California,"['Los Carneros', 'Napa-Sonoma']"
6967,Dancing Bear Cellars,85.0,,85.0,,1,1,['Sauvignon Blanc'],US,Washington,"['Columbia Valley (WA)', 'Columbia Valley']"
6968,Dancing Bull,84.5,11.9,85.0,12.0,15,3,"['Sauvignon Blanc', 'Chardonnay', 'Zinfandel']",US,California,"['California', 'California Other']"
6969,Dancing Coyote,86.4,11.4,86.0,12.0,7,5,"['Pinot Noir', 'Petite Sirah', 'White Blend', 'Albariño', 'Grüner Veltliner']",US,California,"['Clarksburg', 'Central Valley']"
6970,Dancing Creek,82.0,26.0,82.0,26.0,1,1,['Pinot Noir'],US,California,"['Santa Cruz Mountains', 'Central Coast']"
6971,Dancing Crow,89.0,18.0,89.0,18.0,1,1,['Sauvignon Blanc'],US,California,['Lake County']
6972,Dancing Derby,86.0,13.0,86.0,13.0,1,1,['Sauvignon Blanc'],US,California,"['California', 'California Other']"
6973,Dancing Flame,86.0,10.0,86.0,10.0,2,2,"['Cabernet Sauvignon', 'Sauvignon Blanc']",Chile,Central Valley,[]
6974,Dancing Hares,92.3,104.0,92.0,125.0,3,1,['Bordeaux-style Red Blend'],US,California,"['Howell Mountain', 'Napa']"
6975,Dane Cellars,85.2,33.6,84.0,36.0,9,4,"['Grenache', 'Zinfandel', 'Cabernet Sauvignon', 'Syrah']",US,California,"['Sonoma Valley', 'Sonoma']"
6976,Danie de Wet,88.8,32.0,88.5,31.0,4,1,['Chardonnay'],South Africa,Robertson,[]
6977,Daniel,93.0,60.0,93.0,60.0,1,1,['Pinot Noir'],US,California,"['Anderson Valley', 'Mendocino/Lake Counties']"
6978,Daniel Barraud,91.5,39.0,91.5,39.0,2,1,['Chardonnay'],France,Burgundy,['Pouilly-Fuissé']
6979,Daniel Belda,84.5,17.0,84.5,17.0,2,2,"['Verdil', 'Monastrell']",Spain,Levante,['Valencia']
6980,Daniel Chotard,91.3,31.5,91.0,32.5,6,2,"['Sauvignon Blanc', 'Pinot Noir']",France,Loire Valley,['Sancerre']
6981,Daniel Cohn,89.5,23.5,89.5,23.5,2,1,['Cabernet Sauvignon'],US,California,"['North Coast', 'North Coast']"
6982,Daniel Gehrs,86.4,23.0,86.0,20.0,16,11,"['Chardonnay', 'Syrah', 'Chenin Blanc', 'Red Blend', 'Gewürztraminer', 'Riesling', 'Port', 'Sauvignon Blanc', 'Merlot', 'Cabernet Sauvignon', 'Pinot Noir']",US,California,"['Central Coast', 'Central Coast']"
6983,Daniel Rion,89.3,56.3,89.0,52.0,3,1,['Pinot Noir'],France,Burgundy,['Vosne-Romanée']
6984,Daniel Schuster,88.0,25.2,87.0,28.0,7,3,"['Chardonnay', 'Riesling', 'Pinot Noir']",New Zealand,Waipara,[]
6985,Daniel Wines,91.0,60.0,91.0,60.0,1,1,['Pinot Noir'],US,California,"['Sonoma Coast', 'Sonoma']"
6986,Daniele Reale,87.0,20.0,87.0,20.0,1,1,['Barbera'],Italy,Piedmont,"[""Barbera d'Asti Superiore""]"
6987,Danieli,88.0,20.0,88.0,20.0,1,1,['Kisi'],Georgia,Kakheti,[]
6988,Danielle de l'Ansée,85.0,12.0,85.0,12.0,1,1,['Sauvignon Blanc'],France,Loire Valley,['Touraine']
6989,Danilo Spinoglio,87.0,,87.0,,1,1,['Barbera'],Italy,Piedmont,['Barbera del Monferrato']
6990,Dante,83.6,10.6,85.0,11.0,5,5,"['Chardonnay', 'Cabernet Sauvignon', 'Merlot', 'Pinot Noir', 'Moscato']",US,California,"['California', 'California Other']"
6991,Dante Irurtia,84.0,13.0,84.0,13.0,1,1,['Viognier'],Uruguay,Colonia,[]
6992,Dante Irurtia,81.5,16.0,81.5,16.0,2,2,"['Viognier', 'Tannat']",Uruguay,Uruguay,[]
6993,Dante Rivetti,87.0,61.6,86.5,58.0,8,1,['Nebbiolo'],Italy,Piedmont,['Barbaresco']
6994,Dante Robere,88.4,34.6,89.0,36.0,22,12,"['Rhône-style Red Blend', 'Syrah', 'Zinfandel', 'Petite Sirah', 'Mourvèdre', 'Chardonnay', 'Bordeaux-style Red Blend', 'Carignane', 'Grenache', 'Barbera', 'Red Blend', 'Cabernet Sauvignon']",US,California,"['California', 'California Other']"
6995,Dante Robino,86.2,13.0,86.0,13.0,5,2,"['Bonarda', 'Malbec']",Argentina,Mendoza Province,['Mendoza']
6996,Danza del Sol,85.6,35.2,86.0,30.0,5,5,"['Sangiovese', 'Sangiovese-Cabernet Sauvignon', 'Petite Sirah', 'Chardonnay', 'Pinot Grigio']",US,California,"['California', 'California Other']"
6997,Danzante,84.0,10.5,84.0,10.5,2,1,['Sangiovese'],Italy,Central Italy,['Marche']
6998,Danzante,86.5,10.0,86.5,10.0,2,1,['Pinot Grigio'],Italy,Northeastern Italy,['Delle Venezie']
6999,Danzante,84.0,11.0,84.0,11.0,1,1,['Merlot'],Italy,Sicily & Sardinia,['Sicilia']
7000,Daou,91.7,59.8,92.0,56.0,38,14,"['Cabernet Sauvignon', 'Bordeaux-style Red Blend', 'Red Blend', 'Rhône-style White Blend', 'Zinfandel', 'Cabernet Franc-Merlot', 'Pinot Noir', 'Sauvignon Blanc', 'Rhône-style Red Blend', 'Chardonnay', 'Grenache Blanc', 'Rosé', 'Syrah-Cabernet', 'Syrah-Cabernet Sauvignon']",US,California,"['Paso Robles', 'Central Coast']"
7001,Darby,89.7,30.3,90.0,25.0,17,9,"['Syrah', 'Viognier-Roussanne', 'Bordeaux-style Red Blend', 'Marsanne', 'Grenache', 'Rosé', 'Red Blend', 'White Blend', 'Mourvèdre']",US,Washington,"['Columbia Valley (WA)', 'Columbia Valley']"
7002,Darcie Kent Vineyards,87.8,27.2,87.0,30.0,35,11,"['Grüner Veltliner', 'Cabernet Sauvignon', 'Chardonnay', 'Merlot', 'Zinfandel', 'Petite Sirah', 'Pinot Noir', 'Sauvignon Blanc', 'Red Blend', 'Cabernet Franc', 'Malbec']",US,California,"['Monterey', 'Central Coast']"
7003,Dardano,89.0,25.0,89.0,25.0,1,1,['Nebbiolo'],Italy,Piedmont,['Barolo']
7004,Darien,85.2,17.4,85.0,12.5,12,2,"['Tempranillo', 'Tempranillo Blend']",Spain,Northern Spain,['Rioja']
7005,Dario Cocito,84.0,,84.0,,1,1,['Barbera'],Italy,Piedmont,"[""Barbera d'Asti Superiore""]"
7006,Dario Coos,88.0,69.0,88.0,69.0,1,1,['Verduzzo Friulano '],Italy,Northeastern Italy,['Ramandolo']
7007,Dario Ivaldi,90.0,,90.0,,1,1,['Barbera'],Italy,Piedmont,"[""Barbera d'Asti Superiore""]"
7008,Darioush,92.0,67.7,92.0,47.0,32,7,"['Sauvignon Blanc', 'Cabernet Sauvignon', 'Shiraz', 'Viognier', 'Chardonnay', 'Merlot', 'Cabernet Franc']",US,California,"['Napa Valley', 'Napa']"
7009,Darjean Jones,85.0,54.0,85.0,54.0,1,1,['Merlot'],US,California,"['Napa Valley', 'Napa']"
7010,Dark Earth,87.5,18.0,87.5,18.0,2,2,"['Chardonnay', 'Pinot Noir']",US,California,"['Santa Barbara County', 'Central Coast']"
7011,Dark Horse,87.2,10.0,87.0,10.0,11,7,"['Merlot', 'Cabernet Sauvignon', 'Red Blend', 'Chardonnay', 'Pinot Noir', 'Sauvignon Blanc', 'Zinfandel']",US,California,"['California', 'California Other']"
7012,Dark Hundred,86.0,30.0,86.0,30.0,1,1,['Red Blend'],US,California,"['California', 'California Other']"
7013,Dark Matter,91.5,100.0,91.5,100.0,2,1,['Zinfandel'],US,California,"['Howell Mountain', 'Napa']"
7014,Dark Star,85.7,22.5,85.0,19.5,6,5,"['Red Blend', 'Rhône-style Red Blend', 'Cabernet Sauvignon-Syrah', 'Zinfandel', 'Cabernet Blend']",US,California,"['Paso Robles', 'Central Coast']"
7015,Darms Lane,89.4,50.6,89.0,60.0,9,3,"['Pinot Noir', 'Chardonnay', 'Cabernet Sauvignon']",US,California,"['Russian River Valley', 'Sonoma']"
7016,Darting,86.8,25.2,86.0,22.0,5,4,"['Muskateller', 'Riesling', 'Gewürztraminer', 'Rieslaner']",Germany,Pfalz,[]
7017,Dascomb Cellars,85.0,28.0,85.0,28.0,2,1,['Cabernet Sauvignon'],US,California,"['Santa Barbara County', 'Central Coast']"
7018,Dashe Cellars,86.8,27.9,87.0,28.0,34,6,"['Riesling', 'Petite Sirah', 'Zinfandel', 'Grenache', 'Cabernet Sauvignon', 'Merlot']",US,California,"['Potter Valley', 'Mendocino/Lake Counties']"
7019,Dashwood,86.7,16.2,87.0,17.5,14,2,"['Sauvignon Blanc', 'Pinot Noir']",New Zealand,Marlborough,[]
7020,Dauntless,85.5,32.5,85.5,32.5,2,1,['Pinot Noir'],US,Oregon,"['Chehalem Mountains', 'Willamette Valley']"
7021,Dauny Père et Fils,84.5,28.5,84.5,28.5,2,2,"['Pinot Noir', 'Sauvignon Blanc']",France,Loire Valley,['Sancerre']
7022,Dautel-Cadot,87.2,64.8,87.5,67.0,4,3,"['Pinot Blanc', 'Pinot Noir', 'Champagne Blend']",France,Champagne,['Champagne']
7023,Dauvergne & Ranvier,88.1,24.4,88.5,20.0,10,4,"['Rosé', 'Rhône-style White Blend', 'Rhône-style Red Blend', 'Syrah']",France,Rhône Valley,['Tavel']
7024,Davenport Cellars,89.5,19.8,89.5,19.5,6,5,"['Sémillon', 'Syrah', 'Bordeaux-style Red Blend', 'White Blend', 'Sauvignon Blanc-Semillon']",US,Washington,"['Columbia Valley (WA)', 'Columbia Valley']"
7025,Daviana,88.0,55.0,88.0,55.0,2,2,"['Cabernet Sauvignon', 'Red Blend']",US,California,"['Napa Valley', 'Napa']"
7026,David Arthur,92.8,95.3,93.0,95.0,15,4,"['Red Blend', 'Chardonnay', 'Cabernet Sauvignon', 'Sauvignon Blanc']",US,California,"['Napa Valley', 'Napa']"
7027,David Bruce,89.5,36.7,90.0,37.0,6,2,"['Chardonnay', 'Pinot Noir']",US,California,"['Russian River Valley', 'Sonoma']"
7028,David Clinton,87.0,27.8,87.0,29.0,4,1,['Zinfandel'],US,California,"['Dry Creek Valley', 'Sonoma']"
7029,David Coffaro,85.0,22.0,85.0,22.0,1,1,['Zinfandel'],US,California,"['Dry Creek Valley', 'Sonoma']"
7030,David Duband,92.2,114.3,92.5,85.0,8,1,['Pinot Noir'],France,Burgundy,['Nuits-St.-Georges']
7031,David Family,88.0,76.0,88.0,76.0,2,1,['Pinot Noir'],US,California,"['Santa Lucia Highlands', 'Central Coast']"
7032,David Franz,89.0,40.0,88.0,40.0,3,2,"['Shiraz', 'Cabernet Sauvignon']",Australia,South Australia,['Barossa']
7033,David Frost,87.0,14.3,87.0,12.0,3,3,"['Sauvignon Blanc', 'Pinotage', 'Cabernet Sauvignon']",South Africa,Western Cape,[]
7034,David Fulton,88.7,44.0,89.0,45.0,7,1,['Petite Sirah'],US,California,"['St. Helena', 'Napa']"
7035,David Girard,86.6,29.6,86.0,29.0,14,6,"['Rhône-style Red Blend', 'Rhône-style White Blend', 'Syrah', 'Grenache', 'Mourvèdre', 'Grenache Blanc']",US,California,"['El Dorado', 'Sierra Foothills']"
7036,David Hill,86.0,10.5,86.0,10.5,2,2,"['Red Blend', 'White Blend']",US,America,[]
7037,David Hill,88.6,25.2,89.0,20.0,69,10,"['Gewürztraminer', 'Pinot Noir', 'Chardonnay', 'Pinot Blanc', 'Tempranillo', 'Muscat', 'Pinot Gris', 'White Blend', 'Riesling', 'Merlot']",US,Oregon,"['Willamette Valley', 'Willamette Valley']"
7038,David James,85.0,15.0,85.0,15.0,1,1,['Cabernet Sauvignon'],US,Washington,"['Columbia Valley (WA)', 'Columbia Valley']"
7039,David Moreau,90.8,38.4,91.0,40.0,5,1,['Pinot Noir'],France,Burgundy,['Santenay']
7040,David Noyes,83.0,34.0,83.0,34.0,1,1,['Pinot Noir'],US,California,"['Russian River Valley', 'Sonoma']"
7041,David Sterza,90.3,29.2,90.0,28.0,14,2,"['Corvina, Rondinella, Molinara', 'Red Blend']",Italy,Veneto,['Amarone della Valpolicella Classico']
7042,David Wynn,82.0,11.0,82.0,11.0,1,1,['Chardonnay'],Australia,South Australia,['Barossa Valley']
7043,Davies,91.5,53.2,92.0,55.0,30,2,"['Pinot Noir', 'Cabernet Sauvignon']",US,California,"['Anderson Valley', 'Mendocino/Lake Counties']"
7044,Davino,88.6,30.4,89.0,22.0,5,4,"['Feteasca', 'White Blend', 'Feteasca Neagra', 'Red Blend']",Romania,Dealu Mare,[]
7045,Davis Bynum,88.1,36.6,88.0,30.0,31,7,"['Chardonnay', 'Pinot Noir', 'Sauvignon Blanc', 'Merlot', 'Rosé', 'Fumé Blanc', 'Cabernet Sauvignon']",US,California,"['Russian River Valley', 'Sonoma']"
7046,Davis Estates,89.3,50.0,89.0,45.0,6,6,"['Cabernet Sauvignon', 'Pinot Noir', 'Bordeaux-style Red Blend', 'Chardonnay', 'Cabernet Franc', 'Sauvignon Blanc']",US,California,"['Napa Valley', 'Napa']"
7047,Davis Family,83.0,18.0,83.0,18.0,1,1,['Sauvignon Blanc'],New Zealand,Marlborough,[]
7048,Davis Family,89.9,43.9,90.0,42.0,51,8,"['Rhône-style White Blend', 'Rhône-style Red Blend', 'G-S-M', 'Syrah', 'Pinot Noir', 'Chardonnay', 'Riesling', 'Bordeaux-style Red Blend']",US,California,"['Russian River Valley', 'Sonoma']"
7049,Dawn's Dream,85.0,24.0,85.0,24.0,2,1,['Pinot Noir'],US,California,"['Carneros', 'Napa-Sonoma']"
7050,Day,86.9,37.4,86.5,40.0,10,4,"['Pinot Noir', 'Red Blend', 'White Blend', 'Chardonnay']",US,Oregon,"['Willamette Valley', 'Willamette Valley']"
7051,Day Owl,88.0,15.0,88.0,15.0,1,1,['Rosé'],US,California,"['California', 'California Other']"
7052,De Alberto,84.8,18.8,85.0,17.5,4,3,"['Verdejo', 'Sauvignon Blanc', 'Tempranillo-Cabernet Sauvignon']",Spain,Northern Spain,['Rueda']
7053,De Angelis,84.7,15.0,85.0,13.0,3,2,"['Red Blend', 'Pecorino']",Italy,Central Italy,['Rosso Piceno Superiore']
7054,De Angelis,86.0,20.0,86.0,20.0,1,1,['Rosé'],Italy,Southern Italy,['Lacryma Christi del Vesuvio']
7055,De Bardos,91.5,37.0,91.5,37.0,2,2,"['Tempranillo Blend', 'Tempranillo']",Spain,Northern Spain,['Ribera del Duero']
7056,De Bortoli,85.1,13.1,85.0,13.0,45,14,"['Port', 'Petit Verdot', 'Chardonnay', 'Shiraz', 'Pinot Grigio', 'Sparkling Blend', 'Sauvignon Blanc', 'Moscato', 'Cabernet Sauvignon', 'Shiraz-Cabernet Sauvignon', 'White Blend', 'Sémillon', 'Petite Sirah', 'Pinot Noir']",Australia,Australia Other,['South Eastern Australia']
7057,De Bortoli,89.3,22.1,90.0,22.0,9,5,"['Sparkling Blend', 'Moscato', 'Sémillon', 'Muscat Hamburg', 'Chardonnay']",Australia,New South Wales,['Riverina']
7058,De Bortoli,87.5,32.7,88.0,30.0,27,9,"['Pinot Noir', 'Shiraz-Viognier', 'Chardonnay', 'Cabernet Sauvignon-Sangiovese', 'Sauvignon', 'Syrah', 'Viognier', 'Sauvignon Blanc', 'Shiraz']",Australia,Victoria,['Yarra Valley']
7059,De Coelo,91.8,78.2,92.0,75.0,6,1,['Pinot Noir'],US,California,"['Sonoma Coast', 'Sonoma']"
7060,De Faveri,87.5,30.0,87.5,29.5,4,1,['Glera'],Italy,Veneto,['Conegliano Valdobbiadene Prosecco Superiore']
7061,De Filippi,88.0,19.0,88.0,19.0,1,1,['Pinot Nero'],Italy,Lombardy,['Oltrepò Pavese']
7062,De Fina,85.0,75.0,85.0,75.0,1,1,['Cabernet Sauvignon'],US,California,"['Napa Valley', 'Napa']"
7063,De Forville,88.5,21.0,89.0,21.0,4,2,"['Arneis', 'Nebbiolo']",Italy,Piedmont,['Langhe']
7064,De Grendel,88.0,,88.0,,1,1,['Pinot Noir'],South Africa,Ceres Plateau,[]
7065,De Grendel,87.0,16.0,87.0,16.0,1,1,['Sauvignon Blanc'],South Africa,Coastal Region,[]
7066,De Grendel,88.3,20.7,88.0,18.0,3,3,"['Sauvignon Blanc', 'Shiraz', 'Merlot']",South Africa,Durbanville,[]
7067,De Grendel,90.0,,90.0,,1,1,['Sauvignon Blanc'],South Africa,Hemel en Aarde,[]
7068,De Ladoucette,87.0,39.0,87.5,39.0,4,1,['Sauvignon Blanc'],France,Loire Valley,['Pouilly-Fumé']
7069,De Loach,89.3,35.9,89.0,36.0,151,10,"['Chardonnay', 'Zinfandel', 'Pinot Noir', 'Merlot', 'Gewürztraminer', 'Sauvignon Blanc', 'Red Blend', 'Pinot Blanc', 'Cabernet Sauvignon', 'Rosé']",US,California,"['Russian River Valley', 'Sonoma']"
7070,De Lozar,84.0,17.0,84.0,17.0,1,1,['Tempranillo Blend'],Spain,Northern Spain,['Ribera del Duero']
7071,De Lucia,84.0,32.0,84.0,32.0,1,1,['White Blend'],Italy,Southern Italy,['Beneventano']
7072,De Luze,84.0,11.0,84.0,11.0,1,1,['Bordeaux-style Red Blend'],France,Bordeaux,['Bordeaux']
7073,De Martino,88.5,44.0,88.5,44.0,2,2,"['Red Blend', 'Malbec-Carménère']",Chile,Cachapoal Valley,[]
7074,De Martino,86.0,23.3,87.0,20.0,3,2,"['Chardonnay', 'Sauvignon Blanc']",Chile,Casablanca Valley,[]
7075,De Martino,86.0,13.0,86.0,13.0,4,3,"['Sauvignon Blanc', 'Carmenère', 'Cabernet Sauvignon']",Chile,Central Valley,[]
7076,De Martino,86.2,16.5,86.0,15.5,4,1,['Syrah'],Chile,Choapa Valley,[]
7077,De Martino,88.0,25.0,88.0,25.0,1,1,['Cinsault'],Chile,Coelemu,[]
7078,De Martino,87.0,35.3,86.0,43.0,3,2,"['Cinsault', 'Muscat']",Chile,Itata Valley,[]
7079,De Martino,86.3,16.4,86.0,16.0,7,1,['Chardonnay'],Chile,Limarí Valley,[]
7080,De Martino,85.6,18.4,86.0,15.0,35,7,"['Sauvignon Blanc', 'Cabernet Sauvignon-Malbec', 'Cabernet Sauvignon', 'Carmenère', 'Red Blend', 'Chardonnay', 'Merlot']",Chile,Maipo Valley,[]
7081,De Martino,87.3,40.7,89.0,45.0,3,1,['Carignan'],Chile,Maule Valley,[]
7082,De Meye,84.0,12.0,84.0,12.0,1,1,['Chenin Blanc'],South Africa,Stellenbosch,[]
7083,De Mour,85.0,25.0,85.0,25.0,4,2,"['Bordeaux-style Red Blend', 'Bordeaux-style White Blend']",France,Bordeaux,['Graves']
7084,De Novo,84.8,32.8,85.5,32.5,4,2,"['Bordeaux-style Red Blend', 'Cabernet Sauvignon']",US,California,"['Sonoma County', 'Sonoma']"
7085,De Paola Vineyard,87.5,29.0,87.5,29.0,2,2,"['Petite Sirah', 'Zinfandel']",US,California,"['Arroyo Grande Valley', 'Central Coast']"
7086,De Ponte Cellars,90.3,54.2,90.5,55.0,6,1,['Pinot Noir'],US,Oregon,"['Dundee Hills', 'Willamette Valley']"
7087,De Saint Gall,87.8,43.0,88.0,35.0,5,2,"['Champagne Blend', 'Chardonnay']",France,Champagne,['Champagne']
7088,De Sante,87.1,39.7,87.0,35.0,10,4,"['Chardonnay', 'Cabernet Sauvignon', 'Sauvignon Blanc', 'Bordeaux-style White Blend']",US,California,"['Napa Valley', 'Napa']"
7089,De Sousa & Fils,90.9,80.6,91.5,65.0,10,2,"['Chardonnay', 'Champagne Blend']",France,Champagne,['Champagne']
7090,De Stefani,87.4,45.0,87.0,36.0,20,9,"['Glera', 'Red Blend', 'Merlot', 'Marzemino', 'Carmenère', 'White Blend', 'Refosco', 'Raboso', 'Tocai']",Italy,Veneto,['Prosecco']
7091,De Tierra,85.0,28.2,84.5,26.0,22,7,"['Riesling', 'Pinot Noir', 'Merlot', 'Chardonnay', 'Syrah', 'Bordeaux-style Red Blend', 'Rosé']",US,California,"['Arroyo Seco', 'Central Coast']"
7092,De Tomas,85.0,25.0,85.0,25.0,1,1,['Red Blend'],US,California,"['Sonoma County', 'Sonoma']"
7093,De Toren,91.0,30.0,91.0,30.0,1,1,['Bordeaux-style Red Blend'],South Africa,Coastal Region,[]
7094,De Toren,91.9,63.2,91.0,50.0,17,2,"['Bordeaux-style Red Blend', 'Red Blend']",South Africa,Stellenbosch,[]
7095,De Venoge,89.1,106.2,90.0,75.0,9,3,"['Champagne Blend', 'Pinot Noir', 'Chardonnay']",France,Champagne,['Champagne']
7096,De Wetshof,89.1,18.2,90.0,20.0,13,3,"['Chardonnay', 'Riesling', 'Sauvignon Blanc']",South Africa,Robertson,[]
7097,DeLille,91.2,61.1,91.0,48.0,65,13,"['Cabernet Sauvignon', 'Bordeaux-style White Blend', 'Bordeaux-style Red Blend', 'White Blend', 'Red Blend', 'Syrah', 'Roussanne', 'Cabernet Sauvignon-Syrah', 'Sauvignon Blanc-Semillon', 'Merlot', 'Malbec-Cabernet Sauvignon', 'Rhône-style Red Blend', 'Malbec']",US,Washington,"['Red Mountain', 'Columbia Valley']"
7098,DeLorimier,85.4,30.0,85.0,32.0,30,13,"['Primitivo', 'Zinfandel', 'Chardonnay', 'Bordeaux-style Red Blend', 'Sauvignon Blanc', 'Merlot', 'Cabernet Sauvignon', 'Sangiovese', 'Meritage', 'Malbec', 'Cabernet Blend', 'Red Blend', 'Cabernet Franc']",US,California,"['Alexander Valley', 'Sonoma']"
7099,DeLucca,86.0,35.0,86.0,35.0,1,1,['Red Blend'],Uruguay,El Colorado,[]
7100,DeLucia Vineyards,87.5,32.5,87.5,32.5,2,2,"['Aglianico', 'Falanghina']",Italy,Southern Italy,['Sannio']
7101,DeMorgenzon,91.3,37.8,92.0,35.0,11,7,"['Shiraz', 'Chenin Blanc', 'Red Blend', 'White Blend', 'Bordeaux-style Red Blend', 'Roussanne', 'Chardonnay']",South Africa,Stellenbosch,[]
7102,DeMorgenzon,87.1,15.4,88.0,15.0,7,4,"['Syrah', 'Chardonnay', 'Cabernet', 'Sauvignon Blanc']",South Africa,Western Cape,[]
7103,DeRose,84.4,24.2,84.0,25.0,5,5,"['Zinfandel', 'Cabernet Pfeffer', 'Cabernet Franc', 'Viognier', 'Negrette']",US,California,"['Cienega Valley', 'Central Coast']"
7104,DeTierra Vineyards,90.9,34.2,91.5,30.0,8,6,"['Syrah', 'Red Blend', 'Riesling', 'Chardonnay', 'Pinot Noir', 'Merlot']",US,California,"['Arroyo Seco', 'Central Coast']"
7105,DeWaal,87.4,21.6,86.0,11.0,5,5,"['Chenin Blanc', 'Shiraz', 'Sauvignon Blanc', 'Red Blend', 'Pinotage']",South Africa,Stellenbosch,[]
7106,Dead On,84.0,19.0,84.0,19.0,1,1,['Sauvignon Blanc'],US,California,"['Santa Ynez Valley', 'Central Coast']"
7107,Deakin Estate,85.1,8.4,85.0,9.0,7,5,"['Chardonnay', 'Shiraz', 'Muscat of Alexandria', 'Moscato', 'Merlot']",Australia,Victoria,['Victoria']
7108,Dealy Lane,86.7,20.3,87.0,18.0,3,3,"['Sauvignon Blanc', 'Chardonnay', 'Cabernet Sauvignon']",US,California,"['Napa Valley', 'Napa']"
7109,Deaver,88.7,26.6,89.0,27.0,24,7,"['Alicante Bouschet', 'Primitivo', 'Zinfandel', 'Petite Sirah', 'Sangiovese', 'Chardonnay', 'Orange Muscat']",US,California,"['Amador County', 'Sierra Foothills']"
7110,Debonné,84.7,15.0,84.0,15.0,12,4,"['Chardonnay', 'Riesling', 'Cabernet Franc', 'Vidal Blanc']",US,Ohio,['Grand River Valley']
7111,Decades5,90.0,145.0,90.0,145.0,2,2,"['Petit Verdot', 'Petite Verdot']",US,California,"['Atlas Peak', 'Napa']"
7112,Decibel,87.5,16.5,87.5,16.5,2,2,"['Sauvignon Blanc', 'Malbec']",New Zealand,Hawke's Bay,[]
7113,Decibel,90.3,28.0,90.0,28.0,3,1,['Pinot Noir'],New Zealand,Martinborough,[]
7114,Declaration,87.0,80.0,87.0,80.0,1,1,['Cabernet Sauvignon'],US,California,"['Napa Valley', 'Napa']"
7115,Deco Provence - Villa Azur,85.0,12.0,85.0,12.0,1,1,['Rosé'],France,Provence,['Coteaux Varois en Provence']
7116,Decoy,87.3,23.5,87.0,25.0,40,9,"['Merlot', 'Chardonnay', 'Zinfandel', 'Bordeaux-style Red Blend', 'Cabernet Sauvignon', 'Sauvignon Blanc', 'Pinot Noir', 'Red Blend', 'Rosé']",US,California,"['Sonoma County', 'Sonoma']"
7117,Decroux,91.2,75.0,92.0,75.0,5,1,['Pinot Noir'],US,California,"['Sta. Rita Hills', 'Central Coast']"
7118,Decugnano dei Barbi,88.1,29.6,88.5,28.0,8,3,"['White Blend', 'Red Blend', 'Chardonnay']",Italy,Central Italy,['Orvieto Classico Superiore']
7119,Ded.Reckoning,87.8,35.0,88.0,35.0,13,6,"['Malbec', 'Cabernet Sauvignon', 'Bordeaux-style Red Blend', 'Merlot', 'Sauvignon Blanc', 'Grenache']",US,Washington,"['Columbia Valley (WA)', 'Columbia Valley']"
7120,Deep Purple,85.0,11.0,85.0,11.0,1,1,['Zinfandel'],US,California,"['Lodi', 'Central Valley']"
7121,Deep Sea,85.8,26.6,85.0,25.0,20,9,"['Chardonnay', 'Syrah', 'Rosé', 'Sauvignon Blanc', 'Viognier', 'Pinot Noir', 'Red Blend', 'Cabernet Sauvignon', 'Merlot']",US,California,"['Santa Barbara County', 'Central Coast']"
7122,Deer Creek,85.8,24.2,86.0,22.0,13,4,"['Pinot Noir', 'Pinot Gris', 'White Blend', 'Chardonnay']",US,Oregon,"['Rogue Valley', 'Southern Oregon']"
7123,Deerfield,89.5,35.5,88.0,29.0,4,4,"['Zinfandel', 'Cabernet Sauvignon', 'Red Blend', 'Sauvignon Blanc']",US,California,"['Dry Creek Valley', 'Sonoma']"
7124,Deerfield Ranch,86.6,36.6,86.5,29.0,20,11,"['Rosé', 'Cabernet Sauvignon', 'Syrah', 'Meritage', 'Red Blend', 'Merlot', 'Chardonnay', 'Shiraz', 'Sauvignon Blanc', 'Sangiovese', 'Zinfandel']",US,California,"['Sonoma Valley', 'Sonoma']"
7125,Deering,85.5,43.5,85.5,43.5,2,2,"['Zinfandel', 'Red Blend']",US,California,"['Sonoma Valley', 'Sonoma']"
7126,Deetlefs,88.0,21.0,88.5,19.5,6,6,"['Cabernet Sauvignon', 'Sémillon', 'Chenin Blanc', 'Pinotage', 'Chardonnay', 'Merlot']",South Africa,Breedekloof,[]
7127,Deetlefs,87.0,10.0,87.0,10.0,2,2,"['Cabernet Sauvignon', 'Chenin Blanc-Chardonnay']",South Africa,Western Cape,[]
7128,Degani,88.5,40.4,89.0,48.0,11,1,"['Corvina, Rondinella, Molinara']",Italy,Veneto,['Valpolicella Classico Superiore Ripasso']
7129,Dehesa de Luna,85.5,21.5,85.5,21.5,2,2,"['Red Blend', 'Tempranillo']",Spain,Central Spain,['Vino de la Tierra de Castilla']
7130,Dehesa de los Canónigos,88.0,50.0,88.0,50.0,1,1,['Tempranillo Blend'],Spain,Northern Spain,['Ribera del Duero']
7131,Dehesa de los Llanos,89.5,28.5,89.5,28.5,2,1,['Red Blend'],Spain,Central Spain,['Vino de la Tierra de Castilla']
7132,Dehesa el Carrascal,88.0,25.0,88.0,25.0,1,1,['Garnacha'],Spain,Central Spain,['Almansa']
7133,Dehesas y Viñedos de Navamarín,87.0,45.6,87.0,40.0,5,1,['Red Blend'],Spain,Central Spain,['Vino de la Tierra de Castilla']
7134,Dehlinger,93.0,51.0,93.0,48.0,9,4,"['Chardonnay', 'Pinot Noir', 'Syrah', 'Cabernet Sauvignon']",US,California,"['Russian River Valley', 'Sonoma']"
7135,Dehours,93.0,39.5,93.0,39.5,3,2,"['Pinot Noir', 'Pinot Meunier']",France,Champagne,['Champagne']
7136,Dei,89.6,30.2,90.0,30.0,11,3,"['Red Blend', 'Sangiovese', 'Prugnolo Gentile']",Italy,Tuscany,['Vino Nobile di Montepulciano']
7137,Deinhard,86.0,8.0,86.0,8.0,1,1,['Riesling'],Germany,Mosel-Saar-Ruwer,[]
7138,Del Bondio,88.3,34.3,90.0,36.0,3,2,"['Cabernet Sauvignon', 'Red Blend']",US,California,"['Rutherford', 'Napa']"
7139,Del Carlo Winery,87.5,32.5,87.0,32.0,10,2,"['Zinfandel', 'Cabernet Sauvignon']",US,California,"['Dry Creek Valley', 'Sonoma']"
7140,Del Dotto,90.9,80.1,91.0,75.0,13,5,"['Sauvignon Blanc', 'Chardonnay', 'Syrah', 'Pinot Noir', 'Rosé']",US,California,"['Rutherford', 'Napa']"
7141,Del Fava Family,90.0,28.0,90.0,28.0,1,1,['Zinfandel'],US,California,"['Sonoma County', 'Sonoma']"
7142,Del Rio,85.0,26.0,85.0,28.0,55,12,"['Rosé', 'Merlot', 'Cabernet Sauvignon', 'Viognier', 'Pinot Noir', 'Cabernet Franc', 'Syrah', 'Pinot Gris', 'Claret', 'Chardonnay', 'Petite Syrah', 'Bordeaux-style Red Blend']",US,Oregon,"['Rogue Valley', 'Southern Oregon']"
7143,Delaforce,87.6,19.1,88.0,18.5,10,4,"['Touriga Nacional', 'Portuguese Red', 'Red Blend', 'Port']",Portugal,Douro,[]
7144,Delaforce,86.2,21.0,85.5,18.5,4,2,"['Alvarinho', 'Touriga Nacional-Cabernet Sauvignon']",Portugal,Duriense,[]
7145,Delaforce,88.1,29.7,88.0,23.0,10,1,['Port'],Portugal,Port,[]
7146,Delaire Graff,90.0,40.0,90.0,40.0,1,1,['White Blend'],South Africa,Coastal Region,[]
7147,Delaire Graff,93.0,,93.0,,1,1,['Chardonnay'],South Africa,Stellenbosch,[]
7148,Delaire Graff,88.0,,88.0,,1,1,['Chenin Blanc'],South Africa,Swartland,[]
7149,Delaire Graff,87.0,18.0,87.0,18.0,1,1,['Sauvignon Blanc'],South Africa,Western Cape,[]
7150,Delamotte,90.5,71.4,91.0,70.0,22,2,"['Chardonnay', 'Champagne Blend']",France,Champagne,['Champagne']
7151,Delaney Blue Vineyards,85.0,15.0,85.0,15.0,1,1,['Sauvignon Blanc'],US,California,"['Napa Valley', 'Napa']"
7152,Delas Frères,83.5,9.0,83.5,9.0,2,1,['Merlot'],France,Languedoc-Roussillon,"[""Vin de Pays d'Oc""]"
7153,Delas Frères,89.5,51.7,89.0,48.0,37,6,"['Rhône-style Red Blend', 'Syrah', 'Rhône-style White Blend', 'Marsanne', 'Red Blend', 'Viognier']",France,Rhône Valley,['Côtes du Rhône']
7154,Delatite,83.5,19.0,83.5,19.0,2,2,"['Gewürztraminer', 'Sauvignon Blanc']",Australia,Victoria,['Victoria']
7155,Delbeck,88.4,48.6,87.0,48.0,5,1,['Champagne Blend'],France,Champagne,['Champagne']
7156,Delea,83.0,38.0,83.0,38.0,1,1,['Merlot'],Switzerland,Ticino,[]
7157,Delea,86.0,19.0,86.0,19.0,1,1,['Merlot'],Switzerland,Vino da Tavola della Svizzera Italiana,[]
7158,Delectus,86.7,87.0,87.0,85.0,13,8,"['Red Blend', 'Sauvignon Blanc', 'Merlot', 'Syrah', 'Bordeaux-style Red Blend', 'Cabernet Sauvignon', 'Petite Sirah', 'Rosé']",US,California,"['Knights Valley', 'Sonoma']"
7159,Delfino,88.0,28.0,88.0,27.5,12,7,"['Cabernet Sauvignon', 'Tempranillo', 'Syrah', 'Dolcetto', 'Zinfandel', 'Cabernet Sauvignon-Merlot', 'Merlot']",US,Oregon,"['Umpqua Valley', 'Southern Oregon']"
7160,Delfosse,85.7,34.7,86.0,35.0,3,3,"['Meritage', 'Cabernet Sauvignon', 'Petit Verdot']",US,Virginia,['Monticello']
7161,Delgadillo,90.0,90.0,90.0,90.0,2,1,['Cabernet Sauvignon'],US,California,"['Napa Valley', 'Napa']"
7162,Delgado,91.0,31.0,91.0,31.0,2,2,"['Pinot Noir', 'Chardonnay']",US,California,"['Sonoma Coast', 'Sonoma']"
7163,Delgado Zuleta,87.4,17.0,87.0,16.0,9,2,"['Sherry', 'Pedro Ximénez']",Spain,Andalucia,['Manzanilla-Sanlúcar de Barrameda']
7164,Delheim,89.0,20.7,90.0,16.0,3,3,"['Pinotage', 'Sauvignon Blanc', 'Cabernet Sauvignon']",South Africa,Simonsberg-Stellenbosch,[]
7165,Delheim,88.0,,88.0,,1,1,['Cabernet Sauvignon'],South Africa,Stellenbosch,[]
7166,Delibori,86.8,31.0,87.0,30.5,6,1,['Red Blend'],Italy,Veneto,['Amarone della Valpolicella']
7167,Delicato,85.1,13.2,85.0,7.0,17,6,"['Shiraz', 'Pinot Grigio', 'Moscato', 'Cabernet Sauvignon', 'Merlot', 'Chardonnay']",US,California,"['California', 'California Other']"
7168,Delius,87.0,60.0,87.0,60.0,1,1,['Tempranillo Blend'],Spain,Northern Spain,['Rioja']
7169,Dell'Angelo,87.0,,87.0,,1,1,['Greco'],Italy,Southern Italy,['Greco di Tufo']
7170,Della,91.6,64.1,92.0,60.0,17,2,"['Pinot Noir', 'Chardonnay']",US,California,"['Sonoma Coast', 'Sonoma']"
7171,Delmas,85.0,12.0,85.0,12.0,1,1,['Sparkling Blend'],France,Languedoc-Roussillon,['Blanquette de Limoux']
7172,Delmas,93.5,65.0,93.5,65.0,2,1,['Syrah'],US,Oregon,"['Walla Walla Valley (OR)', 'Oregon Other']"
7173,Delmas,92.5,57.5,92.5,57.5,2,1,['Syrah'],US,Washington,"['Walla Walla Valley (WA)', 'Columbia Valley']"
7174,Delta Landing,83.0,15.0,83.0,15.0,1,1,['Zinfandel'],US,California,"['Lodi', 'Central Valley']"
7175,Delta Vineyard,86.8,21.7,86.5,20.5,6,2,"['Sauvignon Blanc', 'Pinot Noir']",New Zealand,Marlborough,[]
7176,Deltetto,89.3,38.6,89.0,42.5,11,2,"['Nebbiolo', 'Arneis']",Italy,Piedmont,['Roero']
7177,Demarie,87.0,37.1,87.0,40.0,15,5,"['Nebbiolo', 'Moscato', 'Brachetto', 'Barbera', 'Arneis']",Italy,Piedmont,['Roero']
7178,Demarjory,86.0,,87.0,,3,2,"['Champagne Blend', 'Pinot Noir']",France,Champagne,['Champagne']
7179,Demencia de Autor,91.0,65.0,91.0,65.0,1,1,['Mencía'],Spain,Northern Spain,['Bierzo']
7180,Demessey,86.0,28.3,84.0,23.0,3,2,"['Pinot Noir', 'Chardonnay']",France,Burgundy,['Santenay']
7181,Demetria,89.4,42.1,89.0,40.0,38,12,"['Pinot Noir', 'Syrah', 'Rosé', 'Rhône-style Red Blend', 'Mourvèdre', 'Chardonnay', 'Rhône-style White Blend', 'G-S-M', 'Viognier', 'Red Blend', 'Grenache', 'Syrah-Viognier']",US,California,"['Sta. Rita Hills', 'Central Coast']"
7182,Demimo,88.0,11.0,88.0,11.0,1,1,['Verdejo'],Spain,Northern Spain,['Rueda']
7183,Demière-Ansiot,92.0,127.0,92.0,127.0,1,1,['Chardonnay'],France,Champagne,['Champagne']
7184,Den Hoed,91.3,80.0,91.0,80.0,17,2,"['Red Blend', 'Cabernet Sauvignon']",US,Washington,"['Horse Heaven Hills', 'Columbia Valley']"
7185,Denario,85.8,18.0,86.5,17.0,6,2,"['Pinot Noir', 'Malbec']",Argentina,Other,['Patagonia']
7186,Denier-Handal,87.0,27.7,86.0,28.0,3,3,"['Petite Sirah', 'Rosé', 'Zinfandel']",US,California,"['Alexander Valley', 'Sonoma']"
7187,Denis Dutron,87.0,18.0,87.0,18.0,1,1,['Chardonnay'],France,Burgundy,['Mâcon-Fuissé']
7188,Denis Jamain,87.8,19.8,87.5,19.0,4,3,"['Sauvignon Blanc', 'Pinot Noir', 'Rosé']",France,Loire Valley,['Reuilly']
7189,Denis Jeandeau,89.0,47.0,88.0,45.0,3,1,['Chardonnay'],France,Burgundy,['Pouilly-Fuissé']
7190,Denis Père et Fils,90.5,31.0,90.5,31.0,2,1,['Pinot Noir'],France,Burgundy,['Savigny-lès-Beaune']
7191,Dennen,88.0,30.0,88.0,30.0,1,1,['Sparkling Blend'],US,California,"['North Coast', 'North Coast']"
7192,Denner,85.5,46.0,85.5,46.0,2,2,"['Rhône-style Red Blend', 'Grenache']",US,California,"['Paso Robles', 'Central Coast']"
7193,Deovlet,90.0,45.0,90.0,45.0,1,1,['Pinot Noir'],US,California,"['Sta. Rita Hills', 'Central Coast']"
7194,Derbes,84.7,41.0,85.0,40.0,3,2,"['Chardonnay', 'Pinot Noir']",US,California,"['Carneros', 'Napa-Sonoma']"
7195,Derby,88.3,30.3,88.0,30.0,27,12,"['Red Blend', 'Pinot Noir', 'Petite Sirah', 'Rhône-style White Blend', 'Pinot Gris', 'Syrah', 'Rhône-style Red Blend', 'Sparkling Blend', 'Rosé', 'Bordeaux-style Red Blend', 'Albariño', 'White Blend']",US,California,"['Paso Robles', 'Central Coast']"
7196,Derey Frères,86.2,34.2,86.0,35.0,5,1,['Pinot Noir'],France,Burgundy,['Fixin']
7197,Dergi,89.0,18.0,89.0,18.0,1,1,['Rkatsiteli'],Georgia,Kakheti,[]
7198,Des Amis,87.5,20.0,87.5,20.0,2,1,['Rosé'],US,California,"['Napa Valley', 'Napa']"
7199,Des Voigne,88.0,26.4,88.0,26.0,5,4,"['Syrah', 'Merlot', 'Sangiovese', 'Red Blend']",US,Washington,"['Columbia Valley (WA)', 'Columbia Valley']"
7200,Des Voigne Cellars,87.2,28.6,87.5,30.0,8,5,"['Red Blend', 'Bordeaux-style Red Blend', 'Syrah', 'Merlot', 'Sangiovese']",US,Washington,"['Columbia Valley (WA)', 'Columbia Valley']"
7201,Descendientes de J. Palacios,92.0,47.0,92.0,45.0,7,1,['Mencía'],Spain,Northern Spain,['Bierzo']
7202,Desert Wind,83.9,18.4,84.0,15.0,25,11,"['Red Blend', 'Chardonnay', 'Viognier', 'Cabernet Sauvignon', 'Merlot', 'Riesling', 'Sémillon', 'Syrah', 'Barbera', 'Malbec', 'Bordeaux-style Red Blend']",US,Washington,"['Wahluke Slope', 'Columbia Valley']"
7203,Desiderius Pongrácz,88.0,20.0,88.0,20.0,1,1,['Champagne Blend'],South Africa,Western Cape,[]
7204,Desire,90.0,17.0,90.0,17.0,1,1,['Gewürztraminer'],Germany,Rheinhessen,[]
7205,Desmond,85.5,38.0,85.5,38.0,2,1,['Pinot Noir'],US,California,"['Russian River Valley', 'Sonoma']"
7206,Desmonta,87.0,,87.0,,1,1,['Merlot'],Italy,Veneto,['Arcole']
7207,Desolation Flats,84.0,17.0,84.0,17.0,1,1,['Cabernet Sauvignon'],US,California,"['San Lucas', 'Central Coast']"
7208,Despagne,85.0,10.0,85.0,10.0,1,1,['Bordeaux-style White Blend'],France,Bordeaux,['Bordeaux Blanc']
7209,Desperate Red,84.0,20.0,84.0,20.0,1,1,['Cabernet Sauvignon'],US,California,"['Napa Valley', 'Napa']"
7210,Desperate White,87.0,20.0,87.0,20.0,1,1,['Sauvignon Blanc'],US,California,"['Alexander Valley', 'Sonoma']"
7211,Despierta,82.7,7.0,83.0,7.0,3,3,"['Rosé', 'Verdejo', 'Chardonnay']",Spain,Central Spain,['La Mancha']
7212,Dessilani,88.0,40.3,88.5,46.0,6,2,"['Nebbiolo', 'Red Blend']",Italy,Piedmont,['Colline Novaresi']
7213,Destello,85.0,14.0,85.0,14.0,2,1,['Sparkling Blend'],Spain,Catalonia,['Penedès']
7214,Destro,89.9,36.0,91.0,29.0,7,2,"['Nerello Mascalese', 'White Blend']",Italy,Sicily & Sardinia,['Etna']
7215,Detert Family Vineyards,92.0,40.0,92.0,40.0,2,2,"['Cabernet Sauvignon', 'Cabernet Franc']",US,California,"['Oakville', 'Napa']"
7216,Deuce,86.0,40.0,86.0,40.0,1,1,['Syrah'],US,Washington,"['Walla Walla Valley (WA)', 'Columbia Valley']"
7217,Deumayen,85.0,24.0,85.0,24.0,2,1,['Malbec'],Argentina,Mendoza Province,['Mendoza']
7218,Deutz,92.2,103.7,93.0,78.5,49,2,"['Chardonnay', 'Champagne Blend']",France,Champagne,['Champagne']
7219,Deux Amis,86.0,19.0,86.0,19.0,1,1,['Zinfandel'],US,California,"['Sonoma County', 'Sonoma']"
7220,Deux C,88.0,50.0,88.0,50.0,1,1,['Viognier'],US-France,Santa Barbara County-Condrieu,[]
7221,Devaux,89.7,51.1,90.0,49.0,9,2,"['Champagne Blend', 'Pinot Noir']",France,Champagne,['Champagne']
7222,Devil Proof,94.3,118.3,94.0,125.0,3,1,['Malbec'],US,California,"['Alexander Valley', 'Sonoma']"
7223,Devil's Advocate,86.0,22.0,86.0,22.0,1,1,['Red Blend'],US,California,"['Paso Robles', 'Central Coast']"
7224,Devil's Lair,85.8,18.0,86.5,17.5,4,3,"['Cabernet Sauvignon-Merlot', 'Red Blend', 'Bordeaux-style Red Blend']",Australia,Western Australia,['Margaret River']
7225,Devil's Marbles,85.0,10.0,85.0,10.0,1,1,['Shiraz'],Australia,South Australia,['Limestone Coast']
7226,Devium,90.0,34.0,90.0,34.0,1,1,['Rhône-style Red Blend'],US,Washington,"['Yakima Valley', 'Columbia Valley']"
7227,Devona,91.0,50.0,91.0,50.0,2,1,['Pinot Noir'],US,Oregon,"['Oregon', 'Oregon Other']"
7228,Devorah Creek,85.0,29.0,85.0,29.0,1,1,['Pinot Noir'],US,Oregon,"['Oregon', 'Oregon Other']"
7229,Dewitt,87.2,34.5,88.0,39.0,4,1,['Cabernet Sauvignon'],US,California,"['Alexander Valley', 'Sonoma']"
7230,Dexter,92.0,50.0,92.0,50.0,1,1,['Pinot Noir'],Australia,Victoria,['Mornington Peninsula']
7231,Dezzani,86.6,20.7,87.0,19.0,8,3,"['Barbera', 'Moscato', 'Nebbiolo']",Italy,Piedmont,"[""Barbera d'Asti Superiore""]"
7232,Di Arie,87.7,27.4,87.0,30.0,13,8,"['Petite Sirah', 'Red Blend', 'Barbera', 'Zinfandel', 'Tempranillo', 'Syrah', 'Sauvignon Blanc', 'Cabernet Sauvignon']",US,California,"['Shenandoah Valley (CA)', 'Sierra Foothills']"
7233,Di Bruno,92.0,24.0,92.0,24.0,1,1,['Pinot Grigio'],US,California,"['Santa Barbara County', 'Central Coast']"
7234,Di Filippo,89.1,33.4,89.5,35.0,8,3,"['Sagrantino', 'Red Blend', 'Trebbiano Spoletino']",Italy,Central Italy,['Sagrantino di Montefalco']
7235,Di Filippo Sallustio,84.0,,84.0,,1,1,['Red Blend'],Italy,Central Italy,['Montefalco Rosso']
7236,Di Fronzo,87.0,42.0,87.0,42.0,1,1,['Syrah'],US,California,"['Arroyo Grande Valley', 'Central Coast']"
7237,Di Giorgio Family Wines,88.8,21.0,89.0,21.0,6,3,"['Cabernet Sauvignon', 'Chardonnay', 'Shiraz']",Australia,South Australia,['Limestone Coast']
7238,Di Giovanna,85.4,18.6,86.0,18.0,16,9,"['Nerello Mascalese', 'Grillo', 'Grecanico', 'Viognier', 'Syrah', 'Red Blend', 'Cabernet Franc', 'White Blend', ""Nero d'Avola""]",Italy,Sicily & Sardinia,['Terre Siciliane']
7239,Di Lenardo,85.8,10.0,86.0,10.0,12,6,"['Pinot Grigio', 'Sauvignon', 'Friulano', 'Pinot Bianco', 'Sauvignon Blanc', 'Chardonnay']",Italy,Northeastern Italy,['Venezia Giulia']
7240,Di Majo Norante,88.6,17.2,88.0,17.0,18,6,"['Cabernet', 'Red Blend', 'Moscato', 'Sangiovese', 'Aglianico', 'White Blend']",Italy,Southern Italy,['Terra degli Osci']
7241,Di Meo,89.0,37.1,89.0,27.5,32,6,"['Greco', 'Fiano', 'Falanghina', 'Aglianico', 'Red Blend', 'Coda di Volpe']",Italy,Southern Italy,['Greco di Tufo']
7242,Di Prima,86.0,17.5,86.0,17.5,2,2,"['White Blend', 'Merlot']",Italy,Sicily & Sardinia,['Sicilia']
7243,Di Stefano,87.1,22.9,87.0,25.0,9,6,"['Viognier', 'Cabernet Sauvignon', 'Sauvignon Blanc', 'Cabernet Franc', 'Merlot', 'Red Blend']",US,Washington,"['Columbia Valley (WA)', 'Columbia Valley']"
7244,DiStefano,87.3,29.3,87.0,25.0,25,10,"['Sémillon', 'Sauvignon Blanc', 'Red Blend', 'Meritage', 'Syrah', 'Bordeaux-style Red Blend', 'Cabernet Franc', 'Cabernet Sauvignon', 'Rhône-style Red Blend', 'Carmenère']",US,Washington,"['Columbia Valley (WA)', 'Columbia Valley']"
7245,Diablita,85.5,17.0,85.5,17.0,2,2,"['Zinfandel', 'Red Blend']",US,California,"['Sonoma County', 'Sonoma']"
7246,Diablo de Uco,86.5,13.0,86.5,13.0,2,2,"['Malbec', 'Cabernet Sauvignon']",Argentina,Mendoza Province,['Mendoza']
7247,Diadema,89.0,73.3,89.0,65.0,11,2,"['Red Blend', 'White Blend']",Italy,Tuscany,['Toscana']
7248,DiamAndes,86.6,20.4,85.0,20.0,13,6,"['Malbec-Cabernet Sauvignon', 'Viognier', 'Chardonnay', 'Malbec', 'Malbec-Syrah', 'Red Blend']",Argentina,Mendoza Province,['Mendoza']
7249,Diamond Creek,93.6,194.6,94.0,200.0,23,1,['Cabernet Sauvignon'],US,California,"['Napa Valley', 'Napa']"
7250,Diamond Oaks de Maniar,83.0,27.0,83.0,27.0,2,1,['Merlot'],US,California,"['Carneros', 'Napa-Sonoma']"
7251,Diamond Ridge,81.0,8.0,81.0,8.0,1,1,['Shiraz'],Australia,Australia Other,['South Eastern Australia']
7252,Diamond Ridge Vineyards,85.4,18.8,85.0,18.0,5,4,"['Cabernet Franc', 'Red Blend', 'Rosé', 'Petite Sirah']",US,California,"['Lake County', 'Mendocino/Lake Counties']"
7253,Diamond River,84.5,10.0,84.5,10.0,2,2,"['Sauvignon Blanc', 'Cabernet Sauvignon']",South Africa,Lutzville Valley,[]
7254,Diamond River,87.0,10.0,87.0,10.0,1,1,['Shiraz'],South Africa,Olifants River,[]
7255,Diamond Springs Vineyard,90.0,40.0,90.0,40.0,1,1,['Cabernet Sauvignon'],US,California,"['El Dorado', 'Sierra Foothills']"
7256,Diamond Terrace,92.5,65.0,92.5,65.0,2,1,['Cabernet Sauvignon'],US,California,"['Diamond Mountain District', 'Napa']"
7257,Diatom,92.6,42.0,93.0,42.0,7,1,['Chardonnay'],US,California,"['Sta. Rita Hills', 'Central Coast']"
7258,Diaz Bayo,87.0,27.0,87.0,27.0,1,1,['Tempranillo'],Spain,Northern Spain,['Ribera del Duero']
7259,Dibon,85.7,11.3,86.0,10.0,3,1,['Sparkling Blend'],Spain,Catalonia,['Cava']
7260,Dichotomy,91.0,32.0,91.0,32.0,1,1,['Pinot Noir'],US,California,"['Russian River Valley', 'Sonoma']"
7261,Didier Dagueneau,91.3,55.3,91.0,60.0,3,1,['Sauvignon Blanc'],France,Loire Valley,['Pouilly-Fumé']
7262,Didier Montchovet,82.0,29.0,82.0,29.0,1,1,['Pinot Noir'],France,Burgundy,['Bourgogne']
7263,Diego Conterno,88.2,50.7,87.5,50.0,4,1,['Nebbiolo'],Italy,Piedmont,['Barolo']
7264,Diego Finocchi,88.0,25.0,88.0,25.0,1,1,['Red Blend'],Italy,Tuscany,['Chianti Classico']
7265,Diemersdal,87.8,25.5,88.5,24.5,4,3,"['Pinotage', 'Sauvignon Blanc', 'Shiraz']",South Africa,Durbanville,[]
7266,Diemersfontein,90.0,21.8,90.0,21.0,4,2,"['Pinotage', 'Viognier']",South Africa,Wellington,[]
7267,Dierberg,89.5,38.7,90.0,37.0,30,3,"['Pinot Noir', 'Syrah', 'Chardonnay']",US,California,"['Santa Maria Valley', 'Central Coast']"
7268,Dieter Meier,87.0,37.0,87.0,37.0,1,1,['Bordeaux-style Red Blend'],Argentina,Mendoza Province,['Mendoza']
7269,Dieu Donne,86.5,16.5,86.5,16.5,2,2,"['Sauvignon Blanc', 'Merlot']",South Africa,Franschhoek,[]
7270,Dievole,89.1,34.6,88.5,35.0,8,1,['Sangiovese'],Italy,Tuscany,['Chianti Classico']
7271,Diez Llorente,86.0,27.0,86.0,27.0,2,1,['Tinto del Pais'],Spain,Northern Spain,['Ribera del Duero']
7272,Diez-Caballero,83.0,19.0,83.0,19.0,1,1,['Tempranillo'],Spain,Northern Spain,['Rioja']
7273,Digby Fine English,89.3,63.0,89.0,61.0,3,1,['Sparkling Blend'],England,England,[]
7274,Digi Or,83.5,20.0,84.0,20.0,4,4,"['Falanghina', 'Coda di Volpe', 'Red Blend', 'Piedirosso']",Italy,Southern Italy,['Campania']
7275,Dilao,87.0,14.5,87.0,14.5,2,2,"['Saperavi', 'White Blend']",Georgia,Kakheti,[]
7276,Dilecta,89.7,48.0,91.5,46.0,6,5,"['Grenache-Syrah', 'Rhône-style Red Blend', 'Syrah', 'G-S-M', 'Syrah-Mourvèdre']",US,California,"['Paso Robles', 'Central Coast']"
7277,Diliberto,86.2,22.8,87.0,22.0,5,4,"['Bordeaux-style Red Blend', 'Chardonnay', 'Merlot-Cabernet Franc', 'Merlot']",US,New York,"['North Fork of Long Island', 'Long Island']"
7278,Dillon,85.4,22.2,85.5,23.0,8,1,['Chardonnay'],US,California,"['Yountville', 'Napa']"
7279,Dimitra,87.0,12.5,87.0,12.5,2,2,"['Cabernet Sauvignon-Merlot', 'White Blend']",Greece,Messinia,[]
7280,Dinastía Vivanco,87.3,60.1,87.0,80.0,27,10,"['Red Blend', 'Rosé', 'White Blend', 'Viura', 'Tempranillo Blend', 'Tempranillo', 'Mazuelo', 'Graciano', 'Garnacha', 'Maturana']",Spain,Northern Spain,['Rioja']
7281,Dingac Winery,89.0,13.0,89.0,13.0,1,1,['Plavac Mali'],Croatia,Peljesac,[]
7282,Dingač Winery,86.0,12.0,86.0,12.0,1,1,['Plavac Mali'],Croatia,Peljesac,[]
7283,Dinstlgut Loiben,89.0,,89.0,,1,1,['Riesling'],Austria,Kremstal,[]
7284,Dinstlgut Loiben,89.7,,88.0,,3,2,"['Riesling', 'Grüner Veltliner']",Austria,Wachau,[]
7285,Dion,88.7,31.3,87.0,25.0,9,2,"['Pinot Noir', 'Chardonnay']",US,Oregon,"['Chehalem Mountains', 'Willamette Valley']"
7286,Dionigi,89.5,20.0,89.5,20.0,2,2,"['Sagrantino', 'Red Blend']",Italy,Central Italy,['Sagrantino di Montefalco']
7287,Dionysos,84.0,11.0,84.0,11.0,1,1,['Red Blend'],Greece,Greece,[]
7288,Dionysos,93.0,16.0,93.0,16.0,1,1,['Moschofilero'],Greece,Mantinia,[]
7289,Dionysos,84.0,18.0,84.0,18.0,1,1,['White Blend'],Greece,Peloponnese,[]
7290,Diora,91.5,29.2,91.5,30.0,6,2,"['Pinot Noir', 'Red Blend']",US,California,"['Monterey', 'Central Coast']"
7291,Dios Ares,86.7,20.7,87.0,21.0,3,2,"['Tempranillo', 'Tempranillo Blend']",Spain,Northern Spain,['Rioja']
7292,Director's Cut,85.4,27.2,85.0,27.0,5,3,"['Zinfandel', 'Pinot Noir', 'Chardonnay']",US,California,"['Sonoma County', 'Sonoma']"
7293,Direder,87.5,13.0,87.5,13.0,2,1,['Grüner Veltliner'],Austria,Wagram,[]
7294,Diren,86.7,15.0,87.0,14.0,3,2,"['Okuzgozu', 'Red Blend']",Turkey,Turkey,[]
7295,Dirler-Cadé,88.2,18.3,88.5,16.0,4,4,"['Pinot Blanc', 'Gewürztraminer', 'White Blend', 'Riesling']",France,Alsace,['Alsace']
7296,Dirupi,91.3,69.3,91.0,70.0,3,1,['Nebbiolo'],Italy,Lombardy,['Valtellina Superiore']
7297,Discoveries,83.6,10.0,84.0,10.0,9,6,"['Pinot Grigio', 'Moscato', 'Chardonnay', 'Cabernet Sauvignon', 'Petite Sirah', 'Merlot']",US,California,"['California', 'California Other']"
7298,Discovery,87.0,15.0,87.0,15.0,1,1,['Sauvignon Blanc'],New Zealand,East Coast,[]
7299,Discovery,87.0,15.0,87.0,15.0,2,1,['Sauvignon Blanc'],New Zealand,Marlborough,[]
7300,Discreto,86.0,14.0,86.0,14.0,1,1,['Red Blend'],Chile,Sagrada Familia,[]
7301,Diseño,84.0,11.0,84.0,11.0,2,1,['Malbec'],Argentina,Mendoza Province,['Mendoza']
7302,Disruption,88.7,14.3,89.0,15.0,3,3,"['Cabernet Sauvignon', 'Red Blend', 'Chardonnay']",US,Washington,"['Washington', 'Washington Other']"
7303,Dissident,83.0,10.0,83.0,10.0,1,1,['Red Blend'],Chile,Curicó Valley,[]
7304,District,86.0,30.0,86.0,30.0,1,1,['Merlot'],US,California,"['Oakville', 'Napa']"
7305,District 7 Wines,90.0,20.0,90.0,20.0,1,1,['Cabernet Sauvignon'],US,California,"['Monterey County', 'Central Coast']"
7306,Disznókö,87.0,32.5,87.0,32.5,2,2,"['Tokaji', 'Furmint']",Hungary,Tokaj,[]
7307,Disznókö,90.9,43.1,91.0,33.0,7,2,"['Furmint', 'Tokaji']",Hungary,Tokaji,[]
7308,Dits del Terra,89.0,125.0,89.0,125.0,1,1,['Red Blend'],Spain,Catalonia,['Priorat']
7309,Diversion,86.4,16.1,87.0,17.0,9,5,"['Cabernet Sauvignon', 'Merlot', 'Chardonnay', 'Red Blend', 'Riesling']",US,Washington,"['Columbia Valley (WA)', 'Columbia Valley']"
7310,Divine Llama,82.0,18.0,82.0,18.0,1,1,['Red Blend'],US,North Carolina,['Yadkin Valley']
7311,Division,87.0,27.0,87.0,27.0,2,1,['Gamay Noir'],US,Oregon,"['Eola-Amity Hills', 'Willamette Valley']"
7312,Diví Elegància,89.0,18.0,89.0,18.0,2,2,"['White Blend', 'Red Blend']",France,Languedoc-Roussillon,['Rivesaltes']
7313,Diwald,90.0,21.5,90.0,20.5,4,3,"['Grüner Veltliner', 'Zweigelt', 'Riesling']",Austria,Wagram,[]
7314,Dixie Flyer Vineyards,84.0,10.0,84.0,10.0,1,1,['Cabernet Sauvignon'],US,California,"['Paso Robles', 'Central Coast']"
7315,Dixon's Peak,86.0,13.0,86.0,13.0,1,1,['Cabernet Sauvignon-Merlot'],South Africa,Coastal Region,[]
7316,Do Ferreiro,89.0,27.0,89.0,26.0,5,2,"['Albariño', 'White Blend']",Spain,Galicia,['Rías Baixas']
7317,Dobbes Family Estate,88.5,41.8,88.0,42.5,22,5,"['Pinot Noir', 'Viognier', 'Syrah', 'Grenache Blanc', 'Chardonnay']",US,Oregon,"['Willamette Valley', 'Willamette Valley']"
7318,Dobbin Lane Wines,82.0,8.0,82.0,8.0,1,1,['Cabernet Sauvignon'],US,California,"['Central Coast', 'Central Coast']"
7319,Dobogó,90.0,36.0,90.0,36.0,2,1,['Furmint'],Hungary,Tokaj,[]
7320,Dobogó,91.0,64.2,90.5,61.5,6,2,"['Tokaji', 'Furmint']",Hungary,Tokaji,[]
7321,Doce Robles,84.0,29.5,84.0,29.5,2,2,"['Syrah-Cabernet', 'Bordeaux-style Red Blend']",US,California,"['Paso Robles', 'Central Coast']"
7322,Dog House,83.7,10.0,84.0,10.0,3,3,"['Chardonnay', 'Merlot', 'Cabernet Sauvignon']",US,California,"['California', 'California Other']"
7323,Dog Point,90.2,35.5,90.0,38.0,13,3,"['Sauvignon Blanc', 'Pinot Noir', 'Chardonnay']",New Zealand,Marlborough,[]
7324,Dog Tail,84.3,9.0,84.5,9.0,6,5,"['Chardonnay', 'White Blend', 'Merlot', 'Cabernet Sauvignon', 'Red Blend']",US,California,"['California', 'California Other']"
7325,Doga delle Clavule,86.0,15.0,86.0,15.0,1,1,['Red Blend'],Italy,Tuscany,['Morellino di Scansano']
7326,Dogarina,85.7,17.3,86.0,16.0,3,3,"['Glera', 'Pinot Grigio', 'Manzoni']",Italy,Veneto,['Prosecco']
7327,Dogliotti 1870,86.5,13.0,86.5,13.0,2,2,"['Barbera', 'Moscato']",Italy,Piedmont,"[""Barbera d'Asti""]"
7328,Dogwood,86.4,32.8,86.5,32.0,22,9,"['Meritage', 'Cabernet Sauvignon', 'Syrah', 'Sauvignon Blanc', 'Chardonnay', 'Red Blend', 'Zinfandel', 'Bordeaux-style Red Blend', 'Pinot Noir']",US,California,"['Mendocino', 'Mendocino/Lake Counties']"
7329,Dois Irmãos,89.3,38.3,90.0,35.0,3,2,"['Pinot Noir', 'Chardonnay']",US,Oregon,"['Willamette Valley', 'Willamette Valley']"
7330,Dolce,94.5,80.6,95.5,82.5,8,2,"['Semillon-Sauvignon Blanc', 'White Blend']",US,California,"['Napa Valley', 'Napa']"
7331,Dolce Stefania,86.0,14.2,86.0,15.0,5,2,"['Bonarda', 'Malbec']",Argentina,Mendoza Province,['Mendoza']
7332,Dolin,90.5,39.2,90.5,39.0,10,3,"['Pinot Noir', 'Chardonnay', 'Bordeaux-style Red Blend']",US,California,"['Central Coast', 'Central Coast']"
7333,Dolina,91.0,29.3,92.0,30.0,3,1,['Pinot Noir'],US,California,"['Sta. Rita Hills', 'Central Coast']"
7334,Dolmo,87.0,10.0,87.0,10.0,1,1,['Tempranillo'],Spain,Northern Spain,['Ribera del Duero']
7335,Dom Bardo,87.5,16.5,87.5,16.5,2,1,['Albariño'],Spain,Galicia,['Rías Baixas']
7336,Dom Caudron,89.6,63.0,90.0,60.0,5,2,"['Pinot Meunier', 'Champagne Blend']",France,Champagne,['Champagne']
7337,Dom Ponciano,88.0,,88.0,,1,1,['Alvarinho'],Portugal,Vinho Verde,[]
7338,Domados,83.0,12.0,83.0,12.0,1,1,['Cabernet Sauvignon'],Argentina,Mendoza Province,['Mendoza']
7339,Domaine A. Cailbourdin,88.6,22.2,88.0,22.0,11,1,['Sauvignon Blanc'],France,Loire Valley,['Pouilly-Fumé']
7340,Domaine A. Machard de Gramont,88.4,51.8,88.5,54.0,14,2,"['Pinot Noir', 'Chardonnay']",France,Burgundy,['Pommard']
7341,Domaine Adèle Rouzé,88.5,19.5,88.5,19.5,2,1,['Sauvignon Blanc'],France,Loire Valley,['Quincy']
7342,Domaine Alain Assadet,86.5,21.0,86.5,21.0,2,2,"['Sauvignon Blanc', 'Pinot Noir']",France,Loire Valley,['Menetou-Salon']
7343,Domaine Alain Jeanniard,88.0,,88.0,,1,1,['Pinot Noir'],France,Burgundy,['Fixin']
7344,Domaine Alban Roblin,85.0,23.0,85.0,22.0,3,3,"['Pinot Noir', 'Rosé', 'Sauvignon Blanc']",France,Loire Valley,['Sancerre']
7345,Domaine Albert Mann,89.6,26.3,90.0,26.0,17,6,"['Riesling', 'Pinot Noir', 'Pinot Gris', 'Pinot Blanc', 'Sparkling Blend', 'Gewürztraminer']",France,Alsace,['Alsace']
7346,Domaine Alfred,87.7,29.0,88.0,24.0,31,8,"['Syrah', 'Chardonnay', 'Pinot Gris', 'Red Blend', 'Pinot Noir', 'Rosé', 'Port', 'Grenache']",US,California,"['Edna Valley', 'Central Coast']"
7347,Domaine Allimant-Laugner,87.7,22.8,87.0,20.0,13,6,"['Riesling', 'Sparkling Blend', 'Pinot Blanc', 'Pinot Noir', 'Gewürztraminer', 'Pinot Gris']",France,Alsace,['Alsace']
7348,Domaine Alzitana,88.0,20.0,88.0,20.0,1,1,['Rosé'],France,France Other,['Corse']
7349,Domaine Amirault,90.6,29.0,91.0,27.0,5,3,"['Cabernet Franc', 'Chenin Blanc', 'Sparkling Blend']",France,Loire Valley,['Saint-Nicolas-de-Bourgueil']
7350,Domaine Anderson,90.8,51.6,91.0,52.5,12,2,"['Chardonnay', 'Pinot Noir']",US,California,"['Anderson Valley', 'Mendocino/Lake Counties']"
7351,Domaine Andre Brunel,88.0,10.0,88.0,10.0,1,1,['Rhône-style Red Blend'],France,Rhône Valley,['Côtes du Rhône']
7352,Domaine André Bonhomme,87.3,22.3,88.0,23.0,3,1,['Chardonnay'],France,Burgundy,['Viré-Clessé']
7353,Domaine André Collonge,89.0,15.0,89.0,15.0,1,1,['Gamay'],France,Beaujolais,['Beaujolais-Villages']
7354,Domaine André Colonge,85.7,14.0,85.0,14.0,3,1,['Gamay'],France,Beaujolais,['Beaujolais']
7355,Domaine Anne Gros,91.8,,91.5,,4,1,['Pinot Noir'],France,Burgundy,['Bourgogne']
7356,Domaine Ansen,88.0,45.0,88.0,45.0,1,1,['Sparkling Blend'],France,Alsace,"[""Crémant d'Alsace""]"
7357,Domaine Antonin Guyon,90.5,74.3,91.0,65.0,4,2,"['Pinot Noir', 'Chardonnay']",France,Burgundy,['Savigny-lès-Beaune']
7358,Domaine Arnoux Père et Fils,92.0,72.0,93.0,55.0,7,1,['Pinot Noir'],France,Burgundy,['Chorey-lès-Beaune']
7359,Domaine Auchère,84.0,21.0,84.0,21.0,1,1,['Sauvignon Blanc'],France,Loire Valley,['Sancerre']
7360,Domaine Aucoeur,86.0,,86.0,,1,1,['Gamay'],France,Beaujolais,['Morgon']
7361,Domaine Bachey-Legros,88.0,25.0,88.0,25.0,1,1,['Pinot Noir'],France,Burgundy,['Santenay']
7362,Domaine Bahourat,89.0,12.0,89.0,12.0,1,1,['Rhône-style Red Blend'],France,Rhône Valley,['Costières de Nîmes']
7363,Domaine Baptiste Boutes,85.0,15.0,85.0,15.0,1,1,['Rhône-style Red Blend'],France,Languedoc-Roussillon,['Minervois']
7364,Domaine Barcelo,86.0,10.0,86.0,10.0,1,1,['Rosé'],France,France Other,['Ile de Beauté']
7365,Domaine Barmès-Buecher,91.6,41.1,92.0,35.5,46,8,"['Sylvaner', 'Pinot Noir', 'Gewürztraminer', 'Riesling', 'Pinot Blanc', 'Muscat', 'Pinot Gris', 'Sparkling Blend']",France,Alsace,['Alsace']
7366,Domaine Baron de l'Ecluse,90.3,25.3,91.0,25.0,3,1,['Gamay'],France,Beaujolais,['Côte de Brouilly']
7367,Domaine Barraud,89.0,28.0,89.0,28.0,1,1,['Chardonnay'],France,Burgundy,['Pouilly-Fuissé']
7368,Domaine Bart,89.0,,89.0,,3,1,['Pinot Noir'],France,Burgundy,['Marsannay']
7369,Domaine Beausejour,84.0,15.0,84.0,15.0,1,1,['Sauvignon Blanc'],France,Loire Valley,['Touraine']
7370,Domaine Beauséjour,88.0,,88.0,,1,1,['Sauvignon Blanc'],France,Loire Valley,['Touraine']
7371,Domaine Becquet,87.0,22.0,87.0,22.0,1,1,['Cabernet Sauvignon-Shiraz'],US,California,"['Lodi', 'Central Valley']"
7372,Domaine Begude,87.0,20.0,87.0,20.0,3,2,"['Chardonnay', 'Sauvignon Blanc']",France,Languedoc-Roussillon,['Limoux']
7373,Domaine Belland,87.5,34.5,87.5,34.5,2,2,"['Chardonnay', 'Pinot Noir']",France,Burgundy,['Santenay']
7374,Domaine Belle,88.5,42.3,87.5,29.5,6,3,"['Syrah', 'Rhône-style White Blend', 'Marsanne']",France,Rhône Valley,['Crozes-Hermitage']
7375,Domaine Bellegarde,89.7,23.5,90.0,23.5,3,2,"['Petit Manseng', 'Gros Manseng']",France,Southwest France,['Jurançon']
7376,Domaine Benoît & Mathieu Fleuriet,89.3,27.7,89.0,25.0,3,1,['Sauvignon Blanc'],France,Loire Valley,['Menetou-Salon']
7377,Domaine Bernard Fleuriet et Fils,92.6,46.0,93.0,40.0,5,2,"['Pinot Noir', 'Sauvignon Blanc']",France,Loire Valley,['Sancerre']
7378,Domaine Bernard Millot,87.0,,87.0,,1,1,['Chardonnay'],France,Burgundy,['Bourgogne']
7379,Domaine Bernard Moreau,87.0,18.0,87.0,18.0,1,1,['Chardonnay'],France,Burgundy,['Bourgogne']
7380,Domaine Bernard Moreau et Fils,89.9,69.2,91.0,70.0,7,1,['Chardonnay'],France,Burgundy,['Bourgogne']
7381,Domaine Bernhard & Reibel,88.7,37.9,89.0,29.0,14,3,"['Riesling', 'Gewürztraminer', 'Pinot Gris']",France,Alsace,['Alsace']
7382,Domaine Berrien,87.0,20.0,87.0,20.0,1,1,['Syrah'],US,Michigan,['Lake Michigan Shore']
7383,Domaine Berrod,88.0,12.0,88.0,12.0,1,1,['Gamay'],France,Beaujolais,['Beaujolais-Villages']
7384,Domaine Bertagna,90.9,132.1,91.0,113.0,9,2,"['Pinot Noir', 'Chardonnay']",France,Burgundy,['Côte de Nuits-Villages']
7385,Domaine Berthet-Bondet,89.2,52.2,88.0,45.0,4,3,"['Savagnin', 'Chardonnay', 'White Blend']",France,France Other,['Château-Chalon']
7386,Domaine Berthoumieu,89.0,,89.0,,1,1,['Tannat'],France,France Other,['Vin de Liqueur']
7387,Domaine Berthoumieu,91.6,24.4,93.0,25.0,9,5,"['Tannat', 'Petit Manseng', 'White Blend', 'Red Blend', 'Tannat-Cabernet']",France,Southwest France,['Madiran']
7388,Domaine Bertrand,88.4,20.4,88.0,22.0,5,1,['Gamay'],France,Beaujolais,['Brouilly']
7389,Domaine Billaud-Simon,90.8,70.7,93.0,57.0,5,1,['Chardonnay'],France,Burgundy,['Chablis']
7390,Domaine Borgnat,86.3,24.0,86.0,24.0,3,1,['Pinot Noir'],France,Burgundy,['Crémant de Bourgogne']
7391,Domaine Borie de Maurel,89.0,8.0,89.0,8.0,1,1,['Syrah'],France,Languedoc-Roussillon,['Minervois']
7392,Domaine Bott-Geyl,91.3,30.4,91.5,29.5,32,8,"['Pinot Noir', 'Riesling', 'Pinot Gris', 'Gewürztraminer', 'Pinot Blanc', 'Alsace white blend', 'White Blend', 'Sparkling Blend']",France,Alsace,['Alsace']
7393,Domaine Bousquet,86.6,18.1,86.0,16.0,23,8,"['Cabernet Sauvignon', 'Pinot Gris', 'Malbec', 'Chardonnay', 'Sauvignon Blanc', 'White Blend', 'Red Blend', 'Pinot Noir']",Argentina,Mendoza Province,['Tupungato']
7394,Domaine Boyar,89.0,20.0,89.0,20.0,1,1,['Chardonnay'],Bulgaria,Danube River Plains,[]
7395,Domaine Boyar,85.0,8.0,85.0,8.0,1,1,['Cabernet Sauvignon'],Bulgaria,Sliven,[]
7396,Domaine Boyar,87.6,11.3,87.0,11.0,9,5,"['Cabernet Sauvignon', 'Mavrud', 'Traminer', 'Merlot', 'Muscat']",Bulgaria,Thracian Valley,[]
7397,Domaine Bru-Baché,90.0,45.8,90.0,27.5,6,3,"['Gros Manseng', 'Petit Manseng', 'Gros and Petit Manseng']",France,Southwest France,['Jurançon Sec']
7398,Domaine Brunet,86.0,15.0,86.0,15.0,1,1,['Malbec'],France,Southwest France,['Cahors']
7399,Domaine Bruno Clair,91.9,281.0,92.0,281.0,18,3,"['Pinot Noir', 'Chardonnay', 'Chardonnay-Pinot Blanc']",France,Burgundy,['Marsannay']
7400,Domaine Bruno Colin,90.7,,92.0,,3,1,['Chardonnay'],France,Burgundy,['Chassagne-Montrachet']
7401,Domaine Brusset,88.5,29.3,89.0,26.0,4,2,"['Viognier', 'Rhône-style Red Blend']",France,Rhône Valley,['Côtes du Rhône']
7402,Domaine Buisson Battault,93.3,119.3,93.0,99.0,3,1,['Chardonnay'],France,Burgundy,['Meursault']
7403,Domaine Buronfosse,86.5,,87.0,,4,3,"['Savagnin', 'Sparkling Blend', 'Chardonnay']",France,France Other,['Côtes du Jura']
7404,Domaine Bègue-Mathiot,89.5,30.0,89.5,30.0,2,1,['Chardonnay'],France,Burgundy,['Chablis']
7405,Domaine Cabirau,88.3,18.0,88.0,15.0,3,2,"['Rhône-style Red Blend', 'Rosé']",France,Languedoc-Roussillon,['Côtes du Roussillon']
7406,Domaine Cady,88.0,12.0,89.0,12.0,3,1,['Chenin Blanc'],France,Loire Valley,['Anjou']
7407,Domaine Calvet-Thunevin,91.0,50.0,91.0,50.0,1,1,['Rhône-style Red Blend'],France,Languedoc-Roussillon,['Côtes du Roussillon Villages']
7408,Domaine Campu Vecchiu,87.0,,87.0,,1,1,['Rosé'],France,France Other,['Corse']
7409,Domaine Capmartin,90.3,18.3,91.0,15.0,3,2,"['Tannat', 'Tannat-Cabernet']",France,Southwest France,['Madiran']
7410,Domaine Carneros,89.7,50.7,90.0,41.5,46,4,"['Sparkling Blend', 'Pinot Noir', 'Champagne Blend', 'Chardonnay']",US,California,"['Carneros', 'Napa-Sonoma']"
7411,Domaine Carrette,86.3,25.8,87.0,23.0,7,1,['Chardonnay'],France,Burgundy,['Pouilly-Fuissé']
7412,Domaine Castell Reynoard,92.0,,92.0,,1,1,['Rhône-style Red Blend'],France,Provence,['Bandol']
7413,Domaine Cauhapé,91.8,22.5,92.0,18.0,13,3,"['White Blend', 'Petit Manseng', 'Gros and Petit Manseng']",France,Southwest France,['Jurançon Sec']
7414,Domaine Cazes,89.0,27.6,89.0,24.0,7,4,"['Grenache Blanc', 'Muscat', 'Rosé', 'Rhône-style Red Blend']",France,Languedoc-Roussillon,['Rivesaltes']
7415,Domaine Chaintreuil,89.7,23.7,90.0,25.0,3,1,['Gamay'],France,Beaujolais,['Fleurie']
7416,Domaine Champeau,82.0,19.0,82.0,19.0,1,1,['Sauvignon Blanc'],France,Loire Valley,['Pouilly-Fumé']
7417,Domaine Champy,89.7,,90.0,,13,2,"['Chardonnay', 'Pinot Noir']",France,Burgundy,['Corton-Charlemagne']
7418,Domaine Chancelle,88.5,20.0,88.5,20.0,2,2,"['Chenin Blanc', 'Cabernet Franc']",France,Loire Valley,['Saumur']
7419,Domaine Chandon,88.7,31.8,89.0,30.0,24,7,"['Sparkling Blend', 'Cabernet Sauvignon', 'Rosé', 'Pinot Noir', 'Chardonnay', 'Pinot Meunier', 'Champagne Blend']",US,California,"['North Coast', 'North Coast']"
7420,Domaine Chandon de Briailles,91.7,53.0,93.0,53.0,3,1,['Pinot Noir'],France,Burgundy,['Pernand-Vergelesses']
7421,Domaine Chanson,91.7,89.7,93.0,100.0,11,2,"['Chardonnay', 'Pinot Noir']",France,Burgundy,['Corton Vergennes']
7422,Domaine Chantal Lescure,90.3,125.5,90.5,125.5,10,2,"['Pinot Noir', 'Chardonnay']",France,Burgundy,['Vosne-Romanée']
7423,Domaine Chantepierre,90.0,16.0,90.0,16.0,1,1,['Rosé'],France,Rhône Valley,['Tavel']
7424,Domaine Charles Baur,89.9,26.0,90.0,25.0,43,9,"['Riesling', 'Sylvaner', 'Pinot Blanc', 'Chardonnay', 'Gewürztraminer', 'Muscat', 'Sparkling Blend', 'Pinot Gris', 'Pinot Noir']",France,Alsace,['Alsace']
7425,Domaine Charles Frey,88.9,31.5,89.5,30.0,36,7,"['Pinot Noir', 'Sylvaner', 'Gewürztraminer', 'Riesling', 'Sparkling Blend', 'Pinot Gris', 'Pinot Blanc']",France,Alsace,['Alsace']
7426,Domaine Charles Thomas,89.0,12.0,89.0,12.0,1,1,['Rhône-style Red Blend'],France,Rhône Valley,['Côtes du Rhône']
7427,Domaine Charly Nicolle,89.0,56.7,89.0,65.0,4,1,['Chardonnay'],France,Burgundy,['Chablis']
7428,Domaine Chassagne,87.0,,87.0,,1,1,['Gamay'],France,Beaujolais,['Morgon']
7429,Domaine Chasselay,87.6,27.0,87.5,26.5,14,1,['Gamay'],France,Beaujolais,['Chénas']
7430,Domaine Chatelain,84.0,22.0,84.0,22.0,1,1,['Chardonnay'],France,Burgundy,['Petit Chablis']
7431,Domaine Chatelain,89.8,23.0,91.0,22.5,5,1,['Sauvignon Blanc'],France,Loire Valley,['Pouilly-Fumé']
7432,Domaine Chavet,88.7,20.0,88.0,20.0,3,2,"['Sauvignon Blanc', 'Rosé']",France,Loire Valley,['Menetou-Salon']
7433,Domaine Chavy-Chouet,86.0,23.0,86.0,23.0,1,1,['Chardonnay'],France,Burgundy,['Bourgogne']
7434,Domaine Chenevières,89.8,35.0,90.0,30.0,10,1,['Chardonnay'],France,Burgundy,['Chablis']
7435,Domaine Cherrier et Fils,90.5,25.0,90.5,25.0,2,1,['Sauvignon Blanc'],France,Loire Valley,['Sancerre']
7436,Domaine Cheveau,92.0,,92.0,,1,1,['Chardonnay'],France,Burgundy,['Pouilly-Fuissé']
7437,Domaine Chevillon-Chezeaux,89.2,58.0,90.0,70.0,10,2,"['Pinot Noir', 'Chardonnay']",France,Burgundy,['Nuits-St.-Georges']
7438,Domaine Cheysson,87.8,22.0,88.0,22.0,6,1,['Gamay'],France,Beaujolais,['Chiroubles']
7439,Domaine Chignard,90.3,24.8,91.0,25.0,6,1,['Gamay'],France,Beaujolais,['Fleurie']
7440,Domaine Chiroulet,86.0,14.2,86.0,13.0,8,4,"['White Blend', 'Red Blend', 'Merlot-Tannat', 'Tannat-Merlot']",France,Southwest France,['Côtes de Gascogne']
7441,Domaine Christian Moreau Père et Fils,92.0,77.0,93.0,80.0,46,1,['Chardonnay'],France,Burgundy,['Chablis']
7442,Domaine Christophe Camu,88.0,33.0,88.0,33.0,3,1,['Chardonnay'],France,Burgundy,['Chablis']
7443,Domaine Chêne,83.5,,83.5,,2,2,"['Pinot Noir', 'Chardonnay']",France,Burgundy,['Bourgogne']
7444,Domaine Clair Moreau,89.0,13.0,89.0,13.0,2,1,['Melon'],France,Loire Valley,['Muscadet Sèvre et Maine']
7445,Domaine Clarence Dillon,93.0,107.0,93.0,107.0,1,1,['Bordeaux-style White Blend'],France,Bordeaux,['Pessac-Léognan']
7446,Domaine Claude Branger,87.7,20.0,88.0,17.0,3,1,['Melon'],France,Loire Valley,['Muscadet Sèvre et Maine']
7447,Domaine Claude Nouveau,90.0,32.0,90.0,32.0,1,1,['Pinot Noir'],France,Burgundy,['Santenay']
7448,Domaine Clos Gautier,90.5,22.5,90.5,22.5,2,1,['Rosé'],France,Provence,['Côtes de Provence']
7449,Domaine Clos Salomon,90.0,45.0,90.0,45.0,1,1,['Pinot Noir'],France,Burgundy,['Givry']
7450,Domaine Clusel-Roch,91.3,52.0,91.0,52.0,3,3,"['Viognier', 'Syrah', 'Rhône-style Red Blend']",France,Rhône Valley,['Condrieu']
7451,Domaine Collotte,88.8,,89.0,,4,2,"['Pinot Noir', 'Chardonnay']",France,Burgundy,['Marsannay']
7452,Domaine Combe Blanche,87.5,21.0,87.5,21.0,2,1,['Rhône-style Red Blend'],France,Languedoc-Roussillon,['Minervois La Liviniere']
7453,Domaine Coquard Loison-Fleurot,84.0,56.5,84.0,56.5,2,1,['Pinot Noir'],France,Burgundy,['Vosne-Romanée']
7454,Domaine Coquard Loisson-Fleurot,92.0,98.0,92.0,100.0,5,1,['Pinot Noir'],France,Burgundy,['Chambolle-Musigny']
7455,Domaine Cordaillat,86.3,17.0,86.0,17.0,3,3,"['Rosé', 'Sauvignon Blanc', 'Pinot Noir']",France,Loire Valley,['Reuilly']
7456,Domaine Cordier,88.0,,88.0,,1,1,['Gamay'],France,Beaujolais,['Beaujolais-Villages']
7457,Domaine Cordier,87.0,41.0,87.0,41.0,2,1,['Chardonnay'],France,Burgundy,['Mâcon-Charnay']
7458,Domaine Cordier Père et Fils,89.0,25.0,89.0,25.0,1,1,['Gamay'],France,Beaujolais,['Beaujolais-Villages']
7459,Domaine Corine Perchaud,86.6,31.0,86.0,31.0,5,1,['Chardonnay'],France,Burgundy,['Chablis']
7460,Domaine Corne-Loup,92.0,16.0,92.0,16.0,1,1,['Rosé'],France,Rhône Valley,['Tavel']
7461,Domaine Costa Lazaridi,85.0,30.0,85.0,30.0,1,1,['Cabernet Blend'],Greece,Attica,[]
7462,Domaine Costa Lazaridi,87.5,19.4,88.0,18.0,37,11,"['Red Blend', 'White Blend', 'Sauvignon Blanc', 'Assyrtiko', 'Cabernet Sauvignon', 'Assyrtico', 'Chardonnay', 'Rosé', 'Cabernet Sauvignon-Syrah', 'Merlot', 'Cabernet Sauvignon-Merlot']",Greece,Drama,[]
7463,Domaine Costa Lazaridi,85.0,18.0,85.0,18.0,1,1,['Cabernet Blend'],Greece,Macedonia,[]
7464,Domaine Costa Lazaridi,85.5,12.0,85.5,12.0,2,1,['White Blend'],Greece,Vin de Pays de Macédoine,[]
7465,Domaine Coteau,90.0,30.0,90.0,30.0,1,1,['Pinot Noir'],US,Oregon,"['Eola-Amity Hills', 'Willamette Valley']"
7466,Domaine Coudoulis,90.2,23.0,90.5,17.5,4,1,['Rhône-style Red Blend'],France,Rhône Valley,['Lirac']
7467,Domaine Courbis,90.9,49.4,91.0,45.0,8,2,"['Syrah', 'Marsanne']",France,Rhône Valley,['Cornas']
7468,Domaine Courtois,86.0,12.0,86.0,12.0,1,1,['Rhône-style Red Blend'],France,Rhône Valley,['Côtes du Rhône']
7469,Domaine Coustarret,92.3,33.3,93.0,39.0,3,3,"['Gros and Petit Manseng', 'White Blend', 'Petit Manseng']",France,Southwest France,['Jurançon']
7470,Domaine Curot,84.0,18.0,84.0,18.0,1,1,['Sauvignon Blanc'],France,Loire Valley,['Sancerre']
7471,Domaine Cédrick Bardin,88.0,26.5,88.0,26.5,2,1,['Sauvignon Blanc'],France,Loire Valley,['Pouilly-Fumé']
7472,Domaine Céline et Frédéric Gueguen,87.9,22.2,88.0,20.0,7,4,"['Chardonnay', 'Sauvignon Blanc', 'Sacy', 'Rosé']",France,Burgundy,['Bourgogne Côtes d’Auxerre']
7473,Domaine D'en Ségur,87.1,18.0,86.0,15.5,29,6,"['Bordeaux-style Red Blend', 'Chardonnay', 'Rosé', 'Sauvignon Blanc', 'Red Blend', 'Cabernet']",France,Southwest France,['Côtes du Tarn']
7474,Domaine Damien Lorieux,88.0,15.5,88.0,15.5,2,1,['Cabernet Franc'],France,Loire Valley,['Bourgueil']
7475,Domaine Damiens,85.0,18.0,85.0,18.0,1,1,['Red Blend'],France,Southwest France,['Madiran']
7476,Domaine Dampt Père et Fils,89.0,30.0,89.0,30.0,1,1,['Chardonnay'],France,Burgundy,['Chablis']
7477,Domaine Danica,84.5,32.0,84.5,32.0,2,2,"['Zinfandel', 'Pinot Noir']",US,California,"['Russian River Valley', 'Sonoma']"
7478,Domaine Daniel Dugois,90.8,35.0,91.0,35.0,4,2,"['Savagnin', 'Chardonnay']",France,France Other,['Arbois']
7479,Domaine Daniel Largeot,87.5,31.0,87.5,31.0,2,1,['Pinot Noir'],France,Burgundy,['Chorey-lès-Beaune']
7480,Domaine Daniel Reverdy et Fils,87.5,26.5,87.5,26.5,2,1,['Sauvignon Blanc'],France,Loire Valley,['Sancerre']
7481,Domaine Degher,86.0,38.2,87.0,39.0,5,4,"['Cabernet Sauvignon', 'Rhône-style Red Blend', 'Red Blend', 'Syrah-Cabernet']",US,California,"['Paso Robles', 'Central Coast']"
7482,Domaine Delaporte,92.2,54.0,92.5,59.0,6,2,"['Sauvignon Blanc', 'Pinot Noir']",France,Loire Valley,['Sancerre']
7483,Domaine Delorme et Fils,88.0,29.0,88.0,29.0,1,1,['Chardonnay'],France,Burgundy,['Pouilly-Fuissé']
7484,Domaine Delsol,86.5,11.5,86.5,11.5,2,1,['Picpoul'],France,Languedoc-Roussillon,['Coteaux du Languedoc']
7485,Domaine Denis Gaudry,86.5,20.0,86.5,20.0,2,1,['White Blend'],France,Loire Valley,['Pouilly-Fumé']
7486,Domaine Denis Jeandeau,90.5,,90.5,,2,1,['Chardonnay'],France,Burgundy,['Viré-Clessé']
7487,Domaine Des Meix Porons,90.0,39.5,90.0,39.5,2,1,['Pinot Noir'],France,Burgundy,['Savigny-lès-Beaune']
7488,Domaine Divio,92.0,44.7,92.0,48.0,10,3,"['Chardonnay', 'Pinot Noir', 'Rosé']",US,Oregon,"['Willamette Valley', 'Willamette Valley']"
7489,Domaine Dominique Gruhier,88.4,27.4,88.0,28.0,5,2,"['Pinot Noir', 'Chardonnay']",France,Burgundy,['Bourgogne Epineuil']
7490,Domaine Dominique Pabiot,88.0,22.0,88.0,22.0,1,1,['Sauvignon Blanc'],France,Loire Valley,['Pouilly-Fumé']
7491,Domaine Dominique Piron,90.0,18.5,90.0,19.5,4,1,['Gamay'],France,Beaujolais,['Morgon']
7492,Domaine Dominique Piron,87.0,,87.0,,1,1,['Gamay'],France,Burgundy,['Coteaux Bourguignons']
7493,Domaine Don Gonzalo,86.0,22.0,86.0,22.0,2,2,"['Cabernet Sauvignon', 'Malbec']",Argentina,Mendoza Province,['Mendoza']
7494,Domaine Dozon,89.5,19.5,89.5,19.5,2,2,"['Cabernet Franc', 'Rosé']",France,Loire Valley,['Chinon']
7495,Domaine Dragon,88.7,16.7,88.0,15.0,3,1,['Rosé'],France,Provence,['Côtes de Provence Sainte-Victoire']
7496,Domaine Drouhin,92.1,42.8,92.0,40.0,9,2,"['Chardonnay', 'Pinot Noir']",US,Oregon,"['Willamette Valley', 'Willamette Valley']"
7497,Domaine Drouhin Oregon,92.9,54.3,92.0,45.0,15,2,"['Pinot Noir', 'Chardonnay']",US,Oregon,"['Dundee Hills', 'Willamette Valley']"
7498,Domaine Drouhin-Laroze,92.3,,93.0,,3,1,['Pinot Noir'],France,Burgundy,['Chambertin Clos de Bèze']
7499,Domaine Dublère,92.0,44.0,92.0,44.0,1,1,['Chardonnay'],France,Burgundy,['Savigny-lès-Beaune']
7500,Domaine Dubost,88.5,15.2,88.0,15.0,6,2,"['Gamay', 'Chardonnay']",France,Beaujolais,['Beaujolais-Villages']
7501,Domaine Dugois,90.8,34.8,91.0,39.0,5,4,"['Poulsard', 'Trousseau', 'Savagnin', 'Chardonnay']",France,France Other,['Arbois']
7502,Domaine Dujac,93.0,207.3,93.5,230.0,6,2,"['Chardonnay', 'Pinot Noir']",France,Burgundy,['Morey-Saint-Denis']
7503,Domaine Dumas,90.7,21.3,91.0,20.0,3,1,['Gamay'],France,Beaujolais,['Brouilly']
7504,Domaine Duperray,85.0,15.0,85.0,15.0,1,1,['Gamay'],France,Beaujolais,['Beaujolais']
7505,Domaine Dupeuble Père et Fils,84.9,15.7,85.0,15.0,7,2,"['Gamay', 'Chardonnay']",France,Beaujolais,['Beaujolais']
7506,Domaine Dupré,87.5,17.1,88.0,17.0,16,1,['Gamay'],France,Beaujolais,['Régnié']
7507,Domaine Dupuy de Lôme,88.0,,88.0,,1,1,['Rhône-style Red Blend'],France,Provence,['Bandol']
7508,Domaine Dyckerhoff,86.0,20.0,86.0,20.0,3,2,"['Sauvignon Blanc', 'Rosé']",France,Loire Valley,['Reuilly']
7509,Domaine Eden,91.4,34.2,93.0,35.0,11,3,"['Cabernet Sauvignon', 'Chardonnay', 'Pinot Noir']",US,California,"['Santa Cruz Mountains', 'Central Coast']"
7510,Domaine Edmond Cornu,88.0,,88.0,,1,1,['Pinot Noir'],France,Burgundy,['Chorey-lès-Beaune']
7511,Domaine Ehrhart,89.4,25.9,89.0,24.0,37,8,"['Riesling', 'Pinot Gris', 'Gewürztraminer', 'Pinot Auxerrois', 'Chardonnay', 'Auxerrois', 'Pinot Noir', 'Sparkling Blend']",France,Alsace,['Alsace']
7512,Domaine Ellevin,89.2,38.4,89.0,40.0,8,1,['Chardonnay'],France,Burgundy,['Chablis']
7513,Domaine Emmanuel Fellot,84.0,17.0,84.0,17.0,1,1,['Chardonnay'],France,Beaujolais,['Beaujolais Blanc']
7514,Domaine Emmanuel Giboulot,88.5,60.0,89.0,60.0,6,2,"['Pinot Noir', 'Chardonnay']",France,Burgundy,['Beaune']
7515,Domaine Ernest Burn,87.8,,88.0,,4,4,"['Pinot Blanc', 'Riesling', 'Sylvaner', 'Pinot Gris']",France,Alsace,['Alsace']
7516,Domaine Escaravatiers,84.0,,84.0,,1,1,['Rosé'],France,Provence,['Côtes de Provence']
7517,Domaine Eugène Meyer,88.7,21.3,89.0,22.0,3,3,"['Pinot Blanc', 'Riesling', 'Gewürztraminer']",France,Alsace,['Alsace']
7518,Domaine Evharis,85.7,24.0,85.0,22.0,3,3,"['White Blend', 'Assyrtico', 'Red Blend']",Greece,Gerania,[]
7519,Domaine FL,91.0,33.5,91.0,33.5,2,1,['Chenin Blanc'],France,Loire Valley,['Savennières-Roche-Aux-Moines']
7520,Domaine Fabrice Larochette,90.2,24.2,90.5,22.5,4,1,['Chardonnay'],France,Burgundy,['Pouilly-Fuissé']
7521,Domaine Faiveley,91.3,137.2,91.0,100.0,75,2,"['Pinot Noir', 'Chardonnay']",France,Burgundy,['Gevrey-Chambertin']
7522,Domaine Famille Lignères,90.0,23.8,90.0,22.5,6,5,"['Rhône-style Red Blend', 'Grenache', 'Syrah', 'Carignan', 'Mourvèdre']",France,Languedoc-Roussillon,['Corbières']
7523,Domaine Ferme Saint-Martin,90.0,17.0,90.0,17.0,1,1,['Rhône-style Red Blend'],France,Rhône Valley,['Beaumes-de-Venise']
7524,Domaine Fernand Engel,89.7,23.6,90.0,20.0,39,10,"['Sylvaner', 'Muscat', 'Pinot Noir', 'Pinot Gris', 'Pinot Blanc', 'Gewürztraminer', 'Riesling', 'Sparkling Blend', 'Chardonnay', 'Rosé']",France,Alsace,['Alsace']
7525,Domaine Ferret,89.1,49.4,89.0,49.0,15,1,['Chardonnay'],France,Burgundy,['Pouilly-Fuissé']
7526,Domaine Feuillat-Juillot,89.5,28.0,89.5,28.0,2,1,['Chardonnay'],France,Burgundy,['Montagny']
7527,Domaine Fincham,85.0,18.0,85.0,18.0,1,1,['Grenache-Syrah'],France,Rhône Valley,['Costières de Nîmes']
7528,Domaine Foivos,85.5,19.0,85.5,19.0,2,2,"['Robola', 'Red Blend']",Greece,Cephalonia,[]
7529,Domaine Foivos,88.0,30.0,88.0,30.0,1,1,['Mavrodaphne'],Greece,Mavrodaphne de Cephalonie,[]
7530,Domaine Foivos,87.0,30.0,87.0,30.0,1,1,['Muscat'],Greece,Muscat of Kefallonian,[]
7531,Domaine Fond Croze,89.0,20.7,89.0,21.0,6,4,"['G-S-M', 'Rhône-style Red Blend', 'Grenache-Syrah', 'Syrah']",France,Rhône Valley,['Côtes du Rhône Villages']
7532,Domaine Fond Moiroux,93.0,20.0,93.0,20.0,1,1,['Gamay'],France,Beaujolais,['Moulin-à-Vent']
7533,Domaine Font de Michelle,89.4,53.5,89.0,47.5,5,2,"['Rhône-style Red Blend', 'Rhône-style White Blend']",France,Rhône Valley,['Châteauneuf-du-Pape']
7534,Domaine Foretal,85.0,15.0,85.0,15.0,1,1,['Gamay'],France,Beaujolais,['Beaujolais-Villages']
7535,Domaine Fouassier,89.7,25.8,89.0,24.0,33,2,"['Sauvignon Blanc', 'Pinot Noir']",France,Loire Valley,['Sancerre']
7536,Domaine Fourrey,90.2,31.0,90.5,32.5,4,1,['Chardonnay'],France,Burgundy,['Chablis']
7537,Domaine Franck Besson,90.0,22.0,90.0,22.0,1,1,['Gamay'],France,Beaujolais,['Juliénas']
7538,Domaine Franck Millet,90.3,28.3,91.0,25.0,3,2,"['Sauvignon Blanc', 'Pinot Noir']",France,Loire Valley,['Sancerre']
7539,Domaine François Lamarche,91.0,,91.5,,4,1,['Pinot Noir'],France,Burgundy,['La Grande Rue']
7540,Domaine François Schmitt,88.0,30.3,87.5,32.0,22,7,"['Riesling', 'Pinot Blanc', 'Sylvaner', 'Auxerrois', 'Pinot Noir', 'Sparkling Blend', 'Gewürztraminer']",France,Alsace,['Alsace']
7541,Domaine François Villard,90.0,47.5,90.0,47.5,2,2,"['Rhône-style White Blend', 'Syrah']",France,Rhône Valley,['Saint-Joseph']
7542,Domaine Françoise André,89.3,59.7,89.0,59.0,3,2,"['Chardonnay', 'Pinot Noir']",France,Burgundy,['Savigny-lès-Beaune']
7543,Domaine Fribourg,85.0,13.0,85.0,13.0,1,1,['Pinot Noir'],France,Burgundy,['Coteaux Bourguignons']
7544,Domaine Fritz Schmitt,86.6,24.6,88.0,23.0,5,3,"['Riesling', 'Pinot Gris', 'Gewürztraminer']",France,Alsace,['Alsace']
7545,Domaine G. Metz,90.2,24.1,90.0,25.0,13,5,"['Pinot Gris', 'Sparkling Blend', 'Gewürztraminer', 'Riesling', 'Rosé']",France,Alsace,['Alsace']
7546,Domaine Gardiés,88.0,24.0,88.0,24.0,1,1,['Rhône-style Red Blend'],France,Languedoc-Roussillon,['Côtes du Roussillon Villages Tautavel']
7547,Domaine Garnier Fils,87.0,40.0,87.0,40.0,1,1,['Chardonnay'],France,Burgundy,['Chablis']
7548,Domaine Gavoty,89.3,23.0,90.0,22.0,7,2,"['Rosé', 'Rhône-style White Blend']",France,Provence,['Côtes de Provence']
7549,Domaine Geoffrenet-Morval,87.8,19.5,88.0,19.0,4,2,"['Gamay', 'Red Blend']",France,Loire Valley,['Châteaumeillant']
7550,Domaine Georg Rafael Vineyards,87.0,45.0,87.0,45.0,2,1,['Cabernet Sauvignon'],US,California,"['Oak Knoll District', 'Napa']"
7551,Domaine George,86.0,26.0,86.0,26.0,2,1,['Chardonnay'],France,Burgundy,['Chablis']
7552,Domaine Georges Michel,85.3,21.3,85.5,22.5,6,3,"['Chardonnay', 'Sauvignon Blanc', 'Pinot Noir']",New Zealand,Marlborough,[]
7553,Domaine Georges Vernay,93.2,74.2,93.5,75.0,4,2,"['Syrah', 'Viognier']",France,Rhône Valley,['Côte Rôtie']
7554,Domaine Gerald Talmard,88.0,16.0,88.0,16.0,1,1,['Chardonnay'],France,Burgundy,['Mâcon-Chardonnay']
7555,Domaine Gerard Charvet,89.0,23.5,89.0,23.5,2,1,['Gamay'],France,Beaujolais,['Moulin-à-Vent']
7556,Domaine Gerard Tremblay,84.0,,84.0,,1,1,['Chardonnay'],France,Burgundy,['Chablis']
7557,Domaine Gerovassiliou,87.5,46.8,87.0,44.0,12,6,"['Malagousia', 'Sauvignon Blanc', 'Red Blend', 'Chardonnay', 'White Blend', 'Viognier']",Greece,Epanomi,[]
7558,Domaine Gibault,87.0,,87.0,,1,1,['Sauvignon Blanc'],France,Loire Valley,['Touraine']
7559,Domaine Gilles Chollet,88.0,24.0,88.0,24.0,1,1,['Sauvignon Blanc'],France,Loire Valley,['Pouilly-Fumé']
7560,Domaine Gilles Morat,90.5,36.0,90.5,36.0,2,1,['Chardonnay'],France,Burgundy,['Pouilly-Fuissé']
7561,Domaine Gioulis,86.5,12.5,86.5,12.5,2,2,"['White Blend', 'Moschofilero-Chardonnay']",Greece,Peloponnese,[]
7562,Domaine Girard,89.0,25.9,89.0,26.0,7,2,"['Sauvignon Blanc', 'Rosé']",France,Loire Valley,['Sancerre']
7563,Domaine Gonon,90.0,31.0,90.0,31.0,1,1,['Chardonnay'],France,Burgundy,['Pouilly-Fuissé']
7564,Domaine Gramenon,88.0,16.0,88.0,16.0,1,1,['Rhône-style Red Blend'],France,Rhône Valley,['Côtes du Rhône']
7565,Domaine Grand St Paul,86.0,12.0,86.0,12.0,1,1,['Rosé'],France,France Other,['Mediterranée']
7566,Domaine Gresser,90.5,44.0,90.0,43.0,24,4,"['Riesling', 'Pinot Gris', 'Gewürztraminer', 'Sparkling Blend']",France,Alsace,['Alsace']
7567,Domaine Grier,86.0,23.0,86.0,23.0,1,1,['Rhône-style Red Blend'],France,Languedoc-Roussillon,['Côtes du Roussillon']
7568,Domaine Grosbois,89.0,36.4,89.0,30.0,5,1,['Cabernet Franc'],France,Loire Valley,['Chinon']
7569,Domaine Grosset,87.0,16.0,87.0,16.0,1,1,['Rhône-style Red Blend'],France,Rhône Valley,['Côtes du Rhône Villages']
7570,Domaine Grossot,87.8,38.2,88.5,41.0,4,1,['Chardonnay'],France,Burgundy,['Chablis']
7571,Domaine Gueguen,88.4,23.2,87.5,20.0,8,4,"['Rosé', 'Chardonnay', 'Sacy', 'Sauvignon Blanc']",France,Burgundy,['Bourgogne']
7572,Domaine Guenault,86.0,14.0,86.0,14.0,1,1,['Sauvignon Blanc'],France,Loire Valley,['Touraine']
7573,Domaine Guillaman,86.0,18.1,86.0,15.0,8,5,"['Merlot', 'Colombard-Ugni Blanc', 'Gros and Petit Manseng', 'Rosé', 'White Blend']",France,Southwest France,['Côtes de Gascogne']
7574,Domaine Guillemot-Michel,88.2,37.2,88.0,33.0,4,1,['Chardonnay'],France,Burgundy,['Mâcon-Villages']
7575,Domaine Guillot-Broux,87.2,,87.0,,5,2,"['Pinot Noir', 'Chardonnay']",France,Burgundy,['Mâcon-Cruzille']
7576,Domaine Guindon,85.8,12.5,86.0,12.0,4,2,"['Melon', 'Malvoisie']",France,Loire Valley,['Muscadet Coteaux de la Loire']
7577,Domaine Guy & Yan Dufouleur,88.0,45.2,88.0,47.0,4,2,"['Pinot Noir', 'Chardonnay']",France,Burgundy,['Nuits-St.-Georges']
7578,Domaine Guy & Yvan Dufouleur,85.0,68.0,85.0,68.0,1,1,['Pinot Noir'],France,Burgundy,['Fixin']
7579,Domaine Guy Amiot,91.0,,91.0,,1,1,['Chardonnay'],France,Burgundy,['Chassagne-Montrachet']
7580,Domaine Guy Mousset,86.0,15.0,86.0,15.0,1,1,['Rosé'],France,Rhône Valley,['Côtes du Rhône']
7581,Domaine Gérard Duplessis,88.8,42.8,89.0,45.0,6,1,['Chardonnay'],France,Burgundy,['Chablis']
7582,Domaine Gérard Fiou,90.6,31.8,90.0,30.0,10,2,"['Sauvignon Blanc', 'Pinot Noir']",France,Loire Valley,['Sancerre']
7583,Domaine Gérard Neumeyer,89.2,24.2,89.5,25.0,8,4,"['Riesling', 'Gewürztraminer', 'Pinot Gris', 'Pinot Blanc']",France,Alsace,['Alsace']
7584,Domaine Harmonie des Arpents,90.0,23.0,90.0,23.0,1,1,['Rosé'],France,Provence,['Coteaux Varois en Provence']
7585,Domaine Haut Marin,85.0,10.0,85.0,10.0,2,2,"['White Blend', 'Colombard-Ugni Blanc']",France,Southwest France,['Côtes de Gascogne']
7586,Domaine Henri Delagrange,92.7,98.0,92.5,104.5,6,1,['Pinot Noir'],France,Burgundy,['Volnay']
7587,Domaine Henri Gouges,92.7,,93.0,,3,1,['Pinot Noir'],France,Burgundy,['Nuits-St.-Georges']
7588,Domaine Henri Rebourseau,91.5,257.5,92.0,240.0,11,1,['Pinot Noir'],France,Burgundy,['Charmes-Chambertin']
7589,Domaine Henry Pellé,88.5,23.5,89.0,23.5,6,1,['Sauvignon Blanc'],France,Loire Valley,['Menetou-Salon']
7590,Domaine Heresztyn,90.4,101.6,91.0,94.0,5,1,['Pinot Noir'],France,Burgundy,['Chambolle-Musigny']
7591,Domaine Hering,85.0,20.0,85.0,20.0,1,1,['Riesling'],France,Alsace,['Alsace']
7592,Domaine Hirsch,88.0,28.0,88.0,28.0,1,1,['Gamay'],France,Beaujolais,['Chénas']
7593,Domaine Houchart,87.8,14.8,88.0,15.0,26,5,"['Rosé', 'Rhône-style White Blend', 'Red Blend', 'Rhône-style Red Blend', 'Provence white blend']",France,Provence,['Côtes de Provence Sainte-Victoire']
7594,Domaine Hubert Lamy,86.0,,86.0,,1,1,['Chardonnay'],France,Burgundy,['Bourgogne']
7595,Domaine Huguenot,90.6,53.1,91.5,50.0,8,2,"['Pinot Noir', 'Chardonnay']",France,Burgundy,['Marsannay']
7596,Domaine Huët,94.0,54.5,94.0,41.5,16,1,['Chenin Blanc'],France,Loire Valley,['Vouvray']
7597,Domaine Isabel Ferrando,94.0,,94.0,,1,1,['Rhône-style Red Blend'],France,Rhône Valley,['Châteauneuf-du-Pape']
7598,Domaine J. Meuret,93.3,43.0,93.0,45.0,3,2,"['Pinot Noir', 'Chardonnay']",US,Oregon,"['Oregon', 'Oregon Other']"
7599,Domaine J. Meuret,92.0,30.0,92.0,30.0,1,1,['Chardonnay'],US,Washington,"['Columbia Gorge (WA)', 'Washington Other']"
7600,Domaine Jacourette,88.2,18.4,88.0,17.0,5,1,['Rosé'],France,Provence,['Côtes de Provence Sainte-Victoire']
7601,Domaine Jacques Prieur,92.1,241.8,93.0,145.0,28,2,"['Chardonnay', 'Pinot Noir']",France,Burgundy,['Beaune']
7602,Domaine Jacques-Frédéric Mugnier,90.2,78.8,90.5,82.0,4,1,['Pinot Noir'],France,Burgundy,['Nuits-St.-Georges']
7603,Domaine Jamet,92.5,106.2,91.5,96.0,4,2,"['Syrah', 'Rhône-style Red Blend']",France,Rhône Valley,['Côte Rôtie']
7604,Domaine Jas d'Esclans,90.0,20.0,90.0,20.0,1,1,['Rosé'],France,Provence,['Côtes de Provence']
7605,Domaine Jayer-Gilles,88.4,91.2,88.0,52.0,16,3,"['Pinot Noir', 'Chardonnay', 'Aligoté']",France,Burgundy,['Côte de Nuits-Villages']
7606,Domaine Jean Bousquet,85.6,16.7,86.0,17.0,51,11,"['Malbec', 'Cabernet Sauvignon', 'Malbec-Cabernet Sauvignon', 'Champagne Blend', 'Chardonnay', 'Merlot', 'White Blend', 'Pinot Noir', 'Malbec-Syrah', 'Sparkling Blend', 'Red Blend']",Argentina,Mendoza Province,['Tupungato']
7607,Domaine Jean Chartron,86.0,20.0,86.0,20.0,1,1,['Chardonnay'],France,Burgundy,['Bourgogne']
7608,Domaine Jean Foillard,91.0,29.0,91.0,29.0,2,1,['Gamay'],France,Beaujolais,['Morgon']
7609,Domaine Jean Fournier,89.3,,88.0,,3,1,['Pinot Noir'],France,Burgundy,['Marsannay']
7610,Domaine Jean Grivot,94.0,281.0,94.5,281.0,4,1,['Pinot Noir'],France,Burgundy,['Echézeaux']
7611,Domaine Jean Monnier et Fils,89.3,53.6,90.0,58.0,11,2,"['Pinot Noir', 'Chardonnay']",France,Burgundy,['Beaune']
7612,Domaine Jean Petitot et Fils,87.3,38.3,87.0,38.0,3,1,['Pinot Noir'],France,Burgundy,['Savigny-lès-Beaune']
7613,Domaine Jean Sipp,91.1,21.8,91.0,19.0,10,4,"['Riesling', 'Pinot Blanc', 'Gewürztraminer', 'Pinot Gris']",France,Alsace,['Alsace']
7614,Domaine Jean Teiller,88.0,22.7,88.0,23.0,3,2,"['Sauvignon Blanc', 'Pinot Noir']",France,Loire Valley,['Menetou-Salon']
7615,Domaine Jean-Claude Courtault,86.0,,86.0,,1,1,['Chardonnay'],France,Burgundy,['Chablis']
7616,Domaine Jean-Luc Mader,88.6,25.0,87.5,22.0,10,5,"['Riesling', 'Gewürztraminer', 'Pinot Gris', 'Pinot Blanc-Chardonnay', 'Sparkling Blend']",France,Alsace,['Alsace']
7617,Domaine Jean-Michel Gerin,92.0,181.8,92.5,158.0,4,3,"['Syrah', 'Viognier', 'Rhône-style Red Blend']",France,Rhône Valley,['Côte Rôtie']
7618,Domaine Jean-Paul Balland,90.2,23.8,90.5,22.0,4,3,"['Sauvignon Blanc', 'Rosé', 'Pinot Noir']",France,Loire Valley,['Sancerre']
7619,Domaine Jean-Paul Picard,88.8,26.2,88.0,25.5,4,2,"['Sauvignon Blanc', 'Rosé']",France,Loire Valley,['Menetou-Salon']
7620,Domaine Jean-Paul et Benoît Droin,92.9,50.1,94.0,50.0,21,1,['Chardonnay'],France,Burgundy,['Chablis']
7621,Domaine Jean-Philippe Fichet,87.0,,87.0,,1,1,['Chardonnay'],France,Burgundy,['Bourgogne']
7622,Domaine Jean-Pierre Vacher et Fils,88.0,23.0,88.0,23.0,1,1,['Sauvignon Blanc'],France,Loire Valley,['Sancerre']
7623,Domaine Jeannin-Naltet,89.0,47.0,89.0,50.0,5,1,['Pinot Noir'],France,Burgundy,['Mercurey']
7624,Domaine Jessiaume,88.4,42.6,89.0,45.0,39,2,"['Pinot Noir', 'Chardonnay']",France,Burgundy,['Beaune']
7625,Domaine Jo Pithon,90.3,53.2,90.5,36.0,6,1,['Chenin Blanc'],France,Loire Valley,['Quarts de Chaume']
7626,Domaine Joseph Belland,88.0,82.0,88.0,82.0,1,1,['Chardonnay'],France,Burgundy,['Chassagne-Montrachet']
7627,Domaine Joël Delaunay,86.9,16.6,87.0,17.0,9,2,"['Red Blend', 'Sauvignon Blanc']",France,Loire Valley,['Touraine']
7628,Domaine Julie Belland,90.2,55.4,89.0,40.0,5,2,"['Pinot Noir', 'Chardonnay']",France,Burgundy,['Santenay']
7629,Domaine Juliette Avril,85.0,30.0,85.0,30.0,1,1,['Viognier'],France,France Other,['Vin de Pays des Portes de Méditerranée']
7630,Domaine Jérôme Gradassi,88.0,42.0,88.0,42.0,1,1,['Rhône-style Red Blend'],France,Rhône Valley,['Châteauneuf-du-Pape']
7631,Domaine Karydas,85.0,25.0,85.0,25.0,1,1,['Xinomavro'],Greece,Naoussa,[]
7632,Domaine Katsaros,87.0,35.0,87.0,35.0,1,1,['Chardonnay'],Greece,Krania Olympus,[]
7633,Domaine Klipfel,84.0,16.0,84.0,16.0,1,1,['Riesling'],France,Alsace,['Alsace']
7634,Domaine L. Chatelain,85.6,33.0,85.0,34.0,10,1,['Chardonnay'],France,Burgundy,['Petit Chablis']
7635,Domaine La Borie Blanche,87.0,22.0,87.0,22.0,1,1,['Rhône-style Red Blend'],France,Languedoc-Roussillon,['Minervois La Liviniere']
7636,Domaine La Consonnière,89.0,43.0,89.0,43.0,1,1,['Rhône-style Red Blend'],France,Rhône Valley,['Châteauneuf-du-Pape']
7637,Domaine La Jeanne,86.0,14.0,86.0,14.0,1,1,['Rosé'],France,Languedoc-Roussillon,"[""Pays d'Oc""]"
7638,Domaine La Soufrandise,89.0,27.5,89.0,27.5,2,1,['Chardonnay'],France,Burgundy,['Pouilly-Fuissé']
7639,Domaine La Tour Penedesses,89.0,,89.0,,1,1,['Rhône-style Red Blend'],France,Languedoc-Roussillon,['Coteaux du Languedoc-Pézenas']
7640,Domaine La Tour de Gâtigne,85.0,14.0,85.0,14.0,1,1,['Rosé'],France,Rhône Valley,['Cévennes']
7641,Domaine Labet,89.7,24.0,89.0,24.0,3,2,"['Chardonnay', 'Savagnin']",France,France Other,['Côtes du Jura']
7642,Domaine Labruyère,91.5,55.0,92.0,56.0,4,1,['Gamay'],France,Beaujolais,['Moulin-à-Vent']
7643,Domaine Lafond,89.5,18.5,89.5,16.5,4,2,"['Rhône-style Red Blend', 'Rosé']",France,Rhône Valley,['Côtes du Rhône']
7644,Domaine Lagneau,86.0,15.0,86.0,15.0,1,1,['Gamay'],France,Beaujolais,['Beaujolais-Villages']
7645,Domaine Laleure-Piot,89.7,85.5,89.0,71.0,19,2,"['Pinot Noir', 'Chardonnay']",France,Burgundy,['Corton-Bressandes']
7646,Domaine Lamy-Pillot,91.0,59.0,92.0,56.0,3,1,['Chardonnay'],France,Burgundy,['Chassagne-Montrachet']
7647,Domaine Landrat-Guyollot,89.3,27.0,89.0,26.0,9,2,"['Sauvignon Blanc', 'Chasselas']",France,Loire Valley,['Pouilly-Fumé']
7648,Domaine Laougué,90.0,,90.0,,2,1,['Tannat-Cabernet'],France,Southwest France,['Madiran']
7649,Domaine Laporte,90.5,32.5,91.0,30.0,24,3,"['Sauvignon Blanc', 'Pinot Noir', 'Rosé']",France,Loire Valley,['Sancerre']
7650,Domaine Laroche,90.9,76.1,92.0,57.0,55,1,['Chardonnay'],France,Burgundy,['Chablis']
7651,Domaine Lathuilière Gravallon,92.0,55.0,92.0,55.0,1,1,['Gamay'],France,Beaujolais,['Morgon']
7652,Domaine Lathuilière-Gravallon,90.0,35.0,90.0,35.0,1,1,['Chardonnay'],France,Beaujolais,['Beaujolais Blanc']
7653,Domaine Laurens,87.2,16.7,87.0,15.0,5,3,"['Rosé', 'Fer Servadou', 'Red Blend']",France,Southwest France,['Marcillac']
7654,Domaine Laurier,85.0,13.0,85.0,13.0,1,1,['Sparkling Blend'],US,California,"['California', 'California Other']"
7655,Domaine Le Billoud,86.3,13.7,87.0,10.0,3,2,"['Cabernet Sauvignon', 'Malbec']",Argentina,Mendoza Province,['Mendoza']
7656,Domaine LeSeurre,86.8,24.5,87.0,25.0,11,4,"['Cabernet Franc', 'Chardonnay', 'Riesling', 'Rosé']",US,New York,"['Finger Lakes', 'Finger Lakes']"
7657,Domaine Lecomte,86.5,,86.5,,2,1,['Sauvignon Blanc'],France,Loire Valley,['Quincy']
7658,Domaine Leflaive,93.9,229.5,94.0,215.0,37,1,['Chardonnay'],France,Burgundy,['Bienvenues Bâtard-Montrachet']
7659,Domaine Les Aphillanthes,90.0,,90.0,,2,1,['Rhône-style Red Blend'],France,Rhône Valley,['Côtes du Rhône Villages']
7660,Domaine Les Carmels,88.0,25.0,88.0,25.0,1,1,['Bordeaux-style Red Blend'],France,Bordeaux,['Cadillac Côtes de Bordeaux']
7661,Domaine Les Hauts de Mercurol,89.0,30.0,89.0,30.0,1,1,['Syrah'],France,Rhône Valley,['Crozes-Hermitage']
7662,Domaine Lignères,88.0,11.0,88.0,11.0,1,1,['Rhône-style Red Blend'],France,Languedoc-Roussillon,['Corbières']
7663,Domaine Loew,87.1,28.2,86.0,29.0,7,5,"['Riesling', 'Pinot Gris', 'Gewürztraminer', 'Pinot Noir', 'Sylvaner']",France,Alsace,['Alsace']
7664,Domaine Long-Depaquit,92.0,,92.0,,2,1,['Chardonnay'],France,Burgundy,['Chablis']
7665,Domaine Loubejac,86.2,19.2,86.5,20.0,4,2,"['Pinot Noir', 'Chardonnay']",US,Oregon,"['Willamette Valley', 'Willamette Valley']"
7666,Domaine Louis Carillon,93.0,95.0,93.0,95.0,1,1,['Chardonnay'],France,Burgundy,['Puligny-Montrachet']
7667,Domaine Louis Moreau,90.9,49.5,92.0,55.0,11,1,['Chardonnay'],France,Burgundy,['Chablis']
7668,Domaine Louis-Claude Desvignes,93.0,,93.0,,2,1,['Gamay'],France,Beaujolais,['Morgon']
7669,Domaine Luc et Lise Pavelot,92.0,75.0,94.0,90.0,3,2,"['Pinot Noir', 'Chardonnay']",France,Burgundy,['Corton']
7670,Domaine Lucien Barrot et Fils,92.0,55.0,92.0,55.0,1,1,['Rhône-style Red Blend'],France,Rhône Valley,['Châteauneuf-du-Pape']
7671,Domaine Luneau-Papin,90.7,31.5,91.0,28.5,11,1,['Melon'],France,Loire Valley,['Muscadet Sèvre et Maine']
7672,Domaine Luquet,84.8,19.6,85.0,17.0,8,1,['Chardonnay'],France,Burgundy,['Pouilly-Fuissé']
7673,Domaine Léon Boesch,87.8,29.0,87.0,29.0,5,4,"['Gewürztraminer', 'Riesling', 'Pinot Blanc', 'Pinot Gris']",France,Alsace,['Alsace']
7674,Domaine Mabileau-Rezé,88.0,,88.0,,1,1,['Cabernet Franc'],France,Loire Valley,['Saint-Nicolas-de-Bourgueil']
7675,Domaine Maby,88.6,21.4,89.0,19.0,7,3,"['Rosé', 'Rhône-style White Blend', 'Rhône-style Red Blend']",France,Rhône Valley,['Lirac']
7676,Domaine Machard de Gramont,89.0,47.0,89.0,47.0,1,1,['Chardonnay'],France,Burgundy,['Puligny-Montrachet']
7677,Domaine Maestracci,86.0,18.3,86.0,20.0,3,3,"['Red Blend', 'Rosé', 'White Blend']",France,France Other,[]
7678,Domaine Maillard,90.0,70.0,90.0,70.5,4,1,['Pinot Noir'],France,Burgundy,['Corton Les Renardes']
7679,Domaine Marc Jambon,86.5,25.0,86.5,25.0,2,1,['Chardonnay'],France,Burgundy,['Mâcon-Pierreclos']
7680,Domaine Marc Morey,92.0,91.0,92.0,99.0,3,1,['Chardonnay'],France,Burgundy,['Chassagne-Montrachet']
7681,Domaine Marc Roy,94.0,95.0,94.0,95.0,1,1,['Pinot Noir'],France,Burgundy,['Gevrey-Chambertin']
7682,Domaine Marcel Deiss,90.9,41.5,91.0,34.5,57,9,"['Alsace white blend', 'Red Blend', 'White Blend', 'Gewürztraminer', 'Pinot Noir', 'Muscat', 'Pinot Blanc', 'Pinot Gris', 'Riesling']",France,Alsace,['Alsace']
7683,Domaine Marengo,84.0,30.5,84.0,30.5,2,2,"['Grenache', 'Vermentino']",France,France Other,['Ile de Beauté']
7684,Domaine Marie Berenice,92.0,32.0,92.0,32.0,1,1,['Mourvèdre'],France,Provence,['Bandol']
7685,Domaine Martin,88.0,14.0,87.5,14.0,6,1,['Melon'],France,Loire Valley,['Muscadet Sèvre et Maine']
7686,Domaine Masson-Blondelet,90.5,27.8,91.0,29.5,10,1,['Sauvignon Blanc'],France,Loire Valley,['Pouilly-Fumé']
7687,Domaine Matthias et Emile Roblin,88.9,34.2,89.0,30.0,18,3,"['Sauvignon Blanc', 'Pinot Noir', 'Rosé']",France,Loire Valley,['Sancerre']
7688,Domaine Meriwether,84.0,23.6,84.0,25.0,5,2,"['Sparkling Blend', 'Pinot Noir']",US,Oregon,"['Oregon', 'Oregon Other']"
7689,Domaine Mersiol,89.9,26.0,91.0,26.0,14,5,"['Gewürztraminer', 'Pinot Gris', 'Pinot Noir', 'Riesling', 'Sparkling Blend']",France,Alsace,['Alsace']
7690,Domaine Michel,87.5,25.8,87.5,25.0,4,1,['Chardonnay'],France,Burgundy,['Mâcon-Villages']
7691,Domaine Michel Bouzereau,91.8,75.0,92.0,75.0,4,1,['Chardonnay'],France,Burgundy,['Puligny-Montrachet']
7692,Domaine Michel Brock,87.0,20.0,87.0,20.0,1,1,['Sauvignon Blanc'],France,Loire Valley,['Sancerre']
7693,Domaine Michel Brégeon,86.0,18.0,86.0,18.0,1,1,['Melon'],France,Loire Valley,['Muscadet Sèvre et Maine']
7694,Domaine Michel Fonne,89.5,21.4,88.0,21.5,17,7,"['Riesling', 'Gewürztraminer', 'Pinot Gris', 'Pinot Blanc', 'Alsace white blend', 'Sparkling Blend', 'Pinot Noir']",France,Alsace,['Alsace']
7695,Domaine Michel Goubard,86.5,21.8,86.5,22.0,4,2,"['Pinot Noir', 'Chardonnay']",France,Burgundy,['Côte Chalonnaise']
7696,Domaine Michel Lafarge,94.0,,94.0,,3,1,['Pinot Noir'],France,Burgundy,['Volnay']
7697,Domaine Michel Thomas et Fils,88.7,21.0,89.0,22.0,3,2,"['Sauvignon Blanc', 'Rosé']",France,Loire Valley,['Sancerre']
7698,Domaine Michel et Joanna Ecard,85.0,,85.0,,1,1,['Pinot Noir'],France,Burgundy,['Savigny-lès-Beaune']
7699,Domaine Michel-Andreotti,85.5,32.5,85.5,32.5,2,1,['Chardonnay'],France,Burgundy,['Montagny']
7700,Domaine Michelas St Jemm,90.0,20.0,90.0,20.0,1,1,['Syrah'],France,Rhône Valley,['Crozes-Hermitage']
7701,Domaine Miquel,83.0,9.0,83.0,9.0,1,1,['Merlot'],France,Languedoc-Roussillon,"[""Vin de Pays d'Oc""]"
7702,Domaine Mirabau,87.0,13.0,87.0,13.0,1,1,['Rhône-style Red Blend'],France,Languedoc-Roussillon,['Côtes du Roussillon']
7703,Domaine Modat,90.0,,90.0,,1,1,['Rhône-style Red Blend'],France,Languedoc-Roussillon,['Côtes du Roussillon Villages Caramany']
7704,Domaine Moillard,90.6,96.3,91.0,90.0,8,1,['Pinot Noir'],France,Burgundy,['Pommard']
7705,Domaine Moltès,87.2,22.4,88.0,20.0,9,5,"['Pinot Blanc', 'Riesling', 'Muscat', 'Gewürztraminer', 'Pinot Gris']",France,Alsace,['Alsace']
7706,Domaine Montaude,85.0,12.0,85.0,12.0,1,1,['Rhône-style Red Blend'],France,Languedoc-Roussillon,['Minervois']
7707,Domaine Montrose,87.6,15.8,87.0,14.0,5,1,['Rosé'],France,Languedoc-Roussillon,['Côtes de Thongue']
7708,Domaine Mussy,87.0,43.0,87.0,43.0,1,1,['Pinot Noir'],France,Burgundy,['Pommard']
7709,Domaine Méo-Camuzet,91.9,222.7,92.5,307.0,8,2,"['Pinot Noir', 'Chardonnay']",France,Burgundy,['Clos de Vougeot']
7710,Domaine Neferis,86.0,,86.0,,2,2,"['Rosé', 'White Blend']",Tunisia,Tunisia,[]
7711,Domaine Netofa,90.0,33.7,90.0,25.5,6,4,"['Syrah', 'Chenin Blanc', 'Rosé', 'Syrah-Mourvèdre']",Israel,Galilee,[]
7712,Domaine Nicolaides,80.0,10.0,80.0,10.0,1,1,['Xinisteri'],Cyprus,Lemesos,[]
7713,Domaine Nicolas Boiron,87.0,16.0,87.0,16.0,1,1,['Rhône-style Red Blend'],France,Rhône Valley,['Côtes du Rhône']
7714,Domaine Nicolas Rossignol,94.0,62.0,94.0,62.0,3,1,['Pinot Noir'],France,Burgundy,['Volnay']
7715,Domaine Nigri,90.1,37.0,90.0,37.0,9,3,"['Gros and Petit Manseng', 'Petit Manseng', 'Gros Manseng']",France,Southwest France,['Jurançon']
7716,Domaine Ninot,89.3,29.7,89.0,29.0,3,2,"['Pinot Noir', 'Chardonnay']",France,Burgundy,['Rully']
7717,Domaine Normand,85.5,28.0,85.5,28.0,2,1,['Chardonnay'],France,Burgundy,['Mâcon La Roche Vineuse']
7718,Domaine Olivier Merlin,86.5,21.5,86.5,21.5,4,2,"['Chardonnay', 'Pinot Noir']",France,Burgundy,['Mâcon La Roche Vineuse']
7719,Domaine Ostertag,92.1,45.5,92.0,47.0,47,7,"['Riesling', 'Sylvaner', 'Pinot Blanc', 'Pinot Gris', 'Muscat', 'Pinot Noir', 'Gewürztraminer']",France,Alsace,['Alsace']
7720,Domaine Paquet et Fils,85.0,25.0,85.0,25.0,2,1,['Chardonnay'],France,Burgundy,['Pouilly-Fuissé']
7721,Domaine Parent,93.3,,93.0,,7,1,['Pinot Noir'],France,Burgundy,['Pommard']
7722,Domaine Parigot,87.7,,88.0,,3,1,['Pinot Noir'],France,Burgundy,['Bourgogne Hautes Côtes de Beaune']
7723,Domaine Pascal Bouchard,91.5,,93.0,,10,1,['Chardonnay'],France,Burgundy,['Chablis']
7724,Domaine Pascal Prunier-Bonheur,92.0,150.0,92.0,150.0,1,1,['Pinot Noir'],France,Burgundy,['Beaune']
7725,Domaine Pascal et Mireille Renaud,88.4,26.2,88.0,25.0,21,1,['Chardonnay'],France,Burgundy,['Pouilly-Fuissé']
7726,Domaine Patrice Colin,85.0,16.0,85.0,16.0,1,1,['Gamay'],France,France Other,['Vin de France']
7727,Domaine Patrice Colin,88.5,15.0,88.5,15.0,2,2,"['Rosé', 'Chenin Blanc']",France,Loire Valley,['Coteaux du Vendômois']
7728,Domaine Patrice Magni,88.5,35.0,88.5,35.0,2,1,['Rhône-style Red Blend'],France,Rhône Valley,['Côtes du Rhône']
7729,Domaine Patrice Moreux,86.0,23.5,86.0,23.5,2,1,['Sauvignon Blanc'],France,Loire Valley,['Pouilly-Fumé']
7730,Domaine Patrick Javillier,87.5,65.0,87.0,65.0,4,1,['Chardonnay'],France,Burgundy,['Bourgogne']
7731,Domaine Paul Thomas,89.0,30.0,89.0,30.0,2,1,['Sauvignon Blanc'],France,Loire Valley,['Sancerre']
7732,Domaine Pavelot,91.5,33.0,91.5,33.0,2,1,['Pinot Noir'],France,Burgundy,['Pernand-Vergelesses']
7733,Domaine Pellé,89.0,157.2,88.5,29.5,6,2,"['Sauvignon Blanc', 'Rosé']",France,Loire Valley,['Menetou-Salon']
7734,Domaine Perraud,87.4,25.4,88.0,25.0,7,1,['Chardonnay'],France,Burgundy,['Saint-Véran']
7735,Domaine Perrot-Minot,93.4,421.2,94.0,420.0,11,1,['Pinot Noir'],France,Burgundy,['Morey-Saint-Denis']
7736,Domaine Perzinsky,88.0,16.0,88.0,16.0,1,1,['Rosé'],France,Provence,['Côtes de Provence']
7737,Domaine Petroni,87.6,21.0,88.0,20.0,5,3,"['Rosé', 'Red Blend', 'White Blend']",France,France Other,['Corse']
7738,Domaine Pfister,90.2,33.3,90.0,30.0,26,8,"['Riesling', 'Pinot Blanc', 'Pinot Noir', 'Alsace white blend', 'Pinot Gris', 'Gewürztraminer', 'White Blend', 'Sparkling Blend']",France,Alsace,['Alsace']
7739,Domaine Philippe & Vincent Jaboulet,89.5,47.8,89.5,36.5,6,3,"['Syrah', 'Roussanne', 'Marsanne']",France,Rhône Valley,['Crozes-Hermitage']
7740,Domaine Philippe Delesvaux,89.2,75.0,89.5,75.0,8,3,"['Chenin Blanc', 'Cabernet Sauvignon', 'Cabernet Franc']",France,Loire Valley,['Coteaux du Layon']
7741,Domaine Philippe Faury,90.0,36.0,90.5,35.5,4,2,"['Viognier', 'Syrah']",France,Rhône Valley,['Condrieu']
7742,Domaine Philippe Gilbert,89.0,23.0,89.0,23.0,1,1,['Sauvignon Blanc'],France,Loire Valley,['Menetou-Salon']
7743,Domaine Philippe Goulley,87.0,30.7,85.0,27.0,3,1,['Chardonnay'],France,Burgundy,['Chablis']
7744,Domaine Philippe Portier,87.5,20.0,87.5,19.5,4,1,['Sauvignon Blanc'],France,Loire Valley,['Quincy']
7745,Domaine Philippe Raimbault,89.7,23.0,90.0,22.0,3,2,"['Sauvignon Blanc', 'Rosé']",France,Loire Valley,['Sancerre']
7746,Domaine Pichot,89.5,49.9,89.5,22.0,10,1,['Chenin Blanc'],France,Loire Valley,['Vouvray']
7747,Domaine Pierre Duret,85.0,20.0,85.0,20.0,1,1,['Sauvignon Blanc'],France,Loire Valley,['Sancerre']
7748,Domaine Pierre Guillemot,88.8,53.0,89.0,50.0,5,2,"['Chardonnay', 'Pinot Noir']",France,Burgundy,['Savigny-lès-Beaune']
7749,Domaine Pierre Labet,90.7,75.0,90.5,75.0,6,2,"['Chardonnay', 'Pinot Noir']",France,Burgundy,['Beaune']
7750,Domaine Pierre Martin,88.0,,88.0,,1,1,['Sauvignon Blanc'],France,Loire Valley,['Sancerre']
7751,Domaine Pierre Noire,88.5,20.0,88.5,20.0,2,1,['White Blend'],US,Washington,"['Horse Heaven Hills', 'Columbia Valley']"
7752,Domaine Pierre Usseglio et Fils,87.0,25.0,87.0,25.0,1,1,['Rhône-style Red Blend'],France,Rhône Valley,['Côtes du Rhône']
7753,Domaine Pignier,88.0,32.7,88.0,33.0,3,3,"['Chardonnay', 'Trousseau', 'Poulsard']",France,France Other,['Côtes du Jura']
7754,Domaine Pinnacle,89.0,33.0,89.0,33.0,1,1,['Apple'],Canada,Canada Other,['Canada']
7755,Domaine Pinson,93.2,49.6,94.0,42.0,9,1,['Chardonnay'],France,Burgundy,['Chablis']
7756,Domaine Piquemal,86.0,24.0,86.0,24.0,1,1,['White Blend'],France,Languedoc-Roussillon,['Côtes du Roussillon']
7757,Domaine Poli,86.5,15.8,86.5,16.0,4,1,['Rosé'],France,France Other,['Ile de Beauté']
7758,Domaine Pommier,86.5,37.5,86.0,34.0,13,2,"['Chardonnay', 'Pinot Noir']",France,Burgundy,['Chablis']
7759,Domaine Pont de Guestres,89.0,23.0,89.0,23.0,1,1,['Bordeaux-style Red Blend'],France,Bordeaux,['Lalande de Pomerol']
7760,Domaine Pouillon,86.4,23.3,86.0,24.0,16,9,"['Red Blend', 'Cabernet Sauvignon', 'Merlot', 'Roussanne', 'Cabernet Sauvignon-Syrah', 'Gewürztraminer', 'White Blend', 'G-S-M', 'Roussanne-Viognier']",US,Washington,"['Horse Heaven Hills', 'Columbia Valley']"
7761,Domaine Poulleau Père et Fils,86.6,40.0,87.0,40.0,11,1,['Pinot Noir'],France,Burgundy,['Volnay']
7762,Domaine Pral,86.7,17.0,86.0,15.0,7,2,"['Gamay', 'Chardonnay']",France,Beaujolais,['Beaujolais']
7763,Domaine Raoul Gautherin et Fils,81.0,,81.0,,1,1,['Chardonnay'],France,Burgundy,['Chablis']
7764,Domaine René Bouvier,90.3,124.3,91.0,128.0,19,2,"['Pinot Noir', 'Chardonnay']",France,Burgundy,['Marsannay']
7765,Domaine René Monnier,91.2,58.8,91.5,60.0,4,1,['Chardonnay'],France,Burgundy,['Meursault']
7766,Domaine Reverdy-Ducroux,88.0,16.0,88.0,16.0,3,1,['Sauvignon Blanc'],France,Loire Valley,['Sancerre']
7767,Domaine Richard Rottiers,92.0,20.0,92.0,20.0,2,1,['Gamay'],France,Beaujolais,['Beaujolais-Villages']
7768,Domaine Rieflé,86.0,35.0,86.0,35.0,1,1,['Riesling'],France,Alsace,['Alsace']
7769,Domaine Rieflé-Landmann,90.0,33.9,90.0,29.0,26,8,"['White Blend', 'Riesling', 'Pinot Gris', 'Pinot Noir', 'Gewürztraminer', 'Sparkling Blend', 'Alsace white blend', 'Pinot Blanc']",France,Alsace,['Alsace']
7770,Domaine Rives-Blanques,87.0,10.0,87.0,10.0,1,1,['White Blend'],France,Languedoc-Roussillon,"[""Pays d'Oc""]"
7771,Domaine Robert Klingenfus,87.4,15.4,87.0,15.0,5,3,"['Pinot Noir', 'Riesling', 'Gewürztraminer']",France,Alsace,['Alsace']
7772,Domaine Roblin,88.0,37.0,88.0,37.0,2,2,"['Sauvignon Blanc', 'Pinot Noir']",France,Loire Valley,['Sancerre']
7773,Domaine Roche-Audran,92.0,27.0,92.0,27.0,1,1,['Rhône-style White Blend'],France,Rhône Valley,['Côtes du Rhône']
7774,Domaine Rochette,87.0,,87.0,,1,1,['Gamay'],France,Beaujolais,['Beaujolais-Villages']
7775,Domaine Roger & Christophe Moreux,91.8,33.5,92.0,33.5,4,1,['Sauvignon Blanc'],France,Loire Valley,['Sancerre']
7776,Domaine Roger Belland,87.0,50.0,87.0,50.0,2,1,['Pinot Noir'],France,Burgundy,['Santenay']
7777,Domaine Roger Champault,87.2,20.6,88.0,20.0,5,3,"['Sauvignon Blanc', 'Rosé', 'Pinot Noir']",France,Loire Valley,['Menetou-Salon']
7778,Domaine Roger Sabon,90.0,20.0,90.0,20.0,1,1,['Rhône-style Red Blend'],France,Rhône Valley,['Lirac']
7779,Domaine Roland Schmitt,90.1,21.8,91.0,20.0,11,5,"['Sylvaner', 'Riesling', 'Gewürztraminer', 'Pinot Gris', 'Pinot Blanc']",France,Alsace,['Alsace']
7780,Domaine Rolet Père et Fils,89.1,28.6,89.0,24.5,8,6,"['Sparkling Blend', 'Red Blend', 'Savagnin', 'Poulsard', 'Chardonnay', 'White Blend']",France,France Other,['Crémant de Jura']
7781,Domaine Romy,84.0,13.0,84.0,13.0,1,1,['Gamay'],France,Beaujolais,['Beaujolais']
7782,Domaine Roses Camille,89.7,144.5,90.0,144.5,3,1,['Bordeaux-style Red Blend'],France,Bordeaux,['Pomerol']
7783,Domaine Rossignol-Février Père et Fils,91.7,125.0,92.0,125.0,3,1,['Pinot Noir'],France,Burgundy,['Volnay']
7784,Domaine Rossignol-Trapet,92.6,104.8,93.0,73.5,7,1,['Pinot Noir'],France,Burgundy,['Chambertin']
7785,Domaine Rotier,90.0,,90.0,,1,1,['Duras'],France,France Other,['Vin de Liqueur']
7786,Domaine Rotier,90.2,25.0,91.0,23.0,53,5,"['Red Blend', 'White Blend', ""Loin de l'Oeil"", 'Duras', 'Rosé']",France,Southwest France,['Gaillac']
7787,Domaine Roumagnac,85.7,13.0,84.0,13.0,3,2,"['Red Blend', 'Rosé']",France,Southwest France,['Fronton']
7788,Domaine Roux,87.5,19.5,87.5,19.5,2,1,['Sauvignon Blanc'],France,Loire Valley,['Quincy']
7789,Domaine Royal de Jarras,87.0,16.0,87.0,16.0,1,1,['Rosé'],France,Languedoc-Roussillon,['Sable de Camargue']
7790,Domaine Ruet,82.0,,82.0,,1,1,['Gamay'],France,Beaujolais,['Beaujolais-Villages']
7791,Domaine Régis Champier,88.5,22.0,88.5,22.0,2,1,['Gamay'],France,Beaujolais,['Côte de Brouilly']
7792,Domaine Saint Andrieu,88.5,16.5,89.0,16.5,4,2,"['Rosé', 'Rhône-style Red Blend']",France,Provence,['Côtes de Provence']
7793,Domaine Saint Andéol,90.0,18.5,90.0,18.5,2,1,['Rhône-style Red Blend'],France,Rhône Valley,['Côtes du Rhône Villages']
7794,Domaine Saint Antonin,86.5,16.5,86.5,16.5,2,1,['Rhône-style Red Blend'],France,Languedoc-Roussillon,['Faugères']
7795,Domaine Saint Gayan,89.0,16.0,90.0,12.0,3,1,['Rhône-style Red Blend'],France,Rhône Valley,['Gigondas']
7796,Domaine Saint Gregory,85.0,28.0,85.0,28.0,1,1,['Pinot Noir'],US,California,['Anderson Valley']
7797,Domaine Saint Martin,86.0,13.0,86.0,13.0,1,1,['Melon'],France,Loire Valley,['Muscadet Sèvre et Maine']
7798,Domaine Saint Pierre,93.0,21.0,93.0,21.0,1,1,['Rhône-style Red Blend'],France,Rhône Valley,['Vacqueyras']
7799,Domaine Saint Roman d'Esclans,87.3,21.0,87.0,21.0,3,1,['Rosé'],France,Provence,['Côtes de Provence']
7800,Domaine Saint-Aix,88.0,25.0,88.0,25.0,1,1,['Chardonnay'],France,Burgundy,['Pouilly-Fuissé']
7801,Domaine Saint-Aix,90.0,19.0,90.0,19.0,1,1,['Rosé'],France,Provence,"[""Coteaux d'Aix-en-Provence""]"
7802,Domaine Saint-André de Figuière,90.1,27.1,90.5,26.0,18,3,"['Rosé', 'Rhône-style Red Blend', 'Provence red blend']",France,Provence,['Côtes de Provence']
7803,Domaine Saint-Nabor,84.0,12.0,84.0,12.0,1,1,['Chardonnay'],France,Languedoc-Roussillon,"[""Pays d'Oc""]"
7804,Domaine Saint-Nabor,89.0,16.0,89.0,16.0,1,1,['Rhône-style Red Blend'],France,Rhône Valley,['Côtes du Rhône Villages']
7805,Domaine Saint-Rémy,90.4,27.1,92.0,30.0,15,6,"['Pinot Noir', 'Gewürztraminer', 'Riesling', 'Pinot Gris', 'Chardonnay', 'Pinot Auxerrois']",France,Alsace,['Alsace']
7806,Domaine Sainte Barbe,89.0,,89.0,,1,1,['Chardonnay'],France,Burgundy,['Viré-Clessé']
7807,Domaine Sainte Croix,84.0,20.0,84.0,20.0,1,1,['Rosé'],France,Languedoc-Roussillon,['Languedoc']
7808,Domaine Sainte Croix La Manuelle,84.0,19.0,84.0,19.0,1,1,['Rosé'],France,Provence,['Côtes de Provence']
7809,Domaine Sainte Lucie,87.8,19.6,87.5,19.0,8,1,['Rosé'],France,Provence,['Côtes de Provence']
7810,Domaine Sainte Léocadie,88.2,23.0,88.0,22.0,4,1,['Rhône-style Red Blend'],France,Languedoc-Roussillon,['Minervois']
7811,Domaine Sainte-Eugénie,85.9,12.6,86.0,12.0,9,2,"['Rhône-style Red Blend', 'Rosé']",France,Languedoc-Roussillon,['Corbières']
7812,Domaine Sainte-Marie,88.1,24.1,88.0,25.0,17,1,['Rosé'],France,Provence,['Côtes de Provence']
7813,Domaine Sangouard,90.0,14.0,90.0,14.0,1,1,['Gamay'],France,Beaujolais,['Beaujolais-Leynes']
7814,Domaine Sangouard-Guyot,88.3,25.6,88.5,26.0,26,1,['Chardonnay'],France,Burgundy,['Pouilly-Fuissé']
7815,Domaine Santa Barbara,85.0,17.6,85.0,16.0,5,4,"['Syrah', 'Chardonnay', 'Pinot Gris', 'Pinot Noir']",US,California,"['Santa Barbara County', 'Central Coast']"
7816,Domaine Santa Duc,92.0,62.2,91.5,52.0,6,1,['Rhône-style Red Blend'],France,Rhône Valley,['Côtes du Rhône']
7817,Domaine Santa Giulietta,87.0,18.0,87.0,18.0,1,1,['Rosé'],France,France Other,['Ile de Beauté']
7818,Domaine Sarrabelle,88.7,17.7,89.0,12.0,3,3,"['Red Blend', 'White Blend', 'Mauzac']",France,Southwest France,['Gaillac']
7819,Domaine Sarragousse,86.0,17.0,86.0,17.0,1,1,['Rosé'],France,Provence,"[""Coteaux d'Aix-en-Provence""]"
7820,Domaine Saumaize-Michelin,87.0,30.3,87.5,27.0,4,1,['Chardonnay'],France,Burgundy,['Mâcon-Villages']
7821,Domaine Sautereau,87.8,22.2,88.0,22.0,6,3,"['Pinot Noir', 'Sauvignon Blanc', 'Rosé']",France,Loire Valley,['Sancerre']
7822,Domaine Sauvat,85.8,18.0,86.0,20.0,6,3,"['Gamay', 'Pinot Noir', 'Chardonnay']",France,Loire Valley,[]
7823,Domaine Schoffit,91.8,52.5,93.0,53.0,52,7,"['Chasselas', 'Riesling', 'Pinot Gris', 'White Blend', 'Gewürztraminer', 'Muscat', 'Pinot Auxerrois']",France,Alsace,['Alsace']
7824,Domaine Seailles,85.5,,85.5,,2,2,"['Sauvignon Blanc-Sauvignon Gris', 'Merlot']",France,Southwest France,['Côtes de Gascogne']
7825,Domaine Seguin,89.5,30.5,89.5,30.5,2,1,['Sauvignon Blanc'],France,Loire Valley,['Pouilly-Fumé']
7826,Domaine Seilly,88.6,31.8,89.0,26.0,5,5,"['Pinot Noir', 'Pinot Gris', 'Gewürztraminer', 'White Blend', 'Riesling']",France,Alsace,['Alsace']
7827,Domaine Serene,91.9,79.1,92.0,75.0,81,5,"['Pinot Noir', 'Chardonnay', 'Rosé', 'Pinot Noir-Syrah', 'Red Blend']",US,Oregon,"['Dundee Hills', 'Willamette Valley']"
7828,Domaine Serres Mazard,90.0,13.0,90.0,13.0,1,1,['Rhône-style Red Blend'],France,Languedoc-Roussillon,['Corbières']
7829,Domaine Servin,89.0,,89.0,,1,1,['Chardonnay'],France,Burgundy,['Chablis']
7830,Domaine Sigalas,87.0,25.0,87.0,25.0,1,1,['Mandilaria'],Greece,Greece,[]
7831,Domaine Sigalas,89.1,29.4,89.0,30.0,9,4,"['Assyrtiko', 'Assyrtico', 'Mavrotragano', 'White Blend']",Greece,Santorini,[]
7832,Domaine Simonnet,91.0,,91.0,,1,1,['Chardonnay'],France,Burgundy,['Chablis']
7833,Domaine Sipp-Mack,88.6,26.7,88.0,27.0,16,8,"['Riesling', 'Pinot Blanc', 'Pinot Noir', 'Sylvaner', 'Muscat', 'Gewürztraminer', 'Pinot Gris', 'Sparkling Blend']",France,Alsace,['Alsace']
7834,Domaine Siret-Courtaud,86.0,16.0,86.0,16.0,2,2,"['Pinot Noir-Gamay', 'Sauvignon Blanc']",France,Loire Valley,['Châteaumeillant']
7835,Domaine Sophie Cinier,88.3,140.0,89.0,140.0,7,1,['Chardonnay'],France,Burgundy,['Saint-Véran']
7836,Domaine Sorin,89.5,15.2,89.0,12.5,13,2,"['Rosé', 'Rhône-style Red Blend']",France,Provence,['Bandol']
7837,Domaine Souviou,88.5,,88.5,,2,1,['Provence red blend'],France,Provence,['Bandol']
7838,Domaine Specht,85.8,17.5,85.0,16.0,20,5,"['Pinot Blanc', 'Gewürztraminer', 'Riesling', 'Pinot Gris', 'Sparkling Blend']",France,Alsace,['Alsace']
7839,Domaine Spiropoulos,88.0,18.0,88.0,18.0,1,1,['Moschofilero'],Greece,Mantinia,[]
7840,Domaine St Aix,87.0,,87.0,,1,1,['Rosé'],France,Provence,"[""Coteaux d'Aix-en-Provence""]"
7841,Domaine St Martin d'Agel,85.0,12.0,85.0,12.0,1,1,['Rhône-style Red Blend'],France,Languedoc-Roussillon,['Faugères']
7842,Domaine St Pierre,90.0,16.0,90.0,16.0,1,1,['Rhône-style Red Blend'],France,Rhône Valley,['Côtes du Rhône']
7843,Domaine St. George,84.0,10.0,84.0,10.0,2,2,"['Merlot', 'Chardonnay']",US,California,"['Sonoma County', 'Sonoma']"
7844,Domaine Ste. Michelle,86.1,13.9,86.5,12.0,18,3,"['Sparkling Blend', 'White Blend', 'Chardonnay']",US,Washington,"['Columbia Valley (WA)', 'Columbia Valley']"
7845,Domaine Sylvain Pataille,89.2,49.5,89.0,49.5,5,2,"['Chardonnay', 'Pinot Noir']",France,Burgundy,['Marsannay']
7846,Domaine Sébastien Dampt,93.0,37.0,93.0,37.0,1,1,['Chardonnay'],France,Burgundy,['Chablis']
7847,Domaine Sérol,87.0,24.0,86.0,21.0,3,2,"['Gamay', 'Rosé']",France,Loire Valley,['Côte Roannaise']
7848,Domaine Talmard,85.8,14.0,85.5,14.0,4,1,['Chardonnay'],France,Burgundy,['Mâcon-Chardonnay']
7849,Domaine Tempier,94.0,62.0,94.0,62.0,1,1,['Rhône-style Red Blend'],France,Provence,['Bandol']
7850,Domaine Terlato & Chapoutier,89.9,35.4,90.0,30.0,11,3,"['Shiraz-Viognier', 'Viognier', 'Shiraz']",Australia,Victoria,['Victoria']
7851,Domaine Terre de Mistral,87.0,15.8,86.5,16.0,4,1,['Rosé'],France,France Other,['Mediterranée']
7852,Domaine Terre de Mistral,87.8,20.9,88.0,19.0,8,3,"['Rosé', 'Red Blend', 'Provence white blend']",France,Provence,['Côtes de Provence Sainte-Victoire']
7853,Domaine Thibert Père et Fils,91.0,25.0,91.0,25.0,1,1,['Chardonnay'],France,Burgundy,['Saint-Véran']
7854,Domaine Thierry Drouin,87.5,26.5,87.5,26.5,2,1,['Chardonnay'],France,Burgundy,['Macon-Bussières']
7855,Domaine Thierry Mortet,87.0,41.0,87.0,41.0,2,1,['Pinot Noir'],France,Burgundy,['Gevrey-Chambertin']
7856,Domaine Thomas & Fils,90.2,29.6,90.0,27.0,8,1,['Sauvignon Blanc'],France,Loire Valley,['Sancerre']
7857,Domaine Thunevin-Calvet,91.5,50.0,91.5,50.0,2,1,['Rhône-style Red Blend'],France,Languedoc-Roussillon,['Côtes du Roussillon Villages']
7858,Domaine Tinel-Blondelet,89.4,29.5,90.0,22.0,9,1,['Sauvignon Blanc'],France,Loire Valley,['Pouilly-Fumé']
7859,Domaine Torraccia,87.5,26.2,87.0,20.0,4,3,"['Red Blend', 'Vermentino', 'Rosé']",France,France Other,['Corse Porto Vecchio']
7860,Domaine Touzot,87.0,15.0,87.0,15.0,1,1,['Chardonnay'],France,Burgundy,['Mâcon-Villages']
7861,Domaine Trois Frères,84.0,18.0,84.0,18.0,1,1,['Melon'],France,Loire Valley,['Muscadet Sèvre et Maine']
7862,Domaine Trouillet,88.2,29.8,87.0,30.0,5,1,['Chardonnay'],France,Burgundy,['Mâcon Solutré']
7863,Domaine Uby,86.5,11.3,86.0,11.0,10,7,"['Gros and Petit Manseng', 'Colombard-Sauvignon Blanc', 'Colombard-Ugni Blanc', 'Syrah-Merlot', 'Sauvignon Blanc', 'White Blend', 'Ugni Blanc-Colombard']",France,Southwest France,['Côtes de Gascogne']
7864,Domaine Vacheron,96.0,,96.0,,1,1,['Sauvignon Blanc'],France,France Other,['Vin de France']
7865,Domaine Vacheron,90.5,48.2,91.0,46.0,31,3,"['Sauvignon Blanc', 'Rosé', 'Pinot Noir']",France,Loire Valley,['Sancerre']
7866,Domaine Val d'Astier,89.0,22.0,89.0,22.0,1,1,['Rosé'],France,Provence,['Côtes de Provence']
7867,Domaine Vaquer,84.0,,84.0,,1,1,['Rosé'],France,Languedoc-Roussillon,['Côtes du Roussillon']
7868,Domaine Verret et Fils,83.0,23.0,83.0,23.0,1,1,['Chardonnay'],France,Burgundy,['Chablis']
7869,Domaine Vetriccie,86.0,12.3,85.0,10.0,3,1,['Rosé'],France,France Other,['Corse']
7870,Domaine Vico,88.0,18.0,88.0,18.0,7,4,"['White Blend', 'Rosé', 'Vermentino', 'Red Blend']",France,France Other,['Corse']
7871,Domaine Victor Sornin,85.0,18.0,85.0,18.0,1,1,['Gamay'],France,Beaujolais,['Beaujolais-Villages']
7872,Domaine Vigneau-Chevreau,92.0,24.5,92.0,24.5,2,1,['Chenin Blanc'],France,Loire Valley,['Vouvray']
7873,Domaine Vincent Bouzereau,87.0,50.0,87.0,49.0,3,1,['Chardonnay'],France,Burgundy,['Bourgogne']
7874,Domaine Vincent Carême,89.8,32.0,90.5,38.0,18,1,['Chenin Blanc'],France,Loire Valley,['Vouvray']
7875,Domaine Vincent Dancer,93.0,85.0,93.0,85.0,1,1,['Chardonnay'],France,Burgundy,['Chassagne-Montrachet']
7876,Domaine Vincent Dauvissat,92.0,48.8,93.0,44.0,8,1,['Chardonnay'],France,Burgundy,['Chablis']
7877,Domaine Vincent Delaporte,90.7,41.4,91.0,42.0,7,3,"['Rosé', 'Sauvignon Blanc', 'Pinot Noir']",France,Loire Valley,['Sancerre']
7878,Domaine Vincent Girardin,88.0,,88.0,,1,1,['Gamay'],France,Beaujolais,['Moulin-à-Vent']
7879,Domaine Vincent Girardin,91.3,87.2,91.5,72.0,38,2,"['Chardonnay', 'Pinot Noir']",France,Burgundy,['Chassagne-Montrachet']
7880,Domaine Vincent Paris,90.0,44.5,90.0,44.5,2,1,['Syrah'],France,Rhône Valley,['Cornas']
7881,Domaine Vincent Pinard,91.0,45.5,91.5,42.0,4,2,"['Sauvignon Blanc', 'Pinot Noir']",France,Loire Valley,['Sancerre']
7882,Domaine Vincent Stoeffler,88.5,30.3,88.0,29.0,23,8,"['Riesling', 'Gewürztraminer', 'Sylvaner', 'Pinot Gris', 'Pinot Noir', 'Muscat', 'Sparkling Blend', 'Pinot Blanc-Chardonnay']",France,Alsace,['Alsace']
7883,Domaine Viret,91.0,40.0,91.0,40.0,1,1,['Rhône-style Red Blend'],France,Rhône Valley,['Côtes du Rhône Villages']
7884,Domaine Virginie Thunevin,88.0,,88.0,,1,1,['Bordeaux-style Red Blend'],France,Bordeaux,['Bordeaux']
7885,Domaine Viticole de la Ville de Colmar,89.0,,90.0,,3,2,"['Riesling', 'Pinot Gris']",France,Alsace,['Alsace']
7886,Domaine Vrignaud,89.2,46.3,89.0,46.5,25,1,['Chardonnay'],France,Burgundy,['Chablis']
7887,Domaine Weinbach,92.5,41.6,93.0,43.5,31,5,"['Pinot Blanc', 'Riesling', 'Gewürztraminer', 'Pinot Gris', 'Sylvaner']",France,Alsace,['Alsace']
7888,Domaine Yves Martin,86.0,23.0,86.0,23.0,1,1,['Sauvignon Blanc'],France,Loire Valley,['Sancerre']
7889,Domaine Zinck,89.1,26.1,89.0,19.0,46,7,"['Riesling', 'Gewürztraminer', 'Pinot Blanc', 'Sparkling Blend', 'Pinot Gris', 'Pinot Noir', 'Muscat']",France,Alsace,['Alsace']
7890,Domaine Zind-Humbrecht,92.5,67.4,93.0,60.0,113,7,"['Riesling', 'Alsace white blend', 'Muscat', 'Gewürztraminer', 'Pinot Gris', 'Pinot Blanc', 'White Blend']",France,Alsace,['Alsace']
7891,Domaine aux Moines,91.3,22.0,91.5,22.0,6,1,['Chenin Blanc'],France,Loire Valley,['Savennières-Roche-Aux-Moines']
7892,Domaine d'Alzipratu,90.0,30.0,90.0,30.0,2,2,"['White Blend', 'Red Blend']",France,France Other,[]
7893,Domaine d'Antugnac,87.0,12.2,86.0,12.0,4,3,"['Pinot Noir', 'Chardonnay', 'Merlot']",France,Languedoc-Roussillon,['Vin de Pays de la Vallée de l’Aude']
7894,Domaine d'Ardhuy,89.6,,90.5,,8,2,"['Chardonnay', 'Pinot Noir']",France,Burgundy,['Bourgogne']
7895,Domaine d'Arton,87.1,13.9,87.0,12.5,13,5,"['Red Blend', 'Rosé', 'Gros Manseng', 'Gros and Petit Manseng', 'Colombard-Sauvignon Blanc']",France,Southwest France,['Côtes de Gascogne']
7896,Domaine d'Astros,86.0,14.5,86.0,14.5,2,1,['Rosé'],France,Provence,['Vin de Pays des Maures']
7897,Domaine d'Eole,88.6,19.4,88.5,20.0,14,3,"['Rosé', 'Rhône-style Red Blend', 'Roussanne']",France,Provence,"[""Coteaux d'Aix-en-Provence""]"
7898,Domaine d'Escausses,88.5,17.2,88.5,16.0,4,2,"['White Blend', 'Red Blend']",France,Southwest France,['Gaillac']
7899,Domaine d'Estoublon,91.0,32.0,91.0,32.0,1,1,['Rhône-style White Blend'],France,Provence,['Alpilles']
7900,Domaine d'Eugenie,90.8,,91.0,,4,1,['Pinot Noir'],France,Burgundy,['Vosne-Romanée']
7901,Domaine de Ballade,84.7,10.2,84.5,10.5,6,4,"['White Blend', 'Rosé', 'Colombard-Sauvignon Blanc', 'Cabernet Sauvignon']",France,Southwest France,['Côtes de Gascogne']
7902,Domaine de Baronarques,89.3,40.0,89.0,40.0,3,3,"['Rhône-style Red Blend', 'Red Blend', 'Chardonnay']",France,Languedoc-Roussillon,['Limoux']
7903,Domaine de Beaumalric,88.0,17.0,88.0,17.0,1,1,['Muscat Blanc à Petit Grain'],France,Rhône Valley,['Muscat de Beaumes de Venise']
7904,Domaine de Beaupré,88.0,15.0,88.0,15.0,2,1,['Rosé'],France,Provence,"[""Coteaux d'Aix-en-Provence""]"
7905,Domaine de Beauregard,85.5,,85.5,,2,1,['Melon'],France,Loire Valley,['Muscadet Sèvre et Maine']
7906,Domaine de Beaurenard,89.5,37.8,90.0,30.5,4,1,['Rhône-style Red Blend'],France,Rhône Valley,['Châteauneuf-du-Pape']
7907,Domaine de Bel Air,90.4,19.2,90.0,20.0,5,1,['Gamay'],France,Beaujolais,['Fleurie']
7908,Domaine de Bel Air,88.0,24.0,88.0,24.0,1,1,['Sauvignon Blanc'],France,Loire Valley,['Pouilly-Fumé']
7909,Domaine de Bellecours,85.5,,85.5,,2,1,['Sauvignon Blanc'],France,Loire Valley,['Sancerre']
7910,Domaine de Bellene,91.1,79.3,91.0,74.0,30,2,"['Pinot Noir', 'Chardonnay']",France,Burgundy,['Beaune']
7911,Domaine de Bendel,85.0,17.0,85.0,17.0,1,1,['Rosé'],France,Provence,['Côtes de Provence']
7912,Domaine de Bernier,85.0,12.0,85.0,12.0,1,1,['Chardonnay'],France,Loire Valley,['Val de Loire']
7913,Domaine de Billards,89.0,21.0,89.0,21.0,1,1,['Gamay'],France,Beaujolais,['Saint-Amour']
7914,Domaine de Biéville,87.0,20.0,87.0,20.0,1,1,['Chardonnay'],France,Burgundy,['Chablis']
7915,Domaine de Boischampt,86.5,16.0,86.5,16.0,2,1,['Gamay'],France,Beaujolais,['Beaujolais-Villages']
7916,Domaine de Bonserine,89.0,60.0,89.0,60.0,1,1,['Rhône-style Red Blend'],France,Rhône Valley,['Côte Rôtie']
7917,Domaine de Brau,84.0,13.0,84.0,13.0,1,1,['Pinot Noir'],France,Languedoc-Roussillon,"[""Pays d'Oc""]"
7918,Domaine de Brigue,84.0,15.0,84.0,15.0,1,1,['Rosé'],France,Provence,['Côtes de Provence']
7919,Domaine de Brigé,89.0,,89.0,,1,1,['Chenin Blanc'],France,Loire Valley,['Anjou']
7920,Domaine de Cabriac,85.0,12.0,85.0,12.0,1,1,['Pinot Noir'],France,Languedoc-Roussillon,"[""Pays d'Oc""]"
7921,Domaine de Cambis,87.0,20.0,87.0,20.0,1,1,['Rhône-style Red Blend'],France,Languedoc-Roussillon,['Saint-Chinian']
7922,Domaine de Camparine,82.0,12.0,82.0,12.0,1,1,['Rosé'],France,Languedoc-Roussillon,"[""Vin de Pays d'Oc""]"
7923,Domaine de Caseneuve,88.2,13.3,88.0,13.0,4,1,['Rosé'],France,Provence,['Côtes de Provence']
7924,Domaine de Cassan,90.0,27.0,90.0,27.0,1,1,['Rhône-style Red Blend'],France,Rhône Valley,['Gigondas']
7925,Domaine de Cause,89.4,29.9,90.5,19.0,20,3,"['Malbec', 'Malbec-Tannat', 'Rosé']",France,Southwest France,['Cahors']
7926,Domaine de Champarlan,86.0,22.5,86.0,22.5,2,1,['Sauvignon Blanc'],France,Loire Valley,['Sancerre']
7927,Domaine de Chatenoy,86.0,20.0,86.0,20.0,2,1,['Sauvignon Blanc'],France,Loire Valley,['Menetou-Salon']
7928,Domaine de Chevalier,93.7,89.8,94.0,100.0,32,3,"['Bordeaux-style White Blend', 'Bordeaux-style Red Blend', 'Rosé']",France,Bordeaux,['Pessac-Léognan']
7929,Domaine de Chevilly,88.0,17.0,88.0,17.0,1,1,['Sauvignon Blanc'],France,Loire Valley,['Quincy']
7930,Domaine de Châteaumar,86.0,26.0,86.0,26.0,2,2,"['Rhône-style Red Blend', 'Syrah']",France,Rhône Valley,['Châteauneuf-du-Pape']
7931,Domaine de Colette,87.3,15.0,87.0,15.0,3,1,['Gamay'],France,Beaujolais,['Beaujolais-Villages']
7932,Domaine de Colonat,87.0,23.7,87.0,15.0,3,1,['Gamay'],France,Beaujolais,['Beaujolais-Villages']
7933,Domaine de Coste Chaude,89.5,,89.5,,2,1,['Rhône-style Red Blend'],France,Rhône Valley,[]
7934,Domaine de Courcel,91.8,80.0,92.0,80.0,4,1,['Pinot Noir'],France,Burgundy,['Pommard']
7935,Domaine de Courteillac,86.8,19.0,87.0,19.0,4,1,['Bordeaux-style Red Blend'],France,Bordeaux,['Bordeaux Supérieur']
7936,Domaine de Coussergues,84.5,13.0,84.5,13.0,2,2,"['Sauvignon Blanc', 'Pinot Noir']",France,Languedoc-Roussillon,"[""Vin de Pays d'Oc""]"
7937,Domaine de Cristia,92.0,55.0,92.0,55.0,1,1,['Rhône-style Red Blend'],France,Rhône Valley,['Châteauneuf-du-Pape']
7938,Domaine de Cébène,88.5,32.5,88.5,32.5,2,1,['Rhône-style Red Blend'],France,Languedoc-Roussillon,['Faugères']
7939,Domaine de Côtes Rémont,92.0,19.0,92.0,19.0,2,1,['Gamay'],France,Beaujolais,['Chénas']
7940,Domaine de Dauliac,88.0,25.0,88.0,25.0,1,1,['Malbec'],France,Southwest France,['Cahors']
7941,Domaine de Dionysos,89.0,15.0,89.0,15.0,2,1,['Rhône-style Red Blend'],France,Rhône Valley,['Côtes du Rhône Villages']
7942,Domaine de Espiers,91.0,39.0,91.0,39.0,1,1,['Rhône-style Red Blend'],France,Rhône Valley,['Gigondas']
7943,Domaine de Familongue,90.0,29.0,90.0,29.0,1,1,['Rhône-style Red Blend'],France,Languedoc-Roussillon,['Coteaux du Languedoc']
7944,Domaine de Fenouillet,87.0,,87.0,,1,1,['Rhône-style Red Blend'],France,Rhône Valley,['Ventoux']
7945,Domaine de Fondrèche,89.0,22.8,89.0,23.0,4,2,"['Rhône-style Red Blend', 'Rosé']",France,Rhône Valley,['Ventoux']
7946,Domaine de Fonfile,86.5,14.0,86.5,14.0,2,2,"['Chardonnay', 'Viognier']",France,Languedoc-Roussillon,"[""Vin de Pays d'Oc""]"
7947,Domaine de Fontavin,92.0,33.0,92.0,33.0,1,1,['Grenache-Syrah'],France,Rhône Valley,['Châteauneuf-du-Pape']
7948,Domaine de Fontenille,90.0,13.0,90.0,13.0,1,1,['Rhône-style Red Blend'],France,Rhône Valley,['Côtes du Luberon']
7949,Domaine de Foretal,88.0,15.0,88.0,15.0,1,1,['Gamay'],France,Beaujolais,['Beaujolais-Villages']
7950,Domaine de Frégate,89.5,,89.5,,2,1,['Rhône-style Red Blend'],France,Provence,['Bandol']
7951,Domaine de Gensac,86.0,24.0,86.0,24.0,1,1,['Sparkling Blend'],France,France Other,['Vin Mousseux']
7952,Domaine de Gensac,88.7,31.0,89.5,29.5,6,3,"['White Blend', 'Tannat', 'Red Blend']",France,Southwest France,['Gers']
7953,Domaine de Givaudan,86.0,18.0,86.0,18.0,1,1,['Rhône-style Red Blend'],France,Rhône Valley,['Côtes du Rhône']
7954,Domaine de Gournier,86.7,11.0,87.5,10.0,6,4,"['Rosé', 'Sauvignon Blanc', 'Viognier', 'Grenache']",France,Rhône Valley,['Vin de Pays des Cévennes']
7955,Domaine de Granajolo,85.3,,85.0,,3,2,"['Vermentino', 'Rosé']",France,France Other,['Corse Porto Vecchio']
7956,Domaine de Grand Garant,90.5,22.0,90.5,22.0,2,1,['Gamay'],France,Beaujolais,['Fleurie']
7957,Domaine de Grandmaison,87.0,,87.0,,1,1,['Bordeaux-style Red Blend'],France,Bordeaux,['Pessac-Léognan']
7958,Domaine de Grange Neuve,86.0,13.2,85.5,12.0,6,4,"['Bordeaux-style White Blend', 'Rosé', 'Sauvignon Blanc', 'Bordeaux-style Red Blend']",France,Southwest France,['Côtes de Bergerac']
7959,Domaine de Gry-Sablon,86.8,20.7,88.0,21.0,6,1,['Gamay'],France,Beaujolais,['Juliénas']
7960,Domaine de Guiot,84.0,12.0,84.0,12.0,1,1,['Chardonnay'],France,Languedoc-Roussillon,"[""Vin de Pays d'Oc""]"
7961,Domaine de Jarras,86.0,13.0,86.0,13.0,1,1,['Rosé'],France,Languedoc-Roussillon,['Sable de Camargue']
7962,Domaine de Joÿ,87.0,11.3,87.0,10.0,3,1,['White Blend'],France,Southwest France,['Côtes de Gascogne']
7963,Domaine de Juchepie,89.6,26.0,90.0,26.0,5,1,['Chenin Blanc'],France,Loire Valley,['Anjou']
7964,Domaine de L'Olivier,82.0,7.0,82.0,7.0,1,1,['Chardonnay'],France,Languedoc-Roussillon,"[""Vin de Pays d'Oc""]"
7965,Domaine de L'Olivier,87.0,16.0,87.0,16.0,1,1,['Melon'],France,Loire Valley,['Muscadet Sèvre et Maine']
7966,Domaine de Laballe,86.0,13.0,86.0,13.0,3,3,"['Chardonnay', 'White Blend', 'Red Blend']",France,Southwest France,['Côtes de Gascogne']
7967,Domaine de Lamothe,86.0,10.0,86.0,10.0,1,1,['White Blend'],France,Southwest France,['Côtes de Gascogne']
7968,Domaine de Lartigue,86.3,9.0,86.0,9.0,3,3,"['White Blend', 'Rosé', 'Red Blend']",France,Southwest France,['Côtes de Gascogne']
7969,Domaine de Leyre-Loup,88.8,25.2,89.0,25.0,19,1,['Gamay'],France,Beaujolais,['Morgon']
7970,Domaine de Lischetto,87.0,19.0,87.0,19.0,1,1,['Chardonnay'],France,France Other,['Ile de Beauté']
7971,Domaine de Magalanne,86.5,20.0,86.5,20.0,2,1,['Rhône-style Red Blend'],France,Rhône Valley,['Côtes du Rhône Villages']
7972,Domaine de Magnaut,84.0,10.0,84.0,10.0,1,1,['Colombard'],France,Southwest France,['Côtes de Gascogne']
7973,Domaine de Maison Neuve,87.0,20.0,87.0,20.0,2,1,['Malbec'],France,Southwest France,['Cahors']
7974,Domaine de Malavieille,89.3,19.3,90.0,17.0,3,3,"['Rosé', 'White Blend', 'Rhône-style White Blend']",France,Languedoc-Roussillon,"[""Pays d'Oc""]"
7975,Domaine de Marcoux,88.0,60.0,88.0,60.0,1,1,['Marsanne'],France,Rhône Valley,['Châteauneuf-du-Pape']
7976,Domaine de Maubet,83.5,12.0,83.5,12.0,2,1,['White Blend'],France,Southwest France,['Côtes de Gascogne']
7977,Domaine de Millet,85.0,10.0,85.0,10.0,1,1,['Colombard-Ugni Blanc'],France,Burgundy,['Coteaux Bourguignons']
7978,Domaine de Millet,85.0,10.0,85.0,10.0,3,2,"['Colombard-Ugni Blanc', 'Rosé']",France,Southwest France,['Côtes de Gascogne']
7979,Domaine de Mirail,86.2,11.3,86.0,12.0,5,3,"['Colombard', 'Cabernet Merlot', 'Bordeaux-style Red Blend']",France,Southwest France,['Côtes de Gascogne']
7980,Domaine de Montgilet,86.2,,87.0,,6,3,"['Chenin Blanc', 'Cabernet Sauvignon-Cabernet Franc', 'Cabernet Franc']",France,Loire Valley,['Anjou']
7981,Domaine de Montille,93.0,,93.0,,1,1,['Pinot Noir'],France,Burgundy,['Pommard']
7982,Domaine de Moulin-Pouzy,85.3,,85.0,,3,2,"['Bordeaux-style White Blend', 'Bordeaux-style Red Blend']",France,Southwest France,['Bergerac Sec']
7983,Domaine de Mourchon,89.0,22.3,90.0,20.0,3,2,"['Rosé', 'Rhône-style Red Blend']",France,Rhône Valley,[]
7984,Domaine de Ménard,86.2,11.2,86.0,10.0,18,8,"['Gros and Petit Manseng', 'Gros Manseng', 'Colombard-Sauvignon Blanc', 'White Blend', 'Colombard-Ugni Blanc', 'Rosé', 'Bordeaux-style Red Blend', 'Merlot-Cabernet Sauvignon']",France,Southwest France,['Côtes de Gascogne']
7985,Domaine de Nalys,90.2,52.6,91.0,60.0,13,3,"['Rhône-style White Blend', 'Rhône-style Red Blend', 'Grenache-Mourvèdre']",France,Rhône Valley,['Châteauneuf-du-Pape']
7986,Domaine de Nerleux,85.0,19.0,85.0,19.0,1,1,['Sparkling Blend'],France,Loire Valley,['Crémant de Loire']
7987,Domaine de Nizas,87.4,17.6,87.0,17.0,16,5,"['Rosé', 'Rhône-style Red Blend', 'White Blend', 'Red Blend', 'Carignan']",France,Languedoc-Roussillon,['Coteaux du Languedoc']
7988,Domaine de Pajot,84.7,10.0,84.0,10.0,3,1,['White Blend'],France,Southwest France,['Côtes de Gascogne']
7989,Domaine de Paris,86.0,15.0,86.0,15.0,1,1,['Rosé'],France,Provence,['Côtes de Provence']
7990,Domaine de Pellehaut,84.6,10.9,85.0,11.0,8,3,"['White Blend', 'Red Blend', 'Rosé']",France,Southwest France,['Vin de Pays des Côtes de Gascogne']
7991,Domaine de Pontefract,87.0,,87.0,,2,1,['Rosé'],France,Provence,['Côtes de Provence']
7992,Domaine de Ponteveze,85.0,18.0,85.0,18.0,1,1,['Rosé'],France,Provence,['Côtes de Provence']
7993,Domaine de Poulvarel,88.5,20.2,88.5,18.0,4,1,['Rhône-style Red Blend'],France,Rhône Valley,['Costières de Nîmes']
7994,Domaine de Pouy,86.5,9.0,86.5,9.0,2,1,['White Blend'],France,Southwest France,['Vin de Pays des Côtes de Gascogne']
7995,Domaine de Reuilly,86.5,20.0,86.5,20.0,2,2,"['Pinot Noir', 'Rosé']",France,Loire Valley,['Reuilly']
7996,Domaine de Roche Guillon,86.0,14.5,86.0,14.5,2,1,['Gamay'],France,Beaujolais,['Beaujolais-Villages']
7997,Domaine de Roche-Guillon,91.3,19.0,91.0,20.0,3,1,['Gamay'],France,Beaujolais,['Fleurie']
7998,Domaine de Rome,89.3,20.3,89.0,20.0,3,1,['Sauvignon Blanc'],France,Loire Valley,['Sancerre']
7999,Domaine de Saint-Antoine,87.0,12.0,87.0,12.0,1,1,['Merlot'],France,Languedoc-Roussillon,"[""Vin de Pays d'Oc""]"
8000,Domaine de Saint-Antoine,88.0,11.5,88.0,11.5,2,1,['Rosé'],France,Rhône Valley,['Vin de Pays du Gard']
8001,Domaine de Saint-Guirons,90.0,41.3,90.0,44.0,5,1,['Bordeaux-style Red Blend'],France,Bordeaux,['Pauillac']
8002,Domaine de Salvard,88.0,16.0,88.0,16.0,1,1,['White Blend'],France,Loire Valley,['Cheverny']
8003,Domaine de Savagny,86.2,38.2,87.0,33.0,5,4,"['Pinot Noir', 'Savagnin', 'Chardonnay', 'White Blend']",France,France Other,['Crémant de Jura']
8004,Domaine de Souviou,85.3,20.0,85.0,18.0,3,1,['Rosé'],France,Provence,['Bandol']
8005,Domaine de Sulauze,86.2,19.5,86.5,17.5,6,4,"['Red Blend', 'Rhône-style Red Blend', 'Rosé', 'White Blend']",France,Provence,"[""Coteaux d'Aix-en-Provence""]"
8006,Domaine de Suremain,92.0,42.0,92.0,44.0,9,1,['Pinot Noir'],France,Burgundy,['Mercurey']
8007,Domaine de Tara,86.0,,86.0,,2,1,['Rhône-style White Blend'],France,Rhône Valley,['Ventoux']
8008,Domaine de Terra Vecchia,87.2,15.0,87.5,15.0,4,2,"['White Blend', 'Rosé']",France,France Other,['Ile de Beauté']
8009,Domaine de Terrebrune,86.7,24.7,86.0,18.0,3,3,"['Chenin Blanc', 'Cabernet Franc', 'Bordeaux-style Red Blend']",France,Loire Valley,['Bonnezeaux']
8010,Domaine de Terrebrune,91.0,,91.0,,1,1,['Rhône-style Red Blend'],France,Provence,['Bandol']
8011,Domaine de Thulon,85.8,13.0,86.0,13.0,5,3,"['Chardonnay', 'Gamay', 'Rosé']",France,Beaujolais,['Beaujolais-Villages']
8012,Domaine de Trevallon,94.0,50.0,94.0,50.0,1,1,['Cabernet Sauvignon-Syrah'],France,Rhône Valley,['Vin de Pays de Vaucluse']
8013,Domaine de Val d'Arenc,92.0,,92.0,,1,1,['Rhône-style Red Blend'],France,Provence,['Bandol']
8014,Domaine de Valdition,89.7,23.3,90.0,25.0,3,1,['Rosé'],France,Provence,"[""Coteaux d'Aix-en-Provence""]"
8015,Domaine de Valmengaux,89.0,22.0,89.0,22.0,2,1,['Bordeaux-style Red Blend'],France,Bordeaux,['Bordeaux']
8016,Domaine de Vaugondy,86.8,14.8,87.0,15.0,14,1,['Chenin Blanc'],France,Loire Valley,['Vouvray']
8017,Domaine de Villalin,87.0,18.0,87.0,18.0,1,1,['Sauvignon Blanc'],France,Loire Valley,['Quincy']
8018,Domaine de Villargeau,85.5,17.0,85.5,17.0,2,1,['Sauvignon Blanc'],France,Loire Valley,['Coteaux du Giennois']
8019,Domaine de Villeneuve,90.0,56.0,90.0,56.0,1,1,['Rhône-style Red Blend'],France,Rhône Valley,['Châteauneuf-du-Pape']
8020,Domaine de Viranel,86.0,14.0,86.0,14.0,1,1,['Rosé'],France,Languedoc-Roussillon,"[""Pays d'Oc""]"
8021,Domaine de Virginie,83.0,10.0,83.0,10.0,1,1,['Chardonnay'],France,France Other,['Vin de Pays Vignobles de France']
8022,Domaine de Vodanis,91.0,20.0,91.0,20.0,1,1,['Chenin Blanc'],France,Loire Valley,['Vouvray']
8023,Domaine de Vrignaud,87.5,,87.5,,2,1,['Chardonnay'],France,Burgundy,['Chablis']
8024,Domaine de l'A,90.8,46.5,90.5,43.0,4,1,['Bordeaux-style Red Blend'],France,Bordeaux,['Castillon Côtes de Bordeaux']
8025,Domaine de l'Amaurigue,89.7,19.3,90.0,21.0,3,1,['Rosé'],France,Provence,['Côtes de Provence']
8026,Domaine de l'Arlot,90.3,,91.0,,9,2,"['Pinot Noir', 'Chardonnay']",France,Burgundy,['Nuits-St.-Georges']
8027,Domaine de l'Aujardière,89.0,17.0,89.0,17.0,2,1,['Melon'],France,Loire Valley,['Muscadet Côtes de Grandlieu']
8028,Domaine de l'Aurage,84.0,50.0,84.0,50.0,1,1,['Bordeaux-style Red Blend'],France,Bordeaux,['Castillon Côtes de Bordeaux']
8029,Domaine de l'Echelette,86.0,17.0,86.0,16.0,3,1,['Chardonnay'],France,Burgundy,['Mâcon-Cruzille']
8030,Domaine de l'Ecu,91.6,21.1,92.0,22.0,11,1,['Melon'],France,Loire Valley,['Muscadet Sèvre et Maine']
8031,Domaine de l'Edre,87.5,43.0,87.5,43.0,2,2,"['Rhône-style Red Blend', 'Rhône-style White Blend']",France,Languedoc-Roussillon,['Côtes du Roussillon Villages']
8032,Domaine de l'Engarran,88.0,12.0,88.0,12.0,1,1,['Red Blend'],France,Languedoc-Roussillon,"[""Pays d'Oc""]"
8033,Domaine de l'Eole,90.0,17.0,90.0,17.0,1,1,['Rosé'],France,Provence,"[""Coteaux d'Aix-en-Provence""]"
8034,Domaine de l'Ermitage,87.0,20.0,87.0,20.0,2,2,"['Sauvignon Blanc', 'Rosé']",France,Loire Valley,['Menetou-Salon']
8035,Domaine de l'Espérouze,85.0,12.0,85.0,12.0,1,1,['Rhône-style Red Blend'],France,Rhône Valley,['Coteaux du Tricastin']
8036,Domaine de l'Hermitage,87.8,19.5,88.5,20.0,4,2,"['Pinot Noir', 'Sauvignon Blanc']",France,Loire Valley,['Menetou-Salon']
8037,Domaine de l'Hermitage,90.0,31.0,90.5,35.0,6,3,"['Mourvèdre', 'Rosé', 'Rhône-style Red Blend']",France,Provence,['Bandol']
8038,Domaine de l'Herré,85.0,12.9,85.0,12.0,7,4,"['Sauvignon Blanc', 'Chardonnay', 'Rosé', 'Gros Manseng']",France,Southwest France,['Côtes de Gascogne']
8039,Domaine de l'Idylle,88.1,17.5,88.0,17.0,15,3,"['Jacquère', 'Altesse', 'Mondeuse']",France,France Other,['Vin de Savoie']
8040,Domaine de l'Oratoire Saint-Martin,90.0,22.0,90.0,22.0,2,2,"['Rhône-style Red Blend', 'Rhône-style White Blend']",France,Rhône Valley,['Côtes du Rhône Villages']
8041,Domaine de la Bastide,86.0,13.0,86.0,13.0,1,1,['Rhône-style Red Blend'],France,Rhône Valley,['Côtes du Rhône']
8042,Domaine de la Bastide Blanche,91.0,20.0,91.0,20.0,1,1,['Rosé'],France,Provence,['Côtes de Provence']
8043,Domaine de la Berthète,88.0,13.0,87.0,13.0,3,2,"['Rhône-style Red Blend', 'Rhône-style White Blend']",France,Rhône Valley,['Côtes du Rhône']
8044,Domaine de la Bonne Tonne,87.7,24.8,87.0,25.0,6,2,"['Chardonnay', 'Gamay']",France,Beaujolais,['Beaujolais Blanc']
8045,Domaine de la Bégude,91.0,40.0,91.0,40.0,1,1,['Rosé'],France,France Other,['Vin de France']
8046,Domaine de la Bégude,92.8,43.5,94.0,43.0,11,4,"['Provence red blend', 'Rosé', 'Provence white blend', 'Rhône-style Red Blend']",France,Provence,['Bandol']
8047,Domaine de la Cave du Rocher,85.0,15.0,85.0,15.0,1,1,['Cabernet Franc'],France,Loire Valley,['Saumur-Champigny']
8048,Domaine de la Chapelle,90.0,,90.0,,1,1,['Chardonnay'],France,Burgundy,['Saint-Véran']
8049,Domaine de la Chapelle Saint-Victor,88.0,,88.0,,1,1,['Rosé'],France,Provence,"[""Coteaux d'Aix-en-Provence""]"
8050,Domaine de la Chezatte,86.0,20.0,86.0,20.0,1,1,['Sauvignon Blanc'],France,Loire Valley,['Sancerre']
8051,Domaine de la Citadelle,85.0,25.0,85.0,25.0,1,1,['Rhône-style White Blend'],France,Rhône Valley,['Luberon']
8052,Domaine de la Coche,87.0,15.0,87.0,15.0,1,1,['Melon'],France,Loire Valley,['Muscadet Côtes de Grandlieu']
8053,Domaine de la Combe au Loup,87.4,18.0,88.0,18.0,7,1,['Gamay'],France,Beaujolais,['Morgon']
8054,Domaine de la Commanderie,88.0,17.0,88.0,17.0,1,1,['Sauvignon Blanc'],France,Loire Valley,['Quincy']
8055,Domaine de la Cote,92.5,80.0,92.5,80.0,2,1,['Pinot Noir'],US,California,"['Sta. Rita Hills', 'Central Coast']"
8056,Domaine de la Coume du Roy,90.0,24.0,90.0,24.0,1,1,['Grenache'],France,Languedoc-Roussillon,['Maury']
8057,Domaine de la Courtade,84.0,12.0,84.0,12.0,2,1,['Rosé'],France,Provence,['Côtes de Provence']
8058,Domaine de la Crillonne,90.5,,90.5,,2,1,['Rhône-style Red Blend'],France,Rhône Valley,['Ventoux']
8059,Domaine de la Croix,88.2,25.0,87.5,25.0,4,1,['Rosé'],France,Provence,['Côtes de Provence']
8060,Domaine de la Croix Senaillet,88.4,33.3,88.5,39.0,12,1,['Chardonnay'],France,Burgundy,['Mâcon-Davayé']
8061,Domaine de la Denante,87.0,21.5,87.5,20.0,6,1,['Chardonnay'],France,Burgundy,['Bourgogne']
8062,Domaine de la Ferté,88.0,31.5,88.0,31.5,2,1,['Pinot Noir'],France,Burgundy,['Givry']
8063,Domaine de la Feuillarde,86.0,,86.0,,1,1,['Chardonnay'],France,Burgundy,['Mâcon-Prissé']
8064,Domaine de la Foliette,88.0,18.0,88.0,18.0,3,1,['Melon'],France,Loire Valley,['Muscadet Sèvre et Maine']
8065,Domaine de la Forêt,85.0,10.0,85.0,10.0,1,1,['Rosé'],France,France Other,['Mediterranée']
8066,Domaine de la Fruitière,88.0,,88.0,,1,1,['Melon'],France,Loire Valley,['Muscadet Sèvre et Maine']
8067,Domaine de la Garenne,88.0,22.0,88.0,24.0,3,1,['Chardonnay'],France,Burgundy,['Mâcon-Azé']
8068,Domaine de la Garenne,91.0,,91.0,,1,1,['Rhône-style Red Blend'],France,Provence,['Bandol']
8069,Domaine de la Gaverie,90.0,15.0,90.5,15.0,4,1,['Chenin Blanc'],France,Loire Valley,['Vouvray']
8070,Domaine de la Grande Séouve,85.0,18.0,85.0,18.0,1,1,['Red Blend'],France,Provence,"[""Coteaux d'Aix-en-Provence""]"
8071,Domaine de la Grange,84.0,,84.0,,1,1,['Chardonnay'],France,Loire Valley,['Vin de Pays du Val de Loire']
8072,Domaine de la Graveirette,89.0,20.0,89.0,20.0,1,1,['Rhône-style Red Blend'],France,Rhône Valley,['Côtes du Rhône']
8073,Domaine de la Grenaudière,86.8,15.5,86.5,15.5,4,1,['Melon'],France,Loire Valley,['Muscadet Sèvre et Maine']
8074,Domaine de la Guicharde,91.0,14.0,91.0,14.0,1,1,['Rhône-style Red Blend'],France,Rhône Valley,['Côtes du Rhône Villages']
8075,Domaine de la Janasse,90.0,38.0,88.0,30.0,3,3,"['Grenache', 'White Blend', 'Rhône-style Red Blend']",France,Rhône Valley,['Côtes du Rhône Villages']
8076,Domaine de la Jobeline,87.0,,87.0,,1,1,['Chardonnay'],France,Burgundy,['Mâcon-Villages']
8077,Domaine de la Lande,89.0,15.0,89.0,15.0,1,1,['Cabernet Franc'],France,Loire Valley,['Bourgueil']
8078,Domaine de la Loge,88.0,35.0,88.0,35.0,1,1,['Sauvignon Blanc'],France,Loire Valley,['Pouilly-Fumé']
8079,Domaine de la Louvetrie,89.0,11.0,89.0,11.0,1,1,['Muscadet'],France,Loire Valley,['Muscadet Sèvre et Maine']
8080,Domaine de la Madone,87.1,13.6,87.0,13.0,9,1,['Gamay'],France,Beaujolais,['Beaujolais-Villages']
8081,Domaine de la Mordorée,84.0,13.0,84.0,13.0,1,1,['Red Blend'],France,France Other,['Vin de France']
8082,Domaine de la Mordorée,90.3,34.0,90.5,27.5,22,4,"['Rhône-style Red Blend', 'Rosé', 'Rhône-style White Blend', 'Grenache-Syrah']",France,Rhône Valley,['Lirac']
8083,Domaine de la Motte,84.0,11.0,84.0,11.0,1,1,['Rosé'],France,Languedoc-Roussillon,"[""Pays d'Oc""]"
8084,Domaine de la Métairie d'Alon,87.0,19.0,87.0,19.0,1,1,['Rosé'],France,Languedoc-Roussillon,"[""Pays d'Oc""]"
8085,Domaine de la Noblaie,87.3,21.7,88.0,19.0,7,2,"['Cabernet Franc', 'Chenin Blanc']",France,Loire Valley,['Chinon']
8086,Domaine de la Pepière,89.2,18.7,89.0,20.0,6,2,"['Muscadet', 'Melon']",France,Loire Valley,['Muscadet Sèvre et Maine']
8087,Domaine de la Perruche,87.8,21.2,87.5,20.0,4,2,"['Chenin Blanc', 'Cabernet Franc']",France,Loire Valley,['Saumur']
8088,Domaine de la Petite Cassagne,87.1,12.9,86.5,13.0,8,4,"['Rosé', 'Rhône-style Red Blend', 'White Blend', 'Rhône-style White Blend']",France,Rhône Valley,['Costières de Nîmes']
8089,Domaine de la Pigeade,86.5,16.0,86.5,16.0,2,2,"['Muscat', 'Rosé']",France,Rhône Valley,['Muscat de Beaumes de Venise']
8090,Domaine de la Pomme de Pin,83.0,,83.0,,1,1,['Rosé'],France,Provence,"[""Coteaux d'Aix-en-Provence""]"
8091,Domaine de la Potardière,87.0,9.0,87.0,9.0,1,1,['Melon'],France,Loire Valley,['Muscadet Sèvre et Maine']
8092,Domaine de la Pousse d'Or,92.0,138.0,93.0,146.0,5,1,['Pinot Noir'],France,Burgundy,['Santenay']
8093,Domaine de la Prébende,86.7,15.5,87.0,15.5,3,1,['Gamay'],France,Beaujolais,['Beaujolais']
8094,Domaine de la Quilla,86.0,13.0,86.0,13.0,2,1,['Melon'],France,Loire Valley,['Muscadet Sèvre et Maine']
8095,Domaine de la Renjarde,87.0,15.0,87.0,13.0,3,1,['Rhône-style Red Blend'],France,Rhône Valley,['Côtes du Rhône Villages']
8096,Domaine de la Rivaudiere,83.0,13.0,83.0,13.0,1,1,['Red Blend'],France,Loire Valley,['Touraine Amboise']
8097,Domaine de la Rouletière,88.7,,90.0,,3,1,['Chenin Blanc'],France,Loire Valley,['Vouvray']
8098,Domaine de la Sanglière,84.5,13.0,84.5,13.0,2,1,['Rosé'],France,France Other,['Mediterranée']
8099,Domaine de la Sanglière,87.6,17.8,88.0,17.0,28,4,"['Rosé', 'Rhône-style Red Blend', 'White Blend', 'Red Blend']",France,Provence,['Côtes de Provence']
8100,Domaine de la Sauveuse,85.8,15.8,85.0,15.0,12,3,"['Rosé', 'White Blend', 'Red Blend']",France,Provence,['Côtes de Provence']
8101,Domaine de la Solitude,88.5,15.0,88.5,15.0,4,3,"['Rosé', 'Bordeaux-style Red Blend', 'Bordeaux-style White Blend']",France,Bordeaux,['Bordeaux Rosé']
8102,Domaine de la Solitude,87.7,13.7,88.0,10.0,3,2,"['Rhône-style Red Blend', 'Rhône-style White Blend']",France,Rhône Valley,['Châteauneuf-du-Pape']
8103,Domaine de la Soufrandise,89.0,,89.0,,1,1,['Chardonnay'],France,Burgundy,['Pouilly-Fuissé']
8104,Domaine de la Terre Rouge,87.5,29.9,87.0,24.0,35,9,"['Syrah', 'Rhône-style Red Blend', 'Mourvèdre', 'Roussanne', 'Rosé', 'Muscat', 'Viognier', 'Rhône-style White Blend', 'Red Blend']",US,California,"['Sierra Foothills', 'Sierra Foothills']"
8105,Domaine de la Tour Blanche,88.3,25.9,89.0,24.5,10,4,"['Gewürztraminer', 'Riesling', 'Pinot Gris', 'Pinot Blanc']",France,Alsace,['Alsace']
8106,Domaine de la Tour Boisée,88.0,13.0,88.0,13.0,1,1,['Red Blend'],France,France Other,['Vin de Table Francais']
8107,Domaine de la Tour du Bief,92.0,35.0,92.0,35.0,1,1,['Gamay'],France,Beaujolais,['Moulin-à-Vent']
8108,Domaine de la Tour du Bon,90.5,35.0,90.5,35.0,2,1,['Rhône-style Red Blend'],France,Provence,['Bandol']
8109,Domaine de la Tourette,88.0,,88.0,,1,1,['Melon'],France,Loire Valley,['Muscadet Sèvre et Maine']
8110,Domaine de la Tourlaudière,87.0,13.0,87.0,13.0,1,1,['Melon'],France,Loire Valley,['Muscadet Sèvre et Maine']
8111,Domaine de la Tourmaline,88.0,14.0,88.0,14.0,2,1,['Melon'],France,Loire Valley,['Muscadet Sèvre et Maine']
8112,Domaine de la Vallongue,89.0,18.8,89.0,20.0,5,3,"['Rosé', 'White Blend', 'Red Blend']",France,Provence,['Les Baux de Provence']
8113,Domaine de la Vieille Cure,88.5,13.5,88.5,13.5,2,1,['Melon'],France,Loire Valley,['Muscadet Sèvre et Maine']
8114,Domaine de la Vieille Julienne,90.0,27.0,90.0,27.0,1,1,['Rhône-style Red Blend'],France,Rhône Valley,['Côtes du Rhône']
8115,Domaine de la Villaudière,87.7,22.0,86.0,20.0,3,1,['Sauvignon Blanc'],France,Loire Valley,['Sancerre']
8116,Domaine de la Vougeraie,91.4,91.1,91.0,87.0,18,2,"['Pinot Noir', 'Chardonnay']",France,Burgundy,['Gevrey-Chambertin']
8117,Domaine des 2 Ânes,87.0,15.0,87.0,15.0,1,1,['Rhône-style Red Blend'],France,Languedoc-Roussillon,['Corbières']
8118,Domaine des Amoureux,87.0,,87.0,,1,1,['Melon'],France,Loire Valley,['Muscadet Sèvre et Maine']
8119,Domaine des Anges,86.0,,86.0,,1,1,['Rhône-style White Blend'],France,Rhône Valley,['Côtes-du-Ventoux']
8120,Domaine des Aspras,89.0,19.0,89.0,19.0,2,2,"['Rosé', 'Red Blend']",France,Provence,['Côtes de Provence']
8121,Domaine des Baguiers,90.0,25.0,90.0,25.0,1,1,['Rosé'],France,Provence,['Bandol']
8122,Domaine des Baumard,89.2,32.0,90.0,32.0,5,4,"['White Blend', 'Verdelho', 'Chenin Blanc-Chardonnay', 'Sparkling Blend']",France,France Other,['Vin de France']
8123,Domaine des Baumard,90.6,34.0,91.0,27.0,55,6,"['Sparkling Blend', 'Chenin Blanc', 'Cabernet Franc', 'Chenin Blanc-Chardonnay', 'Cabernet', 'Cabernet Franc-Cabernet Sauvignon']",France,Loire Valley,['Crémant de Loire']
8124,Domaine des Bernardins,90.0,31.0,90.0,31.0,1,1,['Muscat Blanc à Petit Grain'],France,Rhône Valley,['Muscat de Beaumes de Venise']
8125,Domaine des Berthiers,88.1,24.7,88.0,24.0,7,2,"['Sauvignon Blanc', 'White Blend']",France,Loire Valley,['Pouilly-Fumé']
8126,Domaine des Blagueurs,82.0,10.0,82.0,10.0,1,1,['Syrah'],France,Languedoc-Roussillon,"[""Vin de Pays d'Oc""]"
8127,Domaine des Béguineries,88.0,20.0,88.0,20.0,2,1,['Cabernet Franc'],France,Loire Valley,['Chinon']
8128,Domaine des Cantarelles,87.5,12.5,87.5,12.5,2,1,['Rosé'],France,Rhône Valley,['Vin de Pays du Gard']
8129,Domaine des Carteresses,92.5,16.0,92.5,16.0,2,1,['Rosé'],France,Rhône Valley,['Tavel']
8130,Domaine des Caves du Prieuré,86.0,21.0,86.0,21.0,1,1,['Sauvignon Blanc'],France,Loire Valley,['Sancerre']
8131,Domaine des Chaintres,88.0,30.0,88.0,30.0,2,2,"['Pinot Noir', 'Sauvignon Blanc']",France,Loire Valley,['Sancerre']
8132,Domaine des Chers,92.0,27.0,92.0,27.0,2,1,['Gamay'],France,Beaujolais,['Saint-Amour']
8133,Domaine des Cognettes,90.0,16.8,90.0,14.0,5,1,['Melon'],France,Loire Valley,['Muscadet Sèvre et Maine']
8134,Domaine des Coltabards,88.0,,88.0,,1,1,['Sauvignon Blanc'],France,Loire Valley,['Sancerre']
8135,Domaine des Comtes Lafon,92.1,156.0,93.0,156.0,11,2,"['Pinot Noir', 'Chardonnay']",France,Burgundy,['Volnay']
8136,Domaine des Corbillières,86.3,16.3,86.0,16.0,3,3,"['Red Blend', 'Pinot Noir', 'Sauvignon Blanc']",France,Loire Valley,['Touraine']
8137,Domaine des Coteaux des Travers,88.0,12.0,88.0,12.0,1,1,['Rhône-style Red Blend'],France,Rhône Valley,['Côtes du Rhône']
8138,Domaine des Crets,89.7,,90.0,,3,1,['Chardonnay'],France,Burgundy,['Mâcon-Villages']
8139,Domaine des Croix,93.2,95.5,94.0,93.0,13,2,"['Pinot Noir', 'Chardonnay']",France,Burgundy,['Beaune']
8140,Domaine des Crêtes,84.0,,84.0,,3,2,"['Gamay', 'Chardonnay']",France,Beaujolais,['Beaujolais-Villages']
8141,Domaine des Deux Roches,86.8,23.3,87.0,23.0,10,1,['Chardonnay'],France,Burgundy,['Saint-Véran']
8142,Domaine des Diables,88.6,24.2,89.0,25.0,5,1,['Rosé'],France,Provence,['Côtes de Provence']
8143,Domaine des Elephants,86.0,15.0,86.0,15.0,1,1,['Sauvignon Blanc'],France,Loire Valley,['Touraine']
8144,Domaine des Entrefaux,88.0,13.0,88.0,13.0,1,1,['Syrah'],France,Rhône Valley,['Crozes-Hermitage']
8145,Domaine des Escaravailles,90.5,42.0,90.0,42.0,4,3,"['Grenache', 'Grenache Blanc', 'Syrah']",France,Rhône Valley,['Côtes du Rhône Villages']
8146,Domaine des Florets,86.5,33.5,86.5,33.5,2,1,['Rhône-style Red Blend'],France,Rhône Valley,['Gigondas']
8147,Domaine des Fouques,87.0,13.0,87.0,13.0,1,1,['Rosé'],France,Provence,['Côtes de Provence La Londe']
8148,Domaine des Gandines,87.0,25.0,87.0,25.0,1,1,['Chardonnay'],France,Burgundy,['Viré-Clessé']
8149,Domaine des Gaudets,87.5,23.0,87.5,23.0,2,1,['Gamay'],France,Beaujolais,['Morgon']
8150,Domaine des Grandes Perrières,88.0,22.5,88.0,22.5,2,2,"['Sauvignon Blanc', 'Rosé']",France,Loire Valley,['Sancerre']
8151,Domaine des Grandes Vignes,86.0,23.0,86.0,23.0,2,2,"['Cabernet Franc', 'Chenin Blanc']",France,Loire Valley,['Anjou']
8152,Domaine des Hauts Châssis,89.0,30.0,89.0,30.0,1,1,['Syrah'],France,Rhône Valley,['Crozes-Hermitage']
8153,Domaine des Hauts de Sanziers,86.5,16.0,86.5,16.0,2,2,"['Cabernet Franc', 'Chenin Blanc']",France,Loire Valley,['Saumur']
8154,Domaine des Hospices Civils de Lyon,85.0,,85.0,,1,1,['Gamay'],France,Beaujolais,['Beaujolais-Villages']
8155,Domaine des Lambrays,96.0,215.0,95.5,215.0,4,1,['Pinot Noir'],France,Burgundy,['Clos de Lambrays']
8156,Domaine des Levrys,87.5,25.0,87.5,25.0,2,1,['Sauvignon Blanc'],France,Loire Valley,['Sancerre']
8157,Domaine des Mapliers,88.5,23.0,88.5,23.0,2,1,['Rosé'],France,Provence,['Côtes de Provence']
8158,Domaine des Mariniers,90.0,,90.0,,1,1,['Sauvignon Blanc'],France,Loire Valley,['Pouilly-Fumé']
8159,Domaine des Marrans,88.4,21.8,87.0,21.0,11,2,"['Gamay', 'Chardonnay']",France,Beaujolais,['Beaujolais-Villages']
8160,Domaine des Maréchaux,83.0,17.0,83.0,17.0,1,1,['Sauvignon Gris'],France,Bordeaux,['Bordeaux Blanc']
8161,Domaine des Mondes,93.0,30.0,93.0,30.0,1,1,['Viognier'],US,California,"['Santa Barbara County', 'Central Coast']"
8162,Domaine des Mouilles,85.0,14.0,85.0,14.0,2,2,"['Chardonnay', 'Gamay']",France,Beaujolais,['Beaujolais Blanc']
8163,Domaine des Nugues,87.8,19.4,87.5,17.0,12,3,"['Gamay', 'Chardonnay', 'Rosé']",France,Beaujolais,['Beaujolais Rosé']
8164,Domaine des Nugues,83.0,,83.0,,1,1,['Gamay'],France,France Other,['Vin de Table Francais']
8165,Domaine des Pasquiers,90.0,17.0,90.0,17.0,1,1,['Rhône-style Red Blend'],France,Rhône Valley,['Côtes du Rhône']
8166,Domaine des Perdrix,90.9,144.8,91.0,120.0,7,1,['Pinot Noir'],France,Burgundy,['Echézeaux']
8167,Domaine des Pierrettes,86.7,16.0,86.0,16.0,3,3,"['Sauvignon Blanc', 'Rosé', 'Red Blend']",France,Loire Valley,['Touraine']
8168,Domaine des Remizières,90.8,49.8,91.0,39.5,4,1,['Syrah'],France,Rhône Valley,['Crozes-Hermitage']
8169,Domaine des Rochelles,91.0,39.0,91.0,39.0,2,2,"['Cabernet Sauvignon', 'Bordeaux-style Red Blend']",France,Loire Valley,['Anjou Villages Brissac']
8170,Domaine des Rochers,85.0,,85.0,,1,1,['Chardonnay'],France,Burgundy,['Mâcon Chaintré']
8171,Domaine des Roches Neuves,89.5,29.5,90.5,30.0,4,2,"['Chenin Blanc', 'Cabernet Franc']",France,Loire Valley,['Chinon']
8172,Domaine des Sabines,89.0,38.0,89.0,38.0,1,1,['Bordeaux-style Red Blend'],France,Bordeaux,['Lalande de Pomerol']
8173,Domaine des Sablonnettes,84.5,11.0,84.5,11.0,2,2,"['Gamay', 'Red Blend']",France,France Other,['Vin de Table Francais']
8174,Domaine des Sablonnettes,86.0,12.0,86.0,12.0,1,1,['Chenin Blanc'],France,Loire Valley,['Anjou']
8175,Domaine des Terres Dorées,86.8,17.8,87.0,18.0,5,2,"['Gamay', 'Chardonnay']",France,Beaujolais,['Beaujolais']
8176,Domaine des Terrisses,91.0,23.0,91.0,23.0,1,1,['Prunelard'],France,France Other,['Vin de France']
8177,Domaine des Terrisses,87.6,15.8,87.0,15.0,18,5,"['Duras', 'White Blend', 'Rosé', 'Red Blend', 'Mauzac']",France,Southwest France,['Gaillac']
8178,Domaine des Tilleuls,88.3,14.2,88.0,14.0,11,2,"['Chardonnay', 'Melon']",France,Loire Valley,['Val de Loire']
8179,Domaine des Tourterelles,88.0,42.0,88.0,42.0,1,1,['Chardonnay'],France,Burgundy,['Viré-Clessé']
8180,Domaine des Valanges,87.9,24.4,88.0,26.0,7,1,['Chardonnay'],France,Burgundy,['Saint-Véran']
8181,Domaine des Varoilles,91.5,155.0,91.5,155.0,2,1,['Pinot Noir'],France,Burgundy,['Gevrey-Chambertin']
8182,Domaine des Verchères,84.0,15.0,84.0,15.0,1,1,['Chardonnay'],France,Burgundy,['Mâcon-Villages']
8183,Domaine des Vieilles Caves,90.0,22.0,90.0,22.0,1,1,['Gamay'],France,Beaujolais,['Saint-Amour']
8184,Domaine du Bois de Saint-Jean,86.0,15.0,86.0,15.0,1,1,['Rhône-style Red Blend'],France,Rhône Valley,['Côtes du Rhône']
8185,Domaine du Castel,89.2,63.0,91.0,70.0,5,1,['Bordeaux-style Red Blend'],Israel,Haut-Judeé,[]
8186,Domaine du Castel,89.8,55.9,90.0,50.0,11,3,"['Bordeaux-style Red Blend', 'Chardonnay', 'Red Blend']",Israel,Judean Hills,[]
8187,Domaine du Chalet Pouilly,88.7,28.5,88.5,30.5,10,1,['Chardonnay'],France,Burgundy,['Pouilly-Fuissé']
8188,Domaine du Chardonnay,86.0,,86.0,,1,1,['Chardonnay'],France,Burgundy,['Chablis']
8189,Domaine du Claouset,85.6,13.1,86.0,12.0,7,3,"['Rosé', 'Bordeaux-style White Blend', 'Bordeaux-style Red Blend']",France,Bordeaux,['Bordeaux Rosé']
8190,Domaine du Clos Gautier,92.0,21.0,92.0,21.0,1,1,['Rosé'],France,Provence,['Côtes de Provence']
8191,Domaine du Clos d'Alari,90.0,21.0,90.0,21.0,1,1,['Rosé'],France,Provence,['Côtes de Provence']
8192,Domaine du Clos de l'Elu,87.5,,86.5,,4,3,"['Chenin Blanc', 'Cabernet Franc', 'Red Blend']",France,Loire Valley,['Anjou']
8193,Domaine du Clos des Fées,89.8,41.2,89.0,35.0,4,2,"['Rhône-style Red Blend', 'Grenache Blanc']",France,Languedoc-Roussillon,['Côtes du Roussillon Villages']
8194,Domaine du Clos du Fief,87.3,16.0,88.0,16.0,7,3,"['Gamay', 'Rosé', 'Chardonnay']",France,Beaujolais,['Beaujolais-Villages']
8195,Domaine du Closel,89.2,28.8,89.0,27.5,4,1,['Chenin Blanc'],France,Loire Valley,['Savennières']
8196,Domaine du Colombier,90.0,,90.0,,1,1,['Chardonnay'],France,Burgundy,['Chablis']
8197,Domaine du Colombier,87.7,16.2,86.5,14.0,6,3,"['Melon', 'Sauvignon Gris', 'Chardonnay']",France,Loire Valley,['Muscadet Sèvre et Maine']
8198,Domaine du Colombier,89.9,53.2,90.5,42.0,8,2,"['Syrah', 'Marsanne']",France,Rhône Valley,['Crozes-Hermitage']
8199,Domaine du Comte Liger-Belair,92.0,,92.0,,1,1,['Gamay'],France,Beaujolais,['Moulin-à-Vent']
8200,Domaine du Comte Liger-Belair,93.5,1488.8,94.0,1562.5,8,1,['Pinot Noir'],France,Burgundy,['Nuits-St.-Georges']
8201,Domaine du Coudray,90.0,25.0,90.0,25.0,1,1,['Sauvignon Blanc'],France,Loire Valley,['Quincy']
8202,Domaine du Crampilh,88.7,25.5,88.0,25.5,3,2,"['Tannat', 'Tannat-Cabernet']",France,Southwest France,['Madiran']
8203,Domaine du Cros,87.0,17.0,87.0,17.0,2,1,['Fer Servadou'],France,Southwest France,['Marcillac']
8204,Domaine du Deffends,91.0,24.5,91.0,24.5,2,1,['Rosé'],France,Provence,['Coteaux Varois en Provence']
8205,Domaine du Dragon,88.5,19.0,88.5,19.0,2,1,['Rosé'],France,Provence,['Côtes de Provence']
8206,Domaine du Fief aux Dames,88.3,17.7,88.0,13.0,3,1,['Melon'],France,Loire Valley,['Muscadet Sèvre et Maine']
8207,Domaine du Gouyat,84.0,,84.0,,1,1,['Rosé'],France,Southwest France,['Bergerac']
8208,Domaine du Grand Bouqueteau,86.0,16.0,86.0,15.0,6,1,['Cabernet Franc'],France,Loire Valley,['Chinon']
8209,Domaine du Grand Cros,84.5,21.0,84.5,21.0,2,1,['Sparkling Blend'],France,France Other,['Vin Mousseux']
8210,Domaine du Grand Cros,87.8,18.9,87.0,19.0,11,3,"['Rosé', 'Rhône-style Red Blend', 'Rolle']",France,Provence,['Côtes de Provence']
8211,Domaine du Grand Cros,86.0,13.0,86.0,13.0,2,2,"['Colombard-Sauvignon Blanc', 'Malbec']",France,Southwest France,['Vin de Pays des Côtes de Gascogne']
8212,Domaine du Grand Montmirail,91.0,40.0,91.0,40.0,2,1,['Rhône-style Red Blend'],France,Rhône Valley,['Gigondas']
8213,Domaine du Grand Tinel,86.0,39.0,86.0,39.0,1,1,['Rhône-style White Blend'],France,Rhône Valley,['Châteauneuf-du-Pape']
8214,Domaine du Grapillon d'Or,91.0,,91.0,,1,1,['Rhône-style Red Blend'],France,Rhône Valley,['Gigondas']
8215,Domaine du Gros Nore,90.0,,90.0,,1,1,['Rhône-style Red Blend'],France,Provence,['Bandol']
8216,Domaine du Gros Pata,85.0,15.0,85.0,15.0,1,1,['Rhône-style Red Blend'],France,Rhône Valley,['Côtes du Rhône']
8217,Domaine du Haut Bourg,88.7,21.1,89.0,17.0,15,1,['Melon'],France,Loire Valley,['Muscadet Côtes de Grandlieu']
8218,Domaine du Haut-Poncié,85.5,21.5,85.5,21.5,2,1,['Gamay'],France,Beaujolais,['Moulin-à-Vent']
8219,Domaine du Jas d'Esclans,87.5,,87.5,,2,1,['Rosé'],France,Provence,['Côtes de Provence']
8220,Domaine du Moulin,88.6,21.8,88.0,18.0,15,4,"['Mauzac', 'Red Blend', 'Braucol', 'White Blend']",France,Southwest France,['Gaillac']
8221,Domaine du Moulin Berger,88.0,20.0,88.0,20.0,1,1,['Gamay'],France,Beaujolais,['Juliénas']
8222,Domaine du Moulin-Pouzay,85.0,26.0,85.0,26.0,1,1,['Bordeaux-style White Blend'],France,Southwest France,['Monbazillac']
8223,Domaine du Moulié,90.0,13.0,90.0,13.0,1,1,['Red Blend'],France,Southwest France,['Madiran']
8224,Domaine du Pegau,90.0,130.4,91.0,74.0,11,2,"['Rhône-style White Blend', 'Rhône-style Red Blend']",France,Rhône Valley,['Châteauneuf-du-Pape']
8225,Domaine du Penlois,84.5,15.0,84.5,15.0,2,2,"['Rosé', 'Gamay']",France,Beaujolais,['Beaujolais Rosé']
8226,Domaine du Petit Bondieu,86.0,16.0,86.0,16.0,1,1,['Cabernet Franc'],France,Loire Valley,['Bourgueil']
8227,Domaine du Petit Clocher,87.4,13.4,87.0,14.5,12,6,"['Cabernet Franc', 'Chardonnay', 'Champagne Blend', 'Rosé', 'Cabernet Franc-Cabernet Sauvignon', 'Chenin Blanc']",France,Loire Valley,"[""Cabernet d'Anjou""]"
8228,Domaine du Petit Coteau,85.9,18.8,86.0,19.0,14,1,['Chenin Blanc'],France,Loire Valley,['Vouvray']
8229,Domaine du Petit Métris,92.2,41.0,92.0,35.0,5,1,['Chenin Blanc'],France,Loire Valley,['Coteaux du Layon Chaume']
8230,Domaine du Pradas,91.0,40.0,91.0,40.0,1,1,['Rhône-style Red Blend'],France,Rhône Valley,['Gigondas']
8231,Domaine du Prieuré,88.0,25.0,88.0,25.0,1,1,['Pinot Noir'],France,Burgundy,['Savigny-lès-Beaune']
8232,Domaine du Prince,87.2,44.0,87.0,40.0,6,2,"['Malbec', 'Malbec-Merlot']",France,Southwest France,['Cahors']
8233,Domaine du Père Caboche,88.0,13.0,88.0,13.0,1,1,['Rosé'],France,Rhône Valley,['Vin de Pays de Vaucluse']
8234,Domaine du Raifault,86.0,24.0,86.0,24.0,1,1,['Cabernet Franc'],France,Loire Valley,['Chinon']
8235,Domaine du Rey,85.0,12.0,85.0,12.0,2,2,"['White Blend', 'Colombard-Sauvignon Blanc']",France,Southwest France,['Côtes de Gascogne']
8236,Domaine du Rin du Bois,86.5,13.5,86.5,13.5,2,2,"['Sauvignon Blanc', 'Gamay']",France,Loire Valley,['Touraine']
8237,Domaine du Rochoy,88.0,25.0,88.0,25.0,1,1,['Sauvignon Blanc'],France,Loire Valley,['Sancerre']
8238,Domaine du Salvard,87.0,14.0,87.0,14.0,2,2,"['Chardonnay-Sauvignon', 'Sauvignon Blanc']",France,Loire Valley,['Cheverny']
8239,Domaine du Tariquet,87.1,13.1,87.0,12.5,41,9,"['Chardonnay-Sauvignon Blanc', 'Gros Manseng', 'Chenin Blanc-Chardonnay', 'Sauvignon Blanc', 'White Blend', 'Rosé', 'Chardonnay', 'Chardonnay-Sauvignon', 'Ugni Blanc-Colombard']",France,Southwest France,['Côtes de Gascogne']
8240,Domaine du Théron,87.3,18.6,86.5,16.0,6,1,['Malbec'],France,Southwest France,['Cahors']
8241,Domaine du Tix,90.0,,90.0,,1,1,['Rhône-style Red Blend'],France,Rhône Valley,['Ventoux']
8242,Domaine du Touch,86.0,13.0,86.0,13.0,1,1,['White Blend'],France,Southwest France,['Côtes de Gascogne']
8243,Domaine du Touja,85.0,9.0,85.0,9.0,1,1,['White Blend'],France,Southwest France,['Côtes de Gascogne']
8244,Domaine du Trapadis,86.3,17.0,87.0,18.0,3,1,['Rhône-style Red Blend'],France,Rhône Valley,['Côtes du Rhône Villages']
8245,Domaine du Tunnel,89.3,40.0,90.0,40.0,3,2,"['Syrah', 'Marsanne-Roussanne']",France,Rhône Valley,['Cornas']
8246,Domaine du Vieil Orme,87.7,18.0,87.0,19.0,3,2,"['Sauvignon Blanc', 'Chardonnay']",France,Loire Valley,['Touraine']
8247,Domaine du Vieux Lazaret,90.2,52.6,91.0,38.0,5,2,"['Rhône-style Red Blend', 'Rhône-style White Blend']",France,Rhône Valley,['Châteauneuf-du-Pape']
8248,Domaine du Vieux Vauvert,86.0,20.0,86.0,20.0,1,1,['Chenin Blanc'],France,Loire Valley,['Vouvray']
8249,Domaine du Vissoux,87.6,22.8,87.0,25.5,20,2,"['Gamay', 'Rosé']",France,Beaujolais,['Beaujolais']
8250,Domaine du Vissoux,84.0,,84.0,,1,1,['Sparkling Blend'],France,Burgundy,['Crémant de Bourgogne']
8251,Domaine du Vistre,88.0,,88.0,,1,1,['Rosé'],France,Rhône Valley,['Costières de Nîmes']
8252,Domaine l'Ancienne Cure,91.2,36.3,91.0,39.0,11,2,"['Bordeaux-style Red Blend', 'Bordeaux-style White Blend']",France,Southwest France,['Pécharmant']
8253,Domaine la Bastide Blanche,92.0,27.0,93.0,27.0,3,1,['Rhône-style Red Blend'],France,Provence,['Bandol']
8254,Domaine la Bouissiere,90.0,28.0,90.0,28.0,1,1,['Rhône-style Red Blend'],France,Rhône Valley,['Gigondas']
8255,Domaine la Boutinière,91.0,45.0,91.0,45.0,1,1,['Rhône-style Red Blend'],France,Rhône Valley,['Châteauneuf-du-Pape']
8256,Domaine la Bouysse,90.0,,90.0,,1,1,['Rhône-style Red Blend'],France,Languedoc-Roussillon,['Corbières']
8257,Domaine la Chevaliere,83.0,10.0,83.0,10.0,1,1,['Syrah'],France,Languedoc-Roussillon,"[""Vin de Pays d'Oc""]"
8258,Domaine la Colombette,85.5,17.0,85.5,17.0,2,1,['Rosé'],France,France Other,['Vin de France']
8259,Domaine la Croix Chaptal,87.0,14.0,87.0,14.0,1,1,['Rhône-style Red Blend'],France,Languedoc-Roussillon,['Terrasses du Larzac']
8260,Domaine la Croix Gratiot,88.0,,88.0,,1,1,['Picpoul'],France,Languedoc-Roussillon,['Picpoul de Pinet']
8261,Domaine la Croix des Marchands,84.0,14.0,84.0,14.0,1,1,['White Blend'],France,Southwest France,['Gaillac']
8262,Domaine la Croix des Vainqueurs,90.0,23.0,90.0,23.0,2,1,['Chenin Blanc'],France,Loire Valley,['Vouvray']
8263,Domaine la Grand'Vigne,90.0,14.0,90.0,14.0,1,1,['Rosé'],France,Provence,['Coteaux Varois en Provence']
8264,Domaine la Hitaire,86.2,11.3,86.5,11.0,4,3,"['Bordeaux-style White Blend', 'White Blend', 'Semillon-Sauvignon Blanc']",France,Southwest France,['Vin de Pays des Côtes de Gascogne']
8265,Domaine la Mereuille,89.4,66.6,89.0,57.0,5,2,"['Rhône-style Red Blend', 'Rhône-style White Blend']",France,Rhône Valley,['Châteauneuf-du-Pape']
8266,Domaine la Montagnette,90.0,12.0,90.0,12.0,1,1,['Rhône-style Red Blend'],France,Rhône Valley,['Côtes du Rhône Villages']
8267,Domaine la Paonnerie,87.0,22.0,87.0,22.0,1,1,['Cabernet Franc-Cabernet Sauvignon'],France,Loire Valley,['Anjou Villages']
8268,Domaine la Roubine,91.0,24.0,91.0,24.0,1,1,['Rhône-style Red Blend'],France,Rhône Valley,['Gigondas']
8269,Domaine la Salette,86.0,10.0,86.0,10.0,1,1,['White Blend'],France,Southwest France,['Côtes de Gascogne']
8270,Domaine la Soumade,92.0,,92.0,,1,1,['Rhône-style Red Blend'],France,Rhône Valley,['Côtes du Rhône Villages']
8271,Domaine la Taste,85.5,10.0,85.5,10.0,2,1,['White Blend'],France,Southwest France,['Côtes de Gascogne']
8272,Domaine le Bout du Lieu,89.0,29.7,89.0,29.0,3,1,['Malbec'],France,Southwest France,['Cahors']
8273,Domaine le Clos de Caveau,91.0,23.0,91.0,23.0,1,1,['Rhône-style Red Blend'],France,Rhône Valley,['Vacqueyras']
8274,Domaine le Colombier,90.0,15.0,90.0,15.0,1,1,['Rhône-style Red Blend'],France,Rhône Valley,['Vacqueyras']
8275,Domaine le Cotoyon,89.0,,89.0,,2,1,['Gamay'],France,Beaujolais,['Juliénas']
8276,Domaine le Couroulu,89.0,20.0,89.0,20.0,2,2,"['Grenache-Syrah', 'Red Blend']",France,Rhône Valley,['Vacqueyras']
8277,Domaine le Galantin,89.7,29.0,91.0,26.0,3,1,['Rhône-style Red Blend'],France,Provence,['Bandol']
8278,Domaine le Portail,87.0,10.0,87.0,10.0,2,2,"['Sauvignon Blanc-Chardonnay', 'Red Blend']",France,Loire Valley,['Cheverny']
8279,Domaine le Renard,90.0,16.0,90.0,16.0,1,1,['Rhône-style Red Blend'],France,Rhône Valley,['Côtes du Rhône Villages']
8280,Domaine le Roc,85.5,18.0,85.5,18.0,2,2,"['Rosé', 'Negrette']",France,Southwest France,['Fronton']
8281,Domaine le Virolys,90.5,22.0,90.5,22.0,2,1,['Chardonnay'],France,Burgundy,['Viré-Clessé']
8282,Domaine les Amouriers,91.0,25.0,91.0,25.0,1,1,['Rhône-style Red Blend'],France,Rhône Valley,['Vacqueyras']
8283,Domaine les Bruyeres,90.0,27.0,90.0,27.0,1,1,['Syrah'],France,Rhône Valley,['Crozes-Hermitage']
8284,Domaine les Cantates,87.7,25.0,87.0,25.0,3,3,"['Roussanne', 'Mondeuse', 'Jacquère']",France,France Other,['Chignin-Bergeron']
8285,Domaine les Capréoles,89.5,19.5,89.5,19.5,2,1,['Gamay'],France,Beaujolais,['Régnié']
8286,Domaine les Carmels,89.0,37.5,89.0,37.5,2,1,['Bordeaux-style Red Blend'],France,Bordeaux,['Cadillac Côtes de Bordeaux']
8287,Domaine les Fils de René Quénard,86.0,20.0,86.0,20.0,1,1,['Jacquère'],France,France Other,['Savoie']
8288,Domaine les Fines Graves,91.5,21.5,91.5,21.5,2,1,['Gamay'],France,Beaujolais,['Moulin-à-Vent']
8289,Domaine les Fouques,86.0,15.0,84.0,15.0,3,3,"['Rhône-style Red Blend', 'Rosé', 'Red Blend']",France,Provence,['Côtes de Provence']
8290,Domaine les Grands Presbytères,91.0,18.0,91.0,18.0,1,1,['Melon'],France,Loire Valley,['Muscadet Sèvre et Maine']
8291,Domaine les Hautes Noëlles,87.5,15.0,87.5,15.0,2,1,['Melon'],France,Loire Valley,['Muscadet Côtes de Grandlieu']
8292,Domaine les Hauts de Riquets,86.3,30.3,87.0,27.0,3,1,['Bordeaux-style Red Blend'],France,Southwest France,['Côtes de Duras']
8293,Domaine les Loges de la Folie,87.3,31.0,87.0,31.0,3,1,['Chenin Blanc'],France,Loire Valley,['Montlouis-sur-Loire']
8294,Domaine les Pins,89.0,24.3,89.0,25.0,12,2,"['Cabernet Franc', 'Rosé']",France,Loire Valley,['Bourgueil']
8295,Domaine les Riquets,86.3,,85.0,,3,2,"['Bordeaux-style Red Blend', 'Bordeaux-style White Blend']",France,Southwest France,['Côtes de Duras']
8296,Domaine les Roques de Cana,92.0,20.0,92.0,20.0,1,1,['Malbec'],France,Southwest France,['Cahors']
8297,Domaines Arnaud de Raignac,87.5,21.0,87.0,23.0,4,2,"['Bordeaux-style Red Blend', 'Bordeaux-style White Blend']",France,Bordeaux,['Bordeaux']
8298,Domaines Astruc,86.0,12.1,86.0,12.0,8,6,"['Chardonnay', 'Viognier', 'Merlot', 'Marsanne', 'Cabernet Sauvignon', 'Pinot Noir']",France,Languedoc-Roussillon,"[""Pays d'Oc""]"
8299,Domaines Barons de Rothschild (Lafite),86.6,13.0,87.0,13.0,10,1,['Sauvignon Blanc'],Chile,Casablanca Valley,[]
8300,Domaines Barons de Rothschild (Lafite),85.0,12.0,85.0,12.0,2,2,"['Sauvignon Blanc', 'Chardonnay']",Chile,Central Valley,[]
8301,Domaines Barons de Rothschild (Lafite),89.5,65.0,89.5,65.0,2,2,"['Red Blend', 'Carmenère']",Chile,Colchagua Costa,[]
8302,Domaines Barons de Rothschild (Lafite),86.9,21.4,87.0,14.0,46,6,"['Cabernet Sauvignon', 'Red Blend', 'Carmenère', 'Cabernet Blend', 'Chardonnay', 'Rosé']",Chile,Colchagua Valley,[]
8303,Domaines Barons de Rothschild (Lafite),85.3,18.5,85.0,17.0,14,2,"['Bordeaux-style White Blend', 'Bordeaux-style Red Blend']",France,Bordeaux,['Bordeaux Blanc']
8304,Domaines Barons de Rothschild (Lafite),86.9,19.1,86.0,17.0,7,3,"['Rhône-style Red Blend', 'Cabernet Sauvignon-Syrah', 'Chardonnay']",France,Languedoc-Roussillon,['Corbières']
8305,Domaines Bunan,84.0,,84.0,,1,1,['Rosé'],France,France Other,['Mediterranée']
8306,Domaines Bunan,88.3,20.7,88.0,20.0,13,1,['Rosé'],France,Provence,['Bandol']
8307,Domaines Devillard,89.3,55.7,89.0,40.0,94,3,"['Pinot Noir', 'Chardonnay', 'Gamay']",France,Burgundy,['Nuits-St.-Georges']
8308,Domaines Dominique Piron,92.1,22.8,92.0,23.5,7,1,['Gamay'],France,Beaujolais,['Morgon']
8309,Domaines Duffort,88.0,17.3,88.0,14.0,3,1,['Rosé'],France,Provence,['Vin de Pays Var']
8310,Domaines Grassa,84.0,6.0,84.0,6.0,1,1,['Sauvignon Blanc'],France,Southwest France,['Vin de Pays des Côtes de Gascogne']
8311,Domaines Landron,90.2,17.2,90.0,17.0,4,1,['Melon'],France,Loire Valley,['Muscadet Sèvre et Maine']
8312,Domaines Lapalu,85.2,11.5,85.0,12.0,8,2,"['Cabernet Sauvignon', 'Bordeaux-style Red Blend']",France,Bordeaux,['Médoc']
8313,Domaines Leflaive Macon-Verze,87.0,29.0,87.0,29.0,1,1,['Chardonnay'],France,Burgundy,['Mâcon-Verze']
8314,Domaines Ott,89.7,43.7,90.0,45.0,33,3,"['Rosé', 'White Blend', 'Provence white blend']",France,Provence,['Bandol']
8315,Domaines Paul Mas,86.6,13.9,86.0,14.0,14,9,"['Rhône-style Red Blend', 'White Blend', 'Sauvignon Blanc', 'Rosé', 'Picpoul', 'Chardonnay-Viognier', 'Cabernet Sauvignon', 'Chardonnay', 'Mauzac']",France,Languedoc-Roussillon,['Languedoc']
8316,Domaines Pierre Chavin,84.0,11.0,84.0,11.0,1,1,['Cabernet Sauvignon'],France,Languedoc-Roussillon,"[""Pays d'Oc""]"
8317,Domaines Pierre Chavin,86.6,12.2,87.0,13.0,5,1,['Rosé'],France,Provence,['Côtes de Provence']
8318,Domaines Pochon,90.0,24.0,90.0,24.0,1,1,['Syrah'],France,Rhône Valley,['Crozes-Hermitage']
8319,Domaines Schlumberger,89.5,28.8,89.0,29.0,82,6,"['Gewürztraminer', 'Riesling', 'Pinot Gris', 'Pinot Blanc', 'Pinot Noir', 'Silvaner']",France,Alsace,['Alsace']
8320,Domaines Tatin,86.5,20.0,86.5,20.0,2,2,"['Sauvignon Blanc', 'Pinot Noir']",France,Loire Valley,['Quincy']
8321,Domaines Vinet,89.0,14.3,88.0,12.0,3,1,['Melon'],France,Loire Valley,['Muscadet Sèvre et Maine']
8322,Domaines Vinsmoselle,89.0,20.3,89.0,22.0,3,3,"['White Blend', 'Riesling', 'Auxerrois']",Luxembourg,Moselle Luxembourgeoise,[]
8323,Domaines de Provence,84.0,,84.0,,1,1,['Rosé'],France,Provence,['Vin de Pays Var']
8324,Domaines les Fouques,90.0,,90.0,,1,1,['Rosé'],France,Provence,['Côtes de Provence']
8325,Domdechant Werner,89.9,54.4,90.0,34.0,67,1,['Riesling'],Germany,Rheingau,[]
8326,Domecq,88.0,14.0,88.0,14.0,2,1,['Sherry'],Spain,Andalucia,['Jerez']
8327,Domenico,85.1,30.2,84.0,30.0,12,9,"['Pinot Grigio', 'Aglianico', 'Primitivo', 'Syrah', 'Cabernet Franc', 'Cabernet Sauvignon', 'Nebbiolo', 'Sangiovese-Cabernet Sauvignon', 'Barbera']",US,California,"['California', 'California Other']"
8328,Domenico Cavazza,86.7,20.3,86.5,19.0,6,5,"['Pinot Grigio', 'Sparkling Blend', 'Glera', 'Garganega', 'Syrah']",Italy,Veneto,['Veneto']
8329,Domenico Clerico,89.7,132.0,89.5,110.0,6,1,['Nebbiolo'],Italy,Piedmont,['Barolo']
8330,Domenico Fraccaroli,87.2,34.0,87.0,27.0,5,2,"['Corvina, Rondinella, Molinara', 'Red Blend']",Italy,Veneto,['Amarone della Valpolicella']
8331,Domenico de Bertiol,85.5,17.5,85.5,17.5,2,1,['Prosecco'],Italy,Veneto,['Prosecco di Conegliano']
8332,Domeniile Panciu,88.5,20.0,88.5,20.0,2,2,"['Feteasca Neagra', 'Red Blend']",Romania,Panciu,[]
8333,Domeniile Sahateni,85.0,8.0,85.0,8.0,2,2,"['Pinot Noir', 'Chardonnay']",Romania,Dealu Mare,[]
8334,Domiciano de Barrancas,86.2,14.6,87.0,15.0,5,3,"['Malbec', 'Chardonnay', 'Syrah']",Argentina,Mendoza Province,['Mendoza']
8335,Domingo Hermanos,85.4,21.8,87.0,15.0,5,4,"['Malbec', 'Torrontés', 'Malbec-Tannat', 'Cabernet Sauvignon']",Argentina,Other,['Salta']
8336,Domingo Molina,86.7,25.0,87.0,15.0,7,4,"['Malbec-Tannat', 'Red Blend', 'Torrontés', 'Cabernet Sauvignon']",Argentina,Other,['Cafayate']
8337,Domingos Alves de Sousa,85.0,,85.0,,1,1,['Port'],Portugal,Port,[]
8338,Domini de la Cartoixa,90.2,45.0,91.0,45.0,4,1,['Red Blend'],Spain,Catalonia,['Priorat']
8339,Dominican Oaks,84.2,16.0,84.0,17.0,14,5,"['Chardonnay', 'Cabernet Sauvignon', 'Zinfandel', 'Sauvignon Blanc', 'Merlot']",US,California,"['California', 'California Other']"
8340,Dominio Basconcillos,90.8,38.2,91.5,33.0,4,2,"['Tempranillo', 'Tempranillo Blend']",Spain,Northern Spain,['Ribera del Duero']
8341,Dominio Buenavista,84.3,12.0,84.0,11.0,6,5,"['White Blend', 'Tempranillo', 'Cabernet Sauvignon', 'Chardonnay', 'Red Blend']",Spain,Andalucia,['Vino de la Tierra Contraviesa Alpujarra']
8342,Dominio Do Bibei,90.3,48.3,90.0,36.0,3,2,"['Godello', 'Mencía']",Spain,Galicia,['Ribeira Sacra']
8343,Dominio Dostares,87.8,30.8,88.5,30.5,6,2,"['Prieto Picudo', 'Rosé']",Spain,Northern Spain,['Vino de la Tierra de Castilla y León']
8344,Dominio IV,89.8,35.1,89.0,30.0,9,5,"['Pinot Noir', 'Syrah', 'Tempranillo', 'Tempranillo-Syrah', 'Red Blend']",US,Oregon,"['Willamette Valley', 'Willamette Valley']"
8345,Dominio IV,93.0,42.0,93.0,42.0,1,1,['Grenache-Syrah'],US,Washington,"['Columbia Valley (WA)', 'Columbia Valley']"
8346,Dominio Lasierpe,85.3,18.7,85.0,22.0,3,2,"['Garnacha', 'Tempranillo-Merlot']",Spain,Northern Spain,['Navarra']
8347,Dominio de Atauta,91.9,90.2,92.0,122.5,22,3,"['Tinto Fino', 'Red Blend', 'Tinto del Pais']",Spain,Northern Spain,['Ribera del Duero']
8348,Dominio de Berzal,90.5,57.8,90.5,67.5,4,3,"['Tempranillo Blend', 'Tempranillo', 'Red Blend']",Spain,Northern Spain,['Rioja']
8349,Dominio de Conte,86.0,30.0,86.0,30.0,1,1,['Tempranillo Blend'],Spain,Northern Spain,['Rioja']
8350,Dominio de Eguren,84.9,7.4,85.0,7.0,24,6,"['Rosado', 'Red Blend', 'Tempranillo', 'White Blend', 'Rosé', 'Tinto Fino']",Spain,Central Spain,['Vino de la Tierra de Castilla']
8351,Dominio de Eguren,87.0,10.0,87.0,10.0,1,1,['Tempranillo'],Spain,Northern Spain,['Vino de la Tierra de Castilla y León']
8352,Dominio de Pingus,93.5,185.0,93.5,185.0,2,1,['Tinto del Pais'],Spain,Northern Spain,['Ribera del Duero']
8353,Dominio de Punctum,84.8,10.4,85.0,10.0,5,4,"['Tempranillo', 'Viognier', 'Chardonnay', 'Rosado']",Spain,Central Spain,['Vino de la Tierra de Castilla']
8354,Dominio de Punctum,83.0,10.0,83.0,10.0,1,1,['Sparkling Blend'],Spain,Spain Other,['Spain']
8355,Dominio de Tares,90.4,34.1,91.0,29.0,27,2,"['Mencía', 'Godello']",Spain,Northern Spain,['Bierzo']
8356,Dominio de la Vega,84.6,23.6,84.0,26.0,5,2,"['Sparkling Blend', 'Pinot Noir']",Spain,Catalonia,['Cava']
8357,Dominio de la Vega,83.5,12.0,83.5,12.0,2,1,['Bobal'],Spain,Levante,['Utiel-Requena']
8358,Dominio del Plata,86.8,14.2,87.0,15.0,4,4,"['Torrontés', 'Cabernet Sauvignon', 'Malbec', 'Rosé']",Argentina,Mendoza Province,['Mendoza']
8359,Dominio del Viento,82.0,16.0,82.0,16.0,1,1,['Tempranillo Blend'],Spain,Northern Spain,['Rioja']
8360,Dominios de Castilla,87.0,12.0,87.0,12.0,2,2,"['Verdejo', 'Tinta de Toro']",Spain,Northern Spain,['Rueda']
8361,Dominique Cornin,88.0,29.0,88.0,29.0,5,1,['Chardonnay'],France,Burgundy,['Pouilly-Fuissé']
8362,Dominique Pabiot,88.0,22.0,88.0,22.0,1,1,['Sauvignon Blanc'],France,Loire Valley,['Pouilly-Fumé']
8363,Dominique Portet,89.0,27.5,89.0,27.5,2,2,"['Sauvignon Blanc', 'Shiraz']",Australia,Victoria,['Yarra Valley']
8364,Domino,82.0,7.0,82.0,7.0,1,1,['Moscato'],Argentina,Mendoza Province,['Mendoza']
8365,Domino,84.2,7.7,84.0,8.0,9,5,"['Merlot', 'Pinot Grigio', 'Cabernet Sauvignon', 'Moscato', 'Chardonnay']",US,California,"['California', 'California Other']"
8366,Dominus,90.8,99.1,90.0,69.0,17,2,"['Bordeaux-style Red Blend', 'Cabernet Sauvignon']",US,California,"['Napa Valley', 'Napa']"
8367,Domodimonti,86.7,17.5,86.5,16.5,6,5,"['Passerina', 'Red Blend', 'Rosé', 'Sangiovese', 'Pecorino']",Italy,Central Italy,['Offida Passerina']
8368,Domus Aurea,89.7,52.7,91.0,52.5,10,1,['Cabernet Sauvignon'],Chile,Maipo Valley,[]
8369,Domus Vitae,89.2,57.5,89.0,55.0,6,2,"['Cabernet Franc', 'Sangiovese Grosso']",Italy,Tuscany,"[""Sant'Antimo""]"
8370,Domäne Wachau,90.3,30.0,90.0,28.0,62,4,"['Riesling', 'Grüner Veltliner', 'Gelber Muskateller', 'White Blend']",Austria,Wachau,[]
8371,Domìni Veneti,88.5,55.6,88.0,52.5,33,4,"['Garganega', 'Corvina, Rondinella, Molinara', 'Red Blend', 'White Blend']",Italy,Veneto,['Soave Classico']
8372,Don & Sons,86.4,20.6,86.0,20.0,5,2,"['Pinot Noir', 'Chardonnay']",US,California,"['Sonoma Coast', 'Sonoma']"
8373,Don Adelio Ariano,83.0,12.0,83.0,12.0,1,1,['Tannat'],Uruguay,Uruguay,[]
8374,Don Bernardino,89.0,20.5,89.0,20.5,2,2,"['Mencía', 'Red Blend']",Spain,Galicia,['Ribeira Sacra']
8375,Don Bernardino,83.0,17.0,83.0,17.0,1,1,['Godello'],Spain,Northern Spain,['Valdeorras']
8376,Don Cristobal 1492,83.5,8.5,83.5,8.5,2,2,"['Red Blend', 'Malbec']",Argentina,Mendoza Province,['Mendoza']
8377,Don Ernesto,84.0,36.0,84.0,36.0,1,1,['White Blend'],US,California,"['North Coast', 'North Coast']"
8378,Don Giovanni,83.0,,83.0,,1,1,['Pinot Grigio'],Italy,Northeastern Italy,['Delle Venezie']
8379,Don Leta,83.0,16.0,83.0,16.0,1,1,['Merlot'],Argentina,Mendoza Province,['Mendoza']
8380,Don Manuel Villafañe,88.8,23.1,91.0,19.0,9,3,"['Cabernet Sauvignon', 'Malbec', 'Bordeaux-style Red Blend']",Argentina,Mendoza Province,['Mendoza']
8381,Don Manuel Villafañe,90.0,12.0,90.0,12.0,1,1,['Torrontés'],Argentina,Other,['La Rioja']
8382,Don Miguel Gascón,87.1,16.2,86.5,15.0,12,3,"['Malbec', 'Red Blend', 'Viognier']",Argentina,Mendoza Province,['Mendoza']
8383,Don Olegario,86.1,20.6,87.0,20.5,9,1,['Albariño'],Spain,Galicia,['Rías Baixas']
8384,Don Osvaldo,81.5,12.5,81.5,12.5,2,1,['Carmenère'],Chile,Colchagua Valley,[]
8385,Don Patrick,86.0,15.0,86.0,15.0,1,1,['Cabernet Sauvignon'],US,California,"['Knights Valley', 'Sonoma']"
8386,Don Ramón,84.0,9.5,83.5,8.0,4,2,"['Red Blend', 'Tempranillo']",Spain,Northern Spain,['Campo de Borja']
8387,Don Rodolfo,86.0,11.3,86.0,12.0,3,3,"['Pinot Noir', 'Moscato', 'Pinot Grigio']",Argentina,Mendoza Province,['Mendoza']
8388,Don Rodolfo,83.4,10.0,83.0,10.0,11,6,"['Malbec', 'Cabernet Sauvignon', 'Tannat', 'Torrontés', 'Shiraz', 'Pinot Noir']",Argentina,Other,['Cafayate']
8389,Don Román,86.0,18.0,86.0,18.0,1,1,['Sparkling Blend'],Spain,Catalonia,['Cava']
8390,Don Tony Perez,89.3,26.0,89.0,19.0,3,3,"['Red Blend', 'Cabernet Sauvignon', 'Petit Verdot']",Chile,Curicó Valley,[]
8391,Dona Maria,87.7,35.3,88.0,39.0,3,2,"['Red Blend', 'Portuguese Red']",Portugal,Alentejano,[]
8392,Dona Maria-Júlio Bastos,88.0,22.2,88.0,19.0,30,7,"['Portuguese Red', 'Rosé', 'Portuguese White', 'Petit Verdot', 'Alicante Bouschet', 'Viognier', 'Touriga Nacional']",Portugal,Alentejano,[]
8393,Dona Maria-Júlio Bastos,91.3,71.3,92.0,45.0,3,3,"['Alicante Bouschet', 'Portuguese Red', 'Petit Verdot']",Portugal,Alentejo,[]
8394,Donatella Cinelli Colombini,91.1,62.7,91.0,65.0,37,3,"['Sangiovese Grosso', 'Red Blend', 'Sangiovese']",Italy,Tuscany,['Brunello di Montalcino']
8395,Donati,86.5,25.7,87.0,25.0,33,12,"['Grenache', 'Syrah-Grenache', 'Cabernet Sauvignon', 'Petit Verdot', 'Chardonnay', 'Bordeaux-style Red Blend', 'Cabernet Franc', 'Merlot', 'Pinot Blanc', 'Claret', 'Red Blend', 'Pinot Grigio']",US,California,"['Paicines', 'Central Coast']"
8396,Donato D'Angelo,88.0,27.0,88.0,27.0,2,1,['Aglianico'],Italy,Southern Italy,['Aglianico del Vulture']
8397,Donedei,89.0,37.0,89.0,36.5,4,2,"['Merlot', 'Cabernet Sauvignon']",US,Washington,"['Columbia Valley (WA)', 'Columbia Valley']"
8398,Donelan,91.6,55.4,92.0,46.5,16,5,"['Rhône-style Red Blend', 'Syrah', 'Pinot Noir', 'Roussanne-Viognier', 'Grenache-Syrah']",US,California,"['Sonoma County', 'Sonoma']"
8399,Donelli,85.5,17.2,85.5,18.5,4,2,"['Lambrusco', 'Red Blend']",Italy,Central Italy,['Lambrusco Reggiano']
8400,Donjon de Bruignac,85.0,16.0,85.0,16.0,1,1,['Bordeaux-style Red Blend'],France,Bordeaux,['Bordeaux']
8401,Donkey & Goat,89.9,34.5,90.0,32.0,51,17,"['Chardonnay', 'Carignane', 'Pinot Noir', 'Rosé', 'Syrah', 'Mourvèdre', 'Rhône-style Red Blend', 'Roussanne-Marsanne', 'Red Blend', 'Grenache', 'Clairette', 'Roussanne', 'White Blend', 'Pinot Gris', 'Cabernet Sauvignon', 'Sauvignon Blanc', 'Merlot']",US,California,"['Anderson Valley', 'Mendocino/Lake Counties']"
8402,Donna Anita,86.0,15.0,86.0,15.0,1,1,['Arneis'],Italy,Piedmont,['Langhe']
8403,Donna Laura,87.0,19.0,87.0,19.0,1,1,['Red Blend'],Italy,Tuscany,['Chianti Classico']
8404,Donna Olga,90.5,55.5,90.0,52.5,12,2,"['Sangiovese', 'Sangiovese Grosso']",Italy,Tuscany,['Brunello di Montalcino']
8405,Donna Olimpia 1898,89.7,35.2,90.0,35.0,19,4,"['Red Blend', 'White Blend', 'Rosato', 'Vermentino']",Italy,Tuscany,['Bolgheri']
8406,Donnachiara,88.4,26.8,88.0,19.5,22,4,"['Falanghina', 'Greco', 'Fiano', 'Aglianico']",Italy,Southern Italy,['Beneventano']
8407,Donnafugata,89.9,36.6,90.0,36.0,64,9,"['White Blend', 'Zibibbo', 'Red Blend', ""Nero d'Avola"", 'Chardonnay', 'Moscato', 'Ansonica', 'Sparkling Blend', 'Grillo']",Italy,Sicily & Sardinia,['Sicilia']
8408,Donne Fittipaldi,88.0,95.0,88.0,90.0,3,1,['Red Blend'],Italy,Tuscany,['Bolgheri Superiore']
8409,Dono dal Cielo,82.0,28.0,82.0,28.0,1,1,['Zinfandel'],US,California,"['Sierra Foothills', 'Sierra Foothills']"
8410,Donovan-Parke,83.9,14.9,83.5,15.0,10,5,"['Sauvignon Blanc', 'Cabernet Sauvignon', 'Pinot Noir', 'Zinfandel', 'Chardonnay']",US,California,"['California', 'California Other']"
8411,Donum,92.3,77.2,92.5,72.0,46,2,"['Pinot Noir', 'Chardonnay']",US,California,"['Russian River Valley', 'Sonoma']"
8412,Doohickey,81.0,23.0,81.0,23.0,1,1,['Merlot'],US,California,"['Carneros', 'Napa-Sonoma']"
8413,Doolhof,87.2,33.5,87.0,25.0,4,4,"['Red Blend', 'Bordeaux-style Red Blend', 'Pinotage', 'Cabernet Sauvignon-Merlot']",South Africa,Wellington,[]
8414,Doolhof,89.0,15.0,89.0,15.0,1,1,['Red Blend'],South Africa,Western Cape,[]
8415,Doon Buggy,83.0,10.5,83.0,10.5,2,2,"['Red Blend', 'Moscato']",US,California,"['California', 'California Other']"
8416,Dopff & Irion,87.3,21.6,87.0,20.0,76,12,"['Alsace white blend', 'Pinot Gris', 'Riesling', 'Sparkling Blend', 'Gewürztraminer', 'Pinot Blanc', 'Silvaner', 'White Blend', 'Rosé', 'Tokay Pinot Gris', 'Pinot Noir', 'Sylvaner']",France,Alsace,['Alsace']
8417,Dopff Au Moulin,88.0,26.2,88.0,24.5,32,5,"['Riesling', 'Pinot Gris', 'Gewürztraminer', 'Pinot Blanc', 'Sparkling Blend']",France,Alsace,['Alsace']
8418,Doqi,87.6,18.8,88.0,20.0,5,4,"['Mtsvane', 'Rkatsiteli', 'Kisi', 'Saperavi']",Georgia,Georgia,[]
8419,Doran,91.0,,91.0,,1,1,['Chenin Blanc'],South Africa,Swartland,[]
8420,Doren,91.5,39.0,91.5,39.0,2,1,['Cabernet Sauvignon'],US,California,"['Sonoma Valley', 'Sonoma']"
8421,Dorigati,87.0,,87.0,,1,1,['Cabernet'],Italy,Northeastern Italy,['Trentino']
8422,Dorigo,88.0,32.0,88.0,32.0,2,2,"['Chardonnay', 'Pinot Nero']",Italy,Italy Other,['Vino Spumante']
8423,Dorigo,87.2,29.0,87.0,29.0,11,6,"['Ribolla Gialla', 'Pinot Grigio', 'Chardonnay', 'Sauvignon', 'Pinot Nero', 'Sparkling Blend']",Italy,Northeastern Italy,['Colli Orientali del Friuli']
8424,Dornier,87.5,23.0,87.0,24.5,4,4,"['Chenin Blanc', 'White Blend', 'Cabernet Sauvignon', 'Cabernet Sauvignon-Cabernet Franc']",South Africa,Stellenbosch,[]
8425,Dornier,86.3,15.3,86.0,13.0,3,2,"['White Blend', 'Red Blend']",South Africa,Western Cape,[]
8426,Dos Cabezas,83.4,21.6,84.0,20.0,5,4,"['Viognier', 'White Blend', 'Riesling', 'Red Blend']",US,Arizona,['Cochise County']
8427,Dos Lagos Vineyards,92.0,125.0,92.0,125.0,2,1,['Cabernet Sauvignon'],US,California,"['Atlas Peak', 'Napa']"
8428,Dos Victorias,90.0,40.3,91.0,19.0,7,2,"['Verdejo', 'Tinta de Toro']",Spain,Northern Spain,['Rueda']
8429,Dosio,89.2,62.9,89.5,60.0,8,1,['Nebbiolo'],Italy,Piedmont,['Barolo']
8430,Double Bond,85.0,48.0,85.0,48.0,1,1,['Pinot Noir'],US,California,"['Edna Valley', 'Central Coast']"
8431,Double Canyon,91.2,44.5,91.0,44.0,4,1,['Cabernet Sauvignon'],US,Washington,"['Horse Heaven Hills', 'Columbia Valley']"
8432,Double Decker,87.0,10.0,87.0,10.0,1,1,['Pinot Grigio'],US,California,"['California', 'California Other']"
8433,Double Eagle,92.0,80.0,92.0,80.0,1,1,['Bordeaux-style Red Blend'],US,California,"['Napa Valley', 'Napa']"
8434,Doubleback,93.4,91.1,93.5,89.0,8,1,['Cabernet Sauvignon'],US,Washington,"['Walla Walla Valley (WA)', 'Columbia Valley']"
8435,Douce Nature,85.0,12.0,85.0,12.0,1,1,['Chardonnay'],France,Languedoc-Roussillon,"[""Vin de Pays d'Oc""]"
8436,Doudet Naudin,85.2,32.5,86.0,32.5,5,1,['Chardonnay'],France,Burgundy,['Saint-Véran']
8437,Doudet Naudin,87.0,15.0,87.0,15.0,2,2,"['Chardonnay', 'Pinot Noir']",France,France Other,['Vin de France']
8438,Douglas Green,85.6,10.3,86.0,10.0,7,3,"['Shiraz', 'Sauvignon Blanc', 'Rosé']",South Africa,Western Cape,[]
8439,Douglas Green,86.0,11.0,86.0,11.0,1,1,['Chardonnay'],US,California,"['California', 'California Other']"
8440,Douglas Vineyards,91.0,48.0,91.0,48.0,1,1,['Pinot Noir'],US,California,"['Santa Lucia Highlands', 'Central Coast']"
8441,Dougos,82.0,29.0,82.0,29.0,1,1,['Red Blend'],Greece,Greece,[]
8442,Dougos,85.7,18.0,86.0,18.0,3,2,"['White Blend', 'Red Blend']",Greece,Thessalikos,[]
8443,Doukénie,84.1,29.9,84.0,32.0,19,13,"['Pinot Grigio', 'Riesling', 'Red Blend', 'White Blend', 'Sauvignon Blanc', 'Chardonnay', 'Cabernet Franc', 'Cabernet Sauvignon', 'Merlot', 'Cabernet Sauvignon-Syrah', 'Syrah', 'Bordeaux-style Red Blend', 'Petit Verdot']",US,Virginia,['Virginia']
8444,Douro Family Estates,88.7,,89.0,,6,1,['Portuguese Red'],Portugal,Douro,[]
8445,Douro Prime,89.0,18.5,89.0,18.5,2,2,"['Touriga Nacional', 'Portuguese Red']",Portugal,Douro,[]
8446,Dourthe,87.0,12.1,87.0,12.0,16,5,"['Rosé', 'Bordeaux-style White Blend', 'Bordeaux-style Red Blend', 'Sauvignon Blanc', 'Sauvignon']",France,Bordeaux,['Bordeaux Rosé']
8447,Dovev,85.0,10.0,85.0,10.0,1,1,['Cabernet Sauvignon'],Israel,Galilee,[]
8448,Dow's,89.3,24.7,88.0,12.0,3,2,"['Portuguese Red', 'Port']",Portugal,Douro,[]
8449,Dow's,90.8,69.9,91.0,53.5,31,1,['Port'],Portugal,Port,[]
8450,Dow's,89.0,18.0,89.0,18.0,1,1,['Port'],Portugal,Portugal,[]
8451,Downing Estate,89.0,35.0,89.0,35.0,1,1,['Cabernet Sauvignon'],Australia,Victoria,['Heathcote']
8452,Dowsett Family,91.3,25.3,92.0,22.0,3,2,"['Pinot Noir', 'Gewürztraminer']",US,Oregon,"['Oregon', 'Oregon Other']"
8453,Dowsett Family,90.2,25.2,90.5,22.0,12,5,"['Gewürztraminer', 'Rhône-style Red Blend', 'Red Blend', 'Mourvèdre', 'Riesling']",US,Washington,"['Columbia Gorge (WA)', 'Washington Other']"
8454,Doyenne,90.9,40.8,91.0,37.5,46,6,"['Roussanne', 'Syrah', 'Rhône-style Red Blend', 'White Blend', 'Red Blend', 'Rosé']",US,Washington,"['Red Mountain', 'Columbia Valley']"
8455,Doña Catalina,82.0,13.0,82.0,13.0,1,1,['Malbec'],Chile,Central Valley,[]
8456,Doña Catalina,85.0,13.0,85.0,13.0,1,1,['Chardonnay'],Chile,Colchagua Valley,[]
8457,Doña Isadora,84.0,13.0,84.0,13.0,2,2,"['Cabernet Sauvignon', 'Carmenère']",Chile,Central Valley,[]
8458,Doña Paula,85.7,23.5,85.0,16.0,56,8,"['Malbec', 'Red Blend', 'Chardonnay', 'Cabernet Sauvignon', 'Sauvignon Blanc', 'Syrah', 'Shiraz-Malbec', 'Bordeaux-style Red Blend']",Argentina,Mendoza Province,['Mendoza']
8459,Doña Paula,85.7,16.0,87.0,16.0,3,1,['Torrontés'],Argentina,Other,['Cafayate']
8460,Doña Silvina,89.8,36.5,90.5,26.0,4,1,['Malbec'],Argentina,Mendoza Province,['Mendoza']
8461,Doña Sol,84.0,5.0,84.0,5.0,1,1,['Cabernet Sauvignon'],US,California,"['California', 'California Other']"
8462,Dr. Bürklin-Wolf,88.9,32.3,90.0,28.0,19,2,"['Riesling', 'Red Blend']",Germany,Pfalz,[]
8463,Dr. F. Weins-Prüm,90.5,26.0,90.5,26.0,2,1,['Riesling'],Germany,Mosel-Saar-Ruwer,[]
8464,Dr. Fischer,88.8,19.4,89.0,20.0,8,1,['Riesling'],Germany,Mosel,[]
8465,Dr. Fischer,88.0,20.7,89.0,24.0,3,1,['Riesling'],Germany,Mosel-Saar-Ruwer,[]
8466,Dr. H. Thanisch (Erben Müller-Burggraef),90.3,35.9,91.0,28.0,39,1,['Riesling'],Germany,Mosel,[]
8467,Dr. H. Thanisch (Erben Müller-Burggraef),88.8,38.6,88.0,26.0,20,1,['Riesling'],Germany,Mosel-Saar-Ruwer,[]
8468,Dr. H. Thanisch (Erben Thanisch),90.1,49.6,90.0,42.0,35,1,['Riesling'],Germany,Mosel,[]
8469,Dr. H. Thanisch (Erben Thanisch),89.3,45.5,90.0,39.0,11,1,['Riesling'],Germany,Mosel-Saar-Ruwer,[]
8470,Dr. Heidemanns-Bergweiler,89.9,25.1,90.0,23.0,52,1,['Riesling'],Germany,Mosel,[]
8471,Dr. Hermann,90.8,51.5,90.0,33.5,24,1,['Riesling'],Germany,Mosel,[]
8472,Dr. Heyden,87.7,15.6,88.0,14.5,14,3,"['Silvaner', 'Riesling', 'Pinot Noir']",Germany,Rheinhessen,[]
8473,Dr. Klapper,85.0,23.0,85.0,23.0,1,1,['Riesling'],US,California,"['Santa Ynez Valley', 'Central Coast']"
8474,Dr. Konstantin Frank,88.1,19.6,88.0,17.0,75,16,"['Riesling', 'Gewürztraminer', 'Muskat Ottonel', 'Cabernet Sauvignon', 'Rkatsiteli', 'Pinot Gris', 'Saperavi', 'Pinot Noir', 'Chardonnay', 'Sauvignon Blanc', 'Grüner Veltliner', 'Lemberger', 'Sparkling Blend', 'Cabernet Franc', 'Champagne Blend', 'Rosé']",US,New York,"['Finger Lakes', 'Finger Lakes']"
8475,Dr. Leimbrock,89.2,24.0,89.0,23.0,4,1,['Riesling'],Germany,Mosel,[]
8476,Dr. Loosen,91.4,47.5,91.0,34.0,89,1,['Riesling'],Germany,Mosel,[]
8477,Dr. Loosen,90.8,37.2,92.0,32.0,35,1,['Riesling'],Germany,Mosel-Saar-Ruwer,[]
8478,Dr. Loosen,84.0,11.0,84.0,11.0,1,1,['Pinot Gris'],Germany,Pfalz,[]
8479,Dr. Loosen & J. Christopher,94.0,75.0,94.0,75.0,1,1,['Pinot Noir'],US,Oregon,"['Willamette Valley', 'Willamette Valley']"
8480,Dr. Nägler,89.8,29.0,89.0,20.0,14,2,"['Pinot Noir', 'Riesling']",Germany,Rheingau,[]
8481,Dr. Pauly Bergweiler,89.4,33.3,90.0,26.0,63,1,['Riesling'],Germany,Mosel,[]
8482,Dr. Pauly Bergweiler,89.4,52.3,89.0,31.0,21,1,['Riesling'],Germany,Mosel-Saar-Ruwer,[]
8483,Dr. Peter Poontinger,88.0,10.0,88.0,10.0,1,1,['Riesling'],Germany,Rheinhessen,[]
8484,Dr. Volkmar,88.0,13.2,87.5,13.5,4,1,['Riesling'],Germany,Rheinhessen,[]
8485,Dr. Wagner,89.0,23.0,89.0,23.0,1,1,['Riesling'],Germany,Mosel,[]
8486,Dr. Wagner,90.2,29.4,90.0,29.0,5,1,['Riesling'],Germany,Mosel-Saar-Ruwer,[]
8487,Dr. Wehrheim,87.0,25.4,88.0,20.0,6,3,"['Pinot Blanc', 'Weissburgunder', 'Pinot Gris']",Germany,Pfalz,[]
8488,Dr. Weins-Prüm,90.0,44.0,90.0,44.0,1,1,['Riesling'],Germany,Mosel-Saar-Ruwer,[]
8489,Dr. Willkomm,87.0,8.0,87.0,8.0,1,1,['Riesling'],Germany,Mosel,[]
8490,Dr. Zenzen,86.0,20.0,86.0,20.0,1,1,['Riesling'],Germany,Mosel,[]
8491,Dr. Zenzen,88.0,29.0,88.0,29.0,1,1,['Riesling'],Germany,Mosel-Saar-Ruwer,[]
8492,Dr. Zenzen,87.0,28.0,87.0,28.0,1,1,['White Blend'],Germany,Rheinhessen,[]
8493,Dracaena,90.5,30.0,90.5,30.0,2,1,['Cabernet Franc'],US,California,"['Paso Robles', 'Central Coast']"
8494,Draga,88.2,45.0,88.0,40.0,4,4,"['Pinot Grigio', 'Sauvignon', 'Friulano', 'Malvasia']",Italy,Northeastern Italy,['Collio']
8495,Dragani,87.0,14.0,87.0,14.0,1,1,['Montepulciano'],Italy,Central Italy,"[""Montepulciano d'Abruzzo""]"
8496,Dragonette,90.4,44.8,90.0,45.0,31,9,"['Pinot Noir', 'Sauvignon Blanc', 'Rhône-style Red Blend', 'Grenache', 'G-S-M', 'Rosé', 'Syrah', 'Red Blend', 'Chardonnay']",US,California,"['Sta. Rita Hills', 'Central Coast']"
8497,Dragonfly Creek,83.5,14.0,83.5,14.0,2,2,"['Chardonnay', 'Pinot Noir']",US,Oregon,"['Willamette Valley', 'Willamette Valley']"
8498,Dragonia,85.0,10.0,85.0,10.0,1,1,['Garnacha'],Spain,Northern Spain,['Cariñena']
8499,Drake,90.2,55.0,90.0,55.0,4,1,['Pinot Noir'],US,California,"['Arroyo Grande Valley', 'Central Coast']"
8500,Drappier,90.3,67.0,90.0,55.0,30,4,"['Champagne Blend', 'Pinot Noir', 'White Blend', 'Chardonnay']",France,Champagne,['Champagne']
8501,Drassanes,83.5,16.5,83.5,16.5,2,2,"['White Blend', 'Shiraz-Cabernet Sauvignon']",Spain,Levante,['Valencia']
8502,Draxton,88.6,24.4,90.0,19.0,7,5,"['Cabernet Sauvignon', 'Sauvignon Blanc', 'Malbec', 'Rosé', 'Chardonnay']",US,California,"['Dry Creek Valley', 'Sonoma']"
8503,Dreamer,82.0,10.0,82.0,10.0,1,1,['Riesling'],Romania,Dealu Mare,[]
8504,Dreamer,82.3,9.3,82.0,9.0,3,3,"['Pinot Noir', 'Rosé', 'Riesling']",Romania,Dealurile Munteniei,[]
8505,Dreaming Tree,84.0,15.0,84.0,15.0,3,3,"['Cabernet Sauvignon', 'White Blend', 'Red Blend']",US,California,"['North Coast', 'North Coast']"
8506,Drei Donà,87.7,27.0,88.0,27.0,3,2,"['Red Blend', 'Sangiovese']",Italy,Central Italy,['Romagna']
8507,Drei Donà Tenuta La Palazza,87.7,32.1,88.0,32.5,13,5,"['Sangiovese', 'Red Blend', 'Chardonnay', 'White Blend', 'Cabernet Sauvignon']",Italy,Central Italy,['Sangiovese di Romagna Superiore']
8508,Dreolino,87.0,27.7,87.0,25.0,3,2,"['Red Blend', 'Sangiovese']",Italy,Tuscany,['Chianti Rufina']
8509,Drew,90.4,42.0,90.5,42.0,26,3,"['Pinot Noir', 'Syrah', 'Albariño']",US,California,"['Yorkville Highlands', 'North Coast']"
8510,Dreyer Sonoma,86.0,11.3,86.0,10.0,3,2,"['Chardonnay', 'Cabernet Sauvignon']",US,California,"['Sonoma County', 'Sonoma']"
8511,Drink Washington State,88.0,23.7,88.0,26.0,3,3,"['Carmenère', 'Chardonnay', 'Bordeaux-style Red Blend']",US,Washington,"['Walla Walla Valley (WA)', 'Columbia Valley']"
8512,Drops of Jupiter,87.5,15.0,87.5,15.0,2,2,"['Petite Sirah', 'Pinot Noir']",US,California,"['California', 'California Other']"
8513,Drouet Frères,84.0,12.0,84.0,12.0,2,2,"['Sauvignon Blanc', 'Melon']",France,Loire Valley,['Sancerre']
8514,Drouhin Oregon Roserock,91.2,47.5,91.5,47.5,4,2,"['Pinot Noir', 'Chardonnay']",US,Oregon,"['Eola-Amity Hills', 'Willamette Valley']"
8515,Druida,92.0,35.0,92.0,35.0,1,1,['Encruzado'],Portugal,Dão,[]
8516,Drumheller,86.0,12.0,86.0,12.0,1,1,['Cabernet Sauvignon'],US,Oregon,"['Columbia Valley (OR)', 'Oregon Other']"
8517,Drumheller,86.2,12.0,86.0,12.0,5,3,"['Chardonnay', 'Merlot', 'Cabernet Sauvignon']",US,Washington,"['Columbia Valley (WA)', 'Columbia Valley']"
8518,Drusian,87.1,17.8,87.0,18.0,19,2,"['Prosecco', 'Glera']",Italy,Veneto,['Prosecco di Valdobbiadene']
8519,Dry Creek Vineyard,88.7,27.0,89.0,25.0,136,12,"['Meritage', 'Chardonnay', 'Zinfandel', 'Cabernet Sauvignon', 'Fumé Blanc', 'Sauvignon Blanc', 'Chenin Blanc', 'Bordeaux-style Red Blend', 'Sauvignon Blanc-Semillon', 'Pinot Noir', 'Merlot', 'Cabernet Blend']",US,California,"['Dry Creek Valley', 'Sonoma']"
8520,Dry Mill,85.0,27.5,85.0,27.5,2,2,"['Cabernet Franc', 'Chardonnay']",US,Virginia,['Virginia']
8521,Dry River,88.0,45.0,88.0,45.0,1,1,['Merlot'],New Zealand,Hawke's Bay,[]
8522,Dry River,90.2,66.1,90.0,55.0,15,6,"['Pinot Noir', 'Riesling', 'Chardonnay', 'Pinot Gris', 'Gewürztraminer', 'Syrah']",New Zealand,Martinborough,[]
8523,Dry River,90.0,,90.0,,1,1,['Pinot Gris'],New Zealand,New Zealand,[]
8524,Drylands,88.5,15.3,88.5,15.0,6,3,"['Pinot Noir', 'Riesling', 'Sauvignon Blanc']",New Zealand,Marlborough,[]
8525,Drystone,90.0,30.0,90.0,30.0,1,1,['Pinot Noir'],New Zealand,Central Otago,[]
8526,Drytown,85.9,15.2,86.5,17.0,10,9,"['Primitivo', 'Chardonnay', 'Rosé', 'Riesling', 'Zinfandel', 'Pinot Noir', 'Red Blend', 'Viognier', 'Malbec']",US,California,"['Amador County', 'Sierra Foothills']"
8527,DuCard,86.3,33.7,86.0,28.0,3,3,"['Viognier', 'Petit Verdot', 'Merlot']",US,Virginia,['Virginia']
8528,DuVon,88.0,15.0,88.0,15.0,1,1,['Shiraz'],South Africa,Robertson,[]
8529,Duarte Georgetown,86.0,27.6,86.0,25.0,5,4,"['Rosé', 'Tempranillo', 'Cabernet Sauvignon', 'Petit Verdot']",US,California,"['El Dorado', 'Sierra Foothills']"
8530,Dubacano,83.0,22.0,83.0,22.0,2,2,"['Nebbiolo', 'Tempranillo']",Mexico,Valle de Guadalupe,[]
8531,Dubindil,86.5,34.0,86.5,34.0,2,2,"['Merlot', 'Cabernet Sauvignon']",US,Washington,"['Red Mountain', 'Columbia Valley']"
8532,Dubl,91.0,46.3,91.0,43.0,3,3,"['Aglianico', 'Greco', 'Falanghina']",Italy,Italy Other,['Vino Spumante']
8533,Dubost,89.8,48.2,90.0,45.0,11,7,"['Red Blend', 'Negrette', 'Rhône-style White Blend', 'Rosé', 'Grenache Noir', 'Sangiovese', 'Syrah']",US,California,"['Paso Robles', 'Central Coast']"
8534,Duca del Frassino,83.7,20.0,84.0,20.0,6,2,"['White Blend', 'Red Blend']",Italy,Northeastern Italy,['Venezie']
8535,Duca del Frassino,81.0,,81.0,,1,1,['Red Blend'],Italy,Veneto,['Venezia']
8536,Duca di Castelmonte,86.0,16.0,86.0,16.0,1,1,['Syrah'],Italy,Sicily & Sardinia,['Sicilia']
8537,Duca di Salaparuta,87.8,28.1,87.0,18.0,70,7,"[""Nero d'Avola"", 'Grillo', 'White Blend', 'Pinot Nero', 'Red Blend', 'Insolia', 'Nerello Mascalese']",Italy,Sicily & Sardinia,['Sicilia']
8538,Duca di Saragnano,87.0,15.0,87.0,15.0,1,1,['Red Blend'],Italy,Tuscany,['Rosso di Montepulciano']
8539,Ducarosso,86.0,11.0,86.0,11.0,1,1,['Sangiovese'],Italy,Tuscany,['Chianti']
8540,Duchessa Lia,85.7,18.3,85.0,17.0,7,4,"['Moscato', 'Brachetto', 'Nebbiolo', 'Barbera']",Italy,Piedmont,"[""Moscato d'Asti""]"
8541,Duchman Family,84.6,27.6,84.0,30.0,5,5,"['Trebbiano', 'Red Blend', 'Montepulciano', 'Aglianico', 'Vermentino']",US,Texas,['Texas']
8542,Duck Pond,86.7,21.2,86.0,20.0,13,3,"['Pinot Noir', 'Pinot Gris', 'Cabernet Sauvignon']",US,Oregon,"['Oregon', 'Oregon Other']"
8543,Duck Pond,84.9,14.6,85.0,12.0,9,4,"['Chardonnay', 'Merlot', 'Cabernet Sauvignon', 'Syrah']",US,Washington,"['Wahluke Slope', 'Columbia Valley']"
8544,Duck Walk,86.0,17.0,86.0,15.0,9,7,"['Chardonnay', 'Cabernet Sauvignon', 'Pinot Meunier', 'Pinot Grigio', 'Gewürztraminer', 'Merlot', 'Rosé']",US,New York,"['Long Island', 'Long Island']"
8545,Duckhorn,91.0,74.8,91.0,75.0,88,7,"['Cabernet Sauvignon', 'Bordeaux-style Red Blend', 'Sauvignon Blanc', 'Merlot', 'Cabernet Franc', 'Chardonnay', 'Red Blend']",US,California,"['Napa Valley', 'Napa']"
8546,Due Cani,85.0,41.0,85.5,41.0,6,4,"['Pinot Noir', 'Marsanne-Roussanne', 'Syrah', 'Cabernet Sauvignon-Merlot']",US,California,"['Russian River Valley', 'Sonoma']"
8547,Due Torri,85.0,10.0,85.0,10.0,1,1,['Pinot Grigio'],Italy,Northeastern Italy,['Delle Venezie']
8548,Due Vigne,86.0,27.7,86.0,26.0,3,3,"['Nebbiolo', 'Dolcetto', 'Cabernet Sauvignon']",US,California,"['El Dorado County', 'Sierra Foothills']"
8549,Duemani,90.6,75.1,91.0,75.0,17,3,"['Syrah', 'Cabernet Franc', 'Red Blend']",Italy,Tuscany,['Toscana']
8550,Duende,85.0,12.0,85.0,12.0,2,2,"['Syrah', 'Tempranillo']",US,California,"['Russian River Valley', 'Sonoma']"
8551,Duijn,84.0,45.5,84.0,45.5,2,2,"['Pinot Noir', 'Spätburgunder']",Germany,Baden,[]
8552,Dujac Fils & Pere,90.5,68.5,91.0,78.0,4,1,['Pinot Noir'],France,Burgundy,['Gevrey-Chambertin']
8553,Dumas Station,89.6,34.5,89.0,32.0,31,5,"['Cabernet Sauvignon', 'Merlot', 'Red Blend', 'Cabernet Franc', 'Syrah']",US,Washington,"['Walla Walla Valley (WA)', 'Columbia Valley']"
8554,Dumien-Serrette,88.0,,88.0,,2,1,['Syrah'],France,Rhône Valley,['Cornas']
8555,Duménil,89.0,47.0,88.0,46.0,5,1,['Champagne Blend'],France,Champagne,['Champagne']
8556,Dunavar,84.0,8.0,84.0,8.0,1,1,['Red Blend'],Hungary,Eger,[]
8557,Dunavar,84.0,7.0,84.0,7.0,1,1,['Pinot Gris'],Hungary,Felso-Magyarország,[]
8558,Dunbar,89.0,32.0,89.0,32.0,2,1,['Zinfandel'],US,California,"['Sonoma Valley', 'Sonoma']"
8559,Duncan Peak,88.0,28.3,89.0,25.0,3,2,"['Cabernet Sauvignon', 'Petite Sirah']",US,California,"['Mendocino County', 'Mendocino/Lake Counties']"
8560,Dundee Springs,85.5,14.0,85.5,14.0,2,2,"['Pinot Blanc', 'Pinot Gris']",US,Oregon,"['Oregon', 'Oregon Other']"
8561,Dune Buggy,82.0,10.0,82.0,10.0,1,1,['Red Blend'],US,California,"['California', 'California Other']"
8562,Dunham,90.8,41.8,91.0,35.0,80,9,"['Red Blend', 'Syrah', 'Chardonnay', 'Cabernet Sauvignon', 'Merlot', 'Riesling', 'Bordeaux-style Red Blend', 'Sémillon', 'White Blend']",US,Washington,"['Washington', 'Washington Other']"
8563,Dunites,90.0,32.0,90.0,32.0,1,1,['Syrah'],US,California,"['San Luis Obispo County', 'Central Coast']"
8564,Dunnewood,85.4,9.6,85.5,8.5,8,5,"['Cabernet Sauvignon', 'Sauvignon Blanc', 'Pinot Noir', 'Merlot', 'Zinfandel']",US,California,"['Mendocino', 'Mendocino/Lake Counties']"
8565,Dunning Vineyards,86.4,33.7,86.5,32.0,20,8,"['Zinfandel', 'Meritage', 'Petite Sirah', 'Cabernet Sauvignon', 'Chardonnay', 'Merlot', 'Syrah', 'Grenache']",US,California,"['Paso Robles', 'Central Coast']"
8566,Dunstan,89.2,43.1,89.5,47.5,8,3,"['Chardonnay', 'Rosé', 'Pinot Noir']",US,California,"['Sonoma Coast', 'Sonoma']"
8567,Duo,85.0,14.0,85.0,14.0,1,1,['Sauvignon Blanc'],Chile,Casablanca Valley,[]
8568,Duo,88.0,14.0,88.0,14.0,1,1,['Cabernet Sauvignon-Merlot'],Chile,Maipo Valley,[]
8569,Duo des Mers,85.0,12.0,85.0,12.0,1,1,['White Blend'],France,France Other,['Vin de France']
8570,Duorum,89.4,23.7,88.5,16.0,22,2,"['Portuguese Red', 'Portuguese White']",Portugal,Douro,[]
8571,Duorum,90.9,63.0,91.0,70.0,12,1,['Port'],Portugal,Port,[]
8572,Duran,86.0,22.0,86.0,22.0,1,1,['Sparkling Blend'],Spain,Catalonia,['Cava']
8573,Durant,90.8,37.6,92.0,30.0,11,3,"['Pinot Noir', 'Chardonnay', 'Pinot Gris']",US,Oregon,"['Dundee Hills', 'Willamette Valley']"
8574,Durbanville Hills,85.7,13.6,86.0,12.0,10,3,"['Sauvignon Blanc', 'Shiraz', 'Pinotage']",South Africa,Durbanville,[]
8575,Durham-Agrellos,93.0,39.0,93.0,39.0,1,1,['Portuguese Red'],Portugal,Douro,[]
8576,Durigutti,88.6,25.1,89.0,19.5,28,5,"['Malbec', 'Cabernet Franc', 'Bonarda', 'Red Blend', 'Cabernet Sauvignon']",Argentina,Mendoza Province,['Uco Valley']
8577,Durney,86.0,26.0,86.0,26.0,1,1,['Merlot'],US,California,"['Carmel Valley', 'Central Coast']"
8578,Dusk to Dawn,87.0,27.5,87.0,27.5,2,2,"['Chardonnay', 'Pinot Noir']",US,California,"['Russian River Valley', 'Sonoma']"
8579,Dussek Family Cellars,86.7,25.3,87.0,20.0,3,2,"['Cabernet Sauvignon', 'Syrah']",US,Washington,"['Columbia Valley (WA)', 'Columbia Valley']"
8580,Dusted Valley,89.8,37.7,90.0,39.0,98,17,"['Bordeaux-style Red Blend', 'Viognier', 'Chardonnay', 'Cabernet Sauvignon', 'Merlot', 'Syrah', 'G-S-M', 'Red Blend', 'Mourvèdre', 'Rhône-style Red Blend', 'Pinot Gris', 'Rosé', 'Malbec', 'Cinsault', 'Cabernet Franc', 'Petite Sirah', 'Grenache']",US,Washington,"['Columbia Valley (WA)', 'Columbia Valley']"
8581,Dusty Cellars,87.0,18.1,87.0,15.0,7,6,"['Cabernet Franc', 'White Blend', 'Cabernet Sauvignon', 'Rosé', 'Red Blend', 'Bordeaux-style Red Blend']",US,Washington,"['Columbia Valley (WA)', 'Columbia Valley']"
8582,Dutch Bill Creek,86.5,27.2,86.0,28.0,4,2,"['Pinot Noir', 'Chardonnay']",US,California,"['Russian River Valley', 'Sonoma']"
8583,Dutch Henry Winery,85.0,46.7,85.0,48.0,3,3,"['Bordeaux-style Red Blend', 'Cabernet Sauvignon', 'Pinot Noir']",US,California,"['Napa Valley', 'Napa']"
8584,Dutcher Crossing,87.6,39.8,87.0,41.0,15,4,"['Zinfandel', 'Cabernet Sauvignon', 'Pinot Noir', 'Chardonnay']",US,California,"['Dry Creek Valley', 'Sonoma']"
8585,Dutschke,89.0,18.0,89.0,18.0,1,1,['Port'],Australia,Australia Other,['Australia']
8586,Dutschke,91.6,36.3,91.5,35.5,10,3,"['Shiraz', 'Red Blend', 'Cabernet Sauvignon']",Australia,South Australia,['Barossa Valley']
8587,Dutton Estate,90.3,37.9,91.0,40.0,64,4,"['Pinot Noir', 'Sauvignon Blanc', 'Chardonnay', 'Syrah']",US,California,"['Russian River Valley', 'Sonoma']"
8588,Dutton-Goldfield,91.4,45.9,92.0,45.0,127,7,"['Riesling', 'Pinot Noir', 'Chardonnay', 'Pinot Blanc', 'Syrah', 'Zinfandel', 'Gewürztraminer']",US,California,"['Marin County', 'North Coast']"
8589,Duval & Blanchet,85.3,27.0,85.0,21.5,6,4,"['Bordeaux-style Red Blend', 'Merlot', 'Rosé', 'Sémillon']",France,Bordeaux,['Médoc']
8590,Duval-Leroy,90.4,57.4,90.0,50.0,33,5,"['Chardonnay', 'Champagne Blend', 'Petit Meslier', 'Pinot Noir', 'Sparkling Blend']",France,Champagne,['Champagne']
8591,Duvernay,87.5,28.0,87.5,28.0,2,1,['Syrah'],France,Rhône Valley,['Saint-Joseph']
8592,Dveri-Pax,88.5,19.0,88.5,19.0,2,2,"['White Blend', 'Red Blend']",Slovenia,Štajerska,[]
8593,Dyed-In-The-Wool,85.0,13.0,85.0,13.0,2,2,"['Pinot Noir', 'Sauvignon Blanc']",New Zealand,Marlborough,[]
8594,Dyer,93.2,76.2,93.0,75.0,4,1,['Cabernet Sauvignon'],US,California,"['Diamond Mountain District', 'Napa']"
8595,Dynamite Vineyards,85.6,14.1,85.5,14.0,10,5,"['Cabernet Sauvignon', 'Zinfandel', 'Chardonnay', 'Sauvignon Blanc', 'Merlot']",US,California,"['Red Hills Lake County', 'Mendocino/Lake Counties']"
8596,Dynasty Cellars,88.0,28.5,88.0,28.5,2,2,"['Meritage', 'Cabernet Sauvignon']",US,Washington,"['Walla Walla Valley (WA)', 'Columbia Valley']"
8597,Dão Sul,87.6,17.8,88.0,11.0,16,2,"['Portuguese Red', 'Portuguese White']",Portugal,Alentejano,[]
8598,Dão Sul,88.7,25.7,89.0,16.0,19,6,"['Arinto', 'Portuguese Red', 'Portuguese Sparkling', 'Bical', 'Portuguese White', 'Baga']",Portugal,Bairrada,[]
8599,Dão Sul,89.5,21.5,89.5,22.0,12,2,"['Portuguese Red', 'Portuguese White']",Portugal,Douro,[]
8600,Dão Sul,89.1,23.2,89.0,15.0,58,6,"['Portuguese Red', 'Portuguese White', 'Touriga Nacional', 'Portuguese Sparkling', 'Encruzado', 'Rosé']",Portugal,Dão,[]
8601,Dão Sul,86.0,6.6,86.0,7.0,5,2,"['Touriga Nacional', 'Portuguese Red']",Portugal,Estremadura,[]
8602,Dão Sul,84.7,,85.0,,3,2,"['Portuguese Red', 'Portuguese White']",Portugal,Lisboa,[]
8603,Dão Sul,88.0,14.0,88.0,14.0,1,1,['Portuguese White'],Portugal,Minho,[]
8604,Dão Sul,89.0,20.0,89.0,20.0,1,1,['Port'],Portugal,Port,[]
8605,Dão Sul,87.7,,87.0,,3,2,"['Touriga Nacional', 'Portuguese Sparkling']",Portugal,Vinho Espumante de Qualidade,[]
8606,Dão Sul,86.2,7.5,86.5,7.5,4,1,['Portuguese White'],Portugal,Vinho Verde,[]
8607,Día Naciente,84.0,10.0,84.0,10.0,3,3,"['Shiraz-Tempranillo', 'Shiraz', 'Tempranillo']",Spain,Central Spain,['Castilla La Mancha']
8608,Díaz Bayo,91.0,34.0,91.0,34.0,1,1,['Tempranillo'],Spain,Northern Spain,['Ribera del Duero']
8609,Dönnhoff,93.5,37.5,93.5,37.5,2,1,['Riesling'],Germany,Nahe,[]
8610,Dürer-Weg,86.5,16.5,86.5,16.5,2,1,['Pinot Bianco'],Italy,Northeastern Italy,['Alto Adige']
8611,Dürnberg,85.0,16.0,85.0,16.0,1,1,['Sparkling Blend'],Austria,Austria,[]
8612,Dürnberg,88.5,18.2,88.0,15.0,41,9,"['Grüner Veltliner', 'Zweigelt', 'White Blend', 'Austrian white blend', 'Weissburgunder', 'Traminer', 'Rosé', 'Riesling', 'Austrian Red Blend']",Austria,Niederösterreich,[]
8613,Dürnberg,88.0,14.0,88.0,14.0,1,1,['Grüner Veltliner'],Austria,Weinland Österreich,[]
8614,Dürnberg,89.5,19.8,90.0,17.0,11,1,['Grüner Veltliner'],Austria,Weinviertel,[]
8615,E & J Gallo,89.0,34.5,89.0,34.5,2,2,"['Chardonnay', 'Barbera']",US,California,"['Northern Sonoma', 'Sonoma']"
8616,E. B. Foote,83.5,19.0,83.5,18.0,4,4,"['Merlot', 'Red Blend', 'Zinfandel', 'Syrah']",US,Washington,"['Columbia Valley (WA)', 'Columbia Valley']"
8617,E. Guigal,90.7,79.6,90.0,50.0,77,6,"['Rosé', 'Viognier', 'Rhône-style White Blend', 'Rhône-style Red Blend', 'Syrah', 'Marsanne']",France,Rhône Valley,['Côtes du Rhône']
8618,E. Pira e Figli (Chiara Boschis),90.5,72.2,92.5,92.5,8,3,"['Nebbiolo', 'Barbera', 'Dolcetto']",Italy,Piedmont,['Barolo']
8619,E16,89.6,44.1,90.0,42.0,11,2,"['Chardonnay', 'Pinot Noir']",US,California,"['Russian River Valley', 'Sonoma']"
8620,EBGB,83.0,14.0,83.0,14.0,1,1,['Cabernet Sauvignon'],Chile,Central Valley,[]
8621,ENSO,89.0,40.0,89.0,40.0,1,1,['Pinot-Chardonnay'],US,Oregon,"['Eola-Amity Hills', 'Willamette Valley']"
8622,ENSO,88.0,40.0,88.0,40.0,1,1,['Red Blend'],US,Washington,"['Columbia Valley (WA)', 'Columbia Valley']"
8623,ENSO,88.0,14.0,88.0,14.0,1,1,['Pinot Gris'],US,Washington-Oregon,[]
8624,EOS,86.4,24.3,86.0,22.0,72,18,"['Moscato', 'Cabernet Sauvignon', 'Sauvignon Blanc', 'Zinfandel', 'Bordeaux-style Red Blend', 'Petite Sirah', 'Pinot Blanc', 'Viognier', 'Chardonnay', 'Tempranillo', 'Syrah', 'Red Blend', 'Fumé Blanc', 'Merlot', 'Muscat Canelli', 'Rhône-style White Blend', 'White Blend', 'Grenache']",US,California,"['Paso Robles', 'Central Coast']"
8625,EXP,84.0,14.0,84.0,14.0,1,1,['Viognier'],US,California,"['Dunnigan Hills', 'Central Valley']"
8626,Eagle & Rose Estate,86.0,16.0,86.0,16.0,2,1,['Sauvignon Blanc'],US,California,"['Napa Valley', 'Napa']"
8627,Eagle Canyon,86.0,13.0,86.0,13.0,3,3,"['Pinot Noir', 'Chardonnay', 'Cabernet Sauvignon']",US,California,"['California', 'California Other']"
8628,Eagle Castle,84.0,27.9,84.0,25.0,16,8,"['Red Blend', 'Syrah', 'Barbera', 'Petite Sirah', 'Muscat Canelli', 'Viognier', 'Cabernet Sauvignon', 'Chardonnay']",US,California,"['Paso Robles', 'Central Coast']"
8629,Eagle Crest,85.0,14.0,85.0,14.0,1,1,['White Blend'],US,New York,"['Finger Lakes', 'Finger Lakes']"
8630,Eagle Eye,85.9,45.2,86.0,55.0,9,4,"['Petit Verdot', 'Cabernet Franc', 'Red Blend', 'Cabernet Sauvignon']",US,California,"['Napa Valley', 'Napa']"
8631,Eagle Glen,87.5,20.0,87.5,20.0,2,2,"['Cabernet Sauvignon', 'Chardonnay']",US,California,"['Napa Valley', 'Napa']"
8632,Eagle Ridge,87.2,30.0,87.5,30.0,4,4,"['Cabernet Sauvignon', 'Red Blend', 'Petite Sirah', 'Zinfandel']",US,California,"['Livermore Valley', 'Central Coast']"
8633,Eaglepoint Ranch,89.6,23.6,92.0,24.0,5,3,"['Grenache', 'Petite Sirah', 'Syrah']",US,California,"['Mendocino County', 'Mendocino/Lake Counties']"
8634,Eagles Landing,85.2,28.2,84.5,25.0,4,4,"['Pinot Noir', 'Sauvignon Blanc', 'Syrah', 'Chardonnay']",US,California,"['Edna Valley', 'Central Coast']"
8635,Eaglewood,84.0,27.5,84.0,27.5,2,2,"['Cabernet Sauvignon', 'Chardonnay']",US,California,"['Rutherford', 'Napa']"
8636,Early Mountain,87.1,31.8,88.0,30.0,11,5,"['Red Blend', 'White Blend', 'Rosé', 'Pinot Gris', 'Chardonnay']",US,Virginia,['Virginia']
8637,Earth 2.0,88.0,22.0,88.0,22.0,1,1,['Tempranillo-Merlot'],Spain,Northern Spain,['Navarra']
8638,Earth 3.0,84.0,11.0,84.0,11.0,1,1,['Tempranillo'],Spain,Central Spain,['La Mancha']
8639,Earth 3.0,82.5,13.0,82.5,13.0,2,2,"['Tempranillo-Cabernet Sauvignon', 'Tempranillo']",Spain,Northern Spain,['Navarra']
8640,Earth Wise,83.0,25.0,83.0,25.0,1,1,['Red Blend'],Spain,Spain Other,['Spain']
8641,Earth's Harvest,85.5,5.0,85.5,5.0,2,2,"['Chardonnay', 'Merlot']",US,California,"['California', 'California Other']"
8642,Earthquake,86.9,26.4,86.0,26.0,15,4,"['Zinfandel', 'Cabernet Sauvignon', 'Petite Sirah', 'Syrah']",US,California,"['Lodi', 'Central Valley']"
8643,Earthshaker,84.0,16.0,84.0,16.0,1,1,['Syrah'],US,California,"['Knights Valley', 'Sonoma']"
8644,Earthworks,89.8,18.9,90.0,17.0,8,2,"['Cabernet Sauvignon', 'Shiraz']",Australia,South Australia,['Barossa']
8645,East Valley,84.8,29.2,84.0,29.5,4,4,"['Syrah', 'Pinot Noir', 'Sangiovese', 'Cabernet Sauvignon']",US,California,"['Edna Valley', 'Central Coast']"
8646,Eastburn Vineyards,90.0,38.0,90.0,38.0,1,1,['Pinot Noir'],US,Oregon,"['Chehalem Mountains', 'Willamette Valley']"
8647,Easton,88.8,24.7,89.0,25.0,79,6,"['Cabernet Franc', 'Zinfandel', 'Cabernet Sauvignon', 'Barbera', 'Pinot Noir', 'Sauvignon Blanc']",US,California,"['Sierra Foothills', 'Sierra Foothills']"
8648,Easton House,86.0,10.0,86.0,10.0,1,1,['Red Blend'],US,California,"['California', 'California Other']"
8649,Eastwood,84.0,9.0,84.0,9.0,3,3,"['Chardonnay', 'Merlot', 'Cabernet Sauvignon']",US,California,"['California', 'California Other']"
8650,Eberle,87.3,25.5,87.0,24.0,76,13,"['Viognier', 'Chardonnay', 'Zinfandel', 'Rhône-style Red Blend', 'Rhône-style White Blend', 'Muscat Canelli', 'Cabernet Sauvignon', 'Syrah', 'Barbera', 'Rosé', 'Sangiovese', 'Cabernet Sauvignon-Syrah', 'Red Blend']",US,California,"['Paso Robles', 'Central Coast']"
8651,Ebner-Ebenauer,91.1,39.1,92.0,35.5,21,5,"['Grüner Veltliner', 'Riesling', 'Pinot Noir', 'Weissburgunder', 'Chardonnay']",Austria,Niederösterreich,[]
8652,Ebner-Ebenauer,89.8,29.1,90.0,25.0,10,2,"['Grüner Veltliner', 'Chardonnay']",Austria,Weinviertel,[]
8653,Ebner-Ebenauer,94.0,49.0,94.0,49.0,2,1,['Chardonnay'],Austria,Österreichischer Sekt,[]
8654,Ebony,92.0,30.0,92.0,30.0,1,1,['Chardonnay'],US,Oregon,"['Willamette Valley', 'Willamette Valley']"
8655,Ecco Domani,84.8,12.2,85.0,11.5,6,2,"['Pinot Grigio', 'Moscato']",Italy,Northeastern Italy,['Trentino']
8656,Ecco Domani,86.0,15.0,86.0,15.0,1,1,['Pinot Nero'],Italy,Sicily & Sardinia,['Sicilia']
8657,Ecco Domani,84.3,11.0,84.0,11.0,3,1,['Sangiovese'],Italy,Tuscany,['Chianti']
8658,Echelon,83.7,13.7,84.0,13.0,16,8,"['Pinot Noir', 'Chardonnay', 'Red Blend', 'Cabernet Sauvignon', 'Pinot Grigio', 'Merlot', 'Shiraz', 'Zinfandel']",US,California,"['Russian River Valley', 'Sonoma']"
8659,Echeverria,89.0,14.0,89.0,14.0,1,1,['Malbec'],Chile,Aconcagua Valley,[]
8660,Echeverria,84.8,14.0,85.0,12.0,4,3,"['Sauvignon Blanc', 'Pinot Noir', 'Chardonnay']",Chile,Casablanca Valley,[]
8661,Echeverria,87.3,18.5,87.0,20.0,16,6,"['Merlot', 'Cabernet Sauvignon', 'Carmenère', 'Syrah', 'Red Blend', 'Chardonnay']",Chile,Central Valley,[]
8662,Echeverria,84.0,16.0,84.0,16.0,1,1,['Merlot'],Chile,Chile,[]
8663,Echeverria,89.0,14.0,89.0,14.0,1,1,['Syrah'],Chile,Colchagua Costa,[]
8664,Echeverria,87.3,12.3,87.0,12.0,3,2,"['Syrah', 'Malbec']",Chile,Colchagua Valley,[]
8665,Echeverria,85.7,11.9,86.0,11.0,42,7,"['Sauvignon Blanc', 'Cabernet Sauvignon', 'Carmenère', 'Merlot', 'Chardonnay', 'Cabernet Franc', 'Sparkling Blend']",Chile,Curicó Valley,[]
8666,Echeverria,88.9,35.4,89.0,35.0,14,3,"['Syrah', 'Cabernet Sauvignon', 'Carmenère']",Chile,Maipo Valley,[]
8667,Echeverria,88.0,15.0,88.0,15.0,1,1,['Syrah'],Chile,Maipo Valley-Colchagua Valley,[]
8668,Echeverria,85.0,12.0,85.0,12.0,1,1,['Pinot Noir'],Chile,Maule Valley,[]
8669,Echeverria,85.6,15.8,85.0,13.0,10,4,"['Sauvignon Blanc', 'Chardonnay', 'Merlot', 'Cabernet Sauvignon']",Chile,Molina,[]
8670,Echeverria,84.0,,84.0,,1,1,['Merlot'],Chile,Rapel Valley,[]
8671,Echo Bay,87.3,14.7,87.0,14.0,3,1,['Sauvignon Blanc'],New Zealand,Marlborough,[]
8672,Echo Ridge,88.7,46.7,89.0,45.0,3,3,"['Cabernet Franc', 'Syrah', 'Bordeaux-style Red Blend']",US,Oregon,"['Columbia Valley (OR)', 'Oregon Other']"
8673,Ecker,85.0,16.0,85.0,16.0,1,1,['Grüner Veltliner'],Austria,Austria,[]
8674,Ecker,91.0,17.0,91.0,17.0,1,1,['Gelber Muskateller'],Austria,Niederösterreich,[]
8675,Ecker,91.7,16.3,92.0,17.0,3,3,"['Grüner Veltliner', 'Weissburgunder', 'Roter Veltliner']",Austria,Wagram,[]
8676,Ecker,85.0,,85.0,,1,1,['Zweigelt'],Austria,Weinland Österreich,[]
8677,Eclectic,85.0,20.0,85.0,20.0,1,1,['Vermentino'],US,California,"['Dunnigan Hills', 'Central Valley']"
8678,Eco Terreno,86.0,28.2,86.0,28.0,6,4,"['Chardonnay', 'Cabernet Sauvignon', 'Bordeaux-style Red Blend', 'Sauvignon Blanc']",US,California,"['Alexander Valley', 'Sonoma']"
8679,Eddy Family,88.0,35.0,88.0,35.0,1,1,['Cabernet Sauvignon'],US,California,"['Napa Valley', 'Napa']"
8680,Eden Canyon,85.0,34.0,85.0,34.0,1,1,['Cabernet Sauvignon'],US,California,"['Paso Robles', 'Central Coast']"
8681,Eden Road,87.7,51.7,88.0,65.0,3,1,['Shiraz'],Australia,New South Wales,['Hilltops']
8682,EdenVale,83.5,35.0,83.0,25.0,4,3,"['Syrah', 'Claret', 'Cabernet Sauvignon']",US,Oregon,"['Rogue Valley', 'Southern Oregon']"
8683,Eder,92.4,26.5,93.0,27.0,11,3,"['Grüner Veltliner', 'Riesling', 'Traminer']",Austria,Wachau,[]
8684,Edetària,88.7,27.0,88.0,30.0,7,5,"['Red Blend', 'Grenache Blanc', 'White Blend', 'Garnacha Blanca', 'Garnacha']",Spain,Catalonia,['Terra Alta']
8685,Edge,87.7,20.3,87.5,20.0,6,1,['Cabernet Sauvignon'],US,California,"['Napa Valley', 'Napa']"
8686,Edgebaston,87.6,18.1,88.0,15.0,17,7,"['Sauvignon Blanc', 'Red Blend', 'Cabernet Sauvignon', 'Chardonnay', 'White Blend', 'Shiraz', 'Viognier']",South Africa,Stellenbosch,[]
8687,Edgewood,84.2,21.5,84.0,20.0,4,4,"['Zinfandel', 'Malbec', 'Cabernet Sauvignon', 'Sauvignon Blanc']",US,California,"['Napa Valley', 'Napa']"
8688,Edi Keber,90.0,32.0,90.0,32.0,1,1,['White Blend'],Italy,Northeastern Italy,['Collio']
8689,Edi Simcic,89.4,50.0,90.0,45.0,5,4,"['Bordeaux-style Red Blend', 'Sauvignon', 'Chardonnay', 'Rebula']",Slovenia,Goriska Brda,[]
8690,Edizione Pennino,90.3,41.0,91.0,40.0,3,1,['Zinfandel'],US,California,"['Rutherford', 'Napa']"
8691,Edmeades,88.7,26.8,88.0,29.0,25,4,"['Zinfandel', 'Pinot Noir', 'Red Blend', 'Petite Sirah']",US,California,"['Mendocino County', 'Mendocino/Lake Counties']"
8692,Edmond August,87.0,41.0,87.0,45.0,3,2,"['Rhône-style Red Blend', 'Roussanne']",US,California,"['Paso Robles', 'Central Coast']"
8693,Edmonds Winery,84.8,26.5,83.5,24.0,8,3,"['Syrah', 'Red Blend', 'Cabernet Sauvignon']",US,Washington,"['Horse Heaven Hills', 'Columbia Valley']"
8694,Edmunds St John,87.0,24.0,87.0,24.0,1,1,['White Blend'],US,California,"['Paso Robles', 'Central Coast']"
8695,Edna Valley Vineyard,87.2,22.2,87.0,17.0,44,9,"['Chardonnay', 'Pinot Noir', 'Cabernet Sauvignon', 'Syrah', 'Sauvignon Blanc', 'Rhône-style Red Blend', 'Merlot', 'Meritage', 'Malbec']",US,California,"['Edna Valley', 'Central Coast']"
8696,Edoardo Miroglio,89.4,18.0,89.0,16.0,5,3,"['Mavrud', 'Red Blend', 'White Blend']",Bulgaria,Thracian Valley,[]
8697,Edoardo Sobrino,87.0,,87.0,,1,1,['Barbera'],Italy,Piedmont,"[""Barbera d'Alba""]"
8698,Eduardo Garrido García,89.4,31.4,90.0,30.0,5,1,['Tempranillo Blend'],Spain,Northern Spain,['Rioja']
8699,Educated Guess,85.6,20.5,85.5,20.0,22,4,"['Merlot', 'Pinot Noir', 'Cabernet Sauvignon', 'Chardonnay']",US,California,"['Napa Valley', 'Napa']"
8700,Edward Sellers,83.9,30.0,84.0,29.0,9,5,"['Roussanne', 'Rhône-style White Blend', 'Viognier', 'Rhône-style Red Blend', 'Syrah']",US,California,"['Paso Robles', 'Central Coast']"
8701,Edwards,84.0,25.5,84.0,25.5,2,2,"['Chardonnay', 'Semillon-Sauvignon Blanc']",Australia,Western Australia,['Margaret River']
8702,Edwin Dyer,86.7,26.0,86.0,25.0,3,3,"['Pinot Noir', 'Syrah', 'Viognier']",US,Oregon,"['Willamette Valley', 'Willamette Valley']"
8703,Efeste,91.1,34.5,91.0,35.0,75,14,"['Cabernet Sauvignon-Syrah', 'Merlot', 'Syrah', 'Red Blend', 'Rhône-style Red Blend', 'Cabernet-Syrah', 'Cabernet Sauvignon', 'Sauvignon Blanc', 'Riesling', 'Chardonnay', 'Rosé', 'Mourvèdre', 'Bordeaux-style Red Blend', 'Bordeaux-style White Blend']",US,Washington,"['Columbia Valley (WA)', 'Columbia Valley']"
8704,Egeo,86.0,13.0,86.5,13.0,4,1,['Verdejo'],Spain,Northern Spain,['Rueda']
8705,Egger-Ramer,87.3,20.7,87.0,17.0,3,3,"['Lagrein', 'Schiava', 'Red Blend']",Italy,Northeastern Italy,['Alto Adige']
8706,Ego Bodegas,87.2,29.0,87.0,18.0,5,2,"['Monastrell', 'Red Blend']",Spain,Levante,['Jumilla']
8707,Egon Müller,92.3,83.1,93.0,70.0,7,1,['Riesling'],Germany,Mosel,[]
8708,Egon Müller,89.2,31.2,89.0,24.0,4,1,['Riesling'],Germany,Mosel-Saar-Ruwer,[]
8709,Egret,87.3,21.0,88.0,18.0,3,2,"['Chardonnay', 'Cabernet Sauvignon']",US,California,"['Carneros', 'Napa-Sonoma']"
8710,Eguren,83.7,9.3,83.0,10.0,3,2,"['Viura', 'Tempranillo']",Spain,Central Spain,['Vino de la Tierra de Castilla']
8711,Eguren Ugarte,88.0,15.0,88.0,15.0,1,1,['Tempranillo'],Spain,Northern Spain,['Rioja']
8712,Ehlers Estate,91.0,51.3,91.0,45.0,15,5,"['Sauvignon Blanc', 'Cabernet Sauvignon', 'Merlot', 'Cabernet Franc', 'Rosé']",US,California,"['St. Helena', 'Napa']"
8713,Ehrenberg,89.0,28.0,89.0,28.0,1,1,['Zinfandel'],US,California,"['Lodi', 'Central Valley']"
8714,Ehret,88.2,36.0,88.0,34.0,19,6,"['Cabernet Sauvignon-Cabernet Franc', 'Cabernet Sauvignon', 'Bordeaux-style Red Blend', 'Sauvignon Blanc', 'Meritage', 'Syrah']",US,California,"['Knights Valley', 'Sonoma']"
8715,Ehrhardt,85.0,16.7,85.0,12.0,3,2,"['Chenin Blanc', 'Petite Sirah']",US,California,"['Clarksburg', 'Central Valley']"
8716,Ehrhart,84.0,21.5,84.0,21.5,2,1,['Chardonnay'],France,Alsace,"[""Crémant d'Alsace""]"
8717,Eichinger,92.8,27.7,93.0,28.0,36,2,"['Riesling', 'Grüner Veltliner']",Austria,Kamptal,[]
8718,Eichinger,89.0,,89.0,,1,1,['Roter Veltliner'],Austria,Niederösterreich,[]
8719,Eifel-Pfeiffer,89.6,23.6,90.0,23.0,5,1,['Riesling'],Germany,Mosel,[]
8720,Eight Bells,90.5,17.0,90.5,17.0,2,2,"['White Blend', 'Pinot Gris']",US,Oregon,"['Oregon', 'Oregon Other']"
8721,Eight Bells,88.6,28.4,88.0,25.0,22,8,"['Syrah', 'Chardonnay', 'Sangiovese', 'Bordeaux-style Red Blend', 'Cabernet Sauvignon', 'Merlot', 'Red Blend', 'Viognier']",US,Washington,"['Yakima Valley', 'Columbia Valley']"
8722,Eight Sides,88.0,16.0,88.0,16.0,1,1,['Sauvignon Blanc'],US,California,"['Central Coast', 'Central Coast']"
8723,Eighty Four,91.8,46.8,93.0,48.0,5,3,"['Petite Sirah', 'Albariño', 'Malbec']",US,California,"['Napa Valley', 'Napa']"
8724,Eikeboom,89.0,13.0,89.0,13.0,1,1,['Chenin Blanc'],South Africa,Western Cape,[]
8725,Eikendal,87.0,24.4,87.0,20.0,5,4,"['Merlot', 'Sauvignon Blanc', 'Bordeaux-style Red Blend', 'Red Blend']",South Africa,Stellenbosch,[]
8726,Eikendal,88.2,17.2,88.5,18.0,4,2,"['Chardonnay', 'Sauvignon Blanc']",South Africa,Western Cape,[]
8727,Eisold-Smith,89.8,48.0,90.0,60.0,5,2,"['Pinot Noir', 'Chardonnay']",US,Oregon,"['Eola-Amity Hills', 'Willamette Valley']"
8728,Ektimo Vineyards,86.6,29.2,86.5,30.0,8,5,"['Sauvignon Blanc', 'Pinot Noir', 'Cabernet Sauvignon', 'Zinfandel', 'Chardonnay']",US,California,"['Bennett Valley', 'Sonoma']"
8729,El Agosto,90.0,30.0,90.0,30.0,1,1,['Mencía'],Spain,Northern Spain,['Bierzo']
8730,El Arte de Vivir,86.0,15.5,86.0,15.5,2,2,"['Tempranillo', 'Tempranillo Blend']",Spain,Northern Spain,['Ribera del Duero']
8731,El Bully,87.0,13.0,87.0,13.0,1,1,['Albariño'],Spain,Galicia,['Rías Baixas']
8732,El Bully,84.0,10.0,84.0,10.0,1,1,['Red Blend'],Spain,Levante,['Jumilla']
8733,El Burro,85.5,12.5,85.5,12.5,2,1,['Garnacha'],Spain,Northern Spain,['Cariñena']
8734,El Centimo,91.0,29.0,91.0,29.0,1,1,['Red Blend'],Spain,Northern Spain,['Rioja']
8735,El Circulo,85.2,12.3,86.0,10.5,13,4,"['Tempranillo', 'White Blend', 'Tempranillo Blend', 'Viura']",Spain,Northern Spain,['Rioja']
8736,El Copero,83.0,6.0,83.0,6.0,1,1,['Bobal'],Spain,Levante,['Valencia']
8737,El Cortijillo,85.0,9.0,85.0,9.0,2,2,"['Tempranillo', 'Verdejo']",Spain,Central Spain,['La Mancha']
8738,El Coto,87.0,21.2,87.0,12.0,48,7,"['Rosé', 'Tempranillo', 'Viura', 'Rosado', 'Tempranillo Blend', 'Red Blend', 'White Blend']",Spain,Northern Spain,['Rioja']
8739,El Curato,83.0,15.0,83.0,15.0,1,1,['Tinta de Toro'],Spain,Northern Spain,['Toro']
8740,El Encanto,82.0,9.0,82.0,9.0,1,1,['Red Blend'],Argentina,Mendoza Province,['Mendoza']
8741,El Enemigo,90.6,67.3,91.0,30.0,27,8,"['Bordeaux-style Red Blend', 'Bonarda', 'Malbec', 'Cabernet Franc', 'Chardonnay', 'Red Blend', 'Cabernet Franc-Cabernet Sauvignon', 'Cabernet Franc-Malbec']",Argentina,Mendoza Province,['Mendoza']
8742,El Escocés Volante,87.6,27.6,88.0,21.0,5,2,"['Red Blend', 'Garnacha']",Spain,Northern Spain,['Calatayud']
8743,El Esteco,88.1,31.9,88.5,21.0,10,6,"['Malbec-Merlot', 'Torrontés', 'Red Blend', 'Cabernet Sauvignon', 'Rosé', 'Malbec']",Argentina,Other,['Calchaquí Valley']
8744,El Fogón,83.0,10.0,82.0,10.0,4,4,"['Cabernet Sauvignon', 'Torrontés', 'Malbec', 'Tempranillo']",Argentina,Mendoza Province,['Mendoza']
8745,El Furioso,83.0,12.0,83.0,12.0,1,1,['Tempranillo'],Spain,Northern Spain,['Vino de la Tierra de Castilla y León']
8746,El Ganador,83.5,10.0,83.5,10.0,2,1,['Malbec'],Argentina,Mendoza Province,['Mendoza']
8747,El Grifo,84.3,20.0,85.0,20.0,3,3,"['Listán Negro', 'Malvasia', 'Rosado']",Spain,Spanish Islands,['Lanzarote']
8748,El Hada,86.0,12.0,86.0,12.0,1,1,['Verdejo-Viura'],Spain,Northern Spain,['Rueda']
8749,El Hijo,89.5,27.0,89.5,27.0,2,1,['Malbec'],Argentina,Mendoza Province,['La Consulta']
8750,El Huique,86.2,16.3,86.0,15.0,16,4,"['Chardonnay', 'Cabernet Sauvignon', 'Syrah-Cabernet', 'Carmenère']",Chile,Colchagua Valley,[]
8751,El Lugar,91.7,43.3,93.0,46.0,6,1,['Pinot Noir'],US,California,"['Santa Maria Valley', 'Central Coast']"
8752,El Molet,88.0,15.5,88.0,15.5,2,2,"['Red Blend', 'Tempranillo Blend']",Spain,Levante,['Jumilla']
8753,El Molinet,87.0,15.0,87.0,15.0,2,2,"['Tempranillo Blend', 'Red Blend']",Spain,Levante,['Valencia']
8754,El Molino,88.4,46.0,89.0,45.0,7,2,"['Chardonnay', 'Pinot Noir']",US,California,"['Rutherford', 'Napa']"
8755,El Molino de Puelles,89.0,33.0,89.0,33.0,1,1,['Tempranillo'],Spain,Northern Spain,['Rioja']
8756,El Morrión,80.0,9.0,80.0,9.0,1,1,['Tempranillo'],Spain,Central Spain,['Vino de la Tierra de Castilla']
8757,El Nido,90.8,95.0,91.5,120.0,14,2,"['Red Blend', 'Cabernet Blend']",Spain,Levante,['Jumilla']
8758,El Niño,88.0,19.0,88.0,19.0,1,1,['Malbec'],Argentina,Mendoza Province,['Mendoza']
8759,El Pensador,85.9,14.1,86.0,13.0,7,3,"['Verdejo', 'Tempranillo', 'Garnacha']",Spain,Northern Spain,['Vino de la Tierra de Castilla y León']
8760,El Pistolero,90.2,35.0,90.5,35.0,4,2,"['Chardonnay', 'Pinot Noir']",US,California,"['Santa Lucia Highlands', 'Central Coast']"
8761,El Porvenir,84.0,26.0,85.0,25.0,3,1,['Torrontés'],Argentina,Other,['Cafayate']
8762,El Prado,85.0,8.0,85.0,8.0,1,1,['Tempranillo-Cabernet Sauvignon'],Spain,Levante,['Valencia']
8763,El Raval,87.0,13.0,87.0,13.0,1,1,['Grenache-Carignan'],Spain,Catalonia,['Montsant']
8764,El Rosal,87.5,17.0,87.5,17.0,2,2,"['Malbec', 'Cabernet Sauvignon']",Argentina,Mendoza Province,['San Rafael']
8765,El Roy,87.3,17.8,87.0,18.0,6,5,"['Sauvignon Blanc', 'Cabernet Sauvignon', 'Chardonnay', 'Red Blend', 'Malbec']",US,California,"['Dry Creek Valley', 'Sonoma']"
8766,El Sequé,91.0,42.0,91.0,42.0,1,1,['Monastrell'],Spain,Levante,['Alicante']
8767,El Solar de Orfila,85.4,13.8,86.0,13.0,5,3,"['Malbec', 'Cabernet Sauvignon', 'Torrontés']",Argentina,Mendoza Province,['Mendoza']
8768,El Sombrero,91.0,108.0,91.0,108.0,1,1,['Red Blend'],Mexico,Valle de Guadalupe,[]
8769,El Toqui,82.0,13.0,82.0,13.0,1,1,['Cabernet Sauvignon'],Chile,Cachapoal Valley,[]
8770,El Toqui,84.0,14.0,84.0,14.0,1,1,['Carmenère'],Chile,Rapel Valley,[]
8771,El Vegro,84.0,,84.0,,1,1,['Garganega'],Italy,Veneto,['Soave Classico']
8772,El Vin,84.0,,84.0,,1,1,['Glera'],Italy,Veneto,['Prosecco']
8773,El Vinculo,88.0,23.8,88.5,21.0,4,3,"['Red Blend', 'Tempranillo', 'Tempranillo Blend']",Spain,Central Spain,['La Mancha']
8774,El Xamfrà,86.5,15.8,87.0,15.5,4,1,['Sparkling Blend'],Spain,Catalonia,['Cava']
8775,Elaine Maria,86.0,17.5,86.0,17.5,2,2,"['Sauvignon Blanc', 'Merlot']",US,California,"['Alexander Valley', 'Sonoma']"
8776,Elan,89.5,50.5,89.0,47.5,4,1,['Cabernet Sauvignon'],US,California,"['Atlas Peak', 'Napa']"
8777,Elara,84.0,24.0,84.0,24.0,1,1,['Sangiovese'],US,California,"['Mendocino County', 'Mendocino/Lake Counties']"
8778,Elderton,84.0,22.0,84.0,22.0,1,1,['Sémillon'],Australia,New South Wales,['Riverina']
8779,Elderton,89.9,52.1,90.0,30.0,15,6,"['Shiraz', 'Cabernet Sauvignon', 'Cabernet Sauvignon-Shiraz', 'Chardonnay', 'Sémillon', 'Shiraz-Cabernet Sauvignon']",Australia,South Australia,['Barossa']
8780,Eldridge Estate,93.0,50.0,93.0,50.0,1,1,['Pinot Noir'],Australia,Victoria,['Mornington Peninsula']
8781,Eleanor,86.3,52.7,85.0,50.0,3,1,['Red Blend'],US,California,"['California', 'California Other']"
8782,Electra,90.0,14.0,90.0,14.0,1,1,['Orange Muscat'],US,California,"['California', 'California Other']"
8783,Elemants by Artesa,84.0,15.0,84.0,15.0,1,1,['Chardonnay'],US,California,"['Napa County-Sonoma County', 'Napa-Sonoma']"
8784,Element,86.5,14.0,86.5,14.0,2,2,"['Chardonnay', 'Shiraz-Cabernet Sauvignon']",Australia,Western Australia,['Western Australia']
8785,Elements,85.0,18.0,85.0,18.0,2,2,"['Cabernet Sauvignon', 'Merlot']",US,California,"['Sonoma County', 'Sonoma']"
8786,Elements by Artesa,86.2,20.3,86.5,20.0,6,5,"['Cabernet Sauvignon', 'Merlot', 'Red Blend', 'Meritage', 'Chardonnay']",US,California,"['Napa County-Sonoma County', 'Napa-Sonoma']"
8787,Elements of Sonoma,85.0,41.4,84.0,42.0,5,3,"['Bordeaux-style Red Blend', 'Cabernet Sauvignon', 'Malbec']",US,California,"['Knights Valley', 'Sonoma']"
8788,Elena Fucci,90.0,45.0,90.0,45.0,1,1,['Aglianico'],Italy,Southern Italy,['Aglianico del Vulture']
8789,Elena Walch,91.0,68.0,91.0,68.0,1,1,['Red Blend'],Italy,Italy Other,[]
8790,Elena Walch,89.1,31.0,90.0,25.0,53,11,"['Sauvignon', 'Pinot Grigio', 'Gewürztraminer', 'White Blend', 'Pinot Bianco', 'Red Blend', 'Chardonnay', 'Lagrein', 'Sauvignon Blanc', 'Pinot Nero', 'Merlot']",Italy,Northeastern Italy,['Alto Adige']
8791,Elephant Hill,92.0,25.0,92.0,25.0,1,1,['Syrah'],New Zealand,Hawke's Bay,[]
8792,Elephant Seven,87.7,36.7,88.0,35.0,3,2,"['Grenache', 'Syrah']",US,Washington,"['Walla Walla Valley (WA)', 'Columbia Valley']"
8793,Eleusis,80.0,19.0,80.0,19.0,1,1,['Albariño'],Spain,Galicia,['Rías Baixas']
8794,Eleva,88.5,35.0,88.5,35.0,2,1,"['Corvina, Rondinella, Molinara']",Italy,Veneto,['Amarone della Valpolicella Classico']
8795,Elevation Cellars,89.3,28.6,89.0,25.0,22,7,"['Riesling', 'Cabernet Sauvignon', 'Bordeaux-style Red Blend', 'Red Blend', 'Tempranillo', 'Merlot', 'Sauvignon Blanc']",US,Washington,"['Columbia Valley (WA)', 'Columbia Valley']"
8796,Eleven,86.4,25.8,86.0,24.0,13,8,"['Viognier', 'Malbec', 'Red Blend', 'Cabernet Sauvignon', 'Sauvignon Blanc', 'Mourvèdre', 'Rosé', 'Roussanne']",US,Washington,"['Yakima Valley', 'Columbia Valley']"
8797,Eleven Eleven,91.3,59.1,91.0,55.0,7,5,"['Pinot Noir', 'Cabernet Sauvignon', 'Syrah', 'Sauvignon Blanc', 'Chardonnay']",US,California,"['Russian River Valley', 'Sonoma']"
8798,Elfenhof,89.0,,89.0,,1,1,['Gewürztraminer'],Austria,Burgenland,[]
8799,Elgin Vintners,86.7,20.0,86.0,20.0,3,3,"['Viognier', 'Pinot Noir', 'Chardonnay']",South Africa,Elgin,[]
8800,Eli Madyson,92.0,42.0,92.0,42.0,1,1,['Bordeaux-style Red Blend'],US,California,"['South Coast', 'South Coast']"
8801,Eliana,85.0,19.0,85.0,19.0,1,1,['Rosé'],US,Oregon,"['Rogue Valley', 'Southern Oregon']"
8802,Elias Mora,90.4,58.7,90.0,40.0,15,1,['Tinta de Toro'],Spain,Northern Spain,['Toro']
8803,Elio Altare,92.0,,92.0,,1,1,['Nebbiolo'],Italy,Piedmont,['Barolo']
8804,Elio Filippino,91.0,,91.0,,2,1,['Nebbiolo'],Italy,Piedmont,['Barbaresco']
8805,Elio Grasso,90.9,72.7,90.0,32.0,7,2,"['Nebbiolo', 'Barbera']",Italy,Piedmont,['Barolo']
8806,Elio Perrone,86.8,21.8,87.0,18.0,4,2,"['Barbera', 'Moscato']",Italy,Piedmont,"[""Barbera d'Asti""]"
8807,Elios,85.8,12.6,86.0,13.0,5,2,"['White Blend', 'Red Blend']",Greece,Peloponnese,[]
8808,Elios,88.0,20.0,88.0,20.0,1,1,['Red Blend'],Spain,Catalonia,['Priorat']
8809,Elisabetta,87.5,26.0,87.5,26.0,2,2,"['Sangiovese', 'Bordeaux-style Red Blend']",Italy,Tuscany,['Toscana']
8810,Eliseo Silva,85.7,10.0,87.0,10.0,3,3,"['Merlot', 'Chardonnay', 'Syrah']",US,Washington,"['Columbia Valley (WA)', 'Columbia Valley']"
8811,Elizabeth Chambers,92.3,40.8,93.0,48.0,15,2,"['Pinot Gris', 'Pinot Noir']",US,Oregon,"['Willamette Valley', 'Willamette Valley']"
8812,Elizabeth Rose,83.6,18.0,84.0,18.0,7,3,"['Pinot Noir', 'Rosé', 'Sauvignon Blanc']",US,California,"['Napa Valley', 'Napa']"
8813,Elk Cove,90.3,40.0,91.0,32.0,55,6,"['Pinot Noir', 'Riesling', 'Pinot Blanc', 'Pinot Gris', 'Viognier', 'Chardonnay']",US,Oregon,"['Willamette Valley', 'Willamette Valley']"
8814,Elk Creek Vineyards,82.2,30.8,82.5,32.5,4,4,"['Cabernet Franc', 'Syrah', 'Chardonelle', 'Chardonnay']",US,Kentucky,['Kentucky']
8815,Elke,88.0,30.0,88.0,30.0,2,1,['Pinot Noir'],US,California,"['Anderson Valley', 'Mendocino/Lake Counties']"
8816,Elkhorn Peak,85.9,29.2,86.5,29.0,8,4,"['Pinot Noir', 'Chardonnay', 'Rosé', 'White Blend']",US,California,"['Napa Valley', 'Napa']"
8817,Elkhorn Ridge,86.3,29.3,87.0,29.0,3,1,['Pinot Noir'],US,Oregon,"['Willamette Valley', 'Willamette Valley']"
8818,Elki,85.7,14.0,85.0,15.0,3,3,"['Syrah', 'Sauvignon Blanc', 'Pedro Ximénez']",Chile,Elqui Valley,[]
8819,Ellanelle,93.0,35.0,93.0,35.0,1,1,['Cabernet Sauvignon'],US,Oregon,"['Walla Walla Valley (OR)', 'Oregon Other']"
8820,Ellen Landing,84.0,19.0,84.0,19.0,2,2,"['Cabernet Sauvignon', 'Petit Verdot']",Australia,South Australia,['Riverland']
8821,Ellena,88.0,55.0,87.5,60.0,4,1,['Nebbiolo'],Italy,Piedmont,['Barolo']
8822,Ellero,92.0,40.0,92.0,40.0,1,1,['Pinot Noir'],New Zealand,Central Otago,[]
8823,Ellman Family,89.7,69.0,90.0,79.0,3,2,"['Bordeaux-style Red Blend', 'Pinot Noir']",US,California,"['Napa Valley', 'Napa']"
8824,Elqui Wines,85.8,23.2,86.0,25.0,5,4,"['Carmenère', 'Malbec', 'Red Blend', 'Pinot Noir']",Chile,Elqui Valley,[]
8825,Elsom Cellars,87.8,36.2,87.0,36.0,9,4,"['Malbec', 'Bordeaux-style Red Blend', 'Cabernet Sauvignon', 'Red Blend']",US,Washington,"['Columbia Valley (WA)', 'Columbia Valley']"
8826,Elvio Cogno,91.6,58.6,92.0,53.0,34,5,"['Barbera', 'Nebbiolo', 'Red Blend', 'Nascetta', 'Dolcetto']",Italy,Piedmont,"[""Barbera d'Alba""]"
8827,Elyse,89.9,43.6,90.0,37.0,47,11,"['Petite Sirah', 'White Blend', 'Red Blend', 'Cabernet Sauvignon', 'Zinfandel', 'Syrah', 'Rhône-style Red Blend', 'G-S-M', 'Rhône-style White Blend', 'Grenache-Syrah', 'Merlot']",US,California,"['Napa Valley', 'Napa']"
8828,Elysian Fields,85.0,21.5,85.0,21.5,2,2,"['Riesling', 'Chardonnay']",Australia,South Australia,['Clare Valley']
8829,Emblem,87.9,46.5,87.5,50.0,10,1,['Cabernet Sauvignon'],US,California,"['Napa Valley', 'Napa']"
8830,Embrujo,86.0,10.0,86.0,10.0,1,1,['Tempranillo-Cabernet Sauvignon'],Spain,Central Spain,['Vino de la Tierra de Castilla']
8831,Emerald Hare,87.0,15.0,87.0,15.0,4,4,"['Chardonnay', 'Sauvignon Blanc', 'Rosé', 'Red Blend']",US,California,"['California', 'California Other']"
8832,Emeri,83.0,12.0,83.0,12.0,1,1,['Sparkling Blend'],Australia,Australia Other,['South Eastern Australia']
8833,Emeritus,91.8,48.2,92.0,46.0,6,1,['Pinot Noir'],US,California,"['Sonoma Coast', 'Sonoma']"
8834,Emerson,85.2,18.6,85.0,20.0,9,4,"['Pinot Gris', 'Viognier', 'Chardonnay', 'Pinot Noir']",US,Oregon,"['Willamette Valley', 'Willamette Valley']"
8835,Emery,85.0,15.0,85.0,15.0,2,2,"['Athiri', 'White Blend']",Greece,Greece,[]
8836,Emevé,82.6,23.6,82.0,24.0,5,3,"['Cabernet Sauvignon', 'Shiraz', 'Chardonnay']",Mexico,Valle de Guadalupe,[]
8837,Emidio Pepe,88.5,91.5,88.5,91.5,2,1,['Montepulciano'],Italy,Central Italy,"[""Montepulciano d'Abruzzo""]"
8838,Emil Reichart,91.0,20.0,91.0,20.0,1,1,['Riesling'],Germany,Mosel,[]
8839,Emile Balland,87.0,22.0,86.0,20.0,4,3,"['Rosé', 'Red Blend', 'Sauvignon Blanc']",France,Loire Valley,['Coteaux du Giennois']
8840,Emile Beyer,89.0,37.7,89.0,38.0,32,5,"['Gewürztraminer', 'Pinot Noir', 'Pinot Blanc', 'Riesling', 'Pinot Gris']",France,Alsace,['Alsace']
8841,Emile Leclère,89.3,95.0,89.0,95.0,3,2,"['Chardonnay', 'Champagne Blend']",France,Champagne,['Champagne']
8842,Emiliana,87.0,9.0,87.0,9.0,1,1,['Sauvignon Blanc'],Chile,Bío Bío Valley,[]
8843,Emiliana,82.0,11.0,82.0,11.0,1,1,['Gewürztraminer'],Chile,Cachapoal Valley,[]
8844,Emiliana,86.5,12.8,87.0,11.0,17,3,"['Sauvignon Blanc', 'Chardonnay', 'Pinot Noir']",Chile,Casablanca Valley,[]
8845,Emiliana,86.8,11.3,86.0,11.0,9,4,"['Rosé', 'Cabernet Sauvignon', 'Cabernet Sauvignon-Merlot', 'Carmenère']",Chile,Central Valley,[]
8846,Emiliana,89.6,44.8,90.0,34.0,24,3,"['Carmenère-Cabernet Sauvignon', 'Carmenère', 'Red Blend']",Chile,Colchagua Valley,[]
8847,Emiliana,88.0,16.0,88.0,16.0,2,1,['Cabernet Sauvignon'],Chile,Maipo Valley,[]
8848,Emiliana,83.9,11.0,84.0,11.0,12,5,"['Cabernet Sauvignon', 'Gewürztraminer', 'Merlot', 'Syrah', 'Malbec']",Chile,Rapel Valley,[]
8849,Emiliana,88.0,14.0,88.0,14.0,1,1,['Sauvignon Blanc'],Chile,San Antonio,[]
8850,Emilio Bulfon,86.2,22.0,87.0,22.0,4,3,"['White Blend', 'Red Blend', 'Sparkling Blend']",Italy,Northeastern Italy,['Friuli Grave']
8851,Emilio Moro,91.0,,91.0,,1,1,['Portuguese Red'],Portugal,Douro,[]
8852,Emilio Moro,91.4,107.2,92.0,60.0,36,3,"['Tinto Fino', 'Tempranillo', 'Tinto del Pais']",Spain,Northern Spain,['Ribera del Duero']
8853,Emilio Rojo,91.3,42.7,92.0,40.0,3,1,['White Blend'],Spain,Galicia,['Ribeiro']
8854,Emilio's Terrace,88.8,66.7,90.0,55.0,6,2,"['Cabernet Sauvignon', 'Bordeaux-style Red Blend']",US,California,"['Oakville', 'Napa']"
8855,Emina,87.2,24.1,87.0,19.0,35,7,"['Tempranillo', 'Verdejo', 'Verdejo-Viura', 'Tinto del Pais', 'Sauvignon', 'Tinto Fino', 'Sauvignon Blanc']",Spain,Northern Spain,['Ribera del Duero']
8856,Eminent Domaine,89.0,40.0,89.0,40.0,2,1,['Pinot Noir'],US,Oregon,"['Ribbon Ridge', 'Willamette Valley']"
8857,Emineo,88.3,51.0,88.0,51.0,3,2,"['Red Blend', 'Bordeaux-style Red Blend']",South Africa,Durbanville,[]
8858,Emmanuel Darnaud,90.0,25.0,90.0,25.0,1,1,['Syrah'],France,Rhône Valley,['Crozes-Hermitage']
8859,Emmanuel Fellot,89.0,22.0,89.0,22.0,1,1,['Gamay'],France,Beaujolais,['Côte de Brouilly']
8860,Emmerich Knoll,93.0,35.0,93.0,35.0,1,1,['Riesling'],Austria,Kremstal,[]
8861,Emmerich Knoll,91.0,66.0,91.0,66.0,1,1,['Riesling'],Austria,Niederösterreich,[]
8862,Emmerich Knoll,92.3,75.9,93.0,53.0,51,3,"['Grüner Veltliner', 'Riesling', 'Traminer']",Austria,Wachau,[]
8863,Emmi Veruccia,89.0,32.0,89.0,32.0,1,1,['White Blend'],Italy,Sicily & Sardinia,['Etna']
8864,Emmolo,86.0,28.6,85.0,23.0,8,3,"['Merlot', 'Sauvignon Blanc', 'Syrah']",US,California,"['Napa Valley', 'Napa']"
8865,Empire Estate,91.0,18.0,91.0,18.0,1,1,['Riesling'],US,New York,"['Finger Lakes', 'Finger Lakes']"
8866,Emrich-Schonleber,86.0,31.3,86.0,31.0,3,1,['Riesling'],Germany,Nahe,[]
8867,Emvy Cellars,84.0,40.0,84.0,40.0,1,1,['Red Blend'],US,Washington,"['Walla Walla Valley (WA)', 'Columbia Valley']"
8868,En Fuego,84.0,13.0,84.0,13.0,1,1,['Sparkling Blend'],Spain,Catalonia,['Cava']
8869,En Garde,90.7,65.6,90.0,55.0,35,8,"['Pinot Noir', 'Cabernet Sauvignon', 'Albariño', 'Cabernet Franc', 'Petite Sirah', 'Tempranillo', 'Cabernet Blend', 'Bordeaux-style Red Blend']",US,California,"['Russian River Valley', 'Sonoma']"
8870,EnRoute,91.9,65.7,92.5,65.0,10,2,"['Pinot Noir', 'Chardonnay']",US,California,"['Russian River Valley', 'Sonoma']"
8871,Enanzo,86.0,10.0,86.0,10.0,2,2,"['Rosado', 'Tempranillo']",Spain,Northern Spain,['Navarra']
8872,Enate,86.0,21.8,86.5,16.0,24,10,"['Cabernet Sauvignon', 'Rosé', 'Chardonnay', 'Tempranillo-Cabernet Sauvignon', 'Red Blend', 'Cabernet Sauvignon-Merlot', 'Merlot', 'Tempranillo Blend', 'Rosado', 'Syrah']",Spain,Northern Spain,['Somontano']
8873,Encanto,86.5,15.8,87.0,15.0,6,2,"['Godello', 'Mencía']",Spain,Northern Spain,['Bierzo']
8874,Encendido,86.0,22.0,86.0,22.0,1,1,['Chardonnay'],Argentina,Mendoza Province,['Mendoza']
8875,Enclave,93.0,76.0,93.0,76.0,1,1,['Cabernet Sauvignon'],Chile,Maipo Valley,[]
8876,Encosta do Sobral,85.6,15.0,85.0,12.0,7,3,"['Portuguese Red', 'Chardonnay', 'Portuguese White']",Portugal,Tejo,[]
8877,Encostas de Estremoz,88.8,17.6,89.0,16.0,8,2,"['Portuguese Red', 'Portuguese White']",Portugal,Alentejano,[]
8878,Endrizzi,86.5,24.0,86.5,24.0,2,2,"['Pinot Grigio', 'Pinot Nero']",Italy,Northeastern Italy,['Trentino']
8879,Engelbrecht Els Vineyards,90.0,37.0,90.0,37.0,1,1,['Red Blend'],South Africa,Stellenbosch,[]
8880,Engelbrecht Els Vineyards,89.0,45.0,89.0,45.0,1,1,['Red Blend'],South Africa,Western Cape,[]
8881,Enio Ottaviani,88.0,15.0,88.0,15.0,2,1,['Sangiovese'],Italy,Central Italy,['Romagna']
8882,Enjingi,87.0,19.0,87.0,19.0,2,2,"['Zweigelt', 'Welschriesling']",Croatia,Kutjevo,[]
8883,Enjoie,84.3,22.3,83.0,14.0,3,2,"['Bordeaux-style Red Blend', 'Rosé']",US,California,"['Napa Valley', 'Napa']"
8884,Enkidu,87.2,30.6,87.0,28.0,9,8,"['Red Blend', 'Petite Sirah', 'Zinfandel', 'Sauvignon Blanc', 'Syrah', 'Rhône-style Red Blend', 'Pinot Noir', 'Cabernet Sauvignon']",US,California,"['Sonoma-Napa-Lake', 'North Coast']"
8885,Enlace,90.0,15.0,90.0,15.0,1,1,['Sauvignon Blanc'],US,California,"['North Coast', 'North Coast']"
8886,Eno,87.0,30.8,88.0,30.0,4,4,"['Grenache', 'Zinfandel', 'Syrah', 'Pinot Noir']",US,California,"['Mendocino County', 'Mendocino/Lake Counties']"
8887,Enon,88.0,15.0,88.0,15.0,1,1,['Shiraz'],South Africa,Robertson,[]
8888,Enoport,87.8,14.5,88.0,10.5,6,1,['Portuguese Red'],Portugal,Douro,[]
8889,Enoport,86.5,11.0,86.5,9.0,6,2,"['Portuguese Red', 'Syrah']",Portugal,Tejo,[]
8890,Enoport,84.6,7.5,84.0,7.5,5,2,"['Portuguese White', 'Rosé']",Portugal,Vinho Verde,[]
8891,Enos Vineyard,90.5,50.0,90.5,50.0,2,1,['Cabernet Sauvignon'],US,California,"['Dry Creek Valley', 'Sonoma']"
8892,Enoteca Five,87.2,39.7,88.5,37.5,6,5,"['Petit Verdot', 'Bordeaux-style Red Blend', 'Cabernet Franc', 'Red Blend', 'Merlot']",US,California,"['Lodi', 'Central Valley']"
8893,Enotria,86.5,16.0,86.0,16.0,13,5,"['Dolcetto', 'Barbera', 'Arneis', 'Cortese', 'Moscato']",US,California,"['Mendocino', 'Mendocino/Lake Counties']"
8894,Enrico,84.0,11.0,84.0,11.0,1,1,['Prosecco'],Italy,Veneto,['Prosecco di Valdobbiadene']
8895,Enrico Bergadano,95.0,65.0,95.0,65.0,1,1,['Nebbiolo'],Italy,Piedmont,['Barolo']
8896,Enrico Gatti,90.0,63.3,90.0,67.0,3,3,"['Chardonnay', 'Pinot Nero', 'Sparkling Blend']",Italy,Lombardy,['Franciacorta']
8897,Enrico Santini,86.5,38.8,86.5,35.0,4,3,"['Red Blend', 'Sangiovese', 'White Blend']",Italy,Tuscany,['Bolgheri Superiore']
8898,Enrico Serafino,87.7,22.2,88.0,24.0,6,5,"['Moscato', 'Barbera', 'Nebbiolo', 'Pinot Nero', 'Sparkling Blend']",Italy,Piedmont,"[""Moscato d'Asti""]"
8899,Enrique Foster,87.2,28.2,87.0,23.0,23,2,"['Torrontés', 'Malbec']",Argentina,Mendoza Province,['Mendoza']
8900,Enrique Mendoza,89.0,31.1,89.5,39.0,20,5,"['Monastrell', 'Moscatel', 'Red Blend', 'Cabernet Sauvignon-Shiraz', 'Shiraz']",Spain,Levante,['Alicante']
8901,Ensemble,85.0,10.0,85.0,10.0,2,2,"['White Blend', 'Red Blend']",US,California,"['California', 'California Other']"
8902,Ensemble,89.0,48.0,89.0,48.0,1,1,['Red Blend'],US,Washington,"['Washington', 'Washington Other']"
8903,Ensemble Cellars,88.0,48.0,88.0,48.0,1,1,['Red Blend'],US,Washington,"['Washington', 'Washington Other']"
8904,Enticer,92.0,46.0,92.0,46.0,2,1,['Pinot Noir'],US,California,"['Santa Barbara County', 'Central Coast']"
8905,Entrepreneur,90.0,150.0,90.0,150.0,1,1,['Cabernet Sauvignon'],US,California,"['Diamond Mountain District', 'Napa']"
8906,Entropy Cellars,87.5,30.2,88.0,32.0,6,4,"['Red Blend', 'Sauvignon Blanc', 'Cabernet Sauvignon', 'Bordeaux-style Red Blend']",US,California,"['Livermore Valley', 'Central Coast']"
8907,Entwine,84.5,13.0,84.5,13.0,2,2,"['Pinot Gris', 'Merlot']",US,California,"['California', 'California Other']"
8908,Envolve,85.9,37.5,86.0,35.0,11,6,"['Cabernet Sauvignon', 'Pinot Noir', 'Red Blend', 'Sauvignon Blanc', 'Primitivo', 'Rosé']",US,California,"['Sonoma Valley', 'Sonoma']"
8909,Envy,88.9,44.1,88.0,45.0,33,7,"['Petite Sirah', 'Sauvignon Blanc', 'Red Blend', 'Merlot', 'Cabernet Sauvignon', 'White Blend', 'Rosé']",US,California,"['Napa Valley', 'Napa']"
8910,Enza,84.0,15.0,84.0,15.0,1,1,['Glera'],Italy,Veneto,['Prosecco']
8911,Enzo,83.5,72.5,83.5,72.5,2,1,['Cabernet Sauvignon'],US,California,"['Oakville', 'Napa']"
8912,Enzo Boglietti,91.1,58.9,91.0,75.0,10,3,"['Nebbiolo', 'Red Blend', 'Barbera']",Italy,Piedmont,['Barolo']
8913,Eola Hills,87.2,17.9,88.0,15.0,22,6,"['Pinot Gris', 'Pinot Noir', 'Chardonnay', 'Sauvignon Blanc', 'Rosé', 'Syrah']",US,Oregon,"['Oregon', 'Oregon Other']"
8914,Eolo,89.0,13.0,89.0,13.0,1,1,['Tempranillo Blend'],Spain,Northern Spain,['Navarra']
8915,Epicurean,89.0,22.0,89.0,22.0,1,1,['Grenache'],Australia,South Australia,['McLaren Vale']
8916,Epilogo,84.0,12.0,84.0,12.0,1,1,['White Blend'],Spain,Central Spain,['La Mancha']
8917,Epilogue,86.0,14.5,86.0,14.5,2,2,"['Chardonnay', 'Sauvignon Blanc']",US,California,"['North Coast', 'North Coast']"
8918,Epiphany,88.3,32.3,89.0,33.0,62,13,"['Grenache', 'Syrah-Cabernet Sauvignon', 'Rhône-style Red Blend', 'Syrah', 'Rhône-style White Blend', 'Petite Sirah', 'Red Blend', 'Syrah-Cabernet', 'Grenache Blanc', 'Rosé', 'Roussanne', 'Pinot Gris', 'Cabernet Sauvignon-Syrah']",US,California,"['Santa Barbara County', 'Central Coast']"
8919,Episode,90.0,185.0,90.0,185.0,1,1,['Bordeaux-style Red Blend'],US,California,"['Napa Valley', 'Napa']"
8920,Epoch Estate Wines,92.9,66.5,93.0,65.0,13,7,"['Zinfandel', 'Syrah', 'Red Blend', 'Grenache Blend', 'Rhône-style Red Blend', 'Tempranillo', 'G-S-M']",US,California,"['Paso Robles', 'Central Coast']"
8921,Eponymous,88.3,46.9,88.0,46.0,14,7,"['White Blend', 'Syrah', 'Rosé', 'Cabernet Sauvignon', 'Bordeaux-style Red Blend', 'Cabernet Franc', 'Cabernet Sauvignon-Merlot']",US,California,"['Carneros', 'Napa-Sonoma']"
8922,Eppalock Ridge,89.0,32.0,89.0,32.0,2,2,"['Shiraz', 'Cabernet Merlot']",Australia,Victoria,['Heathcote']
8923,Equifera,91.0,70.0,91.0,70.0,1,1,['Riesling'],Canada,Ontario,['Niagara Peninsula']
8924,Equilibrio,85.0,13.7,85.0,14.0,3,2,"['Monastrell-Syrah', 'Monastrell']",Spain,Levante,['Jumilla']
8925,Equinox,89.6,67.8,89.0,67.5,5,3,"['Chardonnay', 'Sparkling Blend', 'Petit Verdot']",US,California,"['Santa Cruz Mountains', 'Central Coast']"
8926,Equinox Estate,89.0,39.0,89.0,39.0,1,1,['Red Blend'],Moldova,Moldova,[]
8927,Eradus,89.7,18.5,90.5,18.0,6,3,"['Sauvignon Blanc', 'Pinot Gris', 'Pinot Noir']",New Zealand,Awatere Valley,[]
8928,Eradus,88.4,20.2,89.0,20.0,5,2,"['Pinot Noir', 'Sauvignon Blanc']",New Zealand,Marlborough,[]
8929,Erath,87.8,35.5,88.0,40.0,82,3,"['Pinot Noir', 'Pinot Blanc', 'Pinot Gris']",US,Oregon,"['Dundee Hills', 'Willamette Valley']"
8930,Erba,87.5,45.0,87.5,45.0,2,2,"['Syrah', 'Bordeaux-style Red Blend']",US,California,"['Napa Valley', 'Napa']"
8931,Erbaluna,88.0,70.0,88.0,70.0,1,1,['Nebbiolo'],Italy,Piedmont,['Barolo']
8932,Erede di Chiappone Armando,89.0,,89.0,,1,1,['Barbera'],Italy,Piedmont,"[""Barbera d'Asti""]"
8933,Eredi Enzo Raspi,90.0,23.0,90.0,23.0,2,1,['Sangiovese'],Italy,Tuscany,['Chianti Classico']
8934,Eredi Lodali,90.8,75.0,91.0,75.0,4,1,['Nebbiolo'],Italy,Piedmont,['Barolo']
8935,Eresma,85.5,22.5,85.5,22.5,2,1,['Verdejo'],Spain,Northern Spain,['Rueda']
8936,Eric Cottat,84.0,20.0,84.0,20.0,2,2,"['Sauvignon Blanc', 'Pinot Noir']",France,Loire Valley,['Sancerre']
8937,Eric Guerra,85.0,45.0,85.0,45.0,1,1,['Bordeaux-style Red Blend'],US,California,"['Alexander Valley', 'Sonoma']"
8938,Eric K. James,85.0,26.0,85.0,26.0,2,2,"['Pinot Noir', 'Syrah']",US,California,"['Carneros', 'Napa-Sonoma']"
8939,Eric Kent,90.7,43.6,91.0,45.0,16,4,"['Chardonnay', 'Sauvignon Blanc', 'Syrah', 'Pinot Noir']",US,California,"['Sonoma Coast', 'Sonoma']"
8940,Eric Louis,85.8,13.5,86.5,14.0,4,3,"['Pinot Noir', 'Sauvignon Blanc', 'Chardonnay']",France,France Other,['Vin de France']
8941,Eric Louis,86.8,25.2,87.0,28.0,5,2,"['Pinot Noir', 'Sauvignon Blanc']",France,Loire Valley,['Sancerre']
8942,Eric Ross,87.3,34.3,89.0,32.5,6,4,"['Marsanne-Roussanne', 'Pinot Noir', 'Zinfandel', 'Cabernet Sauvignon']",US,California,"['Russian River Valley', 'Sonoma']"
8943,Eric Taillet,89.0,41.3,89.0,40.0,3,2,"['Pinot Meunier', 'Champagne Blend']",France,Champagne,['Champagne']
8944,Erich & Walter Polz,89.5,39.0,89.5,38.0,4,1,['Sauvignon Blanc'],Austria,Südsteiermark,[]
8945,Erich & Walter Polz,89.0,36.0,89.0,36.0,2,1,['Sparkling Blend'],Austria,Österreichischer Sekt,[]
8946,Erich Bender,88.0,37.0,88.0,37.0,1,1,['Huxelrebe'],Germany,Pfalz,[]
8947,Erich Scheiblhofer,85.0,,85.0,,1,1,['Zweigelt'],Austria,Burgenland,[]
8948,Erik Banti,88.0,18.2,88.0,18.0,8,2,"['Red Blend', 'Sangiovese']",Italy,Tuscany,['Toscana']
8949,Eristavi Winery,86.0,30.0,86.0,30.0,1,1,['Sauvignon Blanc'],US,California,"['California', 'California Other']"
8950,Ermacora,86.9,17.3,87.0,17.0,7,4,"['Pinot Bianco', 'Friulano', 'Pinot Grigio', 'Sauvignon']",Italy,Northeastern Italy,['Colli Orientali del Friuli']
8951,Ermelinda Freitas,84.0,7.0,84.0,7.0,1,1,['Red Blend'],Portugal,Palmela,[]
8952,Ermisch,90.3,31.7,91.0,35.0,3,1,['Pinot Noir'],US,Oregon,"['Willamette Valley', 'Willamette Valley']"
8953,Ermita San Antonio,84.0,8.0,84.0,8.0,1,1,['Tempranillo'],Spain,Central Spain,['Vino de la Tierra de Castilla']
8954,Ermita Veracruz,86.5,17.0,86.5,17.0,2,1,['Verdejo'],Spain,Northern Spain,['Rueda']
8955,Ermita de Nieve,86.0,13.0,86.0,13.0,1,1,['Verdejo'],Spain,Northern Spain,['Rueda']
8956,Ernest,88.2,43.8,87.0,42.0,5,2,"['Pinot Noir', 'Chardonnay']",US,California,"['Sonoma Coast', 'Sonoma']"
8957,Ernest & Julio Gallo,88.5,77.5,88.0,87.5,6,3,"['Chardonnay', 'Cabernet Sauvignon', 'Pinot Noir']",US,California,"['Russian River Valley', 'Sonoma']"
8958,Ernest Rapeneau,83.7,41.7,84.0,40.0,3,1,['Champagne Blend'],France,Champagne,['Champagne']
8959,Ernesto Camou y Camou,84.0,100.0,84.0,100.0,1,1,['Cabernet Sauvignon'],Mexico,Valle de Guadalupe,[]
8960,Ernesto Catena,85.2,16.8,85.5,14.0,4,3,"['Pinot Noir', 'Torrontés', 'Malbec']",Argentina,Mendoza Province,['Mendoza']
8961,Ernie Els,90.9,61.1,91.0,45.0,15,5,"['Bordeaux-style Red Blend', 'Merlot', 'Red Blend', 'Cabernet Sauvignon', 'Chenin Blanc']",South Africa,Stellenbosch,[]
8962,Ernie Els,89.0,20.0,89.0,20.0,2,1,['Red Blend'],South Africa,Western Cape,[]
8963,Ernst Bretz,89.0,33.0,89.0,33.0,1,1,['Riesling'],Germany,Rheinhessen,[]
8964,Ernst Gouws & Co.,84.0,12.2,84.0,11.0,5,3,"['Pinotage', 'Chardonnay', 'Shiraz']",South Africa,Coastal Region,[]
8965,Ernst Gouws & Co.,84.5,13.2,84.5,14.0,4,3,"['Sauvignon Blanc', 'Chenin Blanc', 'Pinotage']",South Africa,Stellenbosch,[]
8966,Ernst Triebaumer,90.1,61.5,90.0,53.0,7,4,"['Blaufränkisch', 'Cabernet Sauvignon-Merlot', 'Traminer', 'Gelber Muskateller']",Austria,Burgenland,[]
8967,Ernst Triebaumer,89.5,33.5,90.0,33.5,4,1,['Blaufränkisch'],Austria,Neusiedlersee-Hügelland,[]
8968,Errazuriz,88.5,27.2,89.0,20.0,13,5,"['Sauvignon Blanc', 'Chardonnay', 'Cabernet Sauvignon', 'Syrah', 'Carmenère']",Chile,Aconcagua Costa,[]
8969,Errazuriz,88.8,54.4,89.0,24.0,80,12,"['Syrah', 'Cabernet Sauvignon', 'Carmenère', 'Pinot Noir', 'White Blend', 'Sauvignon Blanc', 'Red Blend', 'Cabernet Blend', 'Merlot', 'Bordeaux-style Red Blend', 'Shiraz', 'Chardonnay']",Chile,Aconcagua Valley,[]
8970,Errazuriz,86.9,15.5,87.0,14.0,33,4,"['Pinot Noir', 'Chardonnay', 'Sauvignon Blanc', 'Fumé Blanc']",Chile,Casablanca Valley,[]
8971,Errazuriz,84.5,12.0,84.5,12.0,2,1,['Carmenère'],Chile,Central Valley,[]
8972,Errazuriz,85.6,11.8,85.0,12.0,5,1,['Merlot'],Chile,Curicó Valley,[]
8973,Errazuriz,91.9,285.0,92.0,270.0,8,3,"['Cabernet Sauvignon', 'Red Blend', 'Cabernet Blend']",Chile,Maipo Valley,[]
8974,Erste Neue,88.1,19.2,88.0,18.0,26,10,"['Gewürztraminer', 'Sauvignon', 'Pinot Bianco', 'Pinot Grigio', 'Riesling', 'Sauvignon Blanc', 'Moscato Giallo', 'Pinot Nero', 'Lagrein', 'Schiava']",Italy,Northeastern Italy,['Alto Adige']
8975,Eruption,92.0,24.0,92.0,24.0,1,1,['Red Blend'],US,California,['High Valley']
8976,Ervideira,83.0,20.0,83.0,20.0,1,1,['Portuguese Red'],Portugal,Alentejo,[]
8977,Erwin Sabathi,88.0,35.0,88.0,35.0,1,1,['Sauvignon Blanc'],Austria,South Styria,[]
8978,Erwin Sabathi,86.5,28.8,86.5,31.0,4,1,['Sauvignon Blanc'],Austria,Styria,[]
8979,Erwin Sabathi,89.0,50.0,89.0,50.0,5,2,"['Sauvignon Blanc', 'Chardonnay']",Austria,Südsteiermark,[]
8980,Erzetič,88.4,33.8,89.0,39.0,5,5,"['Rosé', 'Pinot Gris', 'Rebula', 'Cabernet Sauvignon', 'Cabernet Sauvignon-Merlot']",Slovenia,Goriska Brda,[]
8981,Erzsébet Pince,89.7,26.0,90.0,25.0,3,1,['Furmint'],Hungary,Tokaj,[]
8982,Escalada Do Sil,90.0,40.0,90.0,40.0,1,1,['Red Blend'],Spain,Northern Spain,['Valdeorras']
8983,Escalera,91.0,49.0,91.0,49.0,1,1,['Red Blend'],Chile,Curicó Valley,[]
8984,Escarpment,90.0,48.7,90.0,55.0,23,2,"['Pinot Gris', 'Pinot Noir']",New Zealand,Martinborough,[]
8985,Eschenhof Holzer,88.3,10.7,88.0,10.0,3,2,"['Grüner Veltliner', 'Zweigelt']",Austria,Wagram,[]
8986,Escher Haus,84.0,12.0,84.0,12.0,2,1,['Riesling'],Germany,Pfalz,[]
8987,Escher Haus,89.0,14.0,89.0,14.0,1,1,['Riesling'],Germany,Rheinhessen,[]
8988,Eshcol Ranch,84.0,10.0,84.0,10.0,1,1,['Cabernet Sauvignon'],US,California,"['California', 'California Other']"
8989,Esk Valley,90.0,21.5,90.0,19.0,8,5,"['Chardonnay', 'Bordeaux-style Red Blend', 'Riesling', 'Sauvignon Blanc', 'Syrah']",New Zealand,Hawke's Bay,[]
8990,Esk Valley,88.0,15.0,88.0,15.0,1,1,['Sauvignon Blanc'],New Zealand,Marlborough,[]
8991,Esoterica by Kent Rasmussen,86.0,40.0,86.0,40.0,1,1,['Petite Sirah'],US,California,"['Rutherford', 'Napa']"
8992,Espana Robles,89.0,20.0,89.0,20.0,2,2,"['Tempranillo Blend', 'Albariño']",US,California,"['Paso Robles', 'Central Coast']"
8993,Espaço Rural,87.6,24.7,88.0,18.0,14,3,"['Portuguese Red', 'Portuguese White', 'Antão Vaz']",Portugal,Alentejano,[]
8994,Espectacle,81.0,130.0,81.0,130.0,1,1,['Red Blend'],Spain,Catalonia,['Montsant']
8995,Esperanza,85.4,10.9,86.0,9.5,8,4,"['Verdejo-Viura', 'Verdejo', 'Sauvignon Blanc', 'White Blend']",Spain,Northern Spain,['Rueda']
8996,Esperto,85.2,12.5,85.0,12.5,6,2,"['Pinot Grigio', 'Pinot Nero']",Italy,Northeastern Italy,['Delle Venezie']
8997,Espiritu de Argentina,83.4,10.0,83.0,10.0,11,4,"['Bonarda', 'Malbec', 'Torrontés', 'Chardonnay']",Argentina,Mendoza Province,['Mendoza']
8998,Espiritu de Chile,85.0,11.0,86.0,10.0,15,8,"['Carmenère', 'Chardonnay', 'Cabernet Sauvignon', 'Sauvignon Blanc', 'Shiraz-Cabernet Sauvignon', 'Merlot', 'Rosé', 'Gewürztraminer']",Chile,Central Valley,[]
8999,Espiritu de Chile,85.4,13.0,84.0,13.0,5,3,"['Cabernet Sauvignon', 'Carmenère', 'Chardonnay']",Chile,Curicó Valley,[]
9000,Espiritu de Chile,88.0,12.0,88.0,12.0,1,1,['Sauvignon Blanc'],Chile,Leyda Valley,[]
9001,Espiritu del Pomar Junction,84.0,25.0,84.0,25.0,1,1,['Chardonnay'],US,California,"['Santa Barbara County', 'Central Coast']"
9002,Esprit du Rhône,85.0,12.0,85.0,12.0,1,1,['Rhône-style Red Blend'],France,Rhône Valley,['Côtes du Rhône']
9003,Espuela del Gaucho,83.3,13.0,84.0,13.0,14,3,"['Cabernet Sauvignon', 'Malbec', 'Torrontés']",Argentina,Mendoza Province,['Mendoza']
9004,Ess & See,90.0,28.0,90.0,28.0,3,2,"['Tempranillo', 'Mataro']",Australia,South Australia,['South Australia']
9005,Essay,85.5,9.0,85.5,9.0,2,1,['Chenin Blanc'],South Africa,Western Cape,[]
9006,Essencia Vendima,88.0,16.0,88.0,16.0,1,1,['Albariño'],Spain,Galicia,['Rías Baixas']
9007,Esser,85.2,13.8,85.0,15.0,19,6,"['Cabernet Sauvignon', 'Pinot Noir', 'Chardonnay', 'Merlot', 'Syrah', 'Sauvignon Blanc']",US,California,"['Monterey County', 'Central Coast']"
9008,Esser Cellars,83.5,11.0,83.0,10.0,6,5,"['Pinot Noir', 'Merlot', 'Cabernet Sauvignon', 'Zinfandel', 'Chardonnay']",US,California,"['California', 'California Other']"
9009,Establecimiento Juanico,84.4,32.5,84.0,32.5,5,4,"['Tannat', 'Tannat-Merlot', 'Red Blend', 'Viognier']",Uruguay,Juanico,[]
9010,Estampa,83.3,18.0,83.0,19.0,3,1,['White Blend'],Chile,Casablanca Valley,[]
9011,Estampa,87.2,18.0,87.0,16.0,50,9,"['Red Blend', 'Viognier-Chardonnay', 'White Blend', 'Carmenère', 'Sauvignon Blanc', 'Rosé', 'Syrah-Cabernet', 'Cabernet Sauvignon-Merlot', 'Cabernet Sauvignon-Syrah']",Chile,Colchagua Valley,[]
9012,Estancia,85.4,18.0,86.0,15.0,45,13,"['Chardonnay', 'Pinot Grigio', 'Pinot Noir', 'Sauvignon Blanc', 'Zinfandel', 'Cabernet Sauvignon', 'Meritage', 'Riesling', 'Cabernet Blend', 'Shiraz', 'Bordeaux-style Red Blend', 'Syrah', 'G-S-M']",US,California,"['Monterey County', 'Central Coast']"
9013,Estancia Piedra,85.0,32.5,85.5,23.0,6,2,"['Tinta de Toro', 'Rosé']",Spain,Northern Spain,['Toro']
9014,Estandon,86.5,14.9,86.0,13.5,13,1,['Rosé'],France,Provence,['Coteaux Varois en Provence']
9015,Estate 1856,85.8,33.3,86.0,31.0,6,3,"['Cabernet Sauvignon', 'Bordeaux-style Red Blend', 'Petit Verdot']",US,California,"['Sonoma County', 'Sonoma']"
9016,Estate Biblia Chora,85.0,18.0,85.0,18.0,1,1,['Agiorgitiko'],Greece,Greece,[]
9017,Estate Biblia Chora,87.2,34.2,87.0,35.0,24,7,"['Assyrtico', 'Chardonnay', 'White Blend', 'Red Blend', 'Agiorgitiko', 'Merlot', 'Cabernet Sauvignon-Merlot']",Greece,Pangeon,[]
9018,Estate Constantin Gofas,86.3,15.0,87.0,15.0,3,1,['White Blend'],Greece,Corinth,[]
9019,Estate Constantin Gofas,88.5,15.0,88.5,15.0,2,1,['White Blend'],Greece,Korinthia,[]
9020,Estate Constantin Gofas,86.4,14.8,86.0,13.0,5,2,"['Red Blend', 'Agiorgitiko']",Greece,Nemea,[]
9021,Estate Constantin Gofas,84.0,16.0,84.0,16.0,1,1,['Red Blend'],Greece,Peloponnese,[]
9022,Estate Crush,87.0,21.5,88.0,21.0,4,4,"['Cinsault', 'Albariño', 'Sangiovese', 'Rosé']",US,California,"['Lodi', 'Central Valley']"
9023,Estate Raptis,87.0,22.0,87.0,22.0,1,1,['Agiorgitiko'],Greece,Nemea,[]
9024,Estate Raptis,87.0,28.0,87.0,28.0,1,1,['Bordeaux-style Red Blend'],Greece,Peloponnese,[]
9025,Estefania,89.0,27.7,88.0,18.0,3,1,['Mencía'],Spain,Northern Spain,['Bierzo']
9026,Estepa,84.0,22.0,84.0,22.0,1,1,['Malbec'],Argentina,Other,['Río Negro Valley']
9027,Esterházy,90.6,35.3,90.0,20.0,27,11,"['Grüner Veltliner', 'Blaufränkisch', 'Chardonnay', 'Zweigelt', 'Austrian white blend', 'Austrian Red Blend', 'Pinot Blanc', 'Sauvignon Blanc', 'Merlot', 'Pinot Noir', 'Red Blend']",Austria,Burgenland,[]
9028,Esterházy,89.5,26.3,90.0,25.0,4,2,"['Blaufränkisch', 'Chardonnay']",Austria,Leithaberg,[]
9029,Esterházy,88.0,,88.0,,1,1,['Grüner Veltliner'],Austria,Niederösterreich,[]
9030,Esterlin,89.5,80.0,89.5,80.0,6,2,"['Chardonnay', 'Champagne Blend']",France,Champagne,['Champagne']
9031,Esterlina,87.0,30.8,87.0,25.0,16,7,"['Pinot Noir', 'Chardonnay', 'Riesling', 'Syrah', 'Cabernet Sauvignon', 'Red Blend', 'Zinfandel']",US,California,"['Cole Ranch', 'Mendocino/Lake Counties']"
9032,Estirpe Tonbert,86.0,12.0,86.0,12.0,1,1,['Bonarda'],Argentina,Mendoza Province,['Mendoza']
9033,Estraié,82.0,20.0,82.0,20.0,2,2,"['Sauvignon Blanc', 'Bordeaux-style Red Blend']",US,California,"['North Coast', 'North Coast']"
9034,Estrella Creek,80.0,29.0,80.0,29.0,1,1,['Petite Sirah'],US,California,"['Paso Robles', 'Central Coast']"
9035,Estrin,87.0,25.0,87.0,25.0,1,1,['Red Blend'],US,Washington,"['Columbia Valley (WA)', 'Columbia Valley']"
9036,Eszterbauer,88.0,19.0,88.0,19.0,2,1,['Kadarka'],Hungary,Szekszárd,[]
9037,Et Cetera,88.0,26.5,88.0,26.5,2,1,['Red Blend'],Moldova,Moldova,[]
9038,Et Fille,87.0,38.5,87.0,41.0,4,1,['Pinot Noir'],US,Oregon,"['Willamette Valley', 'Willamette Valley']"
9039,Etablissements Thunevin,88.0,19.3,88.0,20.0,3,1,['Bordeaux-style Red Blend'],France,Bordeaux,['Bordeaux']
9040,Etchart,83.5,,83.5,,2,2,"['Torrontés', 'Chardonnay']",Argentina,Other,['Cafayate']
9041,Eterna Juventud,83.0,18.0,83.0,18.0,1,1,['Albariño'],Spain,Galicia,['Rías Baixas']
9042,Eternal,89.4,40.7,90.0,35.0,9,6,"['Bordeaux-style Red Blend', 'Viognier', 'Syrah', 'Rosé', 'Grenache Blanc', 'Roussanne']",US,Washington,"['Columbia Valley (WA)', 'Columbia Valley']"
9043,Etienne Boileau,89.3,29.7,90.0,32.0,3,1,['Chardonnay'],France,Burgundy,['Chablis']
9044,Etienne Sauzet,92.8,165.7,93.0,103.0,9,1,['Chardonnay'],France,Burgundy,['Montrachet']
9045,Etienne de Tauriac,87.5,25.5,87.5,25.5,2,1,['Bordeaux-style Red Blend'],France,Bordeaux,['Côtes de Bourg']
9046,Etienne le Riche,91.7,,92.0,,3,1,['Cabernet Sauvignon'],South Africa,Stellenbosch,[]
9047,Etko,89.0,20.0,89.0,20.0,1,1,['Xinisteri'],Cyprus,Commandaria,[]
9048,Etude,91.0,60.0,91.0,60.0,1,1,['Pinot Noir'],New Zealand,Central Otago,[]
9049,Etude,91.6,67.6,92.0,60.0,60,8,"['Pinot Noir', 'Chardonnay', 'Cabernet Sauvignon', 'Red Blend', 'Bordeaux-style Red Blend', 'Merlot', 'Pinot Blanc', 'Pinot Gris']",US,California,"['Carneros', 'Napa-Sonoma']"
9050,Etude,91.0,60.0,91.0,60.0,1,1,['Pinot Noir'],US,Oregon,['Willamette Valley']
9051,Eucaliptus,90.0,,90.0,,1,1,['Red Blend'],Italy,Tuscany,['Bolgheri']
9052,Euclid Wines,87.0,85.0,87.0,85.0,1,1,['Cabernet Sauvignon'],US,California,"['Howell Mountain', 'Napa']"
9053,Eufloria,88.2,12.5,88.0,12.0,4,2,"['White Blend', 'Rosé']",US,Washington,"['Washington', 'Washington Other']"
9054,Eugen Müller,90.7,46.0,91.0,41.0,3,1,['Riesling'],Germany,Pfalz,[]
9055,Eugen Wehrheim,89.5,20.0,89.5,20.0,2,1,['Riesling'],Germany,Rheinhessen,[]
9056,Eugene Wine Cellars,89.0,20.0,89.0,20.0,1,1,['Pinot Noir'],US,Oregon,"['Willamette Valley', 'Willamette Valley']"
9057,Eugenio Bocchino,93.5,99.5,95.0,99.5,4,1,['Nebbiolo'],Italy,Piedmont,['Barolo']
9058,Eugenio Bustos,81.0,17.0,81.0,17.0,1,1,['Malbec'],Argentina,Mendoza Province,['Uco Valley']
9059,Eugenio Bustos,86.0,12.0,86.0,12.0,1,1,['Torrontés'],Argentina,Other,['Salta']
9060,Eugenio Collavini,87.6,30.3,87.5,19.0,14,6,"['White Blend', 'Ribolla Gialla', 'Sauvignon', 'Pinot Grigio', 'Friulano', 'Chardonnay']",Italy,Northeastern Italy,['Collio']
9061,Evaia,88.0,14.0,88.0,14.0,1,1,['Rosé'],Spain,Northern Spain,['Rioja']
9062,Evangelo,88.0,79.0,88.0,79.0,1,1,['Red Blend'],Greece,Epanomi,[]
9063,Evangelo,89.0,90.0,89.0,90.0,1,1,['Red Blend'],Greece,Greece,[]
9064,Evans & Tate,86.6,,87.0,,5,4,"['Rosé', 'Sauvignon Blanc', 'Pinot Grigio', 'Chardonnay']",Australia,Australia Other,['Australia']
9065,Evans & Tate,86.6,21.8,86.5,20.5,10,3,"['Chardonnay', 'Cabernet Sauvignon', 'Shiraz']",Australia,Western Australia,['Western Australia']
9066,Evans Family,83.0,20.0,83.0,20.0,1,1,['Shiraz'],Australia,New South Wales,['Hunter Valley']
9067,Evans Wine Company,87.0,12.0,87.0,12.0,1,1,['Cabernet Sauvignon'],Australia,Victoria,['King Valley']
9068,Evel,87.0,17.3,87.0,13.0,3,1,['Portuguese Red'],Portugal,Douro,[]
9069,Evening Land,88.1,46.4,88.0,31.5,8,2,"['Pinot Noir', 'Chardonnay']",France,Burgundy,['Clos de Vougeot']
9070,Evening Land,90.7,66.4,92.0,40.0,11,2,"['Chardonnay', 'Pinot Noir']",US,California,"['Sonoma Coast', 'Sonoma']"
9071,Evening Land,91.5,54.3,92.0,50.0,21,4,"['Gamay Noir', 'Pinot Noir', 'Chardonnay', 'Gamay']",US,Oregon,"['Eola-Amity Hills', 'Willamette Valley']"
9072,Eventide Cellar,86.7,16.3,86.0,17.0,6,3,"['Cabernet Sauvignon', 'Shiraz', 'Viognier']",South Africa,Wellington,[]
9073,Everett Ridge,87.6,26.0,87.0,28.0,7,4,"['Petite Sirah', 'Zinfandel', 'Sauvignon Blanc', 'Syrah']",US,California,"['Dry Creek Valley', 'Sonoma']"
9074,Evergreen,87.0,21.7,87.0,17.0,3,3,"['Riesling', 'Pinot Noir', 'Pinot Gris']",US,Oregon,"['Willamette Valley', 'Willamette Valley']"
9075,Evergreen Vineyards,87.5,18.5,87.5,18.5,2,2,"['Pinot Gris', 'Riesling']",US,Oregon,"['Oregon', 'Oregon Other']"
9076,Everhart Cellars,89.8,30.6,89.0,28.0,5,4,"['Cabernet Sauvignon', 'Zinfandel', 'Petite Sirah', 'Red Blend']",US,California,"['El Dorado', 'Sierra Foothills']"
9077,Evesham Wood,87.2,28.2,87.0,30.0,4,1,['Pinot Noir'],US,Oregon,"['Willamette Valley', 'Willamette Valley']"
9078,Evine,83.0,11.0,83.0,11.0,1,1,['Monastrell-Syrah'],Spain,Levante,['Yecla']
9079,Evodia,87.5,9.0,87.5,9.0,2,1,['Garnacha'],Spain,Northern Spain,['Calatayud']
9080,Evohé,83.8,12.0,84.5,12.0,4,3,"['Tempranillo', 'Garnacha Blanca', 'Garnacha']",Spain,Northern Spain,['Vino de la Tierra Ribera del Gállego-Cinco Villas']
9081,Evoke,84.0,75.0,84.0,75.0,1,1,['Cabernet Sauvignon'],US,California,"['Napa County-Sonoma County', 'Napa-Sonoma']"
9082,Evolve,89.0,25.0,89.0,25.0,2,2,"['Cabernet Sauvignon', 'Sauvignon Blanc']",US,California,"['Mount Veeder', 'Napa']"
9083,Ex,89.5,19.0,89.5,19.0,2,2,"['Sauvignon Blanc', 'Chardonnay']",US,California,"['Monterey', 'Central Coast']"
9084,Ex Nihilo,88.0,145.0,88.0,145.0,1,1,['Merlot'],Canada,British Columbia,['Okanagan Valley']
9085,Excelsior,86.1,9.9,86.0,10.0,18,5,"['Shiraz', 'Chardonnay', 'Cabernet Sauvignon', 'Syrah', 'Sauvignon Blanc']",South Africa,Robertson,[]
9086,Exclusiv,85.0,10.0,85.0,10.0,1,1,['Moscato'],Moldova,Moldova,[]
9087,Exem,86.0,13.0,86.0,13.0,8,2,"['Bordeaux-style Red Blend', 'Bordeaux-style White Blend']",France,Bordeaux,['Bordeaux']
9088,Eximius,85.3,,85.0,,3,1,['Sparkling Blend'],Spain,Catalonia,['Cava']
9089,Exopto,85.0,37.0,85.0,37.0,1,1,['Tempranillo'],Spain,Northern Spain,['Rioja']
9090,Experience,83.0,27.0,83.0,27.0,2,2,"['Red Blend', 'Cabernet Sauvignon']",US,California,"['Napa Valley', 'Napa']"
9091,Expression 34,93.0,50.0,93.0,50.0,1,1,['Pinot Noir'],US,California,"['Sta. Rita Hills', 'Central Coast']"
9092,Expression 38,90.1,44.2,90.0,45.0,14,2,"['Chardonnay', 'Pinot Noir']",US,California,"['Sonoma Coast', 'Sonoma']"
9093,Expression 39,89.9,44.9,91.0,50.0,7,1,['Pinot Noir'],US,California,"['Anderson Valley', 'Mendocino/Lake Counties']"
9094,Expression 44°,89.5,40.5,88.5,38.0,4,1,['Pinot Noir'],US,Oregon,"['Eola-Amity Hills', 'Willamette Valley']"
9095,Exquisite Wines,88.0,,88.0,,1,1,['Portuguese White'],Portugal,Tejo,[]
9096,Exton Park Vineyard,93.3,45.3,93.0,43.0,3,3,"['Sparkling Blend', 'Pinot Noir', 'Chardonnay']",England,England,[]
9097,Exuberance,90.0,44.5,90.0,44.5,2,1,['Syrah'],US,California,"['Sonoma Valley', 'Sonoma']"
9098,Ey,88.0,16.0,88.0,16.0,1,1,"[""Muscat d'Alexandrie""]",France,Languedoc-Roussillon,['Muscat de Rivesaltes']
9099,Eye Candy,82.3,6.7,82.0,7.0,3,3,"['Cabernet Sauvignon', 'Chardonnay', 'Merlot']",US,California,"['California', 'California Other']"
9100,Eymann,91.0,74.0,91.0,74.0,1,1,['Riesling'],Germany,Pfalz,[]
9101,Ezio,85.0,6.0,85.0,6.0,1,1,['Merlot'],Argentina,Other,['Famatina Valley']
9102,F X Pichler,93.0,61.9,93.0,62.0,45,3,"['Grüner Veltliner', 'Riesling', 'Sauvignon Blanc']",Austria,Wachau,[]
9103,F. Mallo et Fils,86.0,,86.0,,1,1,['Riesling'],France,Alsace,['Alsace']
9104,F.J. Serra,83.8,18.8,85.0,18.0,5,2,"['Chardonnay', 'Cabernet Sauvignon']",US,California,"['California', 'California Other']"
9105,F.lli Trinchero,87.0,,87.0,,2,1,['Barbera'],Italy,Piedmont,"[""Barbera d'Asti""]"
9106,F2F,88.5,16.0,88.5,16.0,2,2,"['Red Blend', 'Chardonnay']",Bulgaria,Thracian Valley,[]
9107,FEL,91.1,50.7,91.0,54.0,22,3,"['Chardonnay', 'Pinot Gris', 'Pinot Noir']",US,California,"['Anderson Valley', 'Mendocino/Lake Counties']"
9108,FLO,84.0,11.0,84.0,11.0,1,1,['Red Blend'],US,California,"['California', 'California Other']"
9109,FVine,84.0,8.0,84.0,8.0,1,1,['Portuguese Red'],Portugal,Lisboa,[]
9110,FVine,85.0,8.0,85.0,8.0,1,1,['Portuguese White'],Portugal,Vinho Verde,[]
9111,Fabbioli Cellars,86.7,27.7,87.0,26.0,12,4,"['Tannat', 'Cabernet Franc', 'Chambourcin', 'Red Blend']",US,Virginia,['Virginia']
9112,Fabiano,87.0,19.5,87.0,18.5,7,5,"['Trebbiano', 'Turbiana', 'Trebbiano di Lugana', 'White Blend', 'Sparkling Blend']",Italy,Lombardy,['Lugana']
9113,Fabiano,88.2,49.4,88.0,45.0,20,4,"['Red Blend', 'Corvina, Rondinella, Molinara', 'Corvina', 'Cabernet Sauvignon']",Italy,Veneto,['Rosso del Veronese']
9114,Fabien Collonge,90.0,21.5,89.5,22.0,4,1,['Gamay'],France,Beaujolais,['Chiroubles']
9115,Fabio Motta,88.5,25.0,88.5,25.0,2,1,['Red Blend'],Italy,Tuscany,['Bolgheri']
9116,Fable Mountain,92.0,50.0,92.0,50.0,2,1,['Rhône-style Red Blend'],South Africa,Coastal Region,[]
9117,Fable Mountain,92.0,70.0,92.0,70.0,2,1,['Syrah'],South Africa,Tulbagh,[]
9118,Fable Mountain,90.0,36.0,90.0,36.0,1,1,['White Blend'],South Africa,Western Cape,[]
9119,Fabre Montmayou,86.3,14.8,86.0,12.0,30,9,"['Torrontés', 'Chardonnay', 'Cabernet Sauvignon', 'Malbec', 'Merlot', 'Bordeaux-style Red Blend', 'Rosé', 'Red Blend', 'Cabernet Franc']",Argentina,Mendoza Province,['Mendoza']
9120,Fabre Montmayou,88.7,17.0,88.0,16.0,3,1,['Malbec'],Argentina,Other,['Patagonia']
9121,Fabre en Provence,87.3,18.0,88.0,18.0,9,1,['Rosé'],France,Provence,['Côtes de Provence']
9122,Fabrizio Battaglino,85.7,25.0,86.0,25.0,3,1,['Nebbiolo'],Italy,Piedmont,['Roero']
9123,Fabrizio Dionisio,88.8,32.3,89.0,28.5,9,2,"['Rosé', 'Syrah']",Italy,Tuscany,['Toscana']
9124,Factories & Smoke,86.0,28.0,86.0,28.0,1,1,['Pinot Noir'],US,California,"['Potter Valley', 'Mendocino/Lake Counties']"
9125,Failla,92.7,48.0,93.0,45.0,71,4,"['Chardonnay', 'Pinot Noir', 'Syrah', 'Viognier']",US,California,"['Coombsville', 'Napa']"
9126,Failla Jordan,91.3,39.3,91.0,38.0,3,2,"['Pinot Noir', 'Chardonnay']",US,California,"['Russian River Valley', 'Sonoma']"
9127,Fair Hare,83.8,13.0,83.5,13.0,4,4,"['Red Blend', 'Chardonnay', 'Zinfandel', 'Cabernet Sauvignon']",US,California,"['North Coast', 'North Coast']"
9128,Fairbank Sutton Grange,89.5,22.0,89.5,22.0,2,2,"['Rosé', 'Sangiovese']",Australia,Victoria,['Bendigo']
9129,Fairhall Downs,88.4,17.2,88.0,17.0,5,3,"['Sauvignon Blanc', 'Pinot Gris', 'Pinot Noir']",New Zealand,Marlborough,[]
9130,Fairhope,87.0,45.0,87.0,45.0,1,1,['Cabernet Sauvignon'],US,California,"['Napa Valley', 'Napa']"
9131,Fairsing,90.6,47.2,90.0,46.0,10,2,"['Pinot Noir', 'Chardonnay']",US,Oregon,['Willamette Valley']
9132,Fairvalley,85.7,10.0,86.0,10.0,3,3,"['Chardonnay', 'Pinotage', 'Chenin Blanc']",South Africa,Coastal Region,[]
9133,Fairvalley,87.0,11.0,87.0,11.0,1,1,['Cabernet Sauvignon'],South Africa,Stellenbosch,[]
9134,Fairvalley,84.8,10.4,85.0,10.0,5,3,"['Chenin Blanc', 'Chardonnay', 'Sauvignon Blanc']",South Africa,Western Cape,[]
9135,Fairview,87.4,17.9,87.0,16.0,8,4,"['Shiraz', 'Pinotage', 'Mourvèdre', 'Viognier']",South Africa,Coastal Region,[]
9136,Fairview,87.9,26.8,88.0,28.5,16,4,"['Shiraz', 'Pinotage', 'Viognier', 'White Blend']",South Africa,Paarl,[]
9137,Fairview,88.7,33.0,88.0,35.0,3,1,['Shiraz'],South Africa,Swartland,[]
9138,Fairview Cellars,91.0,33.0,91.0,33.0,1,1,['Cabernet Franc'],Canada,British Columbia,['Okanagan Valley']
9139,Faiveley,88.5,51.9,88.5,30.0,32,2,"['Pinot Noir', 'Chardonnay']",France,Burgundy,['Bourgogne']
9140,Falchini,87.8,35.8,87.0,23.5,11,5,"['Cabernet Sauvignon', 'Sangiovese', 'Red Blend', 'Vernaccia', 'White Blend']",Italy,Tuscany,['Toscana']
9141,Falcon Hill,83.5,9.5,83.5,9.5,2,1,['Riesling'],Germany,Rheinhessen,[]
9142,Falcone,91.1,39.1,91.0,30.0,31,4,"['Red Blend', 'Cabernet Sauvignon', 'Syrah', 'Chardonnay']",US,California,"['Paso Robles', 'Central Coast']"
9143,Falcor,85.2,39.2,84.5,37.0,18,9,"['Chardonnay', 'Merlot', 'Bordeaux-style Red Blend', 'Cabernet Sauvignon', 'Zinfandel', 'Syrah', 'Cabernet Franc', 'Sangiovese', 'Rosé']",US,California,"['Napa Valley', 'Napa']"
9144,Falernia,84.8,11.7,85.0,11.0,22,8,"['Syrah', 'Sauvignon Blanc', 'Carmenère', 'Carmenère-Syrah', 'Pedro Ximénez', 'Viognier', 'Malbec', 'Pinot Noir']",Chile,Elqui Valley,[]
9145,Falesco,88.9,22.9,88.0,13.5,24,10,"['Red Blend', 'Rosé', 'White Blend', 'Aleatico', 'Merlot', 'Roscetto', 'Cabernet', 'Sangiovese', 'Cabernet Blend', 'Sagrantino']",Italy,Central Italy,['Umbria']
9146,Falesco,91.0,30.0,91.0,30.0,1,1,['Pinot Nero'],Italy,Italy Other,['Vino Spumante']
9147,Falezza,84.3,,83.0,,3,1,"['Corvina, Rondinella, Molinara']",Italy,Veneto,['Amarone della Valpolicella']
9148,Falkenstein,88.0,26.0,88.0,26.0,1,1,['Sauvignon'],Italy,Northeastern Italy,['Alto Adige']
9149,Falkner,86.3,28.5,87.0,25.0,24,9,"['Meritage', 'Red Blend', 'Syrah', 'Bordeaux-style Red Blend', 'Merlot', 'Sauvignon Blanc', 'Viognier', 'Cabernet Sauvignon', 'Chardonnay']",US,California,"['Temecula Valley', 'South Coast']"
9150,Fall Creek,82.8,31.4,82.0,30.0,5,4,"['G-S-M', 'Tempranillo', 'Rosé', 'Chardonnay']",US,Texas,['Texas']
9151,Fall Line,89.8,29.4,90.0,30.0,20,4,"['Bordeaux-style Red Blend', 'Cabernet Sauvignon', 'Red Blend', 'Tempranillo']",US,Washington,"['Yakima Valley', 'Columbia Valley']"
9152,Fallbrook,85.3,29.3,87.0,33.0,12,6,"['Merlot', 'Red Blend', 'Cabernet Franc', 'Chardonnay', 'Bordeaux-style Red Blend', 'Syrah']",US,California,"['California', 'California Other']"
9153,Falling Star,83.2,5.0,83.5,5.0,4,4,"['Sauvignon Blanc-Semillon', 'Cabernet Sauvignon', 'Merlot-Malbec', 'Chardonnay']",Argentina,Other,['Cuyo']
9154,Fallon Place,88.7,37.3,88.0,38.0,3,3,"['Cabernet Sauvignon', 'Chardonnay', 'Zinfandel']",US,California,"['Sonoma Valley', 'Sonoma']"
9155,False Bay,86.0,13.0,86.0,13.0,2,2,"['Chenin Blanc', 'Pinotage']",South Africa,Western Cape,[]
9156,Falua,86.4,11.8,86.0,12.0,5,2,"['Portuguese Red', 'Albana']",Portugal,Alentejano,[]
9157,Falua,87.8,15.5,87.5,10.5,4,1,['Portuguese Red'],Portugal,Ribatejano,[]
9158,Falua,86.4,13.9,86.0,10.0,45,10,"['Portuguese Red', 'Touriga Nacional-Cabernet Sauvignon', 'Fernão Pires', 'Rosé', 'Portuguese White', 'Portuguese Rosé', 'Portuguese Sparkling', 'Touriga Nacional', 'Alicante Bouschet', 'Sparkling Blend']",Portugal,Tejo,[]
9159,Famiglia Cielo,85.0,8.5,85.0,8.5,2,2,"['Pinot Nero', 'Pinot Grigio']",Italy,Northeastern Italy,['Delle Venezie']
9160,Famiglia Cielo,86.5,15.0,86.5,15.0,2,2,"['Red Blend', 'Glera']",Italy,Veneto,['Veneto']
9161,Famiglia Meschini,87.0,23.3,87.0,20.0,3,3,"['Sparkling Blend', 'Malbec-Petit Verdot', 'Chardonnay']",Argentina,Mendoza Province,['Mendoza']
9162,Famiglia Meschini,83.5,14.0,83.5,14.0,2,2,"['Chardonnay', 'Sauvignon Blanc']",Chile,Casablanca Valley,[]
9163,Familia Cassone,86.8,21.3,87.0,20.0,23,5,"['Malbec', 'Cabernet Sauvignon', 'Sauvignon Blanc', 'Red Blend', 'Torrontés']",Argentina,Mendoza Province,['Mendoza']
9164,Familia Cecchin,85.0,11.0,85.0,11.0,1,1,['Malbec'],Argentina,Mendoza Province,['Mendoza']
9165,Familia Colombi,82.0,19.0,82.0,19.0,1,1,['Chardonnay'],Argentina,Mendoza Province,['Mendoza']
9166,Familia Deicas,89.0,40.0,89.0,40.0,1,1,['Tannat'],Uruguay,Canelones,[]
9167,Familia Deicas,87.6,66.3,88.0,52.0,7,2,"['Red Blend', 'Tannat']",Uruguay,Juanico,[]
9168,Familia Deicas,87.0,30.5,87.0,30.5,2,1,['Tannat'],Uruguay,Uruguay,[]
9169,Familia Los Agüeros,84.5,15.5,84.5,15.5,2,2,"['Malbec', 'Red Blend']",Argentina,Mendoza Province,['Mendoza']
9170,Familia Marguery,85.8,19.0,87.0,15.0,10,4,"['Malbec', 'Cabernet Sauvignon', 'Muscat', 'Malbec-Cabernet Sauvignon']",Argentina,Mendoza Province,['Mendoza']
9171,Familia Mayol,86.5,15.5,86.5,15.5,2,2,"['Sauvignon Blanc', 'Malbec']",Argentina,Mendoza Province,['Mendoza']
9172,Familia Montaña,80.0,11.0,80.0,11.0,1,1,['Tempranillo'],Spain,Northern Spain,['Rioja']
9173,Familia Schroeder,85.1,18.4,85.0,14.0,47,10,"['Torrontés', 'Merlot', 'Champagne Blend', 'Cabernet Sauvignon', 'Sparkling Blend', 'Pinot Noir', 'Malbec', 'Sauvignon Blanc', 'Chardonnay', 'Red Blend']",Argentina,Other,['Argentina']
9174,Familia Solana,85.0,14.0,85.0,14.0,1,1,['Tempranillo Blend'],Spain,Northern Spain,['Toro']
9175,Familia Traversa,83.0,18.0,83.0,18.0,1,1,['Tannat'],Uruguay,Montevideo,[]
9176,Familia Traversa,83.0,12.5,83.0,12.5,2,2,"['Chardonnay', 'Red Blend']",Uruguay,Uruguay,[]
9177,Familia Villanueva,90.0,20.0,90.0,20.0,1,1,['Malbec'],Argentina,Mendoza Province,['Mendoza']
9178,Familie Zull,89.0,15.0,89.0,15.0,3,3,"['Grüner Veltliner', 'Rosé', 'Red Blend']",Austria,Niederösterreich,[]
9179,Familie Zull,88.5,21.5,88.5,21.5,2,1,['Grüner Veltliner'],Austria,Weinviertel,[]
9180,Famille Fabre,87.0,,87.0,,1,1,['Rosé'],France,Languedoc-Roussillon,"[""Pays d'Oc""]"
9181,Famille Hauller,87.0,18.5,87.0,18.5,2,2,"['Riesling', 'Pinot Blanc']",France,Alsace,['Alsace']
9182,Famille Laplace,86.3,11.1,86.0,10.0,7,4,"['Tannat-Syrah', 'Colombard-Sauvignon Blanc', 'White Blend', 'Rosé']",France,France Other,['Vin de France']
9183,Famille Laplace,91.5,23.3,92.0,20.0,11,5,"['Gros and Petit Manseng', 'Tannat', 'Tannat-Cabernet Franc', 'Petit Manseng', 'Red Blend']",France,Southwest France,['Pacherenc du Vic Bilh']
9184,Famille Negrel,87.0,18.0,87.0,18.0,1,1,['Rosé'],France,Provence,['Côtes de Provence']
9185,Famille Perrin,87.0,10.0,87.0,10.0,1,1,['Red Blend'],France,France Other,['Vin de France']
9186,Famille Perrin,90.1,49.3,91.0,34.0,21,3,"['Rosé', 'Rhône-style Red Blend', 'Rhône-style White Blend']",France,Rhône Valley,['Côtes du Rhône']
9187,Famille Quiot,87.0,35.0,87.0,35.0,2,2,"['Rhône-style Red Blend', 'Muscat Blanc à Petit Grain']",France,Rhône Valley,['Châteauneuf-du-Pape']
9188,Famille d'Amecourt,87.0,15.0,87.0,15.0,1,1,['Bordeaux-style Red Blend'],France,Bordeaux,['Bordeaux Supérieur']
9189,Familly Valéry,89.0,15.0,89.0,15.0,1,1,['Merlot'],France,Languedoc-Roussillon,"[""Pays d'Oc""]"
9190,Família Oliveda,83.5,14.0,83.5,14.0,2,1,['Sparkling Blend'],Spain,Catalonia,['Cava']
9191,Fanetti - Tenuta S. Agnese,88.5,30.0,88.5,30.0,2,1,['Red Blend'],Italy,Tuscany,['Vino Nobile di Montepulciano']
9192,Faniel et Fils,88.5,48.2,88.0,45.5,4,2,"['Chardonnay', 'Champagne Blend']",France,Champagne,['Champagne']
9193,Fantelli,85.2,11.2,84.0,9.0,13,6,"['Red Blend', 'Malbec', 'Cabernet Sauvignon', 'Syrah', 'Chardonnay', 'Torrontés']",Argentina,Mendoza Province,['Mendoza']
9194,Fantesca,89.0,60.0,89.0,60.0,2,1,['Cabernet Sauvignon'],US,California,['Napa']
9195,Fanti,89.2,52.7,89.0,55.0,22,2,"['Sangiovese', 'Sangiovese Grosso']",Italy,Tuscany,['Brunello di Montalcino']
9196,Fantinel,87.8,25.2,88.0,23.0,5,4,"['Pinot Grigio', 'Friulano', 'Sauvignon', 'White Blend']",Italy,Northeastern Italy,['Collio']
9197,Fanucchi,83.5,32.0,83.5,32.0,2,2,"['Zinfandel', 'Trousseau Gris']",US,California,"['Russian River Valley', 'Sonoma']"
9198,Far Niente,93.0,112.1,93.5,117.5,14,2,"['Cabernet Sauvignon', 'Chardonnay']",US,California,"['Oakville', 'Napa']"
9199,Farella-Park,91.0,32.0,91.0,32.0,1,1,['Cabernet Sauvignon'],US,California,"['Napa Valley', 'Napa']"
9200,Farina,88.6,50.0,89.0,50.0,7,2,"['Corvina, Rondinella, Molinara', 'Red Blend']",Italy,Veneto,['Amarone della Valpolicella Classico']
9201,Farm Boy,88.0,16.5,88.0,16.5,2,1,['Red Blend'],US,Washington,"['Yakima Valley', 'Columbia Valley']"
9202,Farm Girl,88.0,13.0,88.0,13.0,1,1,['Rhône-style White Blend'],US,Washington,"['Columbia Valley (WA)', 'Columbia Valley']"
9203,Farnese,86.9,16.4,86.0,13.5,34,10,"['Cococciola', 'Trebbiano', 'Montepulciano', 'Red Blend', 'Pecorino', 'Rosé', 'Sangiovese', 'Chardonnay', 'Passerina', 'Pinot Grigio']",Italy,Central Italy,['Terre di Chieti']
9204,Farnese,90.0,44.0,90.0,44.0,1,1,['Red Blend'],Italy,Italy Other,['Italy']
9205,Farnetella,87.5,20.5,87.5,20.5,2,1,['Red Blend'],Italy,Tuscany,['Chianti Colli Senesi']
9206,Farrier,86.5,24.5,87.0,22.0,6,4,"['Semillon-Sauvignon Blanc', 'Bordeaux-style Red Blend', 'Sauvignon Blanc-Semillon', 'Red Blend']",US,California,"['Alexander Valley', 'Sonoma']"
9207,Fasi Crest,83.0,24.0,83.0,24.0,1,1,['Syrah'],US,California,"['Madera', 'Central Valley']"
9208,Fassati,85.7,21.3,86.5,24.0,6,2,"['Sangiovese', 'Prugnolo Gentile']",Italy,Tuscany,['Rosso di Montepulciano']
9209,Fat Barrel,84.0,9.0,84.0,9.0,1,1,['Chenin Blanc'],South Africa,South Africa,[]
9210,Fat Barrel,86.0,13.0,86.0,13.0,1,1,['Sauvignon Blanc'],South Africa,Stellenbosch,[]
9211,Fat Barrel,86.0,11.0,86.0,11.0,1,1,['Sauvignon Blanc'],South Africa,Western Cape,[]
9212,Fat Bastard,85.0,10.0,85.0,10.0,1,1,['Malbec'],France,France Other,['Vin de France']
9213,Fat Bastard,84.4,11.7,84.0,12.0,7,6,"['Rosé', 'Merlot', 'Chardonnay', 'Shiraz', 'Sauvignon Blanc', 'Syrah']",France,Languedoc-Roussillon,"[""Vin de Pays d'Oc""]"
9214,Fat Cat,83.7,10.2,83.0,10.0,9,6,"['Pinot Noir', 'Chardonnay', 'Moscato', 'Pinot Grigio', 'Merlot', 'Cabernet Sauvignon']",US,California,"['California', 'California Other']"
9215,Fat Croc,88.0,8.0,88.0,8.0,1,1,['Chardonnay'],Australia,Australia Other,['South Eastern Australia']
9216,Fat Gaucho,83.8,11.9,83.5,13.0,8,3,"['Cabernet Sauvignon', 'Torrontés', 'Malbec']",Argentina,Mendoza Province,['Mendoza']
9217,Fat Monk,86.0,13.3,87.0,14.0,3,2,"['Chardonnay', 'Pinot Noir']",US,California,"['Central Coast', 'Central Coast']"
9218,Fatalone,84.3,16.5,85.0,16.5,3,1,['Primitivo'],Italy,Southern Italy,['Gioia del Colle']
9219,Fattoi,89.8,62.1,89.5,62.0,16,2,"['Sangiovese', 'Sangiovese Grosso']",Italy,Tuscany,['Brunello di Montalcino']
9220,Fattori,88.0,25.0,88.0,17.0,22,3,"['Garganega', 'Red Blend', 'Durella']",Italy,Veneto,['Soave']
9221,Fattoria Alois,86.1,28.2,86.0,26.0,9,5,"['Falanghina', 'Red Blend', 'Pallagrello', 'Rosé', 'Casavecchia']",Italy,Southern Italy,['Campania']
9222,Fattoria Ambra,90.8,20.5,90.5,22.0,4,1,['Red Blend'],Italy,Tuscany,['Carmignano']
9223,Fattoria Bagnolo,87.5,39.5,87.5,39.5,2,1,['Red Blend'],Italy,Tuscany,['Colli della Toscana Centrale']
9224,Fattoria Bini,86.0,16.0,86.0,16.0,1,1,['Sangiovese'],Italy,Tuscany,['Chianti']
9225,Fattoria Campigiana,87.0,15.0,87.0,15.0,1,1,['Red Blend'],Italy,Tuscany,['Chianti']
9226,Fattoria Carpineta Fontalpino,85.8,21.0,85.0,21.5,4,1,['Sangiovese'],Italy,Tuscany,['Chianti Colli Senesi']
9227,Fattoria Casa Sola,86.0,28.0,86.0,28.0,1,1,['Sangiovese'],Italy,Tuscany,['Chianti Classico']
9228,Fattoria Casetto dei Mandorli,86.0,28.0,86.0,28.0,1,1,['Sangiovese'],Italy,Central Italy,['Sangiovese di Romagna']
9229,Fattoria Colsanto,86.0,,86.0,,2,1,['Red Blend'],Italy,Central Italy,['Umbria']
9230,Fattoria Coroncino,86.0,27.2,86.5,27.5,4,2,"['White Blend', 'Verdicchio']",Italy,Central Italy,['Marche']
9231,Fattoria Corzano e Paterno,87.0,40.0,87.0,40.0,1,1,['Red Blend'],Italy,Tuscany,['Toscana']
9232,Fattoria Del Cerro,88.0,22.2,88.0,19.5,12,4,"['Prugnolo Gentile', 'Sangiovese', 'Colorino', 'Red Blend']",Italy,Tuscany,['Rosso di Montepulciano']
9233,Fattoria Fibbiano,86.9,20.7,87.0,19.0,15,3,"['Red Blend', 'White Blend', 'Sangiovese']",Italy,Tuscany,['Chianti Superiore']
9234,Fattoria Garbole,85.4,52.0,85.0,40.0,5,1,"['Corvina, Rondinella, Molinara']",Italy,Veneto,['Amarone della Valpolicella']
9235,Fattoria Giuseppe Savini,84.4,14.3,84.0,12.0,7,6,"['Pecorino', 'Passerina', 'Pinot Nero', 'Pinot Grigio', 'Montepulciano', 'Merlot']",Italy,Central Italy,['Colli Aprutini']
9236,Fattoria Giuseppe Savini,82.0,14.0,82.0,14.0,1,1,['Glera'],Italy,Veneto,['Prosecco']
9237,Fattoria Il Colombaio,87.0,18.0,87.0,18.0,1,1,['Red Blend'],Italy,Tuscany,['Chianti Colli Senesi']
9238,Fattoria Il Lago,89.0,18.0,89.0,18.0,1,1,['Sangiovese'],Italy,Tuscany,['Chianti Rufina']
9239,Fattoria Il Muro,85.3,14.7,85.0,13.0,3,1,['Red Blend'],Italy,Tuscany,['Toscana']
9240,Fattoria Kappa,91.0,13.5,91.0,13.5,3,2,"['Red Blend', 'Syrah']",Italy,Tuscany,['Toscana']
9241,Fattoria La Lecciaia,89.6,45.1,89.0,48.0,34,3,"['Sangiovese', 'Sangiovese Grosso', 'Red Blend']",Italy,Tuscany,['Brunello di Montalcino']
9242,Fattoria La Massa,93.0,75.0,93.0,80.0,3,1,['Red Blend'],Italy,Tuscany,['Toscana']
9243,Fattoria La Ripa,88.3,35.0,88.0,35.0,3,2,"['Red Blend', 'Sangiovese']",Italy,Tuscany,['Chianti Classico']
9244,Fattoria La Rivolta,88.7,26.0,88.5,23.0,10,6,"['Fiano', 'Greco', 'Aglianico', 'Piedirosso', 'Falanghina', 'Coda di Volpe']",Italy,Southern Italy,['Sannio']
9245,Fattoria La Striscia,87.5,,87.5,,2,2,"['Sangiovese', 'Red Blend']",Italy,Tuscany,['Toscana']
9246,Fattoria La Vialla,86.0,15.0,86.0,15.0,1,1,['Verdicchio'],Italy,Central Italy,['Verdicchio dei Castelli di Jesi Classico Superiore']
9247,Fattoria La Vialla,87.8,22.1,88.0,22.0,9,4,"['Red Blend', 'Vernaccia', 'Sangiovese', 'White Blend']",Italy,Tuscany,['Chianti Superiore']
9248,Fattoria Laila,85.7,18.0,85.0,18.0,7,2,"['Red Blend', 'Verdicchio']",Italy,Central Italy,['Rosso Piceno']
9249,Fattoria Lavacchio,87.8,33.2,88.0,24.0,13,5,"['White Blend', 'Red Blend', 'Sangiovese', 'Rosato', 'Traminer']",Italy,Tuscany,['Vin Santo del Chianti Rufina']
9250,Fattoria Le Pupille,90.0,50.6,89.5,30.0,22,4,"['Red Blend', 'White Blend', 'Rosé', 'Sangiovese']",Italy,Tuscany,['Maremma']
9251,Fattoria Le Sorgenti,87.6,12.0,88.0,12.0,5,3,"['Red Blend', 'Sangiovese', 'White Blend']",Italy,Tuscany,['Toscana']
9252,Fattoria Le Terrazze,86.7,22.7,87.0,18.0,3,2,"['Montepulciano', 'Red Blend']",Italy,Central Italy,['Conero']
9253,Fattoria Mantellassi,87.6,19.2,88.0,19.0,11,3,"['Alicante', 'Red Blend', 'Sangiovese']",Italy,Tuscany,['Maremma']
9254,Fattoria Montecchio,87.2,18.0,86.0,18.0,4,2,"['Red Blend', 'Sangiovese']",Italy,Tuscany,['Chianti Classico']
9255,Fattoria Montellori,87.6,38.0,87.0,49.0,5,2,"['Sangiovese', 'Red Blend']",Italy,Tuscany,['Toscana']
9256,Fattoria Moretto,86.5,20.9,85.5,20.0,8,2,"['Lambrusco Grasparossa', 'Lambrusco']",Italy,Central Italy,['Lambrusco Grasparossa di Castelvetro']
9257,Fattoria Nittardi,89.3,70.0,89.0,65.0,6,2,"['Sangiovese', 'Red Blend']",Italy,Tuscany,['Chianti Classico']
9258,Fattoria Paradiso,88.0,23.3,88.0,20.0,4,2,"['Albana', 'Sangiovese']",Italy,Central Italy,['Forlì']
9259,Fattoria Petriolo,86.0,18.0,86.0,18.0,2,1,['Red Blend'],Italy,Tuscany,['Chianti']
9260,Fattoria Petrolo,94.3,81.4,93.5,77.5,10,3,"['Merlot', 'Sangiovese', 'White Blend']",Italy,Tuscany,['Toscana']
9261,Fattoria Poggerino,89.2,29.8,89.5,25.0,4,1,['Sangiovese'],Italy,Tuscany,['Chianti Classico']
9262,Fattoria Poggio Capponi,87.3,23.3,87.0,20.0,3,3,"['Sangiovese', 'Red Blend', 'Chardonnay']",Italy,Tuscany,['Chianti']
9263,Fattoria Poggiopiano,86.0,21.0,86.0,21.0,1,1,['Sangiovese'],Italy,Tuscany,['Chianti Classico']
9264,Fattoria Resta,88.0,40.0,88.0,40.0,1,1,['Sangiovese'],Italy,Tuscany,['Orcia']
9265,Fattoria Rodano,92.0,28.0,92.0,28.0,1,1,['Sangiovese'],Italy,Tuscany,['Chianti Classico']
9266,Fattoria San Felo,88.1,24.8,88.0,24.0,8,3,"['Cabernet Sauvignon', 'Red Blend', 'Vermentino']",Italy,Tuscany,['Toscana']
9267,Fattoria San Francesco,86.0,,86.0,,3,3,"['Greco Bianco', 'Red Blend', 'Rosé']",Italy,Southern Italy,['Calabria']
9268,Fattoria San Michele a Torri,88.2,25.0,88.5,23.0,6,3,"['Red Blend', 'Sangiovese', 'White Blend']",Italy,Tuscany,['Colli della Toscana Centrale']
9269,Fattoria Sardi,88.0,24.5,88.0,24.5,2,1,['Rosato'],Italy,Tuscany,['Toscana']
9270,Fattoria Scopone,89.6,43.4,90.5,50.0,10,3,"['Sangiovese Grosso', 'Red Blend', 'Sangiovese']",Italy,Tuscany,['Brunello di Montalcino']
9271,Fattoria Selvanova,87.0,16.8,87.0,16.0,6,2,"['Pallagrello', 'Aglianico']",Italy,Southern Italy,['Terre del Volturno']
9272,Fattoria Sorbaiano,90.5,35.0,90.5,35.0,2,2,"['Red Blend', 'Merlot']",Italy,Tuscany,['Montescudaio']
9273,Fattoria Sovestro,85.0,13.0,85.0,13.0,1,1,['Sangiovese'],Italy,Tuscany,['Chianti Colli Senesi']
9274,Fattoria Terre del Marchesato,90.7,42.7,90.0,40.0,3,3,"['Syrah', 'Cabernet Blend', 'Red Blend']",Italy,Tuscany,['Toscana']
9275,Fattoria Torre a Cona,91.2,32.2,91.5,29.5,4,2,"['Sangiovese', 'Merlot']",Italy,Tuscany,['Chianti Colli Fiorentini']
9276,Fattoria Tregole,89.7,19.0,89.0,20.0,3,1,['Sangiovese'],Italy,Tuscany,['Chianti Classico']
9277,Fattoria Uccelliera,86.0,14.0,86.0,14.0,1,1,['Red Blend'],Italy,Tuscany,['Chianti']
9278,Fattoria Valacchi,88.0,18.5,88.0,18.5,2,2,"['Red Blend', 'Sangiovese']",Italy,Tuscany,['Chianti']
9279,Fattoria Vitiano,86.0,11.0,86.0,11.0,1,1,['Red Blend'],Italy,Tuscany,['Chianti Classico']
9280,Fattoria Zerbina,88.9,32.5,89.0,26.0,13,2,"['Sangiovese', 'Albana']",Italy,Central Italy,['Sangiovese di Romagna Superiore']
9281,Fattoria dei Barbi,89.9,63.2,90.0,65.0,28,2,"['Sangiovese', 'Sangiovese Grosso']",Italy,Tuscany,['Brunello di Montalcino']
9282,Fattoria del Cerro,86.7,18.7,87.0,16.0,3,1,['Red Blend'],Italy,Tuscany,['Rosso di Montepulciano']
9283,Fattoria del Pino,88.0,,88.0,,1,1,['Sangiovese'],Italy,Tuscany,['Brunello di Montalcino']
9284,Fattoria della Talosa,86.9,24.9,87.0,23.0,7,2,"['Sangiovese', 'Red Blend']",Italy,Tuscany,['Vino Nobile di Montepulciano']
9285,Fattoria di Basciano,86.3,20.0,86.0,20.0,6,3,"['White Blend', 'Red Blend', 'Sangiovese']",Italy,Tuscany,['Vin Santo del Chianti Rufina']
9286,Fattoria di Casalbosco,89.0,23.8,89.0,21.0,8,4,"['Red Blend', 'White Blend', 'Cabernet Sauvignon', 'Sangiovese']",Italy,Tuscany,['Chianti']
9287,Fattoria di Cinciano,85.0,,85.0,,1,1,['Sangiovese'],Italy,Tuscany,['Chianti Classico']
9288,Fattoria di Corsignano,90.1,39.5,90.0,32.0,9,2,"['Red Blend', 'Sangiovese']",Italy,Tuscany,['Chianti Classico']
9289,Fattoria di Felsina,92.5,,92.5,,2,2,"['Cabernet Sauvignon', 'Sangiovese']",Italy,Tuscany,['Toscana']
9290,Fattoria di Grignano,88.4,38.2,87.5,25.0,12,3,"['Red Blend', 'White Blend', 'Sangiovese']",Italy,Tuscany,['Chianti Rufina']
9291,Fattoria di Lamole,88.3,61.7,88.0,65.0,3,1,['Sangiovese'],Italy,Tuscany,['Chianti Classico']
9292,Fattoria di Magliano,88.5,37.7,89.0,28.0,16,5,"['Red Blend', 'Vermentino', 'Syrah', 'Sangiovese', 'Rosato']",Italy,Tuscany,['Maremma Toscana']
9293,Fattoria di Montecchio,86.0,14.5,86.0,14.5,3,2,"['Red Blend', 'Sangiovese']",Italy,Tuscany,['Chianti Classico']
9294,Fattoria di Montemaggio,88.1,29.0,88.0,25.0,7,2,"['Red Blend', 'Sangiovese']",Italy,Tuscany,['Chianti Classico']
9295,Fattoria di Petrognano,87.0,20.8,87.0,18.5,7,4,"['Cabernet Sauvignon', 'Red Blend', 'Sangiovese', 'White Blend']",Italy,Tuscany,['Colli della Toscana Centrale']
9296,Fattoria di Petroio,87.8,22.3,87.5,17.0,4,2,"['Sangiovese', 'Red Blend']",Italy,Tuscany,['Chianti Classico']
9297,Fattoria di Ruppiano,86.0,25.0,86.0,25.0,1,1,['Red Blend'],Italy,Tuscany,['Toscana']
9298,Fattoria di Sammontana,86.0,20.0,86.0,20.0,1,1,['Red Blend'],Italy,Tuscany,['Chianti']
9299,Fattoria di San Quintino,84.7,14.0,84.0,14.0,3,2,"['Sangiovese', 'Red Blend']",Italy,Tuscany,['Chianti']
9300,Fattoria di Travalda,87.0,30.0,87.0,30.0,1,1,['Red Blend'],Italy,Tuscany,['Toscana']
9301,Fattoria di Valiano,88.5,25.4,88.0,25.0,11,3,"['Red Blend', 'Chardonnay', 'Sangiovese']",Italy,Tuscany,['Chianti Classico']
9302,Fattoria il Palagio,86.0,13.5,87.0,13.5,3,2,"['Red Blend', 'Vernaccia']",Italy,Tuscany,['Chianti']
9303,Fattoria la Castellina,85.3,27.2,85.5,20.5,6,3,"['Merlot', 'Sangiovese', 'Red Blend']",Italy,Tuscany,['Toscana']
9304,Fattorie Azzolino,86.4,21.0,87.0,21.0,7,5,"['Grillo', 'White Blend', 'Chardonnay', ""Nero d'Avola"", 'Red Blend']",Italy,Sicily & Sardinia,['Sicilia']
9305,Fattorie Parri,89.0,23.0,89.0,23.0,2,1,['Red Blend'],Italy,Tuscany,['Chianti']
9306,Fattorie Romeo del Castello,91.0,28.0,92.0,28.0,3,2,"['Red Blend', 'Nerello Mascalese']",Italy,Sicily & Sardinia,['Etna']
9307,Fatty Pope,86.0,20.0,86.0,20.0,1,1,['Red Blend'],US,California,"['Paso Robles', 'Central Coast']"
9308,Fault Line,85.0,15.0,85.0,15.0,1,1,['Pinot Noir'],New Zealand,Marlborough,[]
9309,Fauna,88.0,12.0,88.0,12.0,1,1,['Sauvignon Blanc'],New Zealand,Marlborough,[]
9310,Faunus,87.0,23.0,87.0,23.0,1,1,['Red Blend'],Spain,Catalonia,['Montsant']
9311,Faust,86.7,55.0,87.0,50.0,9,1,['Cabernet Sauvignon'],US,California,"['Napa Valley', 'Napa']"
9312,Fausta,89.0,50.0,89.0,50.0,1,1,['Cabernet Sauvignon'],US,California,"['Sonoma Valley', 'Sonoma']"
9313,Faustino Rivero Ulecia,86.7,11.0,86.0,10.0,3,2,"['Tempranillo', 'Tempranillo Blend']",Spain,Northern Spain,['Rioja']
9314,Fay,89.5,41.0,90.0,40.0,4,1,['Nebbiolo'],Italy,Lombardy,['Valtellina Superiore']
9315,Fayolle Fils & Fille,91.0,56.0,91.0,56.0,2,2,"['Syrah', 'Rhône-style White Blend']",France,Rhône Valley,['Crozes-Hermitage']
9316,Fazeli Cellars,88.0,43.8,88.0,44.0,13,7,"['Shiraz', 'Red Blend', 'Cabernet Sauvignon', 'Petite Sirah', 'Sauvignon Blanc', 'Meritage', 'Riesling']",US,California,"['Temecula Valley', 'South Coast']"
9317,Fazi Battaglia,87.9,29.3,87.5,30.0,18,4,"['Verdicchio', 'Red Blend', 'White Blend', 'Montepulciano']",Italy,Central Italy,['Verdicchio dei Castelli di Jesi']
9318,Fazio,86.3,26.6,86.0,21.0,22,7,"['Grillo', 'Insolia', ""Nero d'Avola"", 'Catarratto', 'Shiraz', 'Müller-Thurgau', 'Nerello Mascalese']",Italy,Sicily & Sardinia,['Erice']
9319,Feather,91.5,61.2,92.0,60.0,13,1,['Cabernet Sauvignon'],US,Washington,"['Columbia Valley (WA)', 'Columbia Valley']"
9320,Federico Paternina,85.1,15.3,85.5,13.0,10,3,"['Tempranillo', 'Tempranillo Blend', 'Viura']",Spain,Northern Spain,['Rioja']
9321,Fedriani Laffitte,87.0,15.0,87.0,15.0,1,1,['Syrah'],Spain,Levante,['Valencia']
9322,Feiler-Artinger,89.4,33.2,90.0,29.0,25,10,"['Blaufränkisch', 'Zweigelt', 'Red Blend', 'Cabernet Blend', 'Cabernet Sauvignon', 'White Blend', 'Austrian white blend', 'Neuburger', 'Traminer', 'Chardonnay Weissburgunder']",Austria,Burgenland,[]
9323,Feiler-Artinger,93.8,46.5,93.5,46.5,6,2,"['White Blend', 'Muskat Ottonel']",Austria,Neusiedlersee-Hügelland,[]
9324,Feist,85.2,80.0,84.0,73.5,5,1,['Port'],Portugal,Port,[]
9325,Feist,88.0,26.0,89.0,24.0,3,3,"['Chardonnay', 'Viognier', 'Barbera']",US,California,"['California', 'California Other']"
9326,Felipe Rutini,87.2,30.2,87.0,19.0,16,7,"['Red Blend', 'Malbec-Merlot', 'Malbec', 'Chardonnay', 'Merlot', 'Bordeaux-style Red Blend', 'Cabernet Sauvignon']",Argentina,Mendoza Province,['Mendoza']
9327,Felix Callejo,86.8,30.0,87.0,22.0,8,1,['Tempranillo'],Spain,Northern Spain,['Ribera del Duero']
9328,Felix Lavaque,85.3,46.7,87.0,30.0,3,2,"['Malbec', 'Malbec-Tannat']",Argentina,Other,['Cafayate']
9329,Felix Solis,85.2,7.8,85.0,8.0,5,3,"['Tempranillo', 'Syrah', 'White Blend']",Spain,Central Spain,['Valdepeñas']
9330,Feliz Noche,88.2,54.5,89.0,45.0,13,11,"['Tempranillo', 'Sangiovese', 'Rosé', 'Sauvignon Blanc', 'Grenache', 'Syrah', 'Pinot Noir', 'Cabernet Sauvignon', 'Riesling', 'Chardonnay', 'Red Blend']",US,California,"['Santa Barbara County', 'Central Coast']"
9331,Felline,88.0,20.0,88.0,20.0,1,1,['Primitivo'],Italy,Southern Italy,['Primitivo di Manduria']
9332,Felsina,91.2,57.1,91.5,53.0,16,4,"['Sangiovese', 'White Blend', 'Red Blend', 'Cabernet Sauvignon']",Italy,Tuscany,['Chianti Classico']
9333,Felsner,88.3,20.6,88.0,20.0,25,5,"['Grüner Veltliner', 'Riesling', 'St. Laurent', 'Zweigelt', 'Rosé']",Austria,Kremstal,[]
9334,Felsner,88.0,16.0,88.0,13.0,9,2,"['Grüner Veltliner', 'Rosé']",Austria,Niederösterreich,[]
9335,Felten Cellars,87.4,23.2,86.0,21.0,9,5,"['Pinot Noir', 'Sauvignon Blanc', 'Tempranillo', 'Zinfandel', 'Gewürztraminer']",US,California,"['San Luis Obispo County', 'Central Coast']"
9336,Felton Road,90.6,51.2,91.0,52.5,47,3,"['Riesling', 'Pinot Noir', 'Chardonnay']",New Zealand,Central Otago,[]
9337,Fenech,88.0,,88.0,,2,2,"['White Blend', 'Red Blend']",Italy,Sicily & Sardinia,['Malvasia delle Lipari']
9338,Fenestra,86.7,22.1,87.0,22.0,121,32,"['Tempranillo', 'Rhône-style Red Blend', 'Verdelho', 'White Blend', 'Bordeaux-style Red Blend', 'Cabernet Franc', 'Mourvèdre', 'Chardonnay', 'Pinot Gris', 'Chardonnay-Semillon', 'Riesling', 'Petite Sirah', 'Graciano', 'Grenache', 'Malbec', 'Port', 'Red Blend', 'Syrah', 'Pinot Noir', 'Touriga Franca', 'Alvarelhão', 'Sémillon', 'Touriga Nacional', 'Petit Verdot', 'Sauvignon Blanc', 'White Riesling', 'Viognier', 'Cabernet Sauvignon', 'Torrontés', 'Semillon-Chardonnay', 'Merlot', 'Zinfandel']",US,California,"['Lodi', 'Central Valley']"
9339,Ferghettina,90.6,64.6,90.0,60.0,7,2,"['Chardonnay', 'Sparkling Blend']",Italy,Lombardy,['Franciacorta']
9340,Ferguson Crest,89.2,32.8,89.0,31.5,4,3,"['Red Blend', 'Syrah', 'Viognier']",US,California,"['Santa Ynez Valley', 'Central Coast']"
9341,Ferllen,86.7,18.0,87.0,18.0,3,3,"['Malbec', 'Merlot', 'Cabernet Sauvignon']",Argentina,Mendoza Province,['Mendoza']
9342,Fern Ridge,82.0,15.0,82.0,15.0,1,1,['Sauvignon Blanc'],New Zealand,Marlborough,[]
9343,Fernando Diéguez Otero,87.0,18.0,87.0,18.0,1,1,['Albariño'],Spain,Galicia,['Rías Baixas']
9344,Fernando Dupont,92.0,66.0,92.0,66.0,1,1,['Red Blend'],Argentina,Other,['Jujuy']
9345,Fernando Torres Torrent,84.0,32.0,84.0,32.0,1,1,['Cabernet Sauvignon-Syrah'],Chile,Lontué Valley,[]
9346,Ferngrove,87.0,15.5,86.5,14.0,4,4,"['Riesling', 'Chardonnay', 'Cabernet Sauvignon-Merlot', 'Shiraz-Viognier']",Australia,Western Australia,['Frankland River']
9347,Fernwood,85.6,32.5,85.5,30.0,12,8,"['Cabernet Sauvignon', 'Bordeaux-style Red Blend', 'Chardonnay', 'Syrah', 'Merlot', 'Petite Sirah', 'Cabernet Franc', 'Zinfandel']",US,California,"['Santa Cruz Mountains', 'Central Coast']"
9348,Fernz,86.5,17.0,86.5,17.0,2,2,"['Pinot Noir', 'Chardonnay']",New Zealand,Marlborough,[]
9349,Fernández Gómez,87.8,21.8,87.0,22.0,8,4,"['Garnacha Blanca', 'Tempranillo', 'Garnacha', 'White Blend']",Spain,Northern Spain,['Rioja']
9350,Fernández de Piérola,87.2,23.6,87.0,24.0,5,1,['Tempranillo'],Spain,Northern Spain,['Rioja']
9351,Ferragú Ornello,87.0,45.0,87.0,45.0,1,1,['Red Blend'],Italy,Veneto,['Valpolicella Superiore']
9352,Ferrandes,88.0,44.0,88.0,44.0,1,1,['Zibibbo'],Italy,Sicily & Sardinia,['Passito di Pantelleria']
9353,Ferrando,94.5,75.0,94.5,75.0,2,1,['Nebbiolo'],Italy,Piedmont,['Carema']
9354,Ferraretto,85.0,,85.0,,1,1,['Garganega'],Italy,Veneto,['Soave']
9355,Ferrari,90.9,49.0,91.0,35.0,37,3,"['Chardonnay', 'Sparkling Blend', 'Pinot Nero']",Italy,Northeastern Italy,['Trento']
9356,Ferrari Iris & Figli,89.7,,90.0,,3,1,['Red Blend'],Italy,Tuscany,['Bolgheri']
9357,Ferrari Iris e Figli,89.5,35.0,89.5,35.0,2,1,['Red Blend'],Italy,Tuscany,['Bolgheri Superiore']
9358,Ferrari-Carano,88.5,36.3,88.0,34.0,81,15,"['Pinot Noir', 'Fumé Blanc', 'Cabernet Sauvignon', 'Chardonnay', 'Bordeaux-style Red Blend', 'Red Blend', 'Merlot', 'Pinot Grigio', 'Sémillon', 'Black Muscat', 'White Blend', 'Cabernet Blend', 'Zinfandel', 'Cabernet Sauvignon-Syrah', 'G-S-M']",US,California,"['Mendocino Ridge', 'Mendocino/Lake Counties']"
9359,Ferraton Pere et Fils,88.2,38.2,89.0,21.5,17,6,"['Rhône-style Red Blend', 'Syrah', 'Rosé', 'Rhône-style White Blend', 'Grenache', 'Marsanne']",France,Rhône Valley,['Côtes du Rhône']
9360,Ferraud et Fils,87.1,19.7,87.0,20.0,11,1,['Gamay'],France,Beaujolais,['Beaujolais']
9361,Ferraud et Fils,86.9,,87.0,,8,1,['Chardonnay'],France,Burgundy,['Saint-Véran']
9362,Ferreira,88.7,35.9,89.0,26.0,19,1,['Port'],Portugal,Port,[]
9363,Ferrer Bobet,90.3,66.7,90.5,55.0,12,2,"['Carignan', 'Red Blend']",Spain,Catalonia,['Priorat']
9364,Ferrero,88.6,52.8,88.0,50.0,13,2,"['Sangiovese', 'Sangiovese Grosso']",Italy,Tuscany,['Brunello di Montalcino']
9365,Ferriere Vineyards,87.5,30.0,87.5,30.0,2,1,['Cabernet Franc'],US,California,"['Sierra Foothills', 'Sierra Foothills']"
9366,Ferro Family Wines,89.0,36.5,89.0,36.5,2,2,"['Merlot', 'Sauvignon Blanc']",US,California,"['Temecula Valley', 'South Coast']"
9367,Ferrocinto,86.5,,86.5,,2,2,"['Magliocco', 'Mantonico']",Italy,Southern Italy,['Calabria']
9368,Ferruccio Deiana,89.0,29.5,89.0,29.5,2,2,"['Cannonau', 'Vermentino']",Italy,Sicily & Sardinia,['Cannonau di Sardegna']
9369,Ferruccio Sgubin,87.2,15.7,88.0,15.5,6,4,"['Sauvignon', 'Friulano', 'Pinot Grigio', 'Ribolla Gialla']",Italy,Northeastern Italy,['Collio']
9370,Ferrum,87.0,18.0,87.0,18.0,1,1,['Albariño'],Spain,Galicia,['Rías Baixas']
9371,Ferré I Catasús,87.6,24.0,86.0,15.0,7,3,"['Cabernet Sauvignon-Merlot', 'Sparkling Blend', 'Red Blend']",Spain,Catalonia,['Penedès']
9372,Fess Parker,89.8,38.1,90.0,36.0,131,8,"['Pinot Noir', 'Syrah', 'Red Blend', 'Viognier', 'Riesling', 'Chardonnay', 'Rhône-style Red Blend', 'Rhône-style White Blend']",US,California,"['Santa Barbara County', 'Central Coast']"
9373,Fesstivity,90.3,41.7,90.0,40.0,3,3,"['Rosé', 'Sparkling Blend', 'Chardonnay']",US,California,"['Sta. Rita Hills', 'Central Coast']"
9374,Festival and Feast,87.5,24.0,87.5,24.0,2,1,['Pinot Noir'],US,California,"['Sonoma County', 'Sonoma']"
9375,Fetish,89.3,21.3,89.0,22.0,3,2,"['Shiraz', 'Shiraz-Mourvèdre']",Australia,South Australia,['Barossa Valley']
9376,Fetzer,85.3,12.1,85.0,10.0,70,13,"['Gewürztraminer', 'Chardonnay', 'Merlot', 'Sauvignon Blanc', 'Riesling', 'Red Blend', 'Syrah', 'Pinot Grigio', 'Shiraz', 'Zinfandel', 'Cabernet Sauvignon', 'Pinot Noir', 'Johannisberg Riesling']",US,California,"['Monterey County', 'Central Coast']"
9377,Feudi del Pisciotto,85.9,20.7,86.0,21.0,46,10,"['Merlot', ""Nero d'Avola"", 'Red Blend', 'Chardonnay', 'Frappato', 'Grillo', 'Cabernet Sauvignon', 'Moscato', 'Inzolia', 'White Blend']",Italy,Sicily & Sardinia,['Sicilia']
9378,Feudi della Medusa,88.7,57.6,88.0,56.5,15,5,"['Red Blend', 'Vermentino', 'White Blend', 'Chardonnay', 'Carignano']",Italy,Sicily & Sardinia,['Isola dei Nuraghi']
9379,Feudi di San Giuliano,86.2,,86.5,,4,4,"['Red Blend', 'Chardonnay', 'White Blend', ""Nero d'Avola""]",Italy,Sicily & Sardinia,['Sicilia']
9380,Feudi di San Gregorio,90.3,41.7,91.0,43.0,3,3,"['Greco', 'Falanghina', 'Aglianico']",Italy,Italy Other,['Vino Spumante']
9381,Feudi di San Gregorio,89.8,38.5,90.0,31.0,133,11,"['Aglianico', 'Fiano', 'Sirica', 'Greco', 'Falanghina', 'Primitivo', 'Rosé', 'White Blend', 'Red Blend', 'Merlot', 'Piedirosso']",Italy,Southern Italy,['Irpinia']
9382,Feudi di San Marzano,86.9,15.8,87.0,14.0,16,6,"['Primitivo', 'Red Blend', 'Negroamaro', 'Malvasia Nera', 'Malvasia', 'Verdeca']",Italy,Southern Italy,['Primitivo di Manduria']
9383,Feudi di Terra d'Otranto,86.8,18.8,87.0,20.0,4,4,"['Syrah', 'Aglianico', 'Rosé', 'Primitivo']",Italy,Southern Italy,['Salento']
9384,Feudo Antico,89.7,22.3,90.0,22.0,3,3,"['Red Blend', 'Rosé', 'White Blend']",Italy,Central Italy,['Abruzzo']
9385,Feudo Antico,87.5,20.5,87.5,20.5,2,2,"['Grillo', 'Rosato']",Italy,Sicily & Sardinia,['Terre Siciliane']
9386,Feudo Arancio,87.5,13.6,87.0,9.0,54,11,"['White Blend', 'Merlot', 'Syrah', 'Chardonnay', 'Cabernet Sauvignon', 'Red Blend', 'Grillo', 'Pinot Nero', ""Nero d'Avola"", 'Pinot Grigio', 'Rosé']",Italy,Sicily & Sardinia,['Sicilia']
9387,Feudo Disisa,87.7,21.7,87.0,18.0,18,5,"['Grillo', 'Fiano', 'Red Blend', ""Nero d'Avola"", 'White Blend']",Italy,Sicily & Sardinia,['Sicilia']
9388,Feudo Maccari,88.1,30.0,88.0,31.5,25,6,"['Grillo', ""Nero d'Avola"", 'Moscato', 'Red Blend', 'Rosé', 'Syrah']",Italy,Sicily & Sardinia,['Sicilia']
9389,Feudo Monaci,87.0,17.0,87.0,17.0,1,1,['Catarratto'],Italy,Sicily & Sardinia,['Sicilia']
9390,Feudo Monaci,89.0,9.0,89.0,9.0,1,1,['Primitivo'],Italy,Southern Italy,['Puglia']
9391,Feudo Montoni,88.0,20.8,88.0,17.0,27,7,"[""Nero d'Avola"", 'Grillo', 'Catarratto', 'Chardonnay', 'Sauvignon Blanc', 'Pinot Noir', 'Rosato']",Italy,Sicily & Sardinia,['Sicilia']
9392,Feudo Principi di Butera,87.7,25.6,87.0,17.0,52,9,"['Grillo', ""Nero d'Avola"", 'Inzolia', 'Cabernet Sauvignon', 'Merlot', 'Syrah', 'Red Blend', 'Insolia', 'Chardonnay']",Italy,Sicily & Sardinia,['Sicilia']
9393,Feudo Solaria,87.5,26.5,87.5,26.5,2,2,"['Red Blend', ""Nero d'Avola""]",Italy,Sicily & Sardinia,['Mamertino']
9394,Feudo di Gulfa,87.0,,87.0,,1,1,['Red Blend'],Italy,Sicily & Sardinia,['Etna']
9395,Feudo di Santa Tresa,88.0,20.0,88.0,20.0,1,1,['Grillo'],Italy,Italy Other,['Vino Spumante']
9396,Feudo di Santa Tresa,86.8,17.1,87.0,15.0,23,5,"['Red Blend', 'Frappato', ""Nero d'Avola"", 'White Blend', 'Rosé']",Italy,Sicily & Sardinia,['Sicilia']
9397,Feyles,84.0,,84.0,,1,1,['Nebbiolo'],Italy,Piedmont,['Barbaresco']
9398,Fiddlebender,84.8,14.5,84.5,14.5,4,2,"['Red Blend', 'White Blend']",US,Arizona,['Arizona']
9399,Fiddlehead,91.0,41.4,92.0,34.0,15,2,"['Pinot Noir', 'Sauvignon Blanc']",US,California,"['Sta. Rita Hills', 'Central Coast']"
9400,Fiddlehead Cellars,86.6,34.0,87.0,32.0,5,3,"['Pinot Noir', 'Sauvignon Blanc', 'Sparkling Blend']",US,California,"['Sta. Rita Hills', 'Central Coast']"
9401,Fiddletown Cellars,89.0,30.7,89.0,27.0,16,4,"['Barbera', 'Zinfandel', 'Red Blend', 'Petite Sirah']",US,California,"['Amador County', 'Sierra Foothills']"
9402,Fidelitas,89.6,43.2,89.0,40.0,56,11,"['Merlot', 'Malbec', 'Cabernet Sauvignon', 'Bordeaux-style Red Blend', 'Cabernet Franc', 'Sémillon', 'Bordeaux-style White Blend', 'White Blend', 'Red Blend', 'Syrah', 'Meritage']",US,Washington,"['Red Mountain', 'Columbia Valley']"
9403,Fidelity,87.8,14.0,87.0,14.5,4,2,"['Bordeaux-style Red Blend', 'Zinfandel']",US,California,"['Alexander Valley', 'Sonoma']"
9404,Fidora,89.0,60.0,89.0,60.0,1,1,['Red Blend'],Italy,Veneto,['Amarone della Valpolicella']
9405,Fiegl,87.4,18.2,87.0,17.0,5,5,"['White Blend', 'Ribolla Gialla', 'Pinot Grigio', 'Merlot', 'Sauvignon']",Italy,Northeastern Italy,['Collio']
9406,Field Recordings,87.0,16.0,87.0,16.0,1,1,['Chenin Blanc'],US,California,"['Santa Ynez Valley', 'Central Coast']"
9407,Field Stone,85.9,25.8,85.5,22.0,22,9,"['Petite Sirah', 'Red Blend', 'Sangiovese', 'Viognier', 'Sauvignon Blanc', 'Cabernet Sauvignon', 'Port', 'Merlot', 'Syrah']",US,California,"['Alexander Valley', 'Sonoma']"
9408,Fielding Hills,90.9,35.0,91.0,36.0,51,7,"['Cabernet Franc', 'Merlot', 'Syrah', 'Cabernet Sauvignon', 'Red Blend', 'Rosé', 'Malbec']",US,Washington,"['Wahluke Slope', 'Columbia Valley']"
9409,Fields,91.0,26.0,91.0,26.0,1,1,['Cinsault'],US,California,"['Lodi', 'Central Valley']"
9410,Fields Family,89.3,27.4,90.0,24.0,18,8,"['Zinfandel', 'Shiraz', 'Syrah', 'Tempranillo', 'Petite Sirah', 'Red Blend', 'Merlot', 'Cabernet Sauvignon']",US,California,"['Lodi', 'Central Valley']"
9411,Fiesta Winery,80.0,18.0,80.0,18.0,2,1,['White Blend'],US,Texas,['Texas']
9412,Fiesta del Pomar Junction,85.0,34.0,85.0,34.0,1,1,['Red Blend'],US,California,"['Central Coast', 'Central Coast']"
9413,Fietri,89.0,36.5,89.0,36.5,2,1,['Red Blend'],Italy,Tuscany,['Chianti Classico']
9414,Fife,89.9,28.2,91.0,24.0,19,8,"['Cabernet Sauvignon', 'Rhône-style Red Blend', 'Syrah', 'Red Blend', 'Petite Sirah', 'Zinfandel', 'Rosé', 'Merlot']",US,California,"['Napa Valley', 'Napa']"
9415,Fifi,90.0,24.0,90.0,24.0,1,1,['Sangiovese'],US,California,"['California', 'California Other']"
9416,Fig,91.0,33.0,91.0,33.0,2,2,"['Pinot Noir', 'Chardonnay']",US,California,"['Santa Maria Valley', 'Central Coast']"
9417,Figaro,84.5,10.0,83.5,10.0,4,2,"['Red Blend', 'Garnacha']",Spain,Northern Spain,['Calatayud']
9418,Figge,87.0,31.2,87.0,32.5,4,4,"['Syrah', 'Chardonnay', 'Pinot Noir', 'Cabernet Sauvignon']",US,California,"['Arroyo Seco', 'Central Coast']"
9419,Figgins,92.9,63.0,93.0,85.0,10,2,"['Bordeaux-style Red Blend', 'Riesling']",US,Washington,"['Walla Walla Valley (WA)', 'Columbia Valley']"
9420,Figuière,89.7,25.0,90.0,23.0,3,1,['Rosé'],France,Provence,['Côtes de Provence']
9421,Filipa Pato,90.5,43.0,90.5,43.0,2,2,"['Portuguese Sparkling', 'Portuguese Red']",Portugal,Bairrada,[]
9422,Filipa Pato,89.4,25.0,90.0,21.0,7,3,"['Portuguese Red', 'Portuguese White', 'Bical']",Portugal,Beiras,[]
9423,Filippi,86.8,21.3,87.0,21.0,5,1,['Garganega'],Italy,Veneto,['Soave Classico']
9424,Fillaboa,88.1,21.6,88.0,20.0,14,1,['Albariño'],Spain,Galicia,['Rías Baixas']
9425,Filus,87.2,18.4,87.0,18.0,12,2,"['Malbec', 'Red Blend']",Argentina,Mendoza Province,['Uco Valley']
9426,Filus,87.5,12.5,87.5,12.5,2,1,['Torrontés'],Argentina,Other,['Salta']
9427,Filón,86.2,12.0,86.0,11.0,4,1,['Garnacha'],Spain,Northern Spain,['Calatayud']
9428,Finca 8,86.8,35.2,87.0,34.0,4,1,['Malbec'],Argentina,Mendoza Province,['Uco Valley']
9429,Finca Adelma,87.5,22.0,87.5,22.0,2,1,['Malbec'],Argentina,Mendoza Province,['Mendoza']
9430,Finca Agostino,86.1,20.6,86.0,19.0,12,8,"['Malbec-Syrah', 'Cabernet Sauvignon', 'Torrontés', 'Chardonnay-Viognier', 'Red Blend', 'Malbec', 'Chardonnay', 'Bordeaux-style Red Blend']",Argentina,Mendoza Province,['Mendoza']
9431,Finca Albret,87.5,27.6,87.5,25.0,14,6,"['Cabernet Sauvignon', 'Red Blend', 'Tempranillo Blend', 'Chardonnay', 'Garnacha', 'Cabernet Blend']",Spain,Northern Spain,['Navarra']
9432,Finca Allende,90.6,100.2,90.0,62.0,20,4,"['White Blend', 'Tempranillo Blend', 'Tempranillo', 'Malvasia-Viura']",Spain,Northern Spain,['Rioja']
9433,Finca Antigua,84.6,12.5,84.5,12.0,22,8,"['Garnacha', 'Tempranillo', 'Viura', 'Cabernet Sauvignon', 'Red Blend', 'Moscatel', 'Merlot', 'Tempranillo Blend']",Spain,Central Spain,['La Mancha']
9434,Finca Anzil,91.0,28.0,91.0,28.0,1,1,['Tinta de Toro'],Spain,Northern Spain,['Toro']
9435,Finca Arantei,89.0,20.0,89.0,20.0,2,1,['Albariño'],Spain,Galicia,['Rías Baixas']
9436,Finca Bacara,81.0,35.0,81.0,35.0,1,1,['Monastrell'],Spain,Levante,['Jumilla']
9437,Finca Casa Lo Alto,87.4,26.4,87.0,28.0,5,1,['Red Blend'],Spain,Levante,['Utiel-Requena']
9438,Finca Constancia,87.0,20.4,87.5,20.0,12,6,"['Verdejo', 'Graciano', 'Red Blend', 'Tempranillo', 'Syrah-Petit Verdot', 'Verdejo-Sauvignon Blanc']",Spain,Central Spain,['Vino de la Tierra de Castilla']
9439,Finca Coronado,90.5,30.5,90.5,30.5,2,1,['Red Blend'],Spain,Central Spain,['Vino de la Tierra de Castilla']
9440,Finca Decero,88.5,32.7,89.0,23.0,19,6,"['Petit Verdot', 'Cabernet Sauvignon', 'Red Blend', 'Malbec', 'Petite Verdot', 'Bordeaux-style Red Blend']",Argentina,Mendoza Province,['Agrelo']
9441,Finca Don Carlos,84.9,25.5,85.0,24.5,8,4,"['Pinot Noir', 'Malbec', 'Chardonnay', 'Cabernet Sauvignon']",Argentina,Mendoza Province,['Uco Valley']
9442,Finca El Encinal,85.0,18.9,84.0,17.0,7,2,"['Tempranillo', 'Tempranillo Blend']",Spain,Northern Spain,['Ribera del Duero']
9443,Finca El Monegrillo,89.5,37.5,89.5,37.5,2,2,"['Shiraz-Cabernet Sauvignon', 'Red Blend']",Spain,Central Spain,['Manchuela']
9444,Finca El Origen,86.6,16.6,85.5,12.0,36,8,"['Chardonnay', 'Viognier', 'Cabernet Sauvignon', 'Malbec', 'Rosé', 'Red Blend', 'Malbec-Cabernet Sauvignon', 'Syrah']",Argentina,Mendoza Province,['Mendoza']
9445,Finca El Origen,86.8,11.6,87.0,12.0,5,1,['Torrontés'],Argentina,Other,['Salta']
9446,Finca El Paso,88.0,12.0,88.0,12.0,1,1,['Monastrell'],Spain,Levante,['Jumilla']
9447,Finca El Portillo,84.3,10.6,84.0,10.5,18,7,"['Sauvignon Blanc', 'Chardonnay', 'Cabernet Sauvignon', 'Malbec', 'Syrah', 'Pinot Noir', 'Merlot']",Argentina,Mendoza Province,['Uco Valley']
9448,Finca El Quiñón,90.0,50.0,90.0,50.0,2,1,['Tempranillo'],Spain,Northern Spain,['Ribera del Duero']
9449,Finca El Retiro,84.5,12.1,85.0,11.0,8,4,"['Malbec', 'Tempranillo', 'Syrah', 'Cabernet Sauvignon']",Argentina,Mendoza Province,['Mendoza']
9450,Finca Flichman,86.8,23.0,86.0,15.0,23,6,"['Red Blend', 'Malbec', 'Malbec-Cabernet Sauvignon', 'Syrah', 'Cabernet Sauvignon', 'Bordeaux-style Red Blend']",Argentina,Mendoza Province,['Mendoza']
9451,Finca Hispana,87.3,13.0,87.0,10.0,3,2,"['Garnacha Blanca', 'Red Blend']",Spain,Catalonia,['Terra Alta']
9452,Finca Hispana,86.5,12.5,86.5,12.5,2,1,['Monastrell'],Spain,Levante,['Jumilla']
9453,Finca Hispana,90.0,15.0,90.0,15.0,1,1,['Tempranillo'],Spain,Northern Spain,['Rioja']
9454,Finca Jakue,84.0,18.0,83.0,18.0,3,3,"['White Blend', 'Hondarrabi Zuri', 'Rosé']",Spain,Northern Spain,['Getariako Txakolina']
9455,Finca Koch,86.0,14.3,87.0,14.0,3,2,"['Cabernet Sauvignon', 'Malbec']",Argentina,Mendoza Province,['Tupungato']
9456,Finca Koch,83.0,9.0,83.0,9.0,1,1,['Torrontés'],Argentina,Other,['Cafayate']
9457,Finca La Anita,85.4,24.3,86.5,20.0,8,4,"['White Blend', 'Red Blend', 'Malbec', 'Petit Verdot']",Argentina,Mendoza Province,['Mendoza']
9458,Finca La Daniela,86.0,11.0,86.0,11.0,1,1,['Malbec'],Argentina,Mendoza Province,['Mendoza']
9459,Finca La Emperatriz,88.6,38.4,88.0,30.0,5,2,"['Tempranillo Blend', 'Tempranillo']",Spain,Northern Spain,['Rioja']
9460,Finca La Estacada,85.0,15.2,84.0,13.0,13,7,"['Tempranillo', 'Red Blend', 'Tinto Velasco', 'Cabernet Sauvignon-Syrah', 'Chardonnay', 'Syrah-Merlot', 'Tempranillo Blend']",Spain,Central Spain,['Uclés']
9461,Finca La Luz,85.6,23.5,86.0,24.0,11,4,"['Malbec', 'Cabernet Sauvignon', 'Petit Verdot', 'Torrontés']",Argentina,Mendoza Province,['Uco Valley']
9462,Finca La María,83.0,19.0,83.0,19.0,1,1,['Tempranillo'],Spain,Northern Spain,['Ribera del Duero']
9463,Finca La Mata,89.3,22.0,90.0,22.0,3,2,"['Tinto del Pais', 'Tempranillo']",Spain,Northern Spain,['Ribera del Duero']
9464,Finca La Niña,84.7,9.0,85.0,9.0,3,3,"['Malbec', 'Cabernet Sauvignon', 'Chardonnay']",Argentina,Mendoza Province,['Mendoza']
9465,Finca La Pica,84.0,25.0,84.0,25.0,1,1,['Tempranillo Blend'],Spain,Northern Spain,['Rioja']
9466,Finca Lalande,88.6,19.2,88.0,17.0,5,2,"['Malbec', 'Cabernet Sauvignon']",Argentina,Mendoza Province,['Mendoza']
9467,Finca Las Moras,86.2,17.8,86.0,12.0,12,7,"['Sauvignon Blanc', 'Chardonnay', 'Malbec-Bonarda', 'Bonarda', 'Syrah', 'Cabernet Sauvignon-Shiraz', 'Malbec']",Argentina,Other,['San Juan']
9468,Finca Las Yeguas,83.0,12.0,83.0,12.0,1,1,['Chardonnay'],Argentina,Mendoza Province,['Perdriel']
9469,Finca Los Lirios,85.0,17.0,85.0,17.0,1,1,['Malbec'],Argentina,Mendoza Province,['Luján de Cuyo']
9470,Finca Los Maza,85.6,22.7,86.0,12.0,9,4,"['Sauvignon Blanc', 'Cabernet Sauvignon', 'Cabernet-Syrah', 'Malbec']",Argentina,Mendoza Province,['Mendoza']
9471,Finca Los Olmos,82.0,14.0,82.0,14.0,1,1,['Chardonnay'],Argentina,Mendoza Province,['Maipú']
9472,Finca Manzanos,86.5,11.0,86.5,11.0,2,2,"['Tempranillo-Garnacha', 'Viura-Chardonnay']",Spain,Northern Spain,['Rioja']
9473,Finca Mayor,92.0,49.0,92.0,49.0,1,1,['Tempranillo'],Spain,Northern Spain,['Rioja']
9474,Finca Milena,83.0,7.0,83.0,7.0,1,1,['Tempranillo'],Spain,Levante,['Utiel-Requena']
9475,Finca Montepedroso,86.5,17.0,86.5,17.0,2,1,['Verdejo'],Spain,Northern Spain,['Rueda']
9476,Finca Mores,84.5,23.5,84.5,23.5,2,1,['Red Blend'],Spain,Catalonia,['Montsant']
9477,Finca Nueva,85.4,16.1,85.0,16.0,10,3,"['Tempranillo', 'Viura', 'White Blend']",Spain,Northern Spain,['Rioja']
9478,Finca Pasión,82.7,15.0,82.0,15.0,3,3,"['Chardonnay', 'Syrah', 'Malbec']",Argentina,Mendoza Province,['Mendoza']
9479,Finca Patagonia,84.6,14.9,84.0,16.0,13,7,"['Cabernet Sauvignon', 'Pinot Noir', 'Sauvignon Blanc', 'Chardonnay', 'Syrah', 'Cabernet Sauvignon-Syrah', 'Merlot']",Chile,Maule Valley,[]
9480,Finca Perdriel,89.5,33.9,90.0,20.0,13,4,"['Cabernet Sauvignon', 'Bordeaux-style Red Blend', 'Malbec', 'Red Blend']",Argentina,Mendoza Province,['Mendoza']
9481,Finca Salazar,83.0,11.0,83.0,11.0,1,1,['Sauvignon Blanc'],Spain,Central Spain,['Vino de la Tierra de Castilla']
9482,Finca Sandoval,90.5,45.5,90.5,31.5,8,3,"['Red Blend', 'Syrah', 'Touriga Nacional Blend']",Spain,Central Spain,['Manchuela']
9483,Finca Santa Justina,84.0,20.0,84.0,20.0,2,2,"['Cabernet Sauvignon', 'Malbec']",Argentina,Mendoza Province,['San Rafael']
9484,Finca Simonassi,84.0,10.0,84.0,10.0,1,1,['Malbec'],Argentina,Mendoza Province,['Mendoza']
9485,Finca Sobreño,88.6,25.4,88.0,19.0,5,3,"['Tinta de Toro', 'Tinta del Toro', 'Red Blend']",Spain,Northern Spain,['Toro']
9486,Finca Sophenia,86.6,20.0,86.5,17.0,76,10,"['Sauvignon Blanc', 'Malbec', 'Merlot', 'Syrah', 'Cabernet Sauvignon', 'Bordeaux-style Red Blend', 'Chardonnay', 'Red Blend', 'Torrontés', 'Viognier']",Argentina,Mendoza Province,['Tupungato']
9487,Finca Teira,89.0,19.0,89.0,19.0,1,1,['White Blend'],Spain,Galicia,['Ribeiro']
9488,Finca Tobella,90.5,34.0,90.5,34.0,2,1,['Red Blend'],Spain,Catalonia,['Priorat']
9489,Finca Torremilanos,84.5,16.0,84.5,16.0,2,1,['Sparkling Blend'],Spain,Catalonia,['Cava']
9490,Finca Torremilanos,86.3,25.8,87.0,22.5,18,4,"['Tempranillo', 'White Blend', 'Rosé', 'Tempranillo Blend']",Spain,Northern Spain,['Ribera del Duero']
9491,Finca Urquiza,84.0,12.0,84.0,12.0,2,2,"['Cabernet Sauvignon', 'Malbec']",Argentina,Mendoza Province,['Mendoza']
9492,Finca Valpiedra,86.0,30.3,86.5,30.5,10,2,"['Tempranillo Blend', 'Tempranillo']",Spain,Northern Spain,['Rioja']
9493,Finca Ventura,88.0,16.0,88.0,16.0,1,1,['Monastrell'],Spain,Levante,['Jumilla']
9494,Finca Vides,86.5,15.0,86.0,15.0,4,2,"['Chardonnay', 'Malbec']",Argentina,Mendoza Province,['Mendoza']
9495,Finca Vieja,83.3,9.0,83.0,9.0,3,1,['Tempranillo'],Spain,Central Spain,['La Mancha']
9496,Finca Villacreces,89.5,27.5,89.5,27.5,2,2,"['Tempranillo', 'Tempranillo Blend']",Spain,Northern Spain,['Ribera del Duero']
9497,Finca Wölffer,84.0,17.0,84.0,17.0,2,1,['Rosé'],Argentina,Mendoza Province,['Mendoza']
9498,Finca Wölffer,91.0,35.0,91.0,35.0,1,1,['Petit Verdot'],Spain,Spanish Islands,['Vi de la Terra Mallorca']
9499,Finca Zubastía,86.0,10.0,86.0,10.0,1,1,['Tempranillo Blend'],Spain,Northern Spain,['Navarra']
9500,Finca [ñ],86.5,20.0,86.5,20.0,2,1,['Malbec'],Argentina,Mendoza Province,['Alto Valle de Uco']
9501,Finca de Arantei,88.3,19.0,88.0,19.0,3,1,['Albariño'],Spain,Galicia,['Rías Baixas']
9502,Finca del Castillo,85.0,10.0,85.0,10.0,1,1,['Tempranillo'],Spain,Central Spain,['La Mancha']
9503,Finca del Marquesado,87.8,17.6,88.0,18.0,11,2,"['Tempranillo', 'Tempranillo Blend']",Spain,Northern Spain,['Rioja']
9504,Finca del Valle,82.0,7.0,82.0,7.0,1,1,['Malbec'],Argentina,Mendoza Province,['Mendoza']
9505,Finca la Celia,88.2,21.0,87.5,15.5,8,5,"['Malbec', 'Pinot Noir', 'Pinot Grigio', 'Red Blend', 'Cabernet Franc']",Argentina,Mendoza Province,['Uco Valley']
9506,Finca la Malena,86.0,14.0,86.0,14.0,1,1,['Torrontés'],Argentina,Mendoza Province,['Mendoza']
9507,Finca la Melonera,87.0,24.3,88.0,22.0,3,2,"['Red Blend', 'White Blend']",Spain,Andalucia,['Málaga']
9508,Finca la Rinconada,85.5,25.0,85.5,25.0,2,2,"['Red Blend', 'Verdejo']",Spain,Northern Spain,['Vino de la Tierra de Castilla y León']
9509,Finca las Caraballas,84.0,28.0,84.0,28.0,1,1,['Verdejo'],Spain,Northern Spain,['Vino de la Tierra de Castilla y León']
9510,Finca las Nubes,88.0,19.7,88.0,18.0,3,2,"['Malbec', 'Torrontés']",Argentina,Other,['Cafayate']
9511,Fincas Don Martino,88.2,28.0,88.5,26.5,4,1,['Malbec'],Argentina,Mendoza Province,['Luján de Cuyo']
9512,Fingerprints,87.0,10.0,87.0,10.0,2,2,"['Malbec', 'Cabernet Sauvignon']",Argentina,Mendoza Province,['Mendoza']
9513,Finisterra,84.0,7.0,84.0,7.0,4,2,"['Portuguese White', 'Portuguese Red']",Portugal,Alentejano,[]
9514,Finke's Widow,87.0,14.0,87.0,14.0,1,1,['Sparkling Blend'],US,California,"['California', 'California Other']"
9515,Finn Hill,87.6,26.2,87.5,25.0,14,9,"['Riesling', 'Rosé', 'Cabernet Sauvignon', 'Sauvignon Blanc', 'Cabernet Franc', 'Syrah', 'Merlot', 'Petit Verdot', 'Sangiovese']",US,Washington,"['Columbia Valley (WA)', 'Columbia Valley']"
9516,Finnegan's Lake,80.0,15.0,80.0,15.0,1,1,['Cabernet Sauvignon'],US,California,"['California', 'California Other']"
9517,Fioravante,80.0,15.0,80.0,15.0,1,1,['Malbec'],Argentina,Mendoza Province,['Mendoza']
9518,Fiore d'Arancio,87.0,15.0,87.0,15.0,1,1,['Orange Muscat'],US,California,"['California', 'California Other']"
9519,Fire Block,87.0,19.3,87.0,19.0,3,3,"['Riesling', 'Shiraz', 'Grenache']",Australia,South Australia,['Clare Valley']
9520,Fire Road,86.7,15.3,86.0,14.0,3,2,"['Sauvignon Blanc', 'Pinot Noir']",New Zealand,Marlborough,[]
9521,Fire Station Red,86.0,15.0,86.0,15.0,1,1,['Cabernet Sauvignon'],US,California,"['Central Coast', 'Central Coast']"
9522,Fire and Oak,86.0,17.0,87.0,16.0,3,2,"['Chardonnay', 'Pinot Noir']",US,California,"['Santa Barbara County', 'Central Coast']"
9523,Firebrix,86.8,12.0,87.0,12.0,4,4,"['Merlot', 'Chardonnay', 'Cabernet Sauvignon', 'Red Blend']",US,Washington,"['Columbia Valley (WA)', 'Columbia Valley']"
9524,Firefall,85.0,10.0,85.0,10.0,1,1,['Sangiovese'],US,California,"['Fair Play', 'Sierra Foothills']"
9525,Firefly Night,87.3,45.0,87.0,40.0,3,2,"['Pinot Noir', 'Chardonnay']",US,California,"['Santa Lucia Highlands', 'Central Coast']"
9526,Firefly Ridge,83.2,10.0,83.5,10.0,4,4,"['Cabernet Sauvignon', 'Moscato', 'Chardonnay', 'Red Blend']",US,California,"['Central Coast', 'Central Coast']"
9527,Firelands,82.5,11.5,82.5,11.5,2,2,"['Gewürztraminer', 'Cabernet Sauvignon']",US,Ohio,['Isle St. George']
9528,Firestarter,89.0,16.0,89.0,16.0,1,1,['Garnacha'],Spain,Northern Spain,['Cariñena']
9529,Firesteed,86.6,19.5,87.0,15.0,25,5,"['Pinot Gris', 'Pinot Noir', 'Riesling', 'Rosé', 'Chardonnay']",US,Oregon,"['Oregon', 'Oregon Other']"
9530,Firestone,86.9,22.4,87.0,20.0,79,11,"['Sauvignon Blanc', 'Pinot Noir', 'Cabernet Sauvignon', 'Merlot', 'Chardonnay', 'Syrah', 'Riesling', 'Gewürztraminer', 'Cabernet Franc', 'Petit Verdot', 'Bordeaux-style Red Blend']",US,California,"['Santa Ynez Valley', 'Central Coast']"
9531,Firriato,88.6,29.2,88.5,30.0,34,7,"['Red Blend', 'Catarratto', 'Perricone', ""Nero d'Avola"", 'White Blend', 'Grillo', 'Ansonica']",Italy,Sicily & Sardinia,['Terre Siciliane']
9532,First & Local,87.3,11.3,87.0,11.0,3,3,"['Chardonnay', 'Red Blend', 'Cabernet Sauvignon']",US,California,"['California', 'California Other']"
9533,First Colony,86.0,24.0,86.0,24.0,1,1,['Chardonnay'],US,Virginia,['Monticello']
9534,First Press,86.3,18.0,88.0,17.0,3,3,"['Cabernet Sauvignon', 'Sauvignon Blanc', 'Chardonnay']",US,California,"['Napa Valley', 'Napa']"
9535,Firstland,83.0,25.0,83.0,25.0,1,1,['Pinot Noir'],New Zealand,Marlborough,[]
9536,Fischer,87.4,26.7,87.0,24.0,10,7,"['St. Laurent', 'Red Blend', 'Zweigelt', 'Pinot Noir', 'Blauer Portugieser', 'Rosé', 'Rotgipfler']",Austria,Thermenregion,[]
9537,Fischer,92.3,23.5,93.0,24.0,9,2,"['Grüner Veltliner', 'Riesling']",Austria,Wachau,[]
9538,Fischer,83.5,18.0,83.5,18.0,4,3,"['Riesling', 'Pinot Noir', 'Pinot Gris']",Germany,Baden,[]
9539,Fish Hoek,85.0,11.0,85.0,11.0,1,1,['Sauvignon Blanc'],South Africa,Western Cape,[]
9540,Fish Hook,83.0,11.0,83.0,11.0,1,1,['Merlot'],South Africa,Western Cape,[]
9541,Fishbone,85.8,15.0,86.0,15.0,4,3,"['Merlot', 'Cabernet Sauvignon-Shiraz', 'White Blend']",Australia,Western Australia,['Western Australia']
9542,Fisher,89.0,51.8,90.0,47.5,6,3,"['Bordeaux-style Red Blend', 'Chardonnay', 'Cabernet Sauvignon']",US,California,"['Napa Valley', 'Napa']"
9543,Fisheye,83.8,8.0,84.0,8.0,4,4,"['Cabernet Sauvignon', 'Pinot Grigio', 'Sauvignon Blanc', 'Shiraz']",US,California,"['California', 'California Other']"
9544,Fitapreta,90.0,38.0,90.0,38.0,1,1,['Baga'],Portugal,Alentejano,[]
9545,Fitapreta Vinhos,89.0,29.2,90.0,22.0,26,4,"['Portuguese Red', 'Portuguese White', 'Antão Vaz', 'Castelão']",Portugal,Alentejano,[]
9546,Fitz-Ritter,88.3,23.5,88.0,23.0,25,6,"['Pinot Blanc', 'Gewürztraminer', 'Riesling', 'Chardonnay', 'Pinot Noir', 'Rieslaner']",Germany,Pfalz,[]
9547,Fitzpatrick,85.0,17.0,85.0,17.0,1,1,['Grenache'],US,California,"['El Dorado County', 'Sierra Foothills']"
9548,Fiuza,87.7,15.4,87.0,12.0,61,16,"['Portuguese Red', 'Portuguese White', 'Cabernet Sauvignon', 'Alvarinho-Chardonnay', 'Touriga Nacional Blend', 'Touriga Nacional-Cabernet Sauvignon', 'Touriga Nacional', 'Alicante Bouschet', 'Alvarinho', 'Chardonnay', 'Sauvignon Blanc', 'Merlot', 'Tinta Miúda', 'Rosé', 'Arinto', 'Portuguese Sparkling']",Portugal,Tejo,[]
9549,Five Friends,86.0,10.0,86.0,10.0,1,1,['Shiraz-Cabernet Sauvignon'],Australia,Australia Other,['Central Ranges']
9550,Five Rivers,84.2,12.1,84.0,11.0,12,5,"['Chardonnay', 'Merlot', 'Cabernet Sauvignon', 'Pinot Grigio', 'Pinot Noir']",US,California,"['California', 'California Other']"
9551,Five Rows,86.0,14.1,86.0,14.0,7,3,"['Chardonnay', 'Merlot', 'Cabernet Sauvignon']",US,California,"['California', 'California Other']"
9552,Five Star Cellars,90.5,37.0,90.5,35.0,4,4,"['Merlot', 'Sangiovese', 'Cabernet Sauvignon', 'Bordeaux-style Red Blend']",US,Washington,"['Walla Walla Valley (WA)', 'Columbia Valley']"
9553,FiveWise,87.0,12.0,87.0,12.0,1,1,['Meritage'],US,California,"['Central Coast', 'Central Coast']"
9554,FiàNobile,86.6,27.7,87.0,28.0,7,3,"['Frappato', ""Nero d'Avola"", 'Red Blend']",Italy,Sicily & Sardinia,['Terre Siciliane']
9555,Fjord,87.8,20.2,88.0,20.0,5,5,"['Cabernet Franc', 'Chardonnay', 'Sauvignon Blanc', 'Riesling', 'Albariño']",US,New York,"['Hudson River Region', 'New York Other']"
9556,Flagstone,87.0,40.0,87.0,40.0,1,1,['Cabernet Sauvignon'],South Africa,South Africa,[]
9557,Flagstone,88.0,29.0,88.0,29.0,2,2,"['Shiraz', 'Viognier']",South Africa,Western Cape,[]
9558,Flaherty,89.5,24.0,89.5,24.0,2,1,['Red Blend'],Chile,Aconcagua Valley,[]
9559,Flam,89.1,56.9,89.0,55.0,8,3,"['Cabernet Sauvignon', 'Syrah', 'Merlot']",Israel,Galilee,[]
9560,Flam,86.3,,87.0,,3,3,"['Red Blend', 'Cabernet Sauvignon', 'Merlot']",Israel,Israel,[]
9561,Flam,87.8,32.0,88.0,31.0,6,4,"['White Blend', 'Rosé', 'Bordeaux-style Red Blend', 'Red Blend']",Israel,Judean Hills,[]
9562,Flambeaux,90.5,60.0,90.5,60.0,2,1,['Cabernet Sauvignon'],US,California,"['Sonoma Valley', 'Sonoma']"
9563,Flanagan,91.3,58.5,92.0,58.5,3,3,"['Viognier', 'Pinot Noir', 'Chardonnay']",US,California,"['Bennett Valley', 'Sonoma']"
9564,Flechas de los Andes,90.6,28.8,91.0,30.0,5,2,"['Malbec', 'Red Blend']",Argentina,Mendoza Province,['Mendoza']
9565,Fleming Jenkins,88.0,35.0,87.0,40.0,17,5,"['Rosé', 'Bordeaux-style Red Blend', 'Chardonnay', 'Red Blend', 'Syrah']",US,California,"['California', 'California Other']"
9566,Fletcher,91.0,53.0,91.0,53.0,1,1,['Nebbiolo'],Italy,Piedmont,['Barolo']
9567,Fleur,86.3,15.8,85.5,16.0,6,3,"['Petite Sirah', 'Pinot Noir', 'Chardonnay']",US,California,"['North Coast', 'North Coast']"
9568,Fleur Du Cap,85.9,13.7,86.0,12.0,9,4,"['Merlot', 'Cabernet Sauvignon', 'Sauvignon Blanc', 'Pinotage']",South Africa,Coastal Region,[]
9569,Fleur Du Cap,87.0,11.0,87.0,11.0,1,1,['Chenin Blanc'],South Africa,South Africa,[]
9570,Fleur Du Cap,87.4,17.4,89.0,18.0,5,5,"['Cabernet Sauvignon', 'White Blend', 'Chardonnay', 'Sauvignon Blanc', 'Pinotage']",South Africa,Stellenbosch,[]
9571,Fleur Du Cap,86.4,10.8,86.5,10.0,12,4,"['Chenin Blanc', 'Cabernet Sauvignon', 'Chardonnay', 'Sauvignon Blanc']",South Africa,Western Cape,[]
9572,Fleur de California,85.2,15.2,85.0,15.0,5,3,"['Pinot Noir', 'Chardonnay', 'Rosé']",US,California,"['Central Coast', 'Central Coast']"
9573,Fleur de Charme,87.5,24.5,87.5,24.5,2,2,"['Bordeaux-style White Blend', 'Bordeaux-style Red Blend']",France,Bordeaux,['Sauternes']
9574,Fleur de Lyeth,85.0,11.0,85.0,11.0,1,1,['Bordeaux-style Red Blend'],US,California,"['California', 'California Other']"
9575,Fleur de Lys,82.0,20.0,82.0,20.0,1,1,['Viognier'],US,California,"['Fair Play', 'Sierra Foothills']"
9576,Fleur de Nuit,85.0,7.0,85.0,7.0,1,1,['Sparkling Blend'],Spain,Catalonia,['Cava']
9577,Fleuron,88.0,34.5,87.0,34.5,4,2,"['Cabernet Sauvignon', 'Chardonnay']",US,California,"['Pine Mountain-Cloverdale Peak', 'Sonoma']"
9578,Fleury,84.0,18.0,84.0,18.0,1,1,['Bordeaux-style Red Blend'],France,Bordeaux,['Bordeaux']
9579,Fleury,91.0,60.0,91.0,60.0,1,1,['Champagne Blend'],France,Champagne,['Champagne']
9580,Flinch,90.0,38.0,90.0,38.0,1,1,['Zinfandel'],US,California,"['Dry Creek Valley', 'Sonoma']"
9581,Flinder's Bay,84.0,16.0,84.0,16.0,1,1,['Shiraz'],Australia,Western Australia,['Margaret River']
9582,Flinders Run,88.7,26.3,88.0,30.0,3,2,"['Shiraz', 'Shiraz-Cabernet Sauvignon']",Australia,South Australia,['Southern Flinders Ranges']
9583,Flint & Steel,87.5,15.5,87.5,15.5,2,1,['Sauvignon Blanc'],US,California,"['Napa Valley', 'Napa']"
9584,Flocchini,86.1,25.8,86.0,23.5,12,5,"['Sauvignon Blanc', 'Pinot Noir', 'Syrah', 'Chardonnay', 'Rosé']",US,California,"['Sonoma Coast', 'Sonoma']"
9585,Flock by Smoking Loon,81.5,15.0,81.5,15.0,2,2,"['Pinot Noir', 'Merlot']",US,California,"['Monterey', 'Central Coast']"
9586,Floodgate,90.0,25.0,90.0,25.0,1,1,['Pinot Noir'],US,California,"['Russian River Valley', 'Sonoma']"
9587,Flor De Campo,87.0,19.0,87.0,19.0,1,1,['Chardonnay'],US,California,"['Santa Barbara County', 'Central Coast']"
9588,Flora Springs,90.2,66.1,91.0,65.0,92,11,"['Chardonnay', 'Merlot', 'Cabernet Sauvignon', 'Sauvignon Blanc', 'Bordeaux-style Red Blend', 'Meritage', 'Pinot Noir', 'Cabernet Blend', 'Red Blend', 'Sauvignon Musqué', 'Sangiovese']",US,California,"['Napa Valley', 'Napa']"
9589,Florent Descombe,88.0,27.5,88.0,28.0,6,1,['Gamay'],France,Beaujolais,['Chénas']
9590,Florent Descombe,87.8,21.6,88.0,14.0,5,2,"['Chardonnay', 'Pinot Noir']",France,Burgundy,['Pouilly-Fuissé']
9591,Florent Descombe,85.5,16.0,86.0,16.0,8,8,"['Merlot', 'Syrah', 'Rosé', 'Cabernet Sauvignon', 'Chardonnay', 'Pinot Noir', 'Grenache', 'Sauvignon Blanc']",France,France Other,['Vin de France']
9592,Floria,84.0,10.0,84.0,10.0,1,1,['Cabernet Sauvignon'],Chile,Molina,[]
9593,Florian Roblin,87.8,28.8,87.5,29.0,6,3,"['Sauvignon Blanc', 'Pinot Noir', 'Pinot Noir-Gamay']",France,Loire Valley,['Coteaux du Giennois']
9594,Florio,88.4,21.5,88.5,20.0,12,4,"['White Blend', 'Catarratto', 'Zibibbo', 'Grillo']",Italy,Sicily & Sardinia,['Sicilia']
9595,Flors,87.0,22.0,87.0,22.0,1,1,['Rhône-style Red Blend'],Spain,Catalonia,['Priorat']
9596,Flourish,81.0,11.0,81.0,11.0,1,1,['Tempranillo'],Spain,Northern Spain,['Rioja']
9597,Flower Garden,88.0,15.0,88.0,15.0,2,2,"['Riesling', 'Pinot Grigio']",Germany,Rheinhessen,[]
9598,Flowers,92.2,62.0,92.0,65.0,33,4,"['Pinot Noir', 'Chardonnay', 'Rosé', 'Red Blend']",US,California,"['Sonoma Coast', 'Sonoma']"
9599,Fluteau,90.0,47.5,90.5,45.0,4,2,"['Champagne Blend', 'Pinot Noir']",France,Champagne,['Champagne']
9600,FlyWine,86.0,16.2,86.0,11.5,4,4,"['Pinot Gris', 'Red Blend', 'Chardonnay', 'Cabernet Sauvignon']",US,California,"['Sonoma Valley', 'Sonoma']"
9601,Flying Ace,84.0,11.0,84.0,11.0,1,1,['Riesling'],Germany,Mosel,[]
9602,Flying Ace,85.0,14.0,85.0,14.0,1,1,['Red Blend'],Germany,Pfalz,[]
9603,Flying Angels,85.5,12.0,85.5,12.0,2,2,"['Sauvignon Blanc', 'Cabernet Sauvignon']",Chile,Curicó Valley,[]
9604,Flying Cloud,88.0,20.0,88.0,20.0,1,1,['Cabernet Sauvignon'],US,California,"['Paso Robles', 'Central Coast']"
9605,Flying Dreams,89.8,35.6,89.5,36.0,8,6,"['Monastrell', 'Cabernet Sauvignon', 'Sauvignon Blanc', 'Tempranillo', 'Syrah', 'Garnacha']",US,Washington,"['Columbia Valley (WA)', 'Columbia Valley']"
9606,Flying Fish,87.5,14.0,87.5,14.0,2,2,"['Riesling', 'Merlot']",US,Washington,"['Columbia Valley (WA)', 'Columbia Valley']"
9607,Flying Goat Cellars,90.6,44.5,92.0,43.0,34,2,"['Pinot Noir', 'Pinot Gris']",US,California,"['Sta. Rita Hills', 'Central Coast']"
9608,Flying Horse,89.9,38.6,90.0,35.0,7,5,"['Sauvignon Blanc', 'Cabernet Sauvignon', 'Petite Sirah', 'Petit Verdot', 'Chardonnay']",US,California,"['Napa Valley', 'Napa']"
9609,Flying Leap,84.0,34.0,84.0,34.0,2,2,"['Tempranillo', 'Mourvèdre']",US,Arizona,['Sonoita']
9610,Flying Trout,89.1,34.0,89.0,35.0,15,4,"['Red Blend', 'Malbec', 'Bordeaux-style Red Blend', 'Sangiovese']",US,Washington,"['Columbia Valley (WA)', 'Columbia Valley']"
9611,Flynn,84.0,45.0,84.0,45.0,1,1,['Pinot Noir'],US,America,[]
9612,Flywheel,90.5,33.0,91.0,33.0,4,4,"['Chardonnay', 'Mourvèdre', 'Pinot Noir', 'Grenache']",US,California,"['Chalone', 'Central Coast']"
9613,Foderà,89.0,40.0,89.0,40.0,1,1,['Merlot'],Italy,Sicily & Sardinia,['Sicilia']
9614,Foffani,85.5,15.2,85.5,14.0,6,3,"['Pinot Grigio', 'Sauvignon', 'Sauvignon Blanc']",Italy,Northeastern Italy,['Friuli Aquileia']
9615,Fog Alley,87.0,18.0,87.0,18.0,1,1,['Chardonnay'],US,California,"['Central Coast', 'Central Coast']"
9616,Fog Crest,90.0,42.8,90.0,42.0,18,2,"['Chardonnay', 'Pinot Noir']",US,California,"['Russian River Valley', 'Sonoma']"
9617,Fog Head,84.3,15.6,84.0,10.0,9,7,"['Pinot Noir', 'Syrah', 'Sauvignon Blanc', 'Red Blend', 'Merlot', 'Cabernet Sauvignon', 'Chardonnay']",US,California,"['Monterey County', 'Central Coast']"
9618,Fog Hill,80.0,12.0,80.0,12.0,1,1,['Red Blend'],US,California,"['Napa County', 'Napa']"
9619,Fog Theory,87.0,22.0,87.0,22.0,2,1,['Pinot Noir'],US,California,"['Sta. Rita Hills', 'Central Coast']"
9620,Fogdog,89.9,38.8,90.0,35.0,8,2,"['Chardonnay', 'Pinot Noir']",US,California,"['Sonoma Coast', 'Sonoma']"
9621,Foggy Bridge,89.0,28.0,88.0,28.0,3,3,"['Pinot Noir', 'Chardonnay', 'Zinfandel']",US,California,"['Santa Maria Valley', 'Central Coast']"
9622,Fogline Vineyards,88.0,39.0,88.5,38.0,8,3,"['Zinfandel', 'Pinot Noir', 'Chardonnay']",US,California,"['Dry Creek Valley', 'Sonoma']"
9623,Foley,89.8,42.8,90.0,45.0,60,4,"['Chardonnay', 'Pinot Noir', 'Syrah', 'Sauvignon Blanc']",US,California,"['Sta. Rita Hills', 'Central Coast']"
9624,Foley & Phillips,90.0,12.0,90.0,12.0,1,1,['Rosé'],US,California,"['Santa Ynez Valley', 'Central Coast']"
9625,Foley Johnson,89.8,60.0,91.0,60.0,4,1,['Cabernet Sauvignon'],US,California,"['Rutherford', 'Napa']"
9626,Folie à Deux,87.2,22.6,87.0,20.0,35,7,"['Chardonnay', 'Pinot Noir', 'Cabernet Sauvignon', 'Zinfandel', 'Merlot', 'White Blend', 'Pinot Gris']",US,California,"['Russian River Valley', 'Sonoma']"
9627,Folin Cellars,87.5,30.9,88.0,32.0,26,8,"['Tempranillo', 'Syrah', 'Grenache', 'Red Blend', 'Viognier', 'G-S-M', 'Petite Sirah', 'Rhône-style Red Blend']",US,Oregon,"['Rogue Valley', 'Southern Oregon']"
9628,Folk Machine,88.0,28.0,88.0,28.0,1,1,['Pinot Noir'],US,California,['Potter Valley']
9629,Folktale,86.0,28.0,86.0,28.0,1,1,['Rosé'],US,California,"['Monterey County', 'Central Coast']"
9630,Folkway,91.0,33.2,91.0,35.5,4,3,"['Cabernet Sauvignon', 'Bordeaux-style Red Blend', 'Merlot']",US,California,"['Santa Cruz Mountains', 'Central Coast']"
9631,Folonari,85.5,12.0,85.5,12.0,2,2,"['Chardonnay', 'Pinot Grigio']",Italy,Northeastern Italy,['Delle Venezie']
9632,Folonari,88.6,22.0,90.0,26.0,5,2,"['Sangiovese', 'Red Blend']",Italy,Tuscany,['Vino Nobile di Montepulciano']
9633,Folonari,85.5,14.0,85.5,14.0,2,2,"['Prosecco', 'Garganega']",Italy,Veneto,['Prosecco del Veneto']
9634,Fondazione Edmund Mach,87.8,,87.5,,6,6,"['Pinot Bianco', 'Sauvignon', 'Riesling', 'Sparkling Blend', 'Red Blend', 'Pinot Grigio']",Italy,Northeastern Italy,['Trentino']
9635,Fondo Antico,85.6,11.5,86.0,12.0,11,4,"['Red Blend', ""Nero d'Avola"", 'Grillo', 'White Blend']",Italy,Sicily & Sardinia,['Terre Siciliane']
9636,Fondo del Barbera,88.0,18.0,88.0,18.0,1,1,['Red Blend'],Italy,Sicily & Sardinia,['Faro']
9637,Fongaro,86.0,,86.0,,1,1,['Sparkling Blend'],Italy,Veneto,['Monti Lessini']
9638,Fongoli,87.2,31.2,87.0,33.5,8,3,"['Sagrantino', 'Red Blend', 'Grechetto']",Italy,Central Italy,['Montefalco Sagrantino']
9639,Fonseca,90.7,53.2,91.0,49.5,27,1,['Port'],Portugal,Port,[]
9640,Font I Jordana,82.0,20.0,82.0,20.0,1,1,['Sparkling Blend'],Spain,Catalonia,['Cava']
9641,Fontaine du Clos,91.0,40.0,91.0,40.0,1,1,['Rhône-style Red Blend'],France,Rhône Valley,['Côtes du Rhône']
9642,Fontaleoni,86.0,11.0,86.0,11.0,1,1,['Sangiovese'],Italy,Tuscany,['Chianti Colli Senesi']
9643,Fontana,88.0,,88.0,,1,1,['Nebbiolo'],Italy,Piedmont,['Barolo']
9644,Fontana Candida,85.8,15.0,85.5,12.0,4,1,['White Blend'],Italy,Central Italy,['Frascati Superiore']
9645,Fontana d'Italia,86.0,11.0,86.0,11.0,1,1,['Pinot Grigio'],Italy,Northeastern Italy,['Delle Venezie']
9646,Fontanabianca,90.3,52.8,91.0,60.0,11,2,"['Nebbiolo', 'Barbera']",Italy,Piedmont,['Barbaresco']
9647,Fontanafredda,90.3,48.3,90.0,42.0,31,8,"['Nebbiolo', 'Barbera', 'Red Blend', 'Moscato', 'Sparkling Blend', 'Cortese', 'Arneis', 'Pinot Nero']",Italy,Piedmont,['Barbaresco']
9648,Fontanavecchia,89.0,29.0,89.0,29.0,2,2,"['Aglianico', 'Falanghina']",Italy,Southern Italy,['Aglianico del Taburno']
9649,Fontanella,86.5,39.0,86.0,36.0,6,3,"['Zinfandel', 'Cabernet Sauvignon', 'Chardonnay']",US,California,"['Napa Valley', 'Napa']"
9650,Fonte alla Selva,87.0,,87.0,,1,1,['Red Blend'],Italy,Tuscany,['Chianti Classico']
9651,Fonterenza,84.7,47.0,84.0,22.0,3,3,"['Sangiovese Grosso', 'Sangiovese', 'Rosato']",Italy,Tuscany,['Brunello di Montalcino']
9652,Fonterutoli,89.5,26.5,89.5,26.5,2,1,['Sangiovese'],Italy,Tuscany,['Chianti Classico']
9653,Fontes & Phillips,90.5,37.2,91.0,36.5,4,2,"['Pinot Noir', 'Chardonnay']",US,California,"['Sta. Rita Hills', 'Central Coast']"
9654,Fontes da Cunha,90.3,25.5,91.0,20.0,18,6,"['Portuguese Red', 'Encruzado', 'Portuguese White', 'Touriga Nacional', 'Alfrocheiro', 'Rosé']",Portugal,Dão,[]
9655,Fontevecchia,90.0,55.0,90.0,50.0,4,2,"['Sangiovese Grosso', 'Sangiovese']",Italy,Tuscany,['Brunello di Montalcino']
9656,Fontodi,92.0,72.3,92.0,74.5,17,5,"['Sangiovese', 'Syrah', 'Red Blend', 'White Blend', 'Pinot Nero']",Italy,Tuscany,['Colli della Toscana Centrale']
9657,Fonty's Pool,86.5,15.5,86.5,15.0,6,4,"['Shiraz', 'Pinot Noir', 'Chardonnay', 'Viognier']",Australia,Western Australia,['Pemberton']
9658,Foodies,83.7,8.0,84.0,8.0,3,2,"['Chardonnay', 'Cabernet Sauvignon']",US,California,"['California', 'California Other']"
9659,Foppiano,86.3,23.2,86.0,23.0,31,8,"['Pinot Noir', 'Petite Sirah', 'Chardonnay', 'Cabernet Sauvignon', 'Merlot', 'Red Blend', 'Sauvignon Blanc', 'Zinfandel']",US,California,"['Russian River Valley', 'Sonoma']"
9660,Foppoli,85.5,38.5,85.5,38.5,2,1,['Chardonnay'],US,California,"['Russian River Valley', 'Sonoma']"
9661,For a Song,86.9,13.2,87.0,14.0,9,6,"['Riesling', 'Cabernet Sauvignon', 'Petit Verdot', 'Red Blend', 'Chardonnay', 'Syrah']",US,Washington,"['Columbia Valley (WA)', 'Columbia Valley']"
9662,Foraci,86.4,15.8,86.0,12.0,5,3,"['White Blend', 'Red Blend', ""Nero d'Avola""]",Italy,Sicily & Sardinia,['Alcamo']
9663,Foradori,91.7,46.7,92.0,48.0,7,3,"['Teroldego', 'Nosiola', 'Incrocio Manzoni']",Italy,Northeastern Italy,['Vigneti delle Dolomiti']
9664,Forbidden Zin,80.0,13.0,80.0,13.0,1,1,['Zinfandel'],US,California,"['California', 'California Other']"
9665,Force Majeure,91.8,61.5,92.0,58.0,32,7,"['G-S-M', 'Cabernet Sauvignon', 'Viognier', 'Syrah', 'Rhône-style Red Blend', 'Bordeaux-style Red Blend', 'Grenache']",US,Washington,"['Red Mountain', 'Columbia Valley']"
9666,Force of Nature,87.8,21.3,87.0,23.0,6,5,"['Cabernet Sauvignon', 'Chardonnay', 'Zinfandel', 'Red Blend', 'Malbec-Syrah']",US,California,"['Paso Robles', 'Central Coast']"
9667,Forchini,86.7,31.3,87.0,32.0,9,3,"['Cabernet Sauvignon', 'Pinot Noir', 'Zinfandel']",US,California,"['Dry Creek Valley', 'Sonoma']"
9668,Forchir,84.6,11.4,84.0,12.0,5,3,"['Pinot Grigio', 'Sauvignon', 'Chardonnay']",Italy,Northeastern Italy,['Friuli Grave']
9669,Forefathers,87.0,25.0,87.0,25.0,1,1,['Shiraz'],Australia,South Australia,['McLaren Vale']
9670,Forefathers,88.1,16.7,89.0,17.0,7,1,['Sauvignon Blanc'],New Zealand,Marlborough,[]
9671,Forefathers,91.4,46.0,92.0,50.0,7,1,['Cabernet Sauvignon'],US,California,"['Alexander Valley', 'Sonoma']"
9672,Forefront,85.5,24.0,85.5,24.0,2,2,"['Cabernet Sauvignon', 'Pinot Noir']",US,California,"['California', 'California Other']"
9673,Forenzo,86.5,16.5,86.5,16.5,2,2,"['Pinot Grigio', 'Pinot Noir']",US,California,"['Redwood Valley', 'Mendocino/Lake Counties']"
9674,Forest Glen,83.7,10.3,84.0,10.0,21,8,"['Merlot', 'Moscato', 'Pinot Grigio', 'Chardonnay', 'Cabernet Sauvignon', 'Sangiovese', 'Zinfandel', 'Riesling']",US,California,"['California', 'California Other']"
9675,ForestVille,83.3,8.4,83.0,6.0,7,7,"['Pinot Noir', 'Riesling', 'Chardonnay', 'Zinfandel', 'Pinot Grigio', 'Shiraz', 'Merlot']",US,California,"['Sonoma County', 'Sonoma']"
9676,Foretell,91.0,100.0,90.0,75.0,3,2,"['Pinot Noir', 'Cabernet Sauvignon']",US,California,"['Fort Ross-Seaview', 'Sonoma']"
9677,Forge Cellars,92.0,32.0,92.0,32.0,1,1,['Pinot Noir'],US,New York,"['Finger Lakes', 'Finger Lakes']"
9678,Forgeron,90.1,30.6,90.0,30.0,51,13,"['Primitivo', 'Syrah', 'Merlot', 'Chardonnay', 'Zinfandel', 'G-S-M', 'Cabernet Sauvignon', 'Rhône-style White Blend', 'Orange Muscat', 'Sangiovese', 'Barbera', 'Rhône-style Red Blend', 'Roussanne']",US,Washington,"['Wahluke Slope', 'Columbia Valley']"
9679,Forget-Brimont,88.5,65.8,88.0,60.0,15,2,"['Chardonnay', 'Champagne Blend']",France,Champagne,['Champagne']
9680,Foris,87.9,16.8,88.0,14.0,44,11,"['Pinot Blanc', 'Chardonnay', 'Gewürztraminer', 'Pinot Gris', 'Riesling', 'Pinot Noir', 'Moscato', 'Cabernet Sauvignon', 'Cabernet Franc', 'Red Blend', 'Muscat']",US,Oregon,"['Rogue Valley', 'Southern Oregon']"
9681,Forjas del Salnés,86.0,40.0,86.0,40.0,1,1,['Albariño'],Spain,Galicia,['Rías Baixas']
9682,Forlorn Hope,90.5,44.5,90.5,44.5,2,2,"['Petite Sirah', 'Petit Verdot']",US,California,"['Suisun Valley', 'North Coast']"
9683,Formation,84.3,15.0,82.0,15.0,3,3,"['Pinot Noir', 'Cabernet Sauvignon', 'Chardonnay']",US,California,"['Monterey', 'Central Coast']"
9684,Formigal,89.5,17.5,89.5,17.5,2,1,['Portuguese Red'],Portugal,Lisboa,[]
9685,Fornacelle,88.8,37.5,88.0,45.0,12,5,"['Cabernet Franc', 'Red Blend', 'Merlot', 'Sémillon', 'Vernaccia']",Italy,Tuscany,['Toscana']
9686,Fornacina,89.7,59.1,89.5,60.0,14,2,"['Sangiovese', 'Sangiovese Grosso']",Italy,Tuscany,['Brunello di Montalcino']
9687,Forrest,90.0,20.0,90.0,20.0,1,1,['Pinot Gris'],New Zealand,Central Otago,[]
9688,Forrest,89.1,18.4,89.0,18.0,8,4,"['Riesling', 'Sauvignon Blanc', 'Pinot Noir', 'Grüner Veltliner']",New Zealand,Marlborough,[]
9689,Forrest Estate,90.0,50.0,90.0,50.0,1,1,['Cabernet Sauvignon'],New Zealand,Hawke's Bay,[]
9690,Forrest Estate,87.4,19.3,87.0,18.0,13,6,"['Pinot Noir', 'Chardonnay', 'Pinot Gris', 'Gewürztraminer', 'Riesling', 'Sauvignon Blanc']",New Zealand,Marlborough,[]
9691,Forstreiter,90.7,21.1,91.0,20.0,22,2,"['Grüner Veltliner', 'Riesling']",Austria,Kremstal,[]
9692,Forstreiter,87.5,15.4,86.5,13.5,14,4,"['Grüner Veltliner', 'Zweigelt', 'St. Laurent', 'Sauvignon Blanc']",Austria,Niederösterreich,[]
9693,Fort Ross,90.8,39.8,92.0,40.0,35,3,"['Chardonnay', 'Pinot Noir', 'Pinotage']",US,California,"['Fort Ross-Seaview', 'Sonoma']"
9694,Fort Ross Vineyard,92.0,65.0,92.0,65.0,1,1,['Pinot Noir'],US,California,"['Fort Ross-Seaview', 'Sonoma']"
9695,Fort Walla Walla,88.0,30.0,88.0,30.0,3,3,"['Cabernet Sauvignon', 'Syrah', 'Merlot']",US,Washington,"['Walla Walla Valley (WA)', 'Columbia Valley']"
9696,Fortant,83.5,11.8,82.5,11.0,12,6,"['Rosé', 'Cabernet Sauvignon', 'Chardonnay', 'Merlot', 'Sauvignon Blanc', 'Malbec']",France,Languedoc-Roussillon,"[""Pays d'Oc""]"
9697,Fortediga,87.5,,87.5,,2,2,"['Traminer', 'Syrah']",Italy,Tuscany,['Maremma']
9698,Forteto della Luja,85.0,18.0,85.0,18.0,1,1,['Moscato'],Italy,Piedmont,"[""Moscato d'Asti""]"
9699,Forth,87.6,23.5,87.0,24.0,11,3,"['Cabernet Sauvignon', 'Syrah', 'Sauvignon Blanc']",US,California,"['Dry Creek Valley', 'Sonoma']"
9700,Forti del Vento,87.0,16.0,87.0,16.0,1,1,['Red Blend'],Italy,Piedmont,['Monferrato']
9701,Fortino,87.3,33.0,88.0,34.0,3,2,"['Carignane', 'Charbono']",US,California,"['Santa Clara Valley', 'Central Coast']"
9702,Fortitude,87.0,28.0,87.0,28.0,1,1,['Red Blend'],US,California,"['Napa Valley', 'Napa']"
9703,Fortius,85.5,12.0,85.5,12.0,2,2,"['Tempranillo', 'Merlot']",Spain,Northern Spain,['Navarra']
9704,Fortnight,88.0,20.0,88.0,20.0,1,1,['Cabernet Sauvignon'],US,California,"['California', 'California Other']"
9705,Fortress,89.6,29.3,90.0,25.0,10,5,"['Cabernet Sauvignon', 'Sauvignon Blanc', 'Semillon-Sauvignon Blanc', 'Sémillon', 'Petite Sirah']",US,California,"['Sonoma County', 'Sonoma']"
9706,Fortunati,85.0,28.0,84.0,32.0,3,3,"['Rhône-style Red Blend', 'Rosé', 'Pinot Noir']",US,California,"['Oak Knoll District', 'Napa']"
9707,Fortune 1621,86.0,28.0,86.0,28.0,1,1,['Cabernet Sauvignon'],US,California,"['Napa Valley', 'Napa']"
9708,Forward Kidd,92.0,50.0,92.0,50.0,1,1,['Red Blend'],US,California,"['Napa Valley', 'Napa']"
9709,Foss Marai,86.5,18.0,86.5,18.0,2,2,"['Sparkling Blend', 'White Blend']",Italy,Italy Other,['Italy']
9710,Foss Marai,87.0,20.2,87.0,18.0,24,3,"['Sparkling Blend', 'Glera', 'Prosecco']",Italy,Veneto,['Veneto']
9711,Fossacolle,89.2,51.8,89.0,46.5,16,3,"['Sangiovese', 'Sangiovese Grosso', 'Red Blend']",Italy,Tuscany,['Brunello di Montalcino']
9712,Fossil Point,87.4,16.7,88.0,16.0,9,3,"['Rosé', 'Chardonnay', 'Pinot Noir']",US,California,"['Central Coast', 'Central Coast']"
9713,Fosso Corno,86.5,13.5,86.5,13.5,2,1,['Montepulciano'],Italy,Central Italy,"[""Montepulciano d'Abruzzo""]"
9714,Fotinos Brothers,88.0,55.0,88.0,55.0,1,1,['Pinot Noir'],US,California,"['Los Carneros', 'Napa-Sonoma']"
9715,Foundry,88.8,50.0,88.0,48.0,9,6,"['Red Blend', 'Viognier', 'Cabernet Sauvignon', 'Sparkling Blend', 'Chardonnay', 'Pinot Noir']",US,California,"['California', 'California Other']"
9716,Foundry Vineyards,88.4,31.6,88.0,30.0,23,8,"['Chardonnay', 'Cabernet Sauvignon', 'Merlot', 'Red Blend', 'Bordeaux-style Red Blend', 'Syrah', 'White Blend', 'Sangiovese']",US,Washington,"['Columbia Gorge (WA)', 'Washington Other']"
9717,Fount,86.0,18.0,86.0,18.0,1,1,['Rosé'],US,California,"['California', 'California Other']"
9718,Fountainhead,89.0,45.0,89.0,45.0,1,1,['Cabernet Sauvignon'],US,California,"['Rutherford', 'Napa']"
9719,Four Aces,85.3,13.0,85.5,13.0,6,4,"['Cabernet Sauvignon', 'Malbec', 'Chardonnay', 'Shiraz']",Argentina,Mendoza Province,['Mendoza']
9720,Four Brix,82.0,36.0,82.0,36.0,2,1,['Rhône-style Red Blend'],US,California,"['Paso Robles', 'Central Coast']"
9721,Four Cairn,89.8,39.4,91.0,38.0,5,1,['Syrah'],US,California,"['St. Helena', 'Napa']"
9722,Four Degrees of Riesling,84.0,14.3,84.0,14.0,7,1,['Riesling'],US,New York,"['Seneca Lake', 'Finger Lakes']"
9723,Four Emus,84.0,11.0,84.0,11.0,1,1,['Chardonnay'],Australia,Western Australia,['Western Australia']
9724,Four Fields,86.3,20.0,89.0,20.0,3,2,"['Viognier', 'Grenache']",US,California,"['El Dorado', 'Sierra Foothills']"
9725,Four Lanterns,90.6,43.8,90.0,48.0,9,7,"['Rosé', 'Syrah', 'Grenache-Syrah', 'Viognier', 'Picpoul', 'Rhône-style Red Blend', 'Cabernet Sauvignon']",US,California,"['Paso Robles', 'Central Coast']"
9726,Four Paws & A Tail,85.2,13.0,85.0,13.0,4,1,['Sparkling Blend'],US,California,"['California', 'California Other']"
9727,Four Sisters,85.8,12.8,84.5,13.0,4,3,"['Shiraz', 'Chardonnay', 'Sauvignon Blanc']",Australia,Australia Other,['South Eastern Australia']
9728,Four Sisters,86.3,13.5,87.5,13.5,6,5,"['Cabernet Sauvignon', 'Viognier', 'Shiraz', 'Sauvignon Blanc', 'Chardonnay']",Australia,Victoria,['Central Victoria']
9729,Four Sisters Ranch,86.9,26.9,85.0,27.0,11,8,"['Merlot', 'Red Blend', 'Cabernet Sauvignon', 'Zinfandel', 'Sauvignon Blanc', 'Petite Sirah', 'Malbec', 'Sparkling Blend']",US,California,"['Paso Robles', 'Central Coast']"
9730,Four Sons,85.0,27.5,85.0,27.5,2,2,"['Cabernet Sauvignon', 'Merlot']",US,California,"['Stags Leap District', 'Napa']"
9731,Four Vines,85.1,23.5,84.0,24.0,33,9,"['Chardonnay', 'Zinfandel', 'Red Blend', 'Rhône-style Red Blend', 'Petite Sirah', 'Tempranillo', 'Barbera', 'Syrah', 'Cabernet Sauvignon']",US,California,"['Santa Barbara County', 'Central Coast']"
9732,Fournier Père et Fils,85.0,15.0,85.0,15.0,1,1,['Sauvignon Blanc'],France,France Other,['Vin de France']
9733,Fournier Père et Fils,88.3,27.1,88.0,27.0,77,5,"['Sauvignon Blanc', 'Pinot Noir', 'Sauvignon', 'Rosé', 'Chasselas']",France,Loire Valley,['Sancerre']
9734,Fourplay,86.0,12.0,86.0,12.0,1,1,['Red Blend'],Italy,Sicily & Sardinia,['Sicilia']
9735,Fourrey et Fils,88.0,25.0,88.0,25.0,2,1,['Chardonnay'],France,Burgundy,['Chablis']
9736,Foursight,89.1,38.8,89.0,46.0,25,4,"['Pinot Noir', 'Sauvignon Blanc', 'Sémillon', 'Gewürztraminer']",US,California,"['Anderson Valley', 'Mendocino/Lake Counties']"
9737,Fourteen Appellations,87.5,90.0,87.5,90.0,2,1,['Meritage'],US,California,"['Napa Valley', 'Napa']"
9738,Fowles Wine,88.0,24.3,89.0,18.5,11,6,"['Riesling', 'Pinot Noir', 'Sauvignon Blanc', 'Shiraz', 'Pinot Grigio', 'Chardonnay']",Australia,Victoria,['Victoria']
9739,Fox Brook,86.0,19.0,86.0,19.0,2,2,"['Merlot', 'Red Blend']",US,California,"['Mendocino', 'Mendocino/Lake Counties']"
9740,Fox Creek,88.1,21.0,87.0,17.0,25,11,"['Red Blend', 'Cabernet Sauvignon', 'Shiraz', 'Verdelho', 'Sauvignon Blanc', 'Chardonnay', 'Sparkling Blend', 'White Blend', 'Semillon-Sauvignon Blanc', 'Shiraz-Cabernet Sauvignon', 'Bordeaux-style Red Blend']",Australia,South Australia,['McLaren Vale']
9741,Fox Meadow,85.0,28.3,85.5,28.0,10,5,"['Bordeaux-style Red Blend', 'Chardonnay', 'Cabernet Franc', 'Riesling', 'Syrah']",US,Virginia,['Virginia']
9742,Fox Run,87.3,22.5,87.0,20.0,59,12,"['Riesling', 'Chardonnay', 'Lemberger', 'Cabernet Franc', 'Gewürztraminer', 'Merlot', 'Pinot Noir', 'Cabernet Sauvignon', 'Rosé', 'Meritage', 'Traminette', 'Cabernet Franc-Lemberger']",US,New York,"['Finger Lakes', 'Finger Lakes']"
9743,Foxen,91.2,44.5,92.0,42.0,133,11,"['Rhône-style Red Blend', 'Mourvèdre', 'Pinot Noir', 'Chardonnay', 'Chenin Blanc', 'Sauvignon Blanc', 'Syrah', 'Bordeaux-style Red Blend', 'Cabernet Sauvignon', 'Merlot-Cabernet Franc', 'Grenache-Mourvèdre']",US,California,"['Santa Ynez Valley', 'Central Coast']"
9744,Foxen 7200,90.1,44.4,89.5,43.0,16,3,"['Bordeaux-style Red Blend', 'Cabernet Sauvignon', 'Sauvignon Blanc']",US,California,"['Happy Canyon of Santa Barbara', 'Central Coast']"
9745,Foxes Island,87.1,31.2,88.0,30.0,13,3,"['Chardonnay', 'Pinot Noir', 'Sauvignon Blanc']",New Zealand,Marlborough,[]
9746,Foxtrot,90.0,45.0,90.0,44.0,3,2,"['Pinot Noir', 'Chardonnay']",Canada,British Columbia,['Okanagan Valley']
9747,Foyt Family,85.5,60.8,86.0,53.5,4,3,"['Meritage', 'Chardonnay', 'Cabernet Sauvignon']",US,California,"['Sonoma County', 'Sonoma']"
9748,Fra Guerau,86.0,14.2,87.5,14.5,4,2,"['Rosé', 'Red Blend']",Spain,Catalonia,['Montsant']
9749,Fraccaroli,87.0,14.0,86.0,11.0,3,1,['Turbiana'],Italy,Lombardy,['Lugana']
9750,Fralich,83.4,32.4,83.5,36.0,8,4,"['Shiraz', 'Port', 'Red Blend', 'Syrah']",US,California,"['Paso Robles', 'Central Coast']"
9751,Framingham,87.8,22.6,88.0,20.0,13,3,"['Sauvignon Blanc', 'Pinot Noir', 'Riesling']",New Zealand,Marlborough,[]
9752,Francesc Sanchez Bas,88.8,50.3,89.0,45.0,12,3,"['White Blend', 'Red Blend', 'Garnacha']",Spain,Catalonia,['Priorat']
9753,Francesco Boschis,90.0,17.0,90.0,17.0,1,1,['Dolcetto'],Italy,Piedmont,['Dolcetto di Dogliani']
9754,Francesco Rinaldi,89.9,60.1,90.0,65.0,15,1,['Nebbiolo'],Italy,Piedmont,['Barolo']
9755,Francesco Sobrero,92.5,,92.5,,2,1,['Nebbiolo'],Italy,Piedmont,['Barolo']
9756,Franchere,89.0,28.7,89.0,28.0,3,1,['Pinot Noir'],US,Oregon,"['Willamette Valley', 'Willamette Valley']"
9757,Franchetto,87.7,14.0,88.0,14.0,3,1,['Garganega'],Italy,Veneto,['Soave']
9758,Franci,90.0,102.2,90.0,105.0,5,1,['Sangiovese'],Italy,Tuscany,['Brunello di Montalcino']
9759,Francine et Olivier Savary,89.0,,89.0,,1,1,['Chardonnay'],France,Burgundy,['Chablis']
9760,Francis Berwyn,87.4,13.0,87.0,13.0,5,5,"['Petite Sirah', 'Zinfandel', 'Merlot', 'Cabernet Sauvignon', 'Sauvignon Blanc']",US,California,"['Paso Robles', 'Central Coast']"
9761,Francis Blanchet,88.0,25.0,88.0,25.0,5,1,['Sauvignon Blanc'],France,Loire Valley,['Pouilly-Fumé']
9762,Francis Coppola,87.0,22.9,86.0,19.0,29,10,"['Cabernet Sauvignon', 'Chardonnay', 'Sauvignon Blanc', 'Sparkling Blend', 'Rosé', 'Pinot Grigio', 'Pinot Noir', 'Syrah', 'Zinfandel', 'Riesling']",US,California,"['Alexander Valley', 'Sonoma']"
9763,Francis Ford Coppola,86.6,22.1,87.0,20.5,68,15,"['Sparkling Blend', 'Pinot Noir', 'Syrah', 'Pinot Grigio', 'Chardonnay', 'Cabernet Sauvignon', 'Red Blend', 'Zinfandel', 'Shiraz', 'Claret', 'Merlot', 'Sauvignon Blanc', 'Petite Sirah', 'Bordeaux-style Red Blend', 'Cabernet Franc']",US,California,"['Monterey County', 'Central Coast']"
9764,Francis Tannahill,90.2,43.1,91.0,46.5,8,5,"['Pinot Noir', 'Syrah', 'Rhône-style White Blend', 'Red Blend', 'Pinot Gris']",US,Oregon,"['Dundee Hills', 'Willamette Valley']"
9765,Francis Tannahill,88.0,25.0,87.5,25.0,4,1,['Gewürztraminer'],US,Washington,"['Washington', 'Washington Other']"
9766,Franciscan,87.8,34.8,88.0,35.0,37,7,"['Meritage', 'Chardonnay', 'Sauvignon Blanc', 'Merlot', 'Cabernet Sauvignon', 'Bordeaux-style Red Blend', 'Cabernet Blend']",US,California,"['Napa Valley', 'Napa']"
9767,Francisco Gillmore,83.8,11.0,84.0,9.0,4,2,"['Chardonnay', 'Cabernet Sauvignon']",Chile,Maule Valley,[]
9768,Francisco Nunes Garcia,87.0,45.0,87.0,45.0,1,1,['Aragonês'],Portugal,Alentejo,[]
9769,Franck & Olivier Mousset,88.0,17.0,88.0,17.0,1,1,['Rosé'],France,France Other,['Mediterranée']
9770,Franck Bonville,89.3,,90.0,,3,1,['Chardonnay'],France,Champagne,['Champagne']
9771,Franck and Jean-François Bailly,86.0,22.0,86.0,22.0,1,1,['Sauvignon Blanc'],France,Loire Valley,['Sancerre']
9772,Franco Conterno,90.2,,90.0,,5,1,['Nebbiolo'],Italy,Piedmont,['Barolo']
9773,Franco M. Martinetti,91.5,58.5,91.5,58.5,2,2,"['Nebbiolo', 'Barbera']",Italy,Piedmont,['Barolo']
9774,Franco Molino Cascina Rocca,93.0,53.0,93.0,53.0,2,1,['Nebbiolo'],Italy,Piedmont,['Barolo']
9775,Franco Mondo,84.0,,84.0,,2,1,['Barbera'],Italy,Piedmont,"[""Barbera d'Asti""]"
9776,Franco Serra,86.0,49.0,86.0,49.0,1,1,['Nebbiolo'],Italy,Piedmont,['Barolo']
9777,Francois Baur,91.5,31.8,91.5,30.0,4,3,"['Pinot Noir', 'Riesling', 'Pinot Gris']",France,Alsace,['Alsace']
9778,Francois Labet,90.0,19.0,90.0,19.0,1,1,['Champagne Blend'],France,Burgundy,['Crémant de Bourgogne']
9779,Francone,89.6,33.0,90.0,40.0,9,2,"['Nebbiolo', 'Barbera']",Italy,Piedmont,['Barbaresco']
9780,Frank,87.0,,87.0,,1,1,['White Blend'],Australia,South Australia,['Limestone Coast']
9781,Frank & Serafico,87.0,,87.0,,1,1,['Red Blend'],Italy,Tuscany,['Morellino di Scansano']
9782,Frank Cornelissen,90.7,76.7,90.0,64.0,7,3,"['White Blend', 'Nerello Mascalese', 'Rosato']",Italy,Italy Other,['Vino da Tavola']
9783,Frank Cornelissen,88.9,61.8,90.0,47.5,12,4,"['Nerello Mascalese', 'Red Blend', 'White Blend', 'Rosé']",Italy,Sicily & Sardinia,['Etna']
9784,Frank Family,89.5,63.7,90.0,53.0,74,8,"['Cabernet Sauvignon', 'Pinot Noir', 'Petite Sirah', 'Sangiovese', 'Zinfandel', 'Chardonnay', 'Bordeaux-style Red Blend', 'Sparkling Blend']",US,California,"['Rutherford', 'Napa']"
9785,Frankland Estate,89.6,30.4,90.0,25.0,23,5,"['Riesling', 'Chardonnay', 'Red Blend', 'Shiraz', 'Bordeaux-style Red Blend']",Australia,Western Australia,['Frankland River']
9786,Franklin Tate,88.7,15.0,88.0,15.0,3,2,"['Chardonnay', 'Cabernet Sauvignon']",Australia,Western Australia,['Margaret River']
9787,Frano Milos,88.0,25.0,88.0,25.0,1,1,['Plavac Mali'],Croatia,Peljesac,[]
9788,Franschhoek Cellar,88.0,15.0,88.0,15.0,1,1,['Chenin Blanc'],South Africa,Western Cape,[]
9789,Franz Gojer-Glögglhof,89.3,24.8,89.0,25.5,6,5,"['Schiava', 'Kerner', 'Sauvignon', 'Pinot Bianco', 'Red Blend']",Italy,Northeastern Italy,['Alto Adige']
9790,Franz Haas,88.7,41.6,89.0,37.0,17,8,"['White Blend', 'Pinot Bianco', 'Pinot Grigio', 'Sauvignon', 'Pinot Nero', 'Lagrein', 'Moscato', 'Gewürztraminer']",Italy,Northeastern Italy,['Vigneti delle Dolomiti']
9791,Franz Hirtzberger,93.4,74.6,94.0,74.0,27,3,"['Riesling', 'Grüner Veltliner', 'Grauburgunder']",Austria,Wachau,[]
9792,Franz Karl Schmitt,86.5,19.5,86.5,19.5,2,1,['Riesling'],Germany,Rheinhessen,[]
9793,Franz Keller,90.3,29.8,90.0,25.0,20,5,"['Pinot Gris', 'Pinot Blanc', 'Pinot Noir', 'Rosé', 'Spätburgunder']",Germany,Baden,[]
9794,Franz Krämer,86.0,16.0,86.0,16.0,1,1,['Riesling'],Germany,Mosel,[]
9795,Franz Künstler,86.0,24.0,86.0,24.0,1,1,['Riesling'],Germany,Rheingau,[]
9796,Franz Leth,89.5,30.5,89.5,30.5,2,2,"['Grüner Veltliner', 'Roter Veltliner']",Austria,Donauland,[]
9797,Franzen,88.0,21.0,88.0,21.0,1,1,['Riesling'],Germany,Mosel,[]
9798,Franzinelli Socini Guelfi,85.0,20.0,85.0,20.0,1,1,['Sangiovese'],Italy,Tuscany,['Chianti Classico']
9799,François Baur,88.6,18.2,89.0,15.0,5,3,"['Riesling', 'Pinot Gris', 'Pinot Blanc']",France,Alsace,['Alsace']
9800,François Bertheau,93.0,,94.0,,3,1,['Pinot Noir'],France,Burgundy,['Chambolle-Musigny']
9801,François Buffet,89.0,55.0,89.0,55.0,1,1,['Pinot Noir'],France,Burgundy,['Savigny-lès-Beaune']
9802,François Chidaine,91.4,19.0,92.0,19.0,5,1,['Chenin Blanc'],France,Loire Valley,['Montlouis-sur-Loire']
9803,François Cotat,86.0,28.0,86.0,28.0,1,1,['Sauvignon Blanc'],France,Loire Valley,['Sancerre']
9804,François Lurton,87.4,25.7,87.0,15.0,33,10,"['Chardonnay', 'Rosé', 'Pinot Gris', 'Malbec', 'Red Blend', 'Cabernet Sauvignon', 'White Blend', 'Torrontés', 'Rosado', 'Pinot Grigio']",Argentina,Mendoza Province,['Mendoza']
9805,François Lurton,84.4,12.6,85.0,13.0,7,3,"['Pinot Noir', 'Chardonnay', 'Sauvignon Blanc']",Chile,Central Valley,[]
9806,François Lurton,86.6,27.0,85.0,19.0,20,3,"['Sauvignon Blanc', 'Cabernet Sauvignon', 'Carmenère']",Chile,Colchagua Valley,[]
9807,François Lurton,85.7,20.0,86.0,20.0,22,6,"['Syrah', 'Sauvignon Blanc', 'Pinot Noir', 'Red Blend', 'Carmenère', 'White Blend']",Chile,Lolol Valley,[]
9808,François Lurton,85.7,15.7,85.0,16.0,3,2,"['Sauvignon Blanc', 'Rosé']",France,France Other,['Vin de France']
9809,François Lurton,88.1,33.1,88.0,24.0,7,3,"['Rhône-style Red Blend', 'Syrah-Grenache', 'Syrah']",France,Languedoc-Roussillon,['Côtes du Roussillon Villages']
9810,François Lurton,86.0,11.5,86.0,11.0,6,3,"['White Blend', 'Sauvignon Blanc', 'Rosé']",France,Southwest France,['Côtes de Gascogne']
9811,François Lurton,88.1,27.8,88.0,24.0,9,4,"['Verdejo', 'Tempranillo', 'Tinta de Toro', 'Rosé']",Spain,Northern Spain,['Rueda']
9812,François Millet,87.7,28.2,87.0,28.0,17,3,"['Sauvignon Blanc', 'Pinot Noir', 'Rosé']",France,Loire Valley,['Sancerre']
9813,François Montand,85.3,,85.0,,3,1,['Sparkling Blend'],France,France Other,['Vin Mousseux']
9814,François Secondé,88.0,,88.0,,1,1,['Chardonnay'],France,Champagne,['Champagne']
9815,Françoise Chauvenet,83.0,10.0,83.0,10.0,1,1,['Sparkling Blend'],France,France Other,['Vin Mousseux']
9816,Frascole,86.8,20.8,87.0,19.0,4,2,"['Sangiovese', 'Red Blend']",Italy,Tuscany,['Chianti Rufina']
9817,Fratelli Alessandria,92.1,65.5,92.0,68.0,23,2,"['Nebbiolo', 'Barbera']",Italy,Piedmont,['Barolo']
9818,Fratelli Berlucchi,90.0,45.2,90.0,41.5,24,2,"['Sparkling Blend', 'Chardonnay']",Italy,Lombardy,['Franciacorta']
9819,Fratelli Bortolin,89.0,18.0,89.0,18.0,2,1,['Glera'],Italy,Veneto,['Valdobbiadene Prosecco Superiore']
9820,Fratelli Bucci,86.0,26.0,86.0,26.0,1,1,['Verdicchio'],Italy,Central Italy,['Verdicchio dei Castelli di Jesi Classico Superiore']
9821,Fratelli Casetta,89.7,,90.0,,11,2,"['Nebbiolo', 'Barbera']",Italy,Piedmont,['Barbaresco']
9822,Fratelli Gancia,84.0,,84.0,,1,1,['Sparkling Blend'],Italy,Lombardy,['Oltrepò Pavese']
9823,Fratelli Gancia,86.0,9.0,86.0,9.0,1,1,['Primitivo'],Italy,Southern Italy,['Salento']
9824,Fratelli Gancia,83.0,34.0,83.0,34.0,1,1,['Red Blend'],Italy,Veneto,['Amarone della Valpolicella']
9825,Fratelli Martini,83.0,13.5,83.0,13.5,2,2,"['Moscato', 'Cortese']",Italy,Piedmont,['Asti']
9826,Fratelli Muratori,89.2,47.6,89.0,40.0,8,1,['Chardonnay'],Italy,Lombardy,['Franciacorta']
9827,Fratelli Muratori,83.0,18.0,83.0,18.0,2,2,"['Greco', 'Falanghina']",Italy,Southern Italy,['Sannio']
9828,Fratelli Muratori,83.0,15.0,83.0,15.0,1,1,['Sangiovese'],Italy,Tuscany,['Toscana']
9829,Fratelli Ponte,87.0,35.0,87.0,35.0,1,1,['Barbera'],Italy,Piedmont,"[""Barbera d'Asti Superiore""]"
9830,Fratelli Seghesio,90.2,52.5,90.0,51.0,4,1,['Nebbiolo'],Italy,Piedmont,['Barolo']
9831,Fratelli Urciuolo,89.4,40.0,89.0,32.0,5,3,"['Aglianico', 'Greco', 'Fiano']",Italy,Southern Italy,['Campania']
9832,Fratelli Zeni,88.0,11.0,88.0,11.0,1,1,['White Blend'],Italy,Veneto,['Bianco di Custoza']
9833,Frati Bianchi,85.0,24.0,85.0,24.0,1,1,['Verdicchio'],Italy,Central Italy,['Verdicchio dei Castelli di Jesi Classico Superiore']
9834,Fratta Pasini,87.2,52.0,86.0,54.0,5,2,"['Corvina, Rondinella, Molinara', 'Rosé']",Italy,Veneto,['Amarone della Valpolicella Classico']
9835,Frazier,90.0,64.0,90.0,55.0,23,5,"['Merlot', 'Cabernet Sauvignon', 'Petit Verdot', 'Cabernet Franc', 'Chardonnay']",US,California,"['Napa Valley', 'Napa']"
9836,Freakshow,89.2,19.5,89.0,20.0,4,2,"['Cabernet Sauvignon', 'Red Blend']",US,California,"['Lodi', 'Central Valley']"
9837,Fred Prinz,87.0,21.0,87.0,21.0,1,1,['Riesling'],Germany,Rheingau,[]
9838,Frederico Meireles & Familia,87.0,20.0,87.0,20.0,2,1,['Portuguese Red'],Portugal,Douro,[]
9839,Freedom Run,86.3,25.0,86.0,25.0,3,3,"['Meritage', 'Cabernet Franc', 'Pinot Noir']",US,New York,"['New York', 'New York Other']"
9840,Freefall,86.7,15.3,87.0,15.0,3,2,"['Sauvignon Blanc', 'Chardonnay']",New Zealand,Marlborough,[]
9841,Freefall,85.0,18.0,85.0,18.0,1,1,['Pinot Gris'],New Zealand,Waipara,[]
9842,Freelander,82.0,13.0,82.0,13.0,1,1,['Chardonnay'],US,California,"['California', 'California Other']"
9843,Freeman,91.4,48.9,92.0,44.5,36,2,"['Pinot Noir', 'Chardonnay']",US,California,"['Russian River Valley', 'Sonoma']"
9844,Freemark Abbey,90.1,55.7,90.0,44.0,57,6,"['Cabernet Sauvignon', 'Viognier', 'Chardonnay', 'Merlot', 'Bordeaux-style Red Blend', 'Sauvignon Blanc']",US,California,"['Napa Valley', 'Napa']"
9845,Freestone,92.4,80.7,93.0,80.0,15,2,"['Pinot Noir', 'Chardonnay']",US,California,"['Sonoma Coast', 'Sonoma']"
9846,Frei Brothers,86.3,21.6,87.0,20.0,44,7,"['Pinot Noir', 'Chardonnay', 'Sauvignon Blanc', 'Merlot', 'Zinfandel', 'Syrah', 'Cabernet Sauvignon']",US,California,"['Russian River Valley', 'Sonoma']"
9847,Freie Weingärtner Wachau,88.0,19.5,88.0,19.5,2,2,"['Grüner Veltliner', 'Riesling']",Austria,Wachau,[]
9848,Freiherr Heyl zu Herrnsheim,90.5,19.0,90.5,19.0,2,1,['Riesling'],Germany,Rheinhessen,[]
9849,Freitas,85.0,39.3,85.0,38.0,3,3,"['Petite Syrah', 'Red Blend', 'Merlot']",US,Arizona,['Arizona']
9850,Freixa Rigau,86.0,22.0,86.0,22.0,1,1,['Sparkling Blend'],Spain,Catalonia,['Cava']
9851,Freixenet,85.5,12.7,86.0,10.0,64,3,"['Sparkling Blend', 'Pinot Noir', 'Champagne Blend']",Spain,Catalonia,['Cava']
9852,Freja,86.7,23.3,87.0,25.0,3,2,"['Albariño', 'Pinot Noir']",US,Oregon,"['Chehalem Mountains', 'Willamette Valley']"
9853,French Creek,88.7,28.7,88.0,26.0,3,2,"['Cabernet Sauvignon', 'Chardonnay']",US,Washington,"['Yakima Valley', 'Columbia Valley']"
9854,French Hill,84.4,33.2,84.0,32.0,14,10,"['Cabernet Franc', 'Petit Verdot', 'Sangiovese', 'Barbera', 'Tempranillo', 'Pinotage', 'Grenache', 'Petite Sirah', 'Alicante Bouschet', 'Malbec']",US,California,"['California', 'California Other']"
9855,French Rabbit,81.8,9.0,82.0,10.0,5,4,"['Cabernet Sauvignon', 'Merlot', 'Pinot Noir', 'Chardonnay']",France,Languedoc-Roussillon,"[""Vin de Pays d'Oc""]"
9856,Frenchie Winery,83.5,30.0,83.5,30.0,2,2,"['Cabernet Sauvignon', 'Red Blend']",US,California,"['Sonoma County-Napa County', 'Napa-Sonoma']"
9857,Frenchman's Gulch,87.0,27.3,86.0,25.0,3,2,"['Cabernet Sauvignon', 'Syrah']",US,Washington,"['Washington', 'Washington Other']"
9858,Frenzy,85.5,10.0,85.5,10.0,2,1,['Sauvignon Blanc'],New Zealand,Marlborough,[]
9859,Frenzy,87.5,14.0,87.5,14.0,2,1,['Sauvignon Blanc'],New Zealand,South Island,[]
9860,Frequency,90.3,37.0,91.5,38.0,6,3,"['G-S-M', 'Syrah', 'Grenache']",US,California,"['Central Coast', 'Central Coast']"
9861,Frescobaldi,90.7,29.7,91.0,22.0,3,1,['Sangiovese'],Italy,Tuscany,['Chianti Rufina']
9862,Frey,87.1,18.4,87.0,20.0,8,6,"['Merlot', 'Petite Sirah', 'Zinfandel', 'Syrah', 'Cabernet Sauvignon', 'Chardonnay']",US,California,"['Mendocino', 'Mendocino/Lake Counties']"
9863,Frey-Sohler,85.8,17.2,85.0,17.5,8,5,"['Gewürztraminer', 'Pinot Blanc', 'Pinot Gris', 'Pinot Noir', 'Riesling']",France,Alsace,['Alsace']
9864,Frezza,85.0,,85.0,,1,1,"['Corvina, Rondinella, Molinara']",Italy,Veneto,['Bardolino']
9865,Frias,89.3,70.7,89.0,65.0,7,1,['Cabernet Sauvignon'],US,California,['Napa']
9866,Frick,85.3,24.8,86.0,26.0,6,6,"['Cinsault', 'Viognier', 'Syrah', 'Merlot', 'Grenache', 'Counoise']",US,California,"['Dry Creek Valley', 'Sonoma']"
9867,Friday Monkey,82.8,10.0,83.0,10.0,4,4,"['Cabernet Merlot', 'Chardonnay', 'Merlot', 'Rosé']",Australia,Australia Other,['South Eastern Australia']
9868,Friedeman,90.0,35.6,90.0,32.0,9,2,"['Pinot Noir', 'Chardonnay']",US,California,"['Russian River Valley', 'Sonoma']"
9869,Frieden-Berg,87.2,16.0,87.0,16.0,4,2,"['Elbling', 'Auxerrois']",Germany,Mosel,[]
9870,Friedrich Becker,90.8,31.0,92.0,31.0,4,1,['Pinot Noir'],Germany,Pfalz,[]
9871,Friedrich Fendel,88.0,16.0,88.0,16.0,1,1,['Riesling'],Germany,Rheingau,[]
9872,Friedrich-Wilhelm-Gymnasium,89.4,19.5,89.0,18.0,11,1,['Riesling'],Germany,Mosel,[]
9873,Friedrich-Wilhelm-Gymnasium,88.5,16.5,88.5,16.5,2,1,['Riesling'],Germany,Mosel-Saar-Ruwer,[]
9874,Frisby,83.0,22.0,82.0,23.0,3,2,"['Cabernet Sauvignon', 'Chardonnay']",US,California,"['Paso Robles', 'Central Coast']"
9875,Frisk,86.8,11.0,86.5,11.0,4,1,['Riesling'],Australia,Victoria,['Victoria']
9876,Frisk,86.0,11.0,86.0,11.0,1,1,['Rosé'],US,California,"['Lodi', 'Central Valley']"
9877,Frisky Zebras,85.0,10.0,85.0,10.0,1,1,['Chenin Blanc'],South Africa,Western Cape,[]
9878,Frisson Wines,88.0,70.0,88.5,70.0,4,2,"['Chardonnay', 'Cabernet Sauvignon']",US,California,"['Russian River Valley', 'Sonoma']"
9879,Fritsch,86.4,,85.0,,5,3,"['Zweigelt', 'Grüner Veltliner', 'Riesling']",Austria,Niederösterreich,[]
9880,Fritsch,86.7,17.7,87.0,13.0,3,2,"['Grüner Veltliner', 'Rosé']",Austria,Wagram,[]
9881,Fritsch,88.1,27.8,88.5,24.0,12,4,"['Zweigelt', 'Pinot Noir', 'Grüner Veltliner', 'Riesling']",Austria,Wagram-Donauland,[]
9882,Fritz,88.7,29.0,89.0,25.0,49,7,"['Rosé', 'Sauvignon Blanc', 'Cabernet Sauvignon', 'Zinfandel', 'Pinot Noir', 'Chardonnay', 'Sparkling Blend']",US,California,"['Dry Creek Valley', 'Sonoma']"
9883,Fritz Haag,91.9,41.3,92.0,42.0,48,2,"['Riesling', 'Rieslaner']",Germany,Mosel,[]
9884,Fritz Haag,85.0,24.0,85.0,24.0,1,1,['Riesling'],Germany,Mosel-Saar-Ruwer,[]
9885,Fritz Müller,90.0,19.0,90.0,19.0,1,1,['Müller-Thurgau'],Germany,Rheinhessen,[]
9886,Fritz Windisch,86.7,15.0,86.0,15.0,3,2,"['Riesling', 'Dornfelder']",Germany,Rheinhessen,[]
9887,Frog's Leap,87.7,38.0,87.0,34.0,57,8,"['Cabernet Sauvignon', 'Sauvignon Blanc', 'Chardonnay', 'Merlot', 'Zinfandel', 'Rosé', 'Bordeaux-style Red Blend', 'Cabernet Blend']",US,California,"['Rutherford', 'Napa']"
9888,Frogmore Creek,88.3,25.0,89.0,26.0,3,2,"['Champagne Blend', 'Pinot Noir']",Australia,Tasmania,['Tasmania']
9889,Fromm Winery,87.5,50.4,88.0,52.0,11,3,"['Pinot Noir', 'Syrah', 'Riesling']",New Zealand,Marlborough,[]
9890,Frontier Red,84.0,10.0,84.0,10.0,2,2,"['Red Blend', 'Rhône-style Red Blend']",US,California,"['California', 'California Other']"
9891,Frost Bitten,89.0,13.3,89.0,13.0,3,1,['Riesling'],US,Washington,"['Yakima Valley', 'Columbia Valley']"
9892,Frostwatch,88.9,31.1,90.0,30.0,21,9,"['Chardonnay', 'Sauvignon Blanc-Semillon', 'Pinot Noir', 'Merlot', 'White Blend', 'Sémillon', 'Cabernet Sauvignon', 'Sauvignon Blanc', 'Zinfandel']",US,California,"['Bennett Valley', 'Sonoma']"
9893,Fruscalzo,87.0,18.0,87.0,18.0,1,1,['Friulano'],Italy,Northeastern Italy,['Collio']
9894,Frédéric Brouca,87.0,23.0,87.0,23.0,1,1,['Cinsault'],France,France Other,['Vin de France']
9895,Frédéric Lornet,87.0,35.9,87.0,27.0,8,6,"['Savagnin', 'White Blend', 'Sparkling Blend', 'Pinot Noir', 'Trousseau', 'Chardonnay']",France,France Other,['Arbois']
9896,Frédéric Mallo,87.4,19.5,88.0,19.5,14,4,"['Gewürztraminer', 'Pinot Gris', 'Pinot Blanc', 'Riesling']",France,Alsace,['Alsace']
9897,Fuchs,88.0,12.0,88.0,12.0,1,1,['Grüner Veltliner'],Austria,Burgenland,[]
9898,Fuchs und Hase,88.5,28.0,88.5,28.0,2,1,['Sparkling Blend'],Austria,Weinland Österreich,[]
9899,Fuchsia,84.0,12.0,84.0,12.0,1,1,['Rosé'],US,California,"['California', 'California Other']"
9900,Fuego Blanco,84.0,25.0,84.0,25.0,1,1,['Gewürztraminer'],Argentina,Other,['Pedernal Valley']
9901,Fuente del Conde,80.0,10.0,80.0,10.0,1,1,['Tempranillo'],Spain,Northern Spain,['Cigales']
9902,Fuentes,89.0,43.2,89.0,38.0,5,1,['Red Blend'],Spain,Catalonia,['Priorat']
9903,Fuerza,89.0,17.0,89.0,17.0,1,1,['Red Blend'],Spain,Levante,['Jumilla']
9904,Fujishin,83.9,21.8,84.0,22.0,13,7,"['Red Blend', 'Petite Sirah', 'Viognier', 'Mourvèdre', 'Tempranillo', 'Chardonnay', 'Merlot']",US,Idaho,[]
9905,Fulcrum,91.1,52.5,92.0,54.0,27,4,"['Pinot Noir', 'Petite Sirah', 'Chardonnay', 'Gewürztraminer']",US,California,"['Anderson Valley', 'Mendocino/Lake Counties']"
9906,Fulget,88.0,18.3,88.0,18.0,3,1,['Albariño'],Spain,Galicia,['Rías Baixas']
9907,Fuligni,91.8,79.6,92.0,75.0,20,3,"['Sangiovese', 'Sangiovese Grosso', 'Red Blend']",Italy,Tuscany,['Brunello di Montalcino']
9908,Fulkerson,85.8,14.7,86.0,14.0,47,15,"['Zweigelt', 'Riesling', 'Cabernet Franc', 'Grüner Veltliner', 'Pinot Noir', 'Traminette', 'Cabernet Sauvignon', 'Merlot', 'Rosé', 'Diamond', 'Muskat Ottonel', 'Sauvignon Blanc', 'Lemberger', 'Chardonnay', 'White Blend']",US,New York,"['Seneca Lake', 'Finger Lakes']"
9909,Full Circle,85.3,8.0,85.0,8.0,3,3,"['Cabernet Sauvignon', 'Chardonnay', 'Merlot']",US,California,"['California', 'California Other']"
9910,Full Pull & Friends,90.5,31.6,90.0,34.0,11,5,"['Bordeaux-style Red Blend', 'Cabernet Sauvignon', 'Cabernet Franc', 'Merlot', 'Chardonnay']",US,Washington,"['Walla Walla Valley (WA)', 'Columbia Valley']"
9911,Fullerton,89.2,39.6,88.5,38.0,20,3,"['Rosé', 'Pinot Noir', 'Chardonnay']",US,Oregon,"['Willamette Valley', 'Willamette Valley']"
9912,Fulvio Luigi Serni,87.3,42.0,87.0,42.0,3,1,['Red Blend'],Italy,Tuscany,['Bolgheri']
9913,Fumanelli,93.5,80.0,93.5,80.0,2,1,['Red Blend'],Italy,Veneto,['Amarone della Valpolicella Classico']
9914,Funckenhausen,86.0,15.0,86.0,15.0,1,1,['Malbec'],Argentina,Mendoza Province,['Mendoza']
9915,Fundatio,82.0,9.0,82.0,9.0,1,1,['Tempranillo'],Spain,Northern Spain,['Vino de la Tierra de Castilla y León']
9916,Funky Llama,82.6,6.5,82.0,6.0,42,9,"['Chardonnay', 'Pinot Grigio', 'Merlot', 'Sauvignon Blanc', 'Malbec', 'Cabernet Sauvignon', 'Shiraz', 'Tempranillo', 'Pinot Noir']",Argentina,Mendoza Province,['Mendoza']
9917,Furioso,92.0,60.0,92.0,60.0,2,1,['Pinot Noir'],US,Oregon,"['Willamette Valley', 'Willamette Valley']"
9918,Furlan,86.0,19.3,87.0,16.5,7,5,"['White Blend', 'Pinot Grigio', 'Sauvignon', 'Sauvignon Blanc', 'Chardonnay']",Italy,Northeastern Italy,['Venezia Giulia']
9919,Furthermore,88.6,42.5,88.0,40.0,14,1,['Pinot Noir'],US,California,"['Russian River Valley', 'Sonoma']"
9920,Fuse,88.0,25.7,88.0,25.0,6,1,['Cabernet Sauvignon'],US,California,"['Napa Valley', 'Napa']"
9921,Fusional,85.0,20.0,85.0,20.0,1,1,['Pinot Noir'],New Zealand,Marlborough,[]
9922,Fusée,85.3,5.7,83.0,6.0,3,3,"['Syrah', 'Chardonnay', 'Merlot']",US,California,"['California', 'California Other']"
9923,Futura 14,89.0,42.5,89.0,42.5,2,1,['Primitivo'],Italy,Southern Italy,['Primitivo di Manduria']
9924,Félix Rocha,85.8,,85.0,,5,2,"['Portuguese White', 'Portuguese Red']",Portugal,Lisboa,[]
9925,Féraud-Brunel,91.0,33.0,91.0,33.0,1,1,['Rhône-style Red Blend'],France,Rhône Valley,['Gigondas']
9926,G & L Lurton,92.7,42.7,93.0,45.0,3,2,"['Bordeaux-style Red Blend', 'Merlot']",US,California,"['Sonoma County', 'Sonoma']"
9927,G D Vajra,88.0,35.0,88.0,35.0,2,1,['Sparkling Blend'],Italy,Italy Other,['Vino Spumante']
9928,G D Vajra,91.2,55.2,92.0,52.5,13,2,"['Nebbiolo', 'Moscato']",Italy,Piedmont,['Langhe']
9929,G&M; Machmer,87.4,21.4,89.0,15.0,5,1,['Gewürztraminer'],Germany,Rheinhessen,[]
9930,G. H. Mumm,89.8,66.6,89.5,61.5,30,3,"['Chardonnay', 'Champagne Blend', 'Pinot Noir']",France,Champagne,['Champagne']
9931,G. Moulinier,87.0,15.3,87.0,14.0,3,2,"['Rhône-style Red Blend', 'Rosé']",France,Languedoc-Roussillon,['Saint-Chinian']
9932,G. Reedy,88.0,33.5,88.0,33.5,2,1,['Cabernet Sauvignon'],US,California,"['Alexander Valley', 'Sonoma']"
9933,G.A. Rossi di Medelana,94.0,160.0,94.0,160.0,1,1,['Red Blend'],Italy,Tuscany,['Toscana']
9934,G.H. Martel,86.0,38.3,86.0,40.0,3,2,"['Chardonnay', 'Champagne Blend']",France,Champagne,['Champagne']
9935,G7,83.7,8.7,84.0,8.0,3,3,"['Cabernet Sauvignon', 'Sauvignon Blanc', 'Chardonnay']",Chile,Central Valley,[]
9936,G7,87.0,15.0,86.0,15.0,3,2,"['Cabernet Sauvignon', 'Carmenère']",Chile,Loncomilla Valley,[]
9937,GEN 7,81.5,27.5,81.5,27.5,2,2,"['Red Blend', 'Chardonnay']",US,California,"['California', 'California Other']"
9938,GMG Vinicola,90.0,,90.0,,1,1,['Aglianico'],Italy,Southern Italy,['Taurasi']
9939,Gaba do Xil,88.1,18.4,88.0,19.0,11,2,"['Godello', 'Mencía']",Spain,Northern Spain,['Valdeorras']
9940,Gabarda,84.2,15.6,83.0,15.0,5,2,"['Grenache Blend', 'Red Blend']",Spain,Northern Spain,['Cariñena']
9941,Gabriel Meffre,84.9,10.1,85.0,10.0,11,7,"['White Blend', 'Chardonnay', 'Rosé', 'Chardonnay-Viognier', 'Merlot', 'Sauvignon Blanc', 'Pinot Noir']",France,France Other,['Vin de France']
9942,Gabriel Meffre,85.0,17.0,85.0,17.0,1,1,['Rosé'],France,Provence,['Côtes de Provence']
9943,Gabriel Meffre,87.8,26.0,88.0,17.0,19,4,"['Rhône-style Red Blend', 'Rhône-style White Blend', 'Syrah', 'Rosé']",France,Rhône Valley,['Gigondas']
9944,Gabriele Scaglione,88.5,51.5,88.5,51.5,2,1,['Nebbiolo'],Italy,Piedmont,['Barbaresco']
9945,Gabriele Valeriani,90.0,24.0,90.0,24.0,2,1,['Red Blend'],Italy,Tuscany,['Vino Nobile di Montepulciano']
9946,Gadais Père et Fils,89.1,17.5,90.0,16.0,17,1,['Melon'],France,Loire Valley,['Muscadet Sèvre et Maine']
9947,Gadino,82.5,22.5,82.5,22.5,2,2,"['Cabernet Franc', 'Chardonnay']",US,Virginia,['Virginia']
9948,Gaggioli,82.0,16.0,82.0,16.0,1,1,['Pignoletto'],Italy,Central Italy,['Colli Bolognesi']
9949,Gagliole,89.6,53.5,89.5,39.5,12,2,"['Sangiovese', 'Red Blend']",Italy,Tuscany,['Chianti Classico']
9950,Gaia Wines,88.0,31.5,88.0,29.5,6,1,['Agiorgitiko'],Greece,Nemea,[]
9951,Gaia Wines,87.5,20.8,87.0,15.0,4,3,"['White Blend', 'Red Blend', 'Agiorgitiko']",Greece,Peloponnese,[]
9952,Gaia Wines,88.2,30.1,88.0,30.0,8,2,"['Assyrtico', 'Assyrtiko']",Greece,Santorini,[]
9953,Gaierhof,85.2,19.4,85.0,20.0,10,4,"['Pinot Grigio', 'Moscato Giallo', 'Moscato', 'Chardonnay']",Italy,Northeastern Italy,['Trentino']
9954,Gain Bay,87.3,20.0,87.0,20.0,3,1,['Bordeaux-style Red Blend'],US,California,"['Napa Valley', 'Napa']"
9955,Gainey,89.3,27.3,89.0,22.0,73,7,"['Merlot', 'Chardonnay', 'Pinot Noir', 'Sauvignon Blanc', 'Syrah', 'Riesling', 'Cabernet Sauvignon']",US,California,"['Santa Ynez Valley', 'Central Coast']"
9956,Gaintza,85.0,20.0,85.0,20.0,1,1,['Hondarrabi Zuri'],Spain,Northern Spain,['Getariako Txakolina']
9957,Gaja,94.6,330.7,95.0,309.0,36,4,"['Red Blend', 'Nebbiolo', 'Refosco', 'Cabernet Sauvignon']",Italy,Piedmont,['Langhe']
9958,Gala Rouge,84.0,10.0,84.0,10.0,1,1,['Pinot Noir'],France,Languedoc-Roussillon,"[""Vin de Pays d'Oc""]"
9959,Galadino,83.0,7.0,83.0,7.0,1,1,['Red Blend'],Italy,Tuscany,['Chianti Classico']
9960,Galante,86.7,34.3,87.0,30.0,26,9,"['Red Blend', 'Cabernet Sauvignon', 'Petite Sirah', 'Pinot Noir', 'Merlot', 'Bordeaux-style Red Blend', 'Sauvignon Blanc', 'Malbec', 'White Blend']",US,California,"['Carmel Valley', 'Central Coast']"
9961,Galardi,90.0,90.0,90.0,90.0,3,1,['Red Blend'],Italy,Southern Italy,['Roccamonfina']
9962,Galatea Effect,89.0,94.0,90.0,65.0,5,3,"['Rosé', 'Syrah', 'Pinot Noir']",US,California,"['California', 'California Other']"
9963,Galaxy,88.0,73.8,87.5,80.0,4,2,"['Red Blend', 'White Blend']",US,California,"['California', 'California Other']"
9964,Galda,87.0,13.0,87.0,13.0,1,1,['Sparkling Blend'],Spain,Catalonia,['Cava']
9965,Galerie,92.8,37.1,93.0,30.0,12,3,"['Cabernet Sauvignon', 'Sauvignon Blanc', 'Riesling']",US,California,"['Knights Valley', 'Sonoma']"
9966,Galil Mountain,87.2,19.1,86.5,18.0,18,12,"['Red Blend', 'Cabernet Sauvignon', 'Pinot Noir', 'Merlot', 'Rosé', 'Shiraz-Cabernet Sauvignon', 'White Blend', 'Shiraz', 'Viognier', 'Barbera', 'Bordeaux-style Red Blend', 'Syrah']",Israel,Galilee,[]
9967,Galil Mountain,88.3,20.1,89.0,20.0,15,5,"['Rosé', 'Barbera', 'Viognier', 'Pinot Noir', 'Red Blend']",Israel,Upper Galilee,[]
9968,Galizeus,86.0,14.0,86.0,14.0,2,1,['Albariño'],Spain,Galicia,['Rías Baixas']
9969,Galleano,88.3,21.0,87.0,25.0,3,2,"['Port', 'Sherry']",US,California,"['Cucamonga Valley', 'South Coast']"
9970,Gallegos,91.6,41.2,91.0,42.0,5,2,"['Pinot Noir', 'Red Blend']",US,California,"['Santa Lucia Highlands', 'Central Coast']"
9971,Galleron,87.2,48.2,86.0,40.0,6,4,"['Chardonnay', 'Cabernet Sauvignon', 'Zinfandel', 'Merlot']",US,California,"['Napa Valley', 'Napa']"
9972,Galleron Laine,86.0,35.0,86.0,35.0,2,2,"['Chardonnay', 'Merlot']",US,California,"['Napa Valley', 'Napa']"
9973,Gallica,90.5,100.0,90.5,100.0,2,2,"['Rhône-style Red Blend', 'Cabernet Sauvignon']",US,California,"['Amador County', 'Sierra Foothills']"
9974,Gallimard Père et Fils,89.0,52.5,89.0,52.5,2,2,"['Chardonnay', 'Pinot Noir']",France,Champagne,['Champagne']
9975,Gallo Estate,90.0,95.0,90.0,95.0,1,1,['Cabernet Sauvignon'],US,California,"['Northern Sonoma', 'Sonoma']"
9976,Gallo Family Vineyards,86.2,16.4,86.0,14.0,26,10,"['Chardonnay', 'Cabernet Sauvignon', 'Merlot', 'Pinot Noir', 'Sauvignon Blanc', 'Red Blend', 'Zinfandel', 'Pinot Grigio', 'Pinot Gris', 'Moscato']",US,California,"['Russian River Valley', 'Sonoma']"
9977,Gallo Signature Series,88.9,36.1,88.5,35.0,10,3,"['Chardonnay', 'Cabernet Sauvignon', 'Pinot Noir']",US,California,"['Russian River Valley', 'Sonoma']"
9978,Gallo of Sonoma,87.9,19.8,88.0,19.5,14,6,"['Merlot', 'Pinot Noir', 'Cabernet Sauvignon', 'Sangiovese', 'Zinfandel', 'Chardonnay']",US,California,"['Sonoma County', 'Sonoma']"
9979,Galvan,88.6,44.0,89.0,36.0,8,6,"['Cabernet Sauvignon', 'Red Blend', 'Sauvignon Blanc', 'Cabernet Franc', 'Bordeaux-style Red Blend', 'Zinfandel']",US,California,"['Napa Valley', 'Napa']"
9980,Galán,83.0,12.0,83.0,12.0,1,1,['Sauvignon Blanc'],Chile,Lontué Valley,[]
9981,Gamache,88.3,28.9,88.0,28.0,58,10,"['Syrah', 'Cabernet Sauvignon', 'Malbec', 'Merlot', 'Viognier', 'Red Blend', 'Bordeaux-style Red Blend', 'Riesling', 'Cabernet Franc', 'Sauvignon Blanc']",US,Washington,"['Columbia Valley (WA)', 'Columbia Valley']"
9982,Gamba,88.6,35.5,89.0,33.0,11,2,"['Corvina, Rondinella, Molinara', 'Red Blend']",Italy,Veneto,['Valpolicella Classico Superiore Ripasso']
9983,Gamba,86.0,45.0,86.0,45.0,2,1,['Zinfandel'],US,California,"['Russian River Valley', 'Sonoma']"
9984,Gamba Gnirega,89.5,46.5,89.5,46.5,2,1,['Red Blend'],Italy,Veneto,['Amarone della Valpolicella Classico']
9985,Gamble Family Vineyards,90.4,54.8,90.0,60.0,5,4,"['Sauvignon Blanc', 'Syrah', 'Cabernet Sauvignon', 'Bordeaux-style Red Blend']",US,California,"['Yountville', 'Napa']"
9986,Game of Thrones,86.5,20.0,86.5,20.0,2,2,"['Red Blend', 'Chardonnay']",US,California,"['Paso Robles', 'Central Coast']"
9987,Gamla,87.0,17.3,87.5,18.0,6,3,"['Cabernet Sauvignon', 'Chardonnay', 'Merlot']",Israel,Galilee,[]
9988,Gan Eden,85.0,26.5,85.0,26.5,2,2,"['Chardonnay', 'Cabernet Sauvignon']",US,California,"['Sonoma County', 'Sonoma']"
9989,Gancedo,88.2,38.7,88.0,29.5,14,2,"['Godello', 'Mencía']",Spain,Northern Spain,['Bierzo']
9990,Gancia,87.6,28.4,88.0,27.5,13,5,"['Moscato', 'Pinot-Chardonnay', 'Sparkling Blend', 'Brachetto', 'White Blend']",Italy,Piedmont,['Asti']
9991,Gancia,86.2,12.0,86.0,11.0,4,1,['Glera'],Italy,Veneto,['Conegliano Valdobbiadene Prosecco Superiore']
9992,Gandia,85.0,9.0,85.0,9.0,1,1,['Tempranillo'],Spain,Levante,['Utiel-Requena']
9993,Gandona,97.0,190.0,97.0,190.0,1,1,['Cabernet Sauvignon'],US,California,"['Napa Valley', 'Napa']"
9994,Gann,84.7,24.3,83.0,25.0,3,3,"['Zinfandel', 'Sauvignon Blanc', 'Chardonnay']",US,California,"['Alexander Valley', 'Sonoma']"
9995,Gantenbein,89.0,160.0,89.0,160.0,2,1,['Pinot Noir'],Switzerland,Switzerland,[]
9996,Garage Wine Co.,90.0,39.0,90.0,39.0,1,1,['Carignan'],Chile,Itata Valley,[]
9997,Garage Wine Co.,90.8,36.0,91.0,36.0,4,2,"['Cabernet Franc', 'Cabernet Sauvignon']",Chile,Maipo Valley,[]
9998,Garage Wine Co.,88.4,34.0,88.0,39.0,5,4,"['Red Blend', 'Cabernet Franc', 'Carignan', 'Rosé']",Chile,Maule Valley,[]
9999,Garavin,91.7,85.7,91.0,76.0,3,1,['Cabernet Sauvignon'],US,California,"['Atlas Peak', 'Napa']"
10000,Garber & Goltz,90.0,29.0,90.0,29.0,1,1,['Grüner Veltliner'],Austria,Wachau,[]
10001,Garbó,83.8,19.0,83.0,19.0,5,2,"['Rosé', 'Red Blend']",Spain,Catalonia,['Montsant']
10002,Garces Silva,87.0,18.4,88.0,18.0,7,3,"['Pinot Noir', 'Sauvignon Blanc', 'Rosé']",Chile,Leyda Valley,[]
10003,Garcia Hermanos,88.0,16.0,88.0,16.0,1,1,['Pedro Ximénez'],Spain,Andalucia,['Montilla-Moriles']
10004,Garcia Schwaderer,90.0,35.0,90.0,35.0,2,1,['Red Blend'],Chile,Chile,[]
10005,Garcia Schwaderer,89.0,20.0,89.0,20.0,1,1,['Red Blend'],Chile,Itata Valley,[]
10006,Garciarévalo,88.2,14.2,87.5,15.0,4,1,['Verdejo'],Spain,Northern Spain,['Rueda']
10007,Garcilaso,92.0,33.0,92.0,33.0,1,1,['Tempranillo'],Spain,Northern Spain,['Toro']
10008,García Figuero,90.6,103.2,92.0,65.5,38,2,"['Tempranillo Blend', 'Tempranillo']",Spain,Northern Spain,['Ribera del Duero']
10009,Gardel,84.9,16.2,86.0,15.0,11,4,"['Bonarda', 'Malbec', 'Torrontés', 'Cabernet Sauvignon']",Argentina,Mendoza Province,['Mendoza']
10010,Garden Creek,93.0,65.0,93.0,65.0,1,1,['Bordeaux-style Red Blend'],US,California,"['Alexander Valley', 'Sonoma']"
10011,Garfield Estates,83.0,18.3,82.0,20.0,3,2,"['Viognier', 'Cabernet Franc']",US,Colorado,['Grand Valley']
10012,Garganuda,84.0,17.0,84.0,17.0,1,1,['Garganega'],Italy,Veneto,['Soave']
10013,Gargiulo,89.4,60.6,90.0,40.0,5,5,"['Red Blend', 'Bordeaux-style Red Blend', 'Cabernet Sauvignon', 'Merlot', 'Sangiovese']",US,California,"['Oakville', 'Napa']"
10014,Garmón,93.0,62.0,93.0,62.0,1,1,['Tempranillo'],Spain,Northern Spain,['Ribera del Duero']
10015,Garnacha de Fuego,83.5,8.0,83.5,8.0,2,1,['Garnacha'],Spain,Northern Spain,['Calatayud']
10016,Garnet,88.3,21.0,89.5,20.0,10,3,"['Pinot Noir', 'Chardonnay', 'Cabernet Sauvignon']",US,California,"['Sonoma Coast', 'Sonoma']"
10017,Garnet Vineyards,85.3,32.0,86.0,36.0,3,1,['Pinot Noir'],US,California,"['Sonoma Coast', 'Sonoma']"
10018,Garnier et Fils,89.5,60.4,90.5,50.5,10,2,"['Pinot Noir', 'Chardonnay']",France,Burgundy,['Bourgogne']
10019,Garofalo,87.0,15.0,87.0,15.0,2,2,"['Sauvignon Blanc', 'Viognier']",US,Washington,"['Walla Walla Valley (WA)', 'Columbia Valley']"
10020,Garofoli,87.2,23.2,87.0,25.0,16,3,"['White Blend', 'Verdicchio', 'Montepulciano']",Italy,Central Italy,['Marche']
10021,Garretson,88.3,28.7,88.0,28.0,3,3,"['Mourvèdre', 'Grenache', 'Syrah']",US,California,"['Paso Robles', 'Central Coast']"
10022,Garrida,89.4,21.2,90.0,15.0,5,3,"['Portuguese Red', 'Encruzado', 'Touriga Nacional']",Portugal,Dão,[]
10023,Garriotin,86.0,20.5,86.0,20.5,2,1,['Malbec'],France,Southwest France,['Cahors']
10024,Garré,86.0,31.5,86.0,31.5,2,2,"['Merlot', 'Petite Sirah']",US,California,"['Livermore Valley', 'Central Coast']"
10025,Gary Farrell,91.0,48.2,91.0,50.0,177,9,"['Pinot Noir', 'Zinfandel', 'Sauvignon Blanc', 'Chardonnay', 'Merlot', 'Cabernet Sauvignon', 'Bordeaux-style Red Blend', 'Rosé', 'Syrah']",US,California,"['Sonoma Coast', 'Sonoma']"
10026,Garzón,87.0,20.0,87.0,20.0,8,5,"['Tannat', 'Sauvignon Blanc', 'Albariño', 'Cabernet Franc', 'Pinot Noir']",Uruguay,Uruguay,[]
10027,Gassier,87.1,17.4,87.0,16.0,9,1,['Rosé'],France,Provence,['Côtes de Provence']
10028,Gaston Chiquet,91.2,62.0,91.5,60.0,6,2,"['Champagne Blend', 'Chardonnay']",France,Champagne,['Champagne']
10029,Gatos Locos,83.0,21.6,85.0,20.0,5,3,"['Pinot Noir', 'Zinfandel', 'Chardonnay']",US,California,"['Santa Cruz Mountains', 'Central Coast']"
10030,Gattavecchi,87.6,20.6,88.0,17.0,13,3,"['Red Blend', 'Prugnolo Gentile', 'Sangiovese']",Italy,Tuscany,['Rosso di Montepulciano']
10031,Gauchezco,86.6,21.0,86.0,15.0,12,7,"['Petit Verdot', 'Malbec', 'Torrontés', 'Rosé', 'Pinot Noir', 'Cabernet Sauvignon', 'Malbec-Cabernet Franc']",Argentina,Mendoza Province,['Mendoza']
10032,Gauchezco,84.0,14.0,84.0,14.0,1,1,['Torrontés'],Argentina,Other,['Salta']
10033,Gaucho Andino,84.0,12.0,84.0,12.0,2,2,"['Malbec', 'Moscatel']",Argentina,Mendoza Province,['Mendoza']
10034,Gaucho Club,88.0,10.0,88.0,10.0,1,1,['Malbec'],Argentina,Mendoza Province,['Mendoza']
10035,Gaudio,88.0,15.0,88.0,15.0,1,1,['Barbera'],Italy,Piedmont,['Barbera del Monferrato']
10036,Gauguine,89.0,30.0,89.0,30.0,2,2,"['Syrah', 'Grenache']",US,California,"['Solano County', 'North Coast']"
10037,Gaul,87.5,26.5,87.5,22.5,4,4,"['Dornfelder', 'Pinot Blanc', 'St. Laurent', 'Rosé']",Germany,Pfalz,[]
10038,Gauthier,87.8,31.0,87.5,32.5,4,3,"['Pinot Noir', 'Riesling', 'Zinfandel']",US,California,"['Sonoma Coast', 'Sonoma']"
10039,Gauthier-Christophe,90.0,46.7,90.0,48.0,3,2,"['Champagne Blend', 'Chardonnay']",France,Champagne,['Champagne']
10040,Gavilan,88.0,22.5,88.0,22.5,2,2,"['Pinot Noir', 'Chardonnay']",US,California,"['Chalone', 'Central Coast']"
10041,Gayda,85.3,12.3,85.0,12.0,3,2,"['Chardonnay', 'Rosé']",France,Languedoc-Roussillon,"[""Vin de Pays d'Oc""]"
10042,Gazur,83.5,19.0,83.5,19.0,2,1,['Tempranillo Blend'],Spain,Northern Spain,['Ribera del Duero']
10043,Gaël Martin,89.5,,89.5,,2,1,['Gamay'],France,Beaujolais,['Saint-Amour']
10044,Gear and Sprocket,87.0,20.0,87.0,20.0,1,1,['Pinot Noir'],US,Oregon,"['Willamette Valley', 'Willamette Valley']"
10045,Gebeshuber,89.2,30.4,89.0,29.0,15,7,"['Austrian white blend', 'Zierfandler-Rotgipfler', 'Zierfandler', 'Pinot Noir', 'Rotgipfler', 'Austrian Red Blend', 'Red Blend']",Austria,Thermenregion,[]
10046,Gebeshuber,85.0,21.0,85.0,21.0,1,1,['Pinot Noir'],Austria,Österreichischer Perlwein,[]
10047,Gebeshuber,86.0,25.0,86.0,25.0,1,1,['Sparkling Blend'],Austria,Österreichischer Sekt,[]
10048,Gecko,84.5,15.0,84.5,15.0,2,2,"['Pinot Grigio', 'Rosé']",US,Washington,"['Snipes Mountain', 'Columbia Valley']"
10049,Geh. Rat Dr. von Bassermann-Jordan,89.6,79.4,89.5,22.0,18,1,['Riesling'],Germany,Pfalz,[]
10050,Gehricke,89.3,40.5,90.0,39.5,6,2,"['Pinot Noir', 'Cabernet Sauvignon']",US,California,"['Los Carneros', 'Napa-Sonoma']"
10051,Gelfand,87.3,31.0,87.0,30.0,3,2,"['Petite Sirah', 'Red Blend']",US,California,"['Paso Robles', 'Central Coast']"
10052,Gemella,87.0,60.0,87.0,60.0,1,1,['Petite Sirah'],US,California,"['Mendocino', 'Mendocino/Lake Counties']"
10053,Gemin,87.0,15.0,87.0,15.0,3,1,['Glera'],Italy,Veneto,['Conegliano Valdobbiadene Prosecco Superiore']
10054,Gemma,87.4,39.7,87.0,35.0,9,1,['Nebbiolo'],Italy,Piedmont,['Barolo']
10055,Gemtree,88.2,22.4,88.0,20.0,20,9,"['Shiraz', 'Shiraz-Viognier', 'Petit Verdot', 'Chardonnay', 'Bordeaux-style Red Blend', 'Red Blend', 'Tempranillo', 'Savagnin', 'Rosé']",Australia,South Australia,['McLaren Vale']
10056,Gen Del Alma,85.0,28.5,85.0,28.5,2,2,"['Chenin Blanc', 'Red Blend']",Argentina,Mendoza Province,['Tupungato']
10057,Gen5,85.7,12.1,86.0,12.0,15,5,"['Chardonnay', 'Zinfandel', 'Merlot', 'Cabernet Sauvignon', 'Red Blend']",US,California,"['Lodi', 'Central Valley']"
10058,General's Ridge,83.4,,84.0,,5,5,"['Red Blend', 'Pinot Grigio', 'White Blend', 'Petit Verdot', 'Merlot']",US,Virginia,['Virginia']
10059,Generation 7,86.3,22.7,87.0,22.0,3,3,"['Red Blend', 'Muscat Blanc', 'Viognier']",US,California,"['Lodi', 'Central Valley']"
10060,Generations of Sonoma,80.0,30.0,80.0,30.0,1,1,['Aleatico'],US,California,"['Sonoma Valley', 'Sonoma']"
10061,Genereaj,92.0,,92.0,,1,1,['Nebbiolo'],Italy,Piedmont,['Roero']
10062,Genio Español,88.0,14.5,88.0,14.5,2,2,"['Monastrell-Syrah', 'Monastrell']",Spain,Levante,['Jumilla']
10063,Genio del Pago,91.0,60.0,91.0,60.0,1,1,"['Corvina, Rondinella, Molinara']",Italy,Veneto,['Amarone della Valpolicella Classico']
10064,Genium Celler,89.1,42.6,89.0,41.0,17,2,"['Pedro Ximénez', 'Red Blend']",Spain,Catalonia,['Priorat']
10065,Genius Loci,86.5,22.5,86.5,22.5,2,2,"['Pinot Noir', 'Syrah']",US,Oregon,"['Willamette Valley', 'Willamette Valley']"
10066,Genius Wines,86.7,46.7,87.0,35.0,3,2,"['Cabernet Sauvignon', 'Sauvignon Blanc']",US,California,"['Chalk Hill', 'Sonoma']"
10067,Genoa,88.2,27.9,88.0,29.0,16,5,"['White Blend', 'Red Blend', 'Cabernet Sauvignon', 'Sangiovese', 'Merlot']",US,Washington,"['Columbia Valley (WA)', 'Columbia Valley']"
10068,Gentile Collins,87.0,15.0,87.0,15.0,1,1,['Syrah'],Argentina,Mendoza Province,['Mendoza']
10069,Gentilini,86.6,21.3,86.0,18.0,7,4,"['White Blend', 'Robola', 'Red Blend', 'Syrah']",Greece,Cephalonia,[]
10070,Genuine Risk,86.0,22.0,86.0,22.0,1,1,['Cabernet Sauvignon'],US,California,"['Santa Ynez Valley', 'Central Coast']"
10071,Geode,84.0,18.0,84.0,18.0,1,1,['Chardonnay'],US,California,"['Santa Barbara County', 'Central Coast']"
10072,Geoff Merrill,86.8,19.6,87.0,20.0,11,10,"['Merlot', 'Sauvignon Blanc-Semillon', 'Grenache', 'Chardonnay', 'Cabernet Sauvignon-Shiraz', 'Cabernet Sauvignon', 'Rhône-style Red Blend', 'Red Blend', 'Sauvignon Blanc', 'Cabernet Sauvignon-Merlot']",Australia,South Australia,['South Australia']
10073,Geoff Tate,89.0,30.0,89.0,30.0,2,2,"['Bordeaux-style Red Blend', 'Semillon-Sauvignon Blanc']",US,Washington,"['Columbia Valley (WA)', 'Columbia Valley']"
10074,Geografico Castello Tricerchi,88.8,,88.5,,6,1,['Sangiovese Grosso'],Italy,Tuscany,['Brunello di Montalcino']
10075,Georg Breuer,88.8,62.6,89.0,40.0,13,2,"['Riesling', 'Pinot Noir']",Germany,Rheingau,[]
10076,Georg Mosbacher,90.0,31.5,90.0,31.5,2,1,['Riesling'],Germany,Pfalz,[]
10077,George IV,85.8,45.2,86.0,52.0,5,4,"['Pinot Noir', 'Syrah', 'Zinfandel', 'Sauvignon Blanc']",US,California,"['Santa Lucia Highlands', 'Central Coast']"
10078,Georges Duboeuf,87.7,17.2,88.0,17.0,199,3,"['Gamay', 'Red Blend', 'Rosé']",France,Beaujolais,['Beaujolais-Villages']
10079,Georges Duboeuf,86.6,24.6,86.0,23.0,31,1,['Chardonnay'],France,Burgundy,['Pouilly-Fuissé']
10080,Georges Duboeuf,80.0,10.0,80.0,10.0,1,1,['Viognier'],France,France Other,['France']
10081,Georges Duboeuf,83.5,8.6,83.0,8.0,11,5,"['Chardonnay', 'Cabernet Sauvignon', 'Merlot', 'Syrah', 'Viognier']",France,Languedoc-Roussillon,"[""Vin de Pays d'Oc""]"
10082,Georges Lacombe,87.0,37.0,87.0,37.0,1,1,['Champagne Blend'],France,Champagne,['Champagne']
10083,Georges Vigouroux,88.3,29.8,88.0,17.0,101,13,"['Merlot-Malbec', 'Ugni Blanc-Colombard', 'Rosé', 'Colombard-Sauvignon Blanc', 'Malbec-Merlot', 'Malbec', 'White Blend', 'Bordeaux-style Red Blend', 'Red Blend', 'Chardonnay', 'Chenin Blanc', 'Sauvignon Blanc', 'Gros Manseng']",France,Southwest France,['Buzet']
10084,Gerald Talmard,84.0,13.0,84.0,13.0,1,1,['Chardonnay'],France,Burgundy,['Mâcon-Chardonnay']
10085,Gerd Anselmann,89.3,21.3,90.0,19.0,3,1,['Riesling'],Germany,Pfalz,[]
10086,Gere Attila,86.6,40.8,86.0,29.0,13,7,"['Cabernet Sauvignon', 'Bordeaux-style Red Blend', 'Red Blend', 'Merlot', 'Blauer Portugieser', 'Rosé', 'Kekfrankos']",Hungary,Villány,[]
10087,Geretto,86.5,9.5,86.5,9.5,2,1,['Pinot Grigio'],Italy,Northeastern Italy,['Delle Venezie']
10088,Gerhard Pittnauer,91.0,24.8,91.0,20.0,4,3,"['Austrian Red Blend', 'St. Laurent', 'Red Blend']",Austria,Burgenland,[]
10089,Gerhard Pittnauer,87.7,27.5,87.0,22.0,6,4,"['White Blend', 'Red Blend', 'St. Laurent', 'Zweigelt']",Austria,Neusiedlersee,[]
10090,Germano Angelo,89.7,79.5,89.0,79.5,7,1,['Nebbiolo'],Italy,Piedmont,['Barolo']
10091,Germano Ettore,90.5,35.0,90.5,35.0,2,1,['Nebbiolo'],Italy,Italy Other,['Vino Spumante']
10092,Germano Ettore,92.6,63.8,93.0,70.0,18,4,"['Nebbiolo', 'Sparkling Blend', 'Nascetta', 'Riesling']",Italy,Piedmont,['Barolo']
10093,Gernot and Heike Heinrich,85.0,17.0,85.0,17.0,2,1,['Austrian Red Blend'],Austria,Austria,[]
10094,Gernot and Heike Heinrich,89.3,37.8,89.0,25.0,29,6,"['Zweigelt', 'Blaufränkisch', 'St. Laurent', 'Austrian Red Blend', 'Red Blend', 'Pinot Noir']",Austria,Burgenland,[]
10095,Gernot and Heike Heinrich,91.7,40.0,92.0,45.0,3,2,"['Blaufränkisch', 'Chardonnay']",Austria,Leithaberg,[]
10096,Gernot and Heike Heinrich,83.0,34.0,83.0,34.0,1,1,['Red Blend'],Austria,Neusiedlersee,[]
10097,Gerovassiliou,89.6,29.9,89.0,23.5,9,5,"['Malagousia', 'Syrah', 'Chardonnay', 'White Blend', 'Red Blend']",Greece,Epanomi,[]
10098,Gershon Bachus,90.7,49.5,91.0,47.5,6,5,"['Cabernet Franc', 'Red Blend', 'Grenache', 'Cabernet Sauvignon', 'White Blend']",US,California,"['Temecula Valley', 'South Coast']"
10099,Gersing,87.3,31.0,87.0,34.0,3,2,"['Pinot Noir', 'Pinot Gris']",US,Oregon,"['Chehalem Mountains', 'Willamette Valley']"
10100,Gesellmann,90.5,25.1,90.0,27.5,10,6,"['Scheurebe', 'Red Blend', 'Blaufränkisch', 'Pinot Noir', 'Bordeaux-style Red Blend', 'Austrian Red Blend']",Austria,Burgenland,[]
10101,Gesellmann,88.0,11.0,88.0,11.0,1,1,['Blaufränkisch'],Austria,Mittelburgenland,[]
10102,Gewurz,84.0,12.0,84.0,12.0,1,1,['Gewürztraminer'],US,California,"['Mendocino County', 'Mendocino/Lake Counties']"
10103,Geyerhof,92.6,34.2,93.0,34.5,13,2,"['Grüner Veltliner', 'Riesling']",Austria,Kremstal,[]
10104,Geyser Peak,87.1,23.5,87.0,20.0,95,12,"['Sauvignon Blanc', 'Cabernet Sauvignon', 'Chardonnay', 'Bordeaux-style Red Blend', 'Merlot', 'Pinot Grigio', 'Meritage', 'Red Blend', 'Viognier', 'Shiraz', 'Pinot Noir', 'Riesling']",US,California,"['California', 'California Other']"
10105,Ghione,87.5,17.5,87.5,17.5,2,1,['Moscato'],Italy,Piedmont,"[""Moscato d'Asti""]"
10106,Ghost Block,89.7,79.0,89.5,80.0,10,1,['Cabernet Sauvignon'],US,California,"['Yountville', 'Napa']"
10107,Ghost Gum,84.0,9.0,84.0,9.0,3,2,"['Shiraz', 'Chardonnay']",Australia,Australia Other,['South Eastern Australia']
10108,Ghost Hill,90.9,36.2,91.0,42.0,9,2,"['Pinot Noir', 'Rosé']",US,Oregon,"['Yamhill-Carlton District', 'Willamette Valley']"
10109,Ghost Pines,86.4,21.7,86.5,23.0,28,6,"['Chardonnay', 'Red Blend', 'Pinot Noir', 'Cabernet Sauvignon', 'Zinfandel', 'Merlot']",US,California,"['Monterey County-Napa County-Sonoma County', 'California Other']"
10110,Ghost Waltz,89.0,35.0,89.0,35.0,1,1,['Cabernet Sauvignon'],US,California,"['Sonoma County', 'Sonoma']"
10111,Ghostrider,89.0,14.0,89.0,14.0,1,1,['Red Blend'],US,California,"['Lodi', 'Central Valley']"
10112,Ghostrunner,86.0,14.0,86.0,14.0,1,1,['Rhône-style Red Blend'],US,California,"['Lodi', 'Central Valley']"
10113,Ghostwriter,88.3,38.1,87.0,45.0,9,2,"['Pinot Noir', 'Chardonnay']",US,California,"['Santa Cruz County', 'Central Coast']"
10114,Gia Domella,86.3,39.9,87.0,32.0,7,2,"['Zinfandel', 'Cabernet Sauvignon']",US,California,"['Russian River Valley', 'Sonoma']"
10115,Giacomo Ascheri,89.0,42.3,89.5,45.0,10,3,"['Nebbiolo', 'Arneis', 'Cortese']",Italy,Piedmont,"[""Nebbiolo d'Alba""]"
10116,Giacomo Conterno,94.5,225.0,94.5,225.0,2,1,['Nebbiolo'],Italy,Piedmont,['Barolo']
10117,Giacomo Fenocchio,91.7,47.1,91.0,50.0,29,4,"['Nebbiolo', 'Barbera', 'Dolcetto', 'Arneis']",Italy,Piedmont,['Barolo']
10118,Giacomo Grimaldi,90.7,60.7,92.0,62.5,11,1,['Nebbiolo'],Italy,Piedmont,['Barolo']
10119,Giacomo Mori,85.0,20.5,85.0,20.5,2,1,['Sangiovese'],Italy,Tuscany,['Chianti']
10120,Giacomo Vico,87.6,19.3,87.0,18.0,17,7,"['Barbera', 'Brachetto', 'Nebbiolo', 'Arneis', 'Chardonnay', 'Red Blend', 'Favorita']",Italy,Piedmont,"[""Barbera d'Alba Superiore""]"
10121,Giaconda,91.5,92.4,91.0,100.0,10,5,"['Chardonnay', 'Pinot Noir', 'Roussanne', 'White Blend', 'Shiraz']",Australia,Victoria,['Victoria']
10122,Giacosa Fratelli,89.6,50.2,90.0,52.0,31,4,"['Nebbiolo', 'Dolcetto', 'Arneis', 'Barbera']",Italy,Piedmont,['Barolo']
10123,Gian Piero Marrone,88.2,39.3,87.5,38.0,4,1,['Nebbiolo'],Italy,Piedmont,['Barolo']
10124,Gianelli,87.5,24.0,88.5,25.0,4,4,"['Montepulciano', 'Aglianico', 'Vermentino', 'Red Blend']",US,California,"['Tuolumne County', 'Sierra Foothills']"
10125,Gianfranco Alessandria,92.1,34.8,93.0,35.5,13,2,"['Nebbiolo', 'Barbera']",Italy,Piedmont,['Barolo']
10126,Gianfranco Bovio,90.9,,91.0,,7,1,['Nebbiolo'],Italy,Piedmont,['Barolo']
10127,Gianfranco Fino,89.0,80.0,89.0,80.0,1,1,['Primitivo'],Italy,Southern Italy,['Primitivo di Manduria']
10128,Gianni Brunelli,92.2,67.7,92.0,67.0,15,3,"['Sangiovese', 'Sangiovese Grosso', 'Merlot']",Italy,Tuscany,['Brunello di Montalcino']
10129,Gianni Buonomo,85.0,49.0,85.0,49.0,1,1,['Sangiovese'],US,Washington,"['Washington', 'Washington Other']"
10130,Gianni Doglia,89.0,15.0,89.0,15.0,2,1,['Moscato'],Italy,Piedmont,"[""Moscato d'Asti""]"
10131,Gianni Gagliardo,89.9,92.6,90.0,75.0,21,3,"['Nebbiolo', 'Dolcetto', 'Barbera']",Italy,Piedmont,['Barolo']
10132,Gianni Tessari,87.0,17.5,87.0,17.5,2,1,['White Blend'],Italy,Veneto,['Soave Classico']
10133,Gianni Voerzio,92.2,72.3,92.0,67.0,6,3,"['Nebbiolo', 'Dolcetto', 'Barbera']",Italy,Piedmont,['Barolo']
10134,Giannoni Fabbri,88.0,13.0,88.0,13.0,1,1,['Syrah'],Italy,Tuscany,['Cortona']
10135,Gianpiero Marrone,90.0,,90.0,,1,1,['Nebbiolo'],Italy,Piedmont,['Barolo']
10136,Giant Mistake,88.0,20.0,88.0,20.0,1,1,['Red Blend'],South Africa,Coastal Region,[]
10137,Giant Steps,88.6,36.6,89.0,35.0,23,5,"['Pinot Noir', 'Merlot', 'Chardonnay', 'Bordeaux-style Red Blend', 'Shiraz']",Australia,Victoria,['Yarra Valley']
10138,Giarusso,86.0,20.0,86.0,20.0,1,1,['Zinfandel'],US,California,"['Dry Creek Valley', 'Sonoma']"
10139,Giavi,86.2,17.0,86.0,17.0,4,1,['Glera'],Italy,Veneto,['Conegliano Valdobbiadene Prosecco Superiore']
10140,Gibbs,88.1,26.3,87.0,25.0,13,7,"['Merlot', 'Red Blend', 'Chardonnay', 'Cabernet Sauvignon', 'Pinot Noir', 'Cabernet Franc', 'Sauvignon Blanc']",US,California,"['Oakville', 'Napa']"
10141,Gibson's BarossaVale,91.2,80.0,91.0,100.0,5,3,"['Grenache', 'Shiraz', 'Rhône-style Red Blend']",Australia,South Australia,['McLaren Vale']
10142,Giefing,85.0,35.0,85.0,35.0,2,2,"['Traminer', 'Chardonnay']",Austria,Burgenland,[]
10143,Giesen,86.6,15.2,86.0,16.0,5,4,"['Riesling', 'Chardonnay', 'Champagne Blend', 'Pinot Noir']",New Zealand,Canterbury,[]
10144,Giesen,86.5,13.0,86.5,13.0,2,1,['Riesling'],New Zealand,East Coast,[]
10145,Giesen,88.4,40.6,88.0,30.0,27,4,"['Sauvignon Blanc', 'Pinot Noir', 'Riesling', 'Chardonnay']",New Zealand,Marlborough,[]
10146,Giesen,87.0,15.0,87.0,15.0,1,1,['Pinot Gris'],New Zealand,New Zealand,[]
10147,Gifford Hirlinger,88.4,27.0,89.0,28.0,21,8,"['Bordeaux-style Red Blend', 'Petit Verdot', 'Merlot', 'Tempranillo', 'Red Blend', 'Petite Verdot', 'Cabernet Sauvignon', 'Malbec']",US,Washington,"['Walla Walla Valley (WA)', 'Columbia Valley']"
10148,Gifft,89.5,20.0,89.5,20.0,2,2,"['Red Blend', 'Chardonnay']",US,California,"['Monterey', 'Central Coast']"
10149,Gigante,86.8,21.9,87.0,18.5,12,6,"['Chardonnay', 'Friulano', 'Pinot Grigio', 'Sauvignon', 'Ribolla Gialla', 'Picolit']",Italy,Northeastern Italy,['Colli Orientali del Friuli']
10150,Gigi Rosso,90.7,54.0,91.0,54.0,6,1,['Nebbiolo'],Italy,Piedmont,['Barolo']
10151,Gil Ferrer,83.0,20.0,83.0,20.0,1,1,['Cabernet Sauvignon'],Chile,Maipo Valley,[]
10152,Gil Luna,82.0,13.0,82.0,13.0,1,1,['Tempranillo Blend'],Spain,Northern Spain,['Toro']
10153,Gilardi,85.0,12.5,85.0,12.5,2,1,['Rosé'],France,Provence,['Côtes de Provence']
10154,Gilbert Cellars,85.6,21.5,85.0,20.0,19,10,"['Syrah', 'Riesling', 'Red Blend', 'Malbec', 'Chardonnay', 'Cabernet Sauvignon', 'Mourvèdre', 'Gewürztraminer', 'Grenache', 'Cabernet Franc']",US,Washington,"['Wahluke Slope', 'Columbia Valley']"
10155,Gilberto Boniperti,88.3,23.3,90.0,20.0,3,1,['Nebbiolo'],Italy,Piedmont,['Colline Novaresi']
10156,Gilberts,86.5,,86.5,,2,1,['Port'],Portugal,Port,[]
10157,Gilga,87.0,45.0,87.0,45.0,1,1,['Shiraz'],South Africa,Stellenbosch,[]
10158,Gill's Pier,89.0,45.0,89.0,45.0,1,1,['Cabernet Franc-Merlot'],US,Michigan,['Leelanau Peninsula']
10159,Gilles Blanchet,86.0,18.0,86.0,18.0,2,1,['Sauvignon Blanc'],France,Loire Valley,['Pouilly-Fumé']
10160,Gilles Flacher,91.4,57.6,91.0,60.0,5,3,"['Rhône-style White Blend', 'Viognier', 'Syrah']",France,Rhône Valley,['Saint-Joseph']
10161,Gilles Louvet,83.8,15.5,84.5,16.0,4,4,"['Cabernet Sauvignon', 'Cabernet Sauvignon-Merlot', 'Pinot Noir', 'Chardonnay']",France,Languedoc-Roussillon,"[""Pays d'Oc""]"
10162,Gilles Morat,89.8,32.0,89.5,32.0,4,1,['Chardonnay'],France,Burgundy,['Pouilly-Fuissé']
10163,Gilles Robin,89.0,28.0,89.0,28.0,1,1,['Syrah'],France,Rhône Valley,['Crozes-Hermitage']
10164,Gilligan,86.0,25.0,86.0,25.0,1,1,['G-S-M'],Australia,South Australia,['McLaren Vale']
10165,Gillmore,89.4,32.9,89.0,25.0,7,5,"['Cabernet Sauvignon', 'Cabernet Franc', 'Merlot', 'Carignan', 'Syrah-Merlot']",Chile,Loncomilla Valley,[]
10166,Gillmore,91.0,45.0,91.0,45.0,1,1,['Carignan'],Chile,Maule Valley,[]
10167,Gimenez Mendez,85.6,18.8,87.0,20.0,5,4,"['Cabernet Sauvignon', 'Red Blend', 'Rosé', 'Tannat']",Uruguay,Canelones,[]
10168,Gimenez Mendez,87.0,17.0,87.0,17.0,1,1,['Malbec'],Uruguay,Montevideo,[]
10169,Gimenez Mendez,88.0,23.0,88.0,23.0,1,1,['Tannat'],Uruguay,Uruguay,[]
10170,Gimenez Riili,86.9,30.7,87.0,18.0,7,2,"['Malbec', 'Torrontés']",Argentina,Mendoza Province,['Mendoza']
10171,Gimenez Riili,83.0,14.0,83.0,14.0,1,1,['Torrontés'],Argentina,Other,['La Rioja']
10172,Gina,86.0,10.0,86.0,10.0,1,1,['Chardonnay'],US,California,"['Napa Valley', 'Napa']"
10173,Ginestet,83.7,13.0,83.0,14.0,9,4,"['Rosé', 'Bordeaux-style Red Blend', 'Bordeaux-style White Blend', 'Sauvignon Blanc-Semillon']",France,Bordeaux,['Bordeaux Rosé']
10174,Ginestet,84.0,8.0,84.0,8.0,2,2,"['Shiraz', 'Chardonnay']",France,Languedoc-Roussillon,"[""Vin de Pays d'Oc""]"
10175,Ginestet,82.0,8.0,82.0,8.0,1,1,['Sauvignon Blanc'],France,Southwest France,['Vin de Pays des Côtes de Gascogne']
10176,Gini,89.0,24.0,89.0,24.0,1,1,['Chardonnay'],Italy,Northeastern Italy,['Delle Venezie']
10177,Gini,85.3,13.7,86.0,9.0,3,1,['Sangiovese'],Italy,Tuscany,['Chianti']
10178,Gini,90.7,25.4,90.0,26.0,23,2,"['Garganega', 'White Blend']",Italy,Veneto,['Soave Classico']
10179,Gino Fasoli,87.2,44.0,87.0,26.5,17,4,"['Garganega', 'Corvina, Rondinella, Molinara', 'Glera', 'Red Blend']",Italy,Veneto,['Soave']
10180,Gino da Pinot,84.0,16.0,84.0,16.0,1,1,['Pinot Noir'],US,California,"['Monterey', 'Central Coast']"
10181,Giocato,89.2,12.0,89.0,12.0,5,2,"['Pinot Grigio', 'Sauvignon Blanc']",Slovenia,Primorska,[]
10182,Giol,88.0,17.0,88.0,17.0,1,1,['Glera'],Italy,Veneto,['Prosecco Treviso']
10183,Gionelli,85.0,10.0,85.0,10.0,1,1,['Moscato'],Italy,Italy Other,['Italy']
10184,Gionelli,86.0,10.0,86.0,10.0,1,1,['Glera'],Italy,Veneto,['Prosecco']
10185,Giordano,83.0,35.0,83.0,35.0,1,1,['Nebbiolo'],Italy,Piedmont,['Barolo']
10186,Giordano,86.0,16.5,86.0,16.5,2,2,"['Rosé', 'Primitivo']",Italy,Southern Italy,['Puglia']
10187,Giordano,85.0,13.0,85.0,13.0,1,1,['Red Blend'],Italy,Tuscany,['Toscana']
10188,Giorgio Meletti Cavallari,88.7,28.3,88.0,26.0,12,3,"['White Blend', 'Red Blend', 'Rosato']",Italy,Tuscany,['Bolgheri']
10189,Giornata,90.1,34.5,90.0,32.5,10,7,"['Pinot Grigio', 'Red Blend', 'Nebbiolo', 'Vermentino', 'Aglianico', 'Sangiovese', 'Fiano']",US,California,"['San Luis Obispo', 'Central Coast']"
10190,Giovanna Madonia,88.0,28.3,88.0,25.0,3,2,"['Albana', 'Sangiovese']",Italy,Central Italy,['Romagna']
10191,Giovanna Tantini,89.0,17.0,89.0,17.0,1,1,['Rosato'],Italy,Veneto,['Bardolino Chiaretto']
10192,Giovanni Almondo,87.8,32.0,87.5,32.0,4,1,['Nebbiolo'],Italy,Piedmont,['Roero']
10193,Giovanni Chiappini,91.2,75.5,90.5,65.0,16,3,"['Red Blend', 'Cabernet Sauvignon', 'Cabernet Franc']",Italy,Tuscany,['Bolgheri']
10194,Giovanni Dri Il Roncat,89.5,42.0,89.5,42.0,2,2,"['Picolit', 'Sauvignon']",Italy,Northeastern Italy,['Colli Orientali del Friuli']
10195,Giovanni Manzone,88.0,97.5,88.0,97.5,2,1,['Nebbiolo'],Italy,Piedmont,['Barolo']
10196,Giovanni Rosso,93.1,66.1,93.0,55.0,7,1,['Nebbiolo'],Italy,Piedmont,['Barolo']
10197,Giovello,84.0,14.0,84.0,14.0,1,1,['Sparkling Blend'],Italy,Italy Other,['Italy']
10198,Giovello,84.5,11.0,84.5,11.0,2,2,"['Pinot Grigio', 'Prosecco']",Italy,Veneto,['Veneto']
10199,Girard,88.9,30.5,89.0,26.5,52,8,"['Chardonnay', 'Zinfandel', 'Bordeaux-style Red Blend', 'Petite Sirah', 'Sauvignon Blanc', 'Cabernet Sauvignon', 'Cabernet Franc', 'Cabernet Sauvignon-Cabernet Franc']",US,California,"['Russian River Valley', 'Sonoma']"
10200,Girardet,85.9,25.6,86.0,18.0,33,12,"['Riesling', 'Pinot Noir', 'Cayuga', 'Syrah', 'Seyval Blanc', 'Red Blend', 'Baco Noir', 'Chardonnay', 'Pinot Gris', 'Rosé', 'Cabernet Sauvignon', 'Tempranillo']",US,Oregon,"['Umpqua Valley', 'Southern Oregon']"
10201,Girasole,86.4,13.8,86.5,13.0,28,7,"['Cabernet Sauvignon', 'Red Blend', 'Sangiovese', 'Zinfandel', 'Pinot Blanc', 'Pinot Noir', 'Chardonnay']",US,California,"['Mendocino County', 'Mendocino/Lake Counties']"
10202,Giribaldi,89.5,32.5,89.5,32.5,2,1,['Sparkling Blend'],Italy,Italy Other,['Vino Spumante']
10203,Giribaldi,87.6,31.6,88.0,36.0,19,3,"['Nebbiolo', 'Dolcetto', 'Barbera']",Italy,Piedmont,['Barolo']
10204,Girl Go Lightly,84.0,13.0,84.0,13.0,3,3,"['Rosé', 'Moscato', 'Chardonnay']",US,California,"['California', 'California Other']"
10205,Girlan,87.4,25.2,88.0,22.0,25,10,"['Sauvignon', 'Pinot Bianco', 'Pinot Grigio', 'Gewürztraminer', 'Chardonnay', 'Moscato', 'White Blend', 'Pinot Nero', 'Lagrein', 'Müller-Thurgau']",Italy,Northeastern Italy,['Alto Adige']
10206,Girlan,86.0,15.0,86.0,15.0,1,1,['Pinot Grigio'],Italy,Veneto,['Valdadige']
10207,Girly Girl,85.3,14.3,85.0,13.0,6,6,"['Cabernet Sauvignon', 'Merlot', 'Chardonnay', 'Moscato', 'Riesling', 'Pinot Gris']",US,Washington,"['Columbia Valley (WA)', 'Columbia Valley']"
10208,Girolamo Dorigo,87.6,28.0,87.5,30.0,8,4,"['Picolit', 'Sauvignon', 'Chardonnay', 'Pinot Grigio']",Italy,Northeastern Italy,['Colli Orientali del Friuli']
10209,Girolamo Russo,90.6,42.7,90.0,40.0,24,3,"['Nerello Mascalese', 'Red Blend', 'White Blend']",Italy,Sicily & Sardinia,['Etna']
10210,Girolate,90.8,90.0,91.0,90.0,5,3,"['Bordeaux-style Red Blend', 'Bordeaux-style White Blend', 'Merlot']",France,Bordeaux,['Bordeaux']
10211,Giró Ribot,87.0,11.0,87.0,11.0,1,1,['Sparkling Blend'],Spain,Catalonia,['Penedès']
10212,Gitton Père et Fils,89.2,27.2,89.0,27.0,12,1,['Sauvignon Blanc'],France,Loire Valley,['Sancerre']
10213,Giulia Negri,90.0,45.0,90.0,45.0,2,1,['Nebbiolo'],Italy,Piedmont,['Barolo']
10214,Giuliano Tiberi,87.0,,87.0,,2,1,['Sangiovese'],Italy,Tuscany,['Toscana']
10215,Giulio Accornero e Figli,88.5,40.0,88.5,40.0,2,1,['Barbera'],Italy,Piedmont,['Barbera del Monferrato Superiore']
10216,Giulio Ferrari,93.0,90.0,93.0,90.0,1,1,['Chardonnay'],Italy,Northeastern Italy,['Trento']
10217,Giulio Straccali,85.0,11.0,85.0,11.0,1,1,['Red Blend'],Italy,Tuscany,['Chianti']
10218,Giuseppe Apicella,87.0,18.0,87.0,18.0,2,1,['Red Blend'],Italy,Southern Italy,['Campania']
10219,Giuseppe Campagnola,90.1,55.9,90.0,52.5,15,2,"['Corvina, Rondinella, Molinara', 'Red Blend']",Italy,Veneto,['Amarone della Valpolicella Classico']
10220,Giuseppe Cortese,89.4,43.5,89.0,37.0,16,3,"['Nebbiolo', 'Barbera', 'Dolcetto']",Italy,Piedmont,['Langhe']
10221,Giuseppe Gabbas,88.0,33.0,88.0,32.0,4,3,"['Cannonau', 'Vermentino', 'Red Blend']",Italy,Sicily & Sardinia,['Cannonau di Sardegna']
10222,Giuseppe Lonardi,86.4,32.0,86.0,21.0,16,2,"['Corvina, Rondinella, Molinara', 'Red Blend']",Italy,Veneto,['Amarone della Valpolicella Classico']
10223,Giuseppe Rinaldi,93.1,157.6,94.0,122.5,14,1,['Nebbiolo'],Italy,Piedmont,['Barolo']
10224,Giuseppe Sedilesu,87.7,29.3,88.0,27.0,3,1,['Cannonau'],Italy,Sicily & Sardinia,['Cannonau di Sardegna']
10225,Già,86.0,16.0,86.0,16.0,1,1,['Red Blend'],Italy,Piedmont,['Langhe']
10226,Gladium,84.0,13.5,83.0,14.0,4,1,['Tempranillo'],Spain,Central Spain,['La Mancha']
10227,Gladstone,84.0,20.0,84.0,20.0,1,1,['Bordeaux-style Red Blend'],New Zealand,Wairarapa,[]
10228,Glaetzer,92.8,54.2,93.0,41.0,13,3,"['Shiraz', 'Shiraz-Grenache', 'Shiraz-Cabernet Sauvignon']",Australia,South Australia,['Barossa Valley']
10229,Glaetzer-Dixon,90.0,38.0,90.0,38.0,1,1,['Pinot Noir'],Australia,Tasmania,['Tasmania']
10230,Glaser,87.0,20.0,87.0,20.0,1,1,['Cabernet Franc'],US,Oregon,"['Southern Oregon', 'Southern Oregon']"
10231,Glass House,83.0,19.0,83.0,19.0,2,2,"['Traminette', 'Viognier']",US,Virginia,['Monticello']
10232,Glass Mountain,84.7,8.7,84.0,8.0,3,2,"['Syrah', 'Cabernet Sauvignon']",US,California,"['California', 'California Other']"
10233,Glasshaus,90.5,38.0,90.5,38.0,2,2,"['Chardonnay', 'Pinot Noir']",US,California,"['Sonoma Coast', 'Sonoma']"
10234,Glatzer,89.7,27.0,90.0,25.0,16,7,"['Grüner Veltliner', 'Sauvignon Blanc', 'Weissburgunder', 'Zweigelt', 'St. Laurent', 'Blaufränkisch', 'Red Blend']",Austria,Carnuntum,[]
10235,Glazebrook,87.0,11.0,87.0,11.0,1,1,['Chardonnay'],New Zealand,Gisborne,[]
10236,Glazebrook,87.5,15.5,87.5,15.5,2,2,"['Sauvignon Blanc', 'Merlot-Cabernet Sauvignon']",New Zealand,Hawke's Bay,[]
10237,Glazebrook,83.5,15.0,83.5,15.0,2,1,['Sauvignon Blanc'],New Zealand,Marlborough,[]
10238,Glen Carlou,87.0,14.0,87.0,14.0,1,1,['Chardonnay'],South Africa,Coastal Region,[]
10239,Glen Carlou,88.8,26.0,89.0,20.0,20,5,"['Chardonnay', 'Cabernet Sauvignon', 'Bordeaux-style Red Blend', 'Syrah', 'Meritage']",South Africa,Paarl,[]
10240,Glen Eldon,89.2,23.6,89.0,27.0,5,3,"['Riesling', 'Shiraz', 'Cabernet Sauvignon']",Australia,South Australia,['Eden Valley']
10241,Glen Ellen,82.7,9.4,83.0,10.0,28,9,"['Merlot', 'Cabernet Sauvignon', 'Zinfandel', 'Chardonnay', 'Pinot Grigio', 'Petite Sirah', 'Rosé', 'Gamay', 'Pinot Noir']",US,California,"['California', 'California Other']"
10242,Glen Erskine,86.0,12.0,86.0,12.0,1,1,['Sauvignon Blanc'],South Africa,Elgin,[]
10243,Glen Fiona,86.5,26.7,85.5,22.5,6,3,"['Red Blend', 'Syrah', 'Cabernet Sauvignon']",US,Washington,"['Walla Walla Valley (WA)', 'Columbia Valley']"
10244,Glen Manor,87.2,37.8,87.0,35.0,5,2,"['Petit Manseng', 'Bordeaux-style Red Blend']",US,Virginia,['Virginia']
10245,Glencorrie,88.3,39.4,88.0,40.0,9,3,"['Merlot', 'Cabernet Sauvignon', 'Bordeaux-style Red Blend']",US,Washington,"['Columbia Valley (WA)', 'Columbia Valley']"
10246,Glenelly,92.0,50.0,92.0,50.0,1,1,['Cabernet Sauvignon'],South Africa,Simonsberg-Stellenbosch,[]
10247,Glenelly,89.6,28.4,90.0,20.0,7,3,"['Merlot', 'Cabernet Sauvignon', 'Chardonnay']",South Africa,Stellenbosch,[]
10248,Glenelly,89.0,21.5,89.0,21.5,2,2,"['Cabernet Sauvignon', 'Red Blend']",South Africa,Western Cape,[]
10249,Glennhawk,87.0,30.0,87.0,30.0,1,1,['Red Blend'],US,California,"['Contra Costa County', 'Central Coast']"
10250,Glenora,86.6,18.5,87.0,16.0,71,15,"['Cabernet Franc', 'Pinot Blanc', 'Riesling', 'Gewürztraminer', 'Sparkling Blend', 'Merlot', 'Rosé', 'Chardonnay', 'Cabernet Sauvignon', 'Meritage', 'White Blend', 'Pinot Noir', 'Syrah', 'Champagne Blend', 'Sangiovese']",US,New York,"['Finger Lakes', 'Finger Lakes']"
10251,Glenwood Cellars,87.5,28.8,87.5,25.5,6,3,"['Pinot Noir', 'Cabernet Sauvignon', 'Sauvignon Blanc']",US,California,"['Carneros', 'Napa-Sonoma']"
10252,Glinavos,82.0,15.0,82.0,15.0,1,1,['White Blend'],Greece,Zitsa,[]
10253,Global Wines,86.6,13.0,85.5,9.0,10,2,"['Portuguese Red', 'Portuguese White']",Portugal,Alentejano,[]
10254,Global Wines,88.7,16.2,88.0,8.0,9,5,"['Portuguese Sparkling', 'Portuguese Red', 'Arinto', 'Bical', 'Baga']",Portugal,Bairrada,[]
10255,Global Wines,88.2,14.7,87.0,12.5,24,6,"['Touriga Nacional', 'Portuguese Sparkling', 'Portuguese Red', 'Portuguese White', 'Rosé', 'Encruzado']",Portugal,Dão,[]
10256,Global Wines,85.0,12.0,85.0,12.0,1,1,['Sparkling Blend'],Portugal,Vinho Espumante,[]
10257,Global Wines,93.0,30.0,93.0,30.0,1,1,['Portuguese Red'],Portugal,Vinho Licoroso,[]
10258,Global Wines,85.0,7.0,85.0,7.0,1,1,['Portuguese White'],Portugal,Vinho Verde,[]
10259,Gloria,88.0,16.0,88.0,16.0,1,1,['Portuguese Red'],Portugal,Douro,[]
10260,Gloria Ferrer,89.6,31.8,90.0,27.0,102,6,"['Pinot Noir', 'Sparkling Blend', 'Chardonnay', 'Champagne Blend', 'Merlot', 'Pinot Blanc']",US,California,"['Carneros', 'Napa-Sonoma']"
10261,Glorie Farm Winery,87.0,19.0,87.0,19.0,1,1,['Cabernet Franc'],US,New York,"['Hudson River Region', 'New York Other']"
10262,Glover Family,88.5,15.0,88.5,15.0,2,1,['Sauvignon Blanc'],New Zealand,Marlborough,[]
10263,Glunz,91.0,35.0,91.0,35.0,1,1,['Cabernet Sauvignon'],US,California,"['Paso Robles', 'Central Coast']"
10264,Glárima,82.5,13.0,82.5,13.0,2,2,"['Red Blend', 'White Blend']",Spain,Northern Spain,['Somontano']
10265,Gnarly Head,84.0,12.0,84.0,12.0,1,1,['Malbec'],Argentina,Mendoza Province,['Mendoza']
10266,Gnarly Head,85.7,11.4,85.0,12.0,46,8,"['Cabernet Sauvignon', 'Zinfandel', 'Pinot Noir', 'Red Blend', 'Pinot Grigio', 'Chardonnay', 'Merlot', 'White Blend']",US,California,"['Lodi', 'Central Valley']"
10267,Gnekow,81.0,12.0,81.0,12.0,1,1,['Zinfandel'],US,California,"['Lodi', 'Central Valley']"
10268,Goat Bubbles,90.9,43.6,91.0,42.0,17,4,"['Sparkling Blend', 'Rosé', 'Pinot Blanc', 'Pinot Noir']",US,California,"['Santa Maria Valley', 'Central Coast']"
10269,Goats Trail,84.3,11.3,84.0,11.0,3,1,['Zinfandel'],US,California,"['California', 'California Other']"
10270,Goats do Roam Wine Co.,86.2,13.7,86.0,13.5,10,7,"['Syrah-Viognier', 'Shiraz-Pinotage', 'Red Blend', 'Rosé', 'Rhône-style Red Blend', 'Chardonnay', 'Bordeaux-style Red Blend']",South Africa,Coastal Region,[]
10271,Goats do Roam Wine Co.,87.0,14.0,87.0,14.0,1,1,['Viognier'],South Africa,Paarl,[]
10272,Goats do Roam Wine Co.,86.8,11.6,87.0,10.0,10,4,"['Rhône-style Red Blend', 'Red Blend', 'White Blend', 'Rosé']",South Africa,Western Cape,[]
10273,Godelia,87.5,24.2,88.0,20.0,12,3,"['Mencía', 'White Blend', 'Godello']",Spain,Northern Spain,['Bierzo']
10274,Godiolo,87.0,17.0,87.0,16.0,4,1,['Red Blend'],Italy,Tuscany,['Vino Nobile di Montepulciano']
10275,Godspeed,87.3,33.5,87.5,30.5,6,3,"['Chardonnay', 'Cabernet Sauvignon', 'Red Blend']",US,California,"['Mount Veeder', 'Napa']"
10276,Godwin,87.5,31.5,87.0,31.5,4,2,"['Merlot', 'Chardonnay']",US,California,"['Alexander Valley', 'Sonoma']"
10277,Gofessel,88.0,50.0,88.0,50.0,1,1,['Chardonnay'],US,California,"['Carneros', 'Napa-Sonoma']"
10278,Golan Heights Winery,88.1,30.4,88.0,23.5,68,18,"['Merlot', 'Syrah', 'Muscat', 'Cabernet Sauvignon', 'Bordeaux-style Red Blend', 'Chardonnay', 'Pinot Noir', 'Viognier', 'Sauvignon Blanc', 'White Blend', 'Red Blend', 'Sparkling Blend', 'Gewürztraminer', 'Riesling', 'Moscato', 'Champagne Blend', 'Sangiovese', 'Cabernet Merlot']",Israel,Galilee,[]
10279,Gold Hill,86.0,25.0,86.0,25.0,1,1,['Cabernet Sauvignon'],US,California,"['El Dorado', 'Sierra Foothills']"
10280,Golden,86.8,38.8,86.0,40.0,4,1,['Red Blend'],US,California,"['Mendocino', 'Mendocino/Lake Counties']"
10281,Golden Cluster,88.0,65.0,88.0,65.0,1,1,['Sémillon'],US,Oregon,"['Willamette Valley', 'Willamette Valley']"
10282,Golden Kaan,85.0,11.5,84.5,10.0,8,6,"['Pinotage', 'Merlot', 'Shiraz', 'Sauvignon Blanc', 'Chardonnay', 'Cabernet Sauvignon']",South Africa,Western Cape,[]
10283,Golden Ridge,88.6,28.0,89.0,29.0,5,2,"['Bordeaux-style Red Blend', 'Merlot']",US,Washington,"['Walla Walla Valley (WA)', 'Columbia Valley']"
10284,Golden Triangle,93.5,62.5,93.5,62.5,2,2,"['Syrah', 'Cabernet Sauvignon']",US,California,"['Paso Robles Willow Creek District', 'Central Coast']"
10285,Goldeneye,92.7,77.8,93.0,80.0,46,1,['Pinot Noir'],US,California,"['Anderson Valley', 'Mendocino/Lake Counties']"
10286,Golding,85.0,21.0,85.0,21.0,2,2,"['Chardonnay', 'Sauvignon Blanc']",Australia,South Australia,['Lenswood']
10287,Goldschmidt,92.5,102.5,93.0,87.0,28,2,"['Cabernet Sauvignon', 'Bordeaux-style Red Blend']",US,California,"['Oakville', 'Napa']"
10288,Goldwater,90.0,27.0,90.0,27.0,1,1,['Chardonnay'],New Zealand,Central Otago,[]
10289,Goldwater,86.6,20.4,87.0,20.0,9,3,"['Sauvignon Blanc', 'Chardonnay', 'Pinot Noir']",New Zealand,Marlborough,[]
10290,Goldwater,87.3,86.3,87.0,99.0,3,2,"['Bordeaux-style Red Blend', 'Merlot']",New Zealand,Waiheke Island,[]
10291,Goldwater,88.5,22.0,88.5,22.0,2,2,"['Pinot Noir', 'Sauvignon Blanc']",New Zealand,Wairau Valley,[]
10292,Golser Wein,88.2,18.0,88.5,18.0,4,4,"['Grüner Veltliner', 'Austrian Red Blend', 'St. Laurent', 'Riesling']",Austria,Burgenland,[]
10293,Gomba,88.0,44.0,88.0,44.0,2,1,['Nebbiolo'],Italy,Piedmont,['Barolo']
10294,Gondomar Del Reino,83.0,19.0,83.0,19.0,1,1,['Tempranillo'],Spain,Northern Spain,['Ribera del Duero']
10295,Gonfalone,82.0,6.0,82.0,6.0,1,1,['Sangiovese'],Italy,Tuscany,['Chianti']
10296,González Byass,90.4,36.6,91.0,30.0,36,4,"['Palomino', 'Sherry', 'Pedro Ximénez', 'Cabernet Sauvignon-Syrah']",Spain,Andalucia,['Jerez']
10297,Good Earth Wine,82.0,20.0,82.0,20.0,1,1,['Cabernet Sauvignon'],India,Nashik,[]
10298,Good Harbor,82.8,14.4,83.0,14.0,5,4,"['Chardonnay-Pinot Gris', 'Pinot Grigio', 'Chardonnay', 'Riesling']",US,Michigan,['Leelanau Peninsula']
10299,Goodfellow,90.4,35.1,91.0,38.0,13,3,"['Pinot Noir', 'Chardonnay', 'Pinot Gris']",US,Oregon,"['Dundee Hills', 'Willamette Valley']"
10300,Goose Bay,83.0,20.0,83.0,20.0,1,1,['Pinot Gris'],New Zealand,East Coast,[]
10301,Goose Bay,84.5,22.0,84.5,22.0,2,2,"['Sauvignon Blanc', 'Chardonnay']",New Zealand,Marlborough,[]
10302,Goose Bay,87.7,21.0,89.0,22.0,3,2,"['Sauvignon Blanc', 'Rosé']",New Zealand,South Island,[]
10303,Goose Ridge,87.8,25.7,88.0,24.0,46,10,"['Red Blend', 'Cabernet Sauvignon', 'Syrah', 'Chardonnay', 'White Blend', 'Pinot Gris', 'Sauvignon Blanc', 'Riesling', 'Merlot', 'Meritage']",US,Washington,"['Columbia Valley (WA)', 'Columbia Valley']"
10304,Goose Watch,86.3,17.4,86.0,16.0,11,6,"['Merlot', 'Gewürztraminer-Riesling', 'Pinot Grigio', 'Cabernet Franc', 'Cabernet Sauvignon', 'Lemberger']",US,New York,"['Finger Lakes', 'Finger Lakes']"
10305,Gooseneck,87.0,20.0,87.0,20.0,1,1,['Pinot Noir'],US,Oregon,"['Oregon', 'Oregon Other']"
10306,Gordon Brothers,88.2,24.2,88.0,22.0,29,9,"['Cabernet Sauvignon', 'Gewürztraminer', 'Red Blend', 'Chardonnay', 'Merlot', 'Sauvignon Blanc', 'Tempranillo', 'Rosé', 'Syrah']",US,Washington,"['Columbia Valley (WA)', 'Columbia Valley']"
10307,Gordon Estate,88.2,28.6,88.0,27.0,28,10,"['Petit Verdot', 'Chardonnay', 'Tempranillo', 'Syrah', 'Red Blend', 'Merlot', 'Cabernet Sauvignon-Syrah', 'Gewürztraminer', 'Cabernet Sauvignon', 'Malbec']",US,Washington,"['Columbia Valley (WA)', 'Columbia Valley']"
10308,Gordonzello,86.5,19.5,86.5,19.5,2,1,['Prieto Picudo'],Spain,Northern Spain,['Tierra de León']
10309,Goretti,90.5,40.2,91.5,45.0,6,2,"['Sagrantino', 'Red Blend']",Italy,Central Italy,['Montefalco Sagrantino']
10310,Gorge,85.0,15.0,85.0,15.0,1,1,['Pinot Grigio'],Australia,New South Wales,['Hunter Valley']
10311,Gorgo,86.2,13.9,86.0,12.0,8,4,"['White Blend', 'Moscato', 'Rosé', 'Red Blend']",Italy,Veneto,['Custoza']
10312,Gorka Izagirre,87.0,18.0,87.0,18.0,4,1,['White Blend'],Spain,Northern Spain,['Bizkaiko Txakolina']
10313,Gorman,91.0,46.1,91.0,42.0,71,14,"['Syrah', 'Cabernet Sauvignon-Syrah', 'Chardonnay', 'Chenin Blanc', 'Red Blend', 'Cabernet Sauvignon', 'Syrah-Cabernet Sauvignon', 'Cabernet-Syrah', 'Syrah-Cabernet', 'G-S-M', 'Cabernet Franc', 'Gewürztraminer', 'Bordeaux-style Red Blend', 'Malbec']",US,Washington,"['Red Mountain', 'Columbia Valley']"
10314,Gorrebusto,83.5,12.0,83.5,12.0,2,2,"['Tempranillo Blend', 'Tempranillo']",Spain,Northern Spain,['Rioja']
10315,Gosalbez Orti,88.0,53.0,88.0,53.0,1,1,['Red Blend'],Spain,Central Spain,['Vinos de Madrid']
10316,Gosford,86.0,10.0,86.0,11.0,3,1,['Shiraz'],Australia,Australia Other,['South Eastern Australia']
10317,Gosset,91.9,86.8,92.0,85.0,24,2,"['Champagne Blend', 'Chardonnay']",France,Champagne,['Champagne']
10318,Gotan,85.0,7.0,85.0,7.0,1,1,['Shiraz'],Argentina,Mendoza Province,['Mendoza']
10319,Gotas de Mar,88.0,21.5,88.0,21.5,2,1,['Albariño'],Spain,Galicia,['Rías Baixas']
10320,Gotham,85.8,14.0,85.5,13.0,4,3,"['Shiraz', 'Cabernet Sauvignon', 'Shiraz-Grenache']",Australia,South Australia,['Barossa Valley']
10321,Gothic,85.0,24.0,85.0,24.0,1,1,['Pinot Noir'],US,Oregon,"['Willamette Valley', 'Willamette Valley']"
10322,Gotin,86.0,17.0,87.0,13.0,3,1,['Mencía'],Spain,Northern Spain,['Bierzo']
10323,Gotsa Family Wines,84.0,28.0,84.0,28.0,1,1,['Chinuri'],Georgia,Georgia,[]
10324,Gottardi,87.0,48.0,87.0,48.0,1,1,['Pinot Nero'],Italy,Northeastern Italy,['Alto Adige']
10325,Gottfried Mocke Wine Projects,89.0,,89.0,,1,1,['Pinot Noir'],South Africa,Coastal Region,[]
10326,Gottfried Mocke Wine Projects,90.0,,90.0,,1,1,['Pinot Noir'],South Africa,Overberg,[]
10327,Gotín del Risc,89.3,20.7,89.0,17.0,3,1,['Mencía'],Spain,Northern Spain,['Bierzo']
10328,Gouguenheim Winery,85.8,13.1,86.0,10.0,15,6,"['Malbec', 'Pinot Noir', 'Red Blend', 'Syrah', 'Merlot', 'Cabernet Sauvignon']",Argentina,Mendoza Province,['Mendoza']
10329,Gould Campbell,88.5,20.5,88.5,20.5,2,1,['Port'],Portugal,Port,[]
10330,Goulée,88.5,35.3,89.0,33.0,11,1,['Bordeaux-style Red Blend'],France,Bordeaux,['Médoc']
10331,Goundrey,85.0,13.0,85.0,13.0,1,1,['Red Blend'],Australia,Australia Other,['South Eastern Australia']
10332,Goundrey,86.5,14.0,86.5,14.0,2,2,"['Shiraz', 'Riesling']",Australia,Western Australia,['Western Australia']
10333,Goutorbe-Bouillot,88.8,47.5,88.5,46.0,4,2,"['Chardonnay', 'Champagne Blend']",France,Champagne,['Champagne']
10334,Governor's Bay,88.0,15.0,88.0,15.0,1,1,['Sauvignon Blanc'],New Zealand,Marlborough,[]
10335,Goyette,86.4,21.7,86.5,22.0,10,4,"['Chardonnay', 'Cabernet Sauvignon', 'Pinot Noir', 'Meritage']",US,California,"['Sonoma Coast', 'Sonoma']"
10336,GraEagle,89.3,25.7,89.0,25.0,3,3,"['Bordeaux-style Red Blend', 'Cabernet Franc', 'Red Blend']",US,Washington,"['Columbia Valley (WA)', 'Columbia Valley']"
10337,Graben-Gritsch,89.0,30.0,89.0,30.0,2,2,"['Riesling', 'Grüner Veltliner']",Austria,Wachau,[]
10338,Gracciano della Seta,89.2,20.9,89.0,20.0,9,1,['Red Blend'],Italy,Tuscany,['Vino Nobile di Montepulciano']
10339,Grace Cellars,88.3,25.7,88.0,28.0,3,3,"['Chardonnay', 'Grenache-Syrah', 'Cabernet Sauvignon']",US,Washington,"['Wahluke Slope', 'Columbia Valley']"
10340,Grace Estate,83.0,25.0,83.0,25.0,1,1,['Cabernet Franc'],US,Virginia,['Monticello']
10341,Grace Lane,86.2,12.8,86.0,12.0,5,2,"['Riesling', 'Cabernet Sauvignon']",US,Washington,"['Yakima Valley', 'Columbia Valley']"
10342,Graceland,86.0,30.0,86.0,30.0,1,1,['Shiraz-Cabernet Sauvignon'],South Africa,Western Cape,[]
10343,Graci,91.1,35.3,91.0,30.0,15,2,"['Nerello Mascalese', 'White Blend']",Italy,Sicily & Sardinia,['Etna']
10344,Gracia,90.0,,90.0,,1,1,['Bordeaux-style Red Blend'],France,Bordeaux,['Saint-Émilion']
10345,Gracia de Chile,83.5,10.5,83.5,10.5,2,1,['Syrah'],Chile,Aconcagua Valley,[]
10346,Gracia de Chile,85.8,13.6,86.0,12.0,9,3,"['Pinot Noir', 'Chardonnay', 'Sauvignon Blanc']",Chile,Bío Bío Valley,[]
10347,Gracia de Chile,87.7,13.7,87.0,14.0,3,2,"['Syrah-Grenache-Viognier', 'Cabernet Sauvignon']",Chile,Cachapoal Valley,[]
10348,Gracia de Chile,87.0,12.0,87.0,12.0,1,1,['Carmenère'],Chile,Curicó Valley,[]
10349,Gracia de Chile,85.5,15.5,85.5,15.5,2,2,"['Cabernet Sauvignon', 'Carmenère']",Chile,Maipo Valley,[]
10350,Gracia de Chile,85.5,11.0,85.5,11.0,2,2,"['Carmenère', 'Cabernet Sauvignon']",Chile,Rapel Valley,[]
10351,Gracianna,86.4,44.4,86.0,44.0,17,5,"['Pinot Noir', 'Chardonnay', 'Sauvignon Blanc', 'Zinfandel', 'Rosé']",US,California,"['Russian River Valley', 'Sonoma']"
10352,Gradis'ciutta,89.6,20.0,90.0,20.0,20,7,"['Malvasia', 'Sauvignon', 'Friulano', 'Pinot Grigio', 'Chardonnay', 'White Blend', 'Ribolla Gialla']",Italy,Northeastern Italy,['Collio']
10353,Graf Hardegg,90.0,54.0,90.0,54.0,1,1,['Viognier'],Austria,Austria,[]
10354,Graf Hardegg,89.0,24.7,90.0,25.0,30,5,"['White Blend', 'Riesling', 'Grüner Veltliner', 'Pinot Noir', 'Chardonnay']",Austria,Niederösterreich,[]
10355,Graf Hardegg,85.0,13.0,85.0,13.0,2,1,['Grüner Veltliner'],Austria,Weinviertel,[]
10356,Graf Hardegg,88.3,27.0,88.0,29.0,3,2,"['Champagne Blend', 'Sparkling Blend']",Austria,Österreichischer Sekt,[]
10357,Graf Koenigsegg,87.0,11.0,87.0,11.0,1,1,['Grüner Veltliner'],Austria,Burgenland,[]
10358,Graf von Schönborn,91.0,26.0,91.0,26.0,1,1,['Silvaner'],Germany,Franken,[]
10359,Grafen Neipperg,88.1,32.8,88.0,28.0,21,6,"['Lemberger', 'Spätburgunder', 'Muskateller', 'Traminer', 'Riesling', 'Trollinger']",Germany,Württemberg,[]
10360,Graff,88.0,17.0,88.0,17.0,1,1,['Riesling'],Germany,Mosel,[]
10361,Graff,89.0,12.0,89.0,12.0,1,1,['Riesling'],Germany,Mosel-Saar-Ruwer,[]
10362,Graffigna,84.5,18.0,84.0,14.0,32,7,"['Cabernet Sauvignon', 'Malbec', 'Pinot Grigio', 'Shiraz', 'Red Blend', 'Syrah', 'Cabernet Sauvignon-Malbec']",Argentina,Other,['San Juan']
10363,Graffito,88.0,21.0,88.0,21.0,2,1,['Malbec'],Argentina,Mendoza Province,['Luján de Cuyo']
10364,Graham Beck,87.4,19.8,87.5,16.5,8,4,"['Red Blend', 'Sauvignon Blanc', 'Chenin Blanc', 'Shiraz']",South Africa,Coastal Region,[]
10365,Graham Beck,91.0,28.0,91.0,28.0,1,1,['Chenin Blanc'],South Africa,Paarl,[]
10366,Graham Beck,87.7,18.6,88.0,17.0,13,7,"['Sauvignon Blanc', 'Chardonnay', 'Syrah', 'Champagne Blend', 'Sparkling Blend', 'Cabernet Sauvignon', 'Pinotage']",South Africa,Robertson,[]
10367,Graham Beck,89.5,40.5,89.5,40.5,2,2,"['Chenin Blanc', 'Red Blend']",South Africa,Stellenbosch,[]
10368,Graham Beck,85.4,18.8,85.0,16.0,13,5,"['Rosé', 'Shiraz-Cabernet Sauvignon', 'Champagne Blend', 'Sparkling Blend', 'Pinotage']",South Africa,Western Cape,[]
10369,Gramercy,92.6,49.0,93.0,45.0,53,8,"['Syrah', 'Mourvèdre', 'Rhône-style Red Blend', 'Cabernet Sauvignon', 'Viognier', 'Rosé', 'Grenache', 'Tempranillo']",US,Washington,"['Walla Walla Valley (WA)', 'Columbia Valley']"
10370,Gramercy Vineyards,86.5,39.5,86.5,39.5,2,1,['Merlot'],US,New York,"['North Fork of Long Island', 'Long Island']"
10371,Gramona,88.7,35.1,89.0,35.0,9,1,['Sparkling Blend'],Spain,Catalonia,['Cava']
10372,Gran Altura,83.0,12.0,83.0,12.0,1,1,['Malbec'],Argentina,Mendoza Province,['Mendoza']
10373,Gran Cardiel,85.0,11.0,85.0,11.0,1,1,['Verdejo-Viura'],Spain,Northern Spain,['Rueda']
10374,Gran Castillo Royal,83.3,18.3,84.0,20.0,3,2,"['Tempranillo', 'Verdejo']",Spain,Central Spain,['La Mancha']
10375,Gran Cruz,86.3,,87.0,,3,1,['Port'],Portugal,Port,[]
10376,Gran Familia,82.5,12.0,82.5,12.0,2,2,"['Tempranillo', 'Tempranillo Blend']",Spain,Northern Spain,['Rioja']
10377,Gran Gesta,86.3,15.7,88.0,16.0,3,1,['Sparkling Blend'],Spain,Catalonia,['Cava']
10378,Gran Moraine,91.5,45.0,91.5,45.0,2,2,"['Chardonnay', 'Pinot Noir']",US,Oregon,['Willamette Valley']
10379,Gran Oristan,80.0,15.0,80.0,15.0,1,1,['Tempranillo Blend'],Spain,Central Spain,['La Mancha']
10380,Gran Pasión,84.0,12.0,84.0,12.0,2,1,['Sparkling Blend'],Spain,Catalonia,['Cava']
10381,Gran Passione,85.0,12.5,85.0,12.5,2,2,"['Barbera', 'Cortese']",Italy,Piedmont,"[""Barbera d'Asti""]"
10382,Gran Passione,87.0,13.0,87.0,13.0,3,2,"['Falanghina', 'Red Blend']",Italy,Southern Italy,['Beneventano']
10383,Gran Rigau,86.0,18.0,86.0,17.0,3,1,['Sparkling Blend'],Spain,Catalonia,['Cava']
10384,Gran Roble,82.0,11.0,82.0,11.0,3,3,"['Carmenère', 'Cabernet Sauvignon', 'Chardonnay']",Chile,Curicó Valley,[]
10385,Gran Sarao,85.0,13.0,85.0,13.0,1,1,['Sparkling Blend'],Spain,Catalonia,['Cava']
10386,Gran Veigadares,88.0,110.0,88.0,110.0,1,1,['Albariño'],Spain,Galicia,['Rías Baixas']
10387,Gran Verano,83.5,22.2,83.5,22.0,4,2,"['Sauvignon Blanc', 'Cabernet Sauvignon']",Chile,Central Valley,[]
10388,Gran Vinaio,88.0,13.0,88.0,13.0,1,1,['Grenache'],Spain,Catalonia,['Montsant']
10389,Granadeiro,88.2,11.0,88.0,11.0,5,2,"['Portuguese White', 'Portuguese Red']",Portugal,Alentejano,[]
10390,Granate,86.0,15.0,86.0,15.0,1,1,['Garnacha'],Spain,Northern Spain,['Campo de Borja']
10391,Granbazán,89.6,20.1,90.0,19.0,10,1,['Albariño'],Spain,Galicia,['Rías Baixas']
10392,Grand Archer,89.0,16.0,89.0,16.0,1,1,['Chardonnay'],US,California,"['Sonoma County', 'Sonoma']"
10393,Grand Bateau,86.0,15.0,86.0,15.0,2,2,"['Bordeaux-style Red Blend', 'Merlot']",France,Bordeaux,['Bordeaux']
10394,Grand Bourgeau,86.0,15.5,86.0,15.5,2,1,['Bordeaux-style Red Blend'],France,Bordeaux,['Côtes de Bourg']
10395,Grand Enclos du Château de Cérons,89.0,21.3,89.0,20.0,3,2,"['Bordeaux-style White Blend', 'Bordeaux-style Red Blend']",France,Bordeaux,['Cérons']
10396,Grand Napa,90.0,57.5,90.0,57.5,2,2,"['Sparkling Blend', 'Cabernet Sauvignon']",US,California,"['Carneros', 'Napa-Sonoma']"
10397,Grand Nicolet,85.0,16.0,85.0,16.0,1,1,['Rhône-style Red Blend'],France,Rhône Valley,['Côtes du Rhône']
10398,Grand Pacific,86.0,10.0,86.0,10.0,2,2,"['Chardonnay', 'Red Blend']",US,California,"['California', 'California Other']"
10399,Grand Rêve,91.8,49.0,92.0,45.0,5,3,"['Syrah', 'Bordeaux-style Red Blend', 'Rhône-style Red Blend']",US,Washington,"['Red Mountain', 'Columbia Valley']"
10400,Grande Folie,85.0,44.0,85.0,44.0,1,1,['Zinfandel'],US,California,"['Amador County', 'Sierra Foothills']"
10401,Grande River,85.0,19.0,85.0,19.0,2,2,"['Malbec', 'Cabernet Franc']",US,Colorado,['Grand Valley']
10402,Grandes Vinos y Viñedos,85.8,14.3,85.5,10.5,16,6,"['Rosé', 'Garnacha', 'Carineña', 'Red Blend', 'Tempranillo', 'Garnacha Blanca']",Spain,Northern Spain,['Cariñena']
10403,Grandial,84.0,10.0,84.0,10.0,1,1,['Sparkling Blend'],France,France Other,['Vin Mousseux']
10404,Grandin,84.2,10.9,84.0,10.5,8,1,['Sparkling Blend'],France,France Other,['Vin Mousseux']
10405,Grandin,85.0,15.0,85.0,15.0,1,1,['Sparkling Blend'],France,Loire Valley,['Crémant de Loire']
10406,Grandissime,84.0,,84.0,,1,1,['Sauvignon Blanc'],France,France Other,['Vin de France']
10407,Grandmaster,84.0,13.5,84.0,13.5,2,2,"['Red Blend', 'Sauvignon Blanc']",US,California,"['Paso Robles', 'Central Coast']"
10408,Grandmaster,87.0,14.0,87.0,14.0,2,2,"['Pinot Noir', 'Pinot Gris']",US,Oregon,"['Oregon', 'Oregon Other']"
10409,Grandmaster,86.0,14.0,86.0,14.0,1,1,['Meritage'],US,Washington,"['Washington', 'Washington Other']"
10410,Grands Amis Winery,86.3,20.0,87.0,20.0,3,3,"['Pinot Grigio', 'Petit Verdot', 'Zinfandel']",US,California,"['Lodi', 'Central Valley']"
10411,Grands Terroirs de France,86.5,,86.5,,6,1,['Bordeaux-style Red Blend'],France,Bordeaux,['Haut-Médoc']
10412,Granducato,86.0,,86.0,,1,1,['Sangiovese'],Italy,Tuscany,['Chianti Classico']
10413,Grangehurst,87.7,25.0,87.0,25.0,3,3,"['Red Blend', 'Pinotage', 'Bordeaux-style Red Blend']",South Africa,Stellenbosch,[]
10414,Granite Heights,86.5,21.0,86.5,21.0,2,1,['Bordeaux-style Red Blend'],US,Virginia,['Virginia']
10415,Granite Springs,87.0,18.0,87.0,18.0,2,2,"['Petite Sirah', 'Syrah']",US,California,"['El Dorado', 'Sierra Foothills']"
10416,"Granja Ntra, Sra. de Remelluri",88.7,58.3,89.0,40.0,3,2,"['Tempranillo', 'White Blend']",Spain,Northern Spain,['Rioja']
10417,Grans-Fassian,90.0,29.0,90.0,29.0,1,1,['Riesling'],Germany,Mosel,[]
10418,Grans-Fassian,89.1,55.1,89.0,37.0,13,1,['Riesling'],Germany,Mosel-Saar-Ruwer,[]
10419,Grant Burge,88.0,28.3,88.0,19.0,43,10,"['Chardonnay', 'Port', 'Shiraz', 'Rhône-style Red Blend', 'Cabernet Sauvignon-Merlot', 'Cabernet Sauvignon', 'Shiraz-Viognier', 'Sauvignon Blanc', 'Riesling', 'Shiraz-Cabernet Sauvignon']",Australia,South Australia,['Barossa']
10420,GrapeHeart Vineyards,85.0,69.0,85.0,69.0,1,1,['Red Blend'],US,California,"['Suisun Valley', 'North Coast']"
10421,Grassini,91.4,50.1,92.0,45.0,14,5,"['Cabernet Sauvignon', 'Sauvignon Blanc', 'Red Blend', 'Merlot', 'Bordeaux-style Red Blend']",US,California,"['Santa Ynez Valley', 'Central Coast']"
10422,Grasso,82.5,51.5,82.5,51.5,2,1,['Cabernet Sauvignon'],US,California,"['Napa Valley', 'Napa']"
10423,Grasso Fratelli,89.0,70.0,89.0,70.0,3,1,['Nebbiolo'],Italy,Piedmont,['Barbaresco']
10424,Gratallops,90.5,130.0,90.5,130.0,2,1,['Red Blend'],Spain,Catalonia,['Priorat']
10425,Gratavinum,92.0,43.0,92.0,43.0,1,1,['Red Blend'],Spain,Catalonia,['Priorat']
10426,Grati,86.4,21.8,87.0,18.0,9,3,"['Red Blend', 'Sangiovese', 'Canaiolo']",Italy,Tuscany,['Toscana']
10427,Gratia,89.0,30.0,89.0,30.0,2,2,"['Malbec', 'Cabernet Sauvignon']",Argentina,Mendoza Province,['Mendoza']
10428,Gratien et Meyer,87.2,21.5,87.0,22.0,11,4,"['White Blend', 'Cabernet Franc', 'Sparkling Blend', 'Chenin Blanc-Chardonnay']",France,Loire Valley,['Saumur']
10429,Graton Ridge,86.6,43.8,87.0,45.0,14,4,"['Zinfandel', 'Chardonnay', 'Pinot Noir', 'Petite Sirah']",US,California,"['Russian River Valley', 'Sonoma']"
10430,Grattamacco,90.0,72.5,90.0,75.0,23,2,"['Red Blend', 'Vermentino']",Italy,Tuscany,['Bolgheri Superiore']
10431,Gravel Bar,86.7,19.3,86.0,20.0,3,3,"['Red Blend', 'Chardonnay', 'Cabernet Sauvignon']",US,Washington,"['Columbia Valley (WA)', 'Columbia Valley']"
10432,Gravelly Ford,85.0,12.0,85.0,12.0,2,2,"['Pinot Noir', 'Cabernet Sauvignon']",US,California,"['California', 'California Other']"
10433,Graveyard,87.1,37.0,87.0,38.0,12,7,"['Zinfandel', 'Cabernet Sauvignon', 'Syrah', 'Rosé', 'Red Blend', 'Petite Sirah', 'Merlot']",US,California,"['Paso Robles', 'Central Coast']"
10434,Gravitas,85.3,20.0,85.0,20.0,3,3,"['Sauvignon Blanc', 'Pinot Noir', 'Chardonnay']",New Zealand,Marlborough,[]
10435,Gravity Hills,85.7,22.3,85.0,15.0,3,2,"['Syrah', 'Zinfandel']",US,California,"['Paso Robles', 'Central Coast']"
10436,Gravner,93.0,112.5,93.0,120.0,6,2,"['White Blend', 'Ribolla Gialla']",Italy,Northeastern Italy,['Venezia Giulia']
10437,Gray Ghost,84.8,28.8,85.0,28.0,13,6,"['Vidal Blanc', 'Cabernet Sauvignon', 'Bordeaux-style Red Blend', 'Petit Verdot', 'Chardonnay', 'Vidal']",US,Virginia,['Virginia']
10438,Grayson,84.0,10.8,84.0,10.0,32,5,"['Merlot', 'Zinfandel', 'Pinot Noir', 'Chardonnay', 'Cabernet Sauvignon']",US,California,"['California', 'California Other']"
10439,Grayson Cellars,87.0,12.0,87.0,12.0,2,2,"['Chardonnay', 'Pinot Noir']",US,California,"['California', 'California Other']"
10440,Graystone,82.6,13.0,83.0,13.0,5,5,"['Chardonnay', 'Cabernet Sauvignon', 'Merlot', 'Pinot Gris', 'Pinot Noir']",Moldova,Cahul,[]
10441,Graziano,88.7,19.0,88.5,18.0,26,8,"['Zinfandel', 'Sauvignon Blanc', 'Red Blend', 'Chenin Blanc', 'Petite Sirah', 'Syrah', 'Grenache', 'Carignane']",US,California,"['Redwood Valley', 'Mendocino/Lake Counties']"
10442,Graziano Merotto,92.0,34.5,92.0,34.5,2,1,['Glera'],Italy,Veneto,['Valdobbiadene Prosecco Superiore']
10443,Great American Wine Company,84.0,11.0,84.0,11.0,1,1,['Zinfandel'],US,America,[]
10444,Great American Wine Company,87.9,15.9,88.0,16.0,7,5,"['Red Blend', 'Chardonnay', 'Cabernet Sauvignon', 'Zinfandel', 'Sauvignon Blanc']",US,California,"['California', 'California Other']"
10445,Great Sage,84.0,60.0,84.0,60.0,1,1,['Cabernet Sauvignon'],US,California,"['Napa Valley', 'Napa']"
10446,Great Western,80.5,10.0,80.5,10.0,2,1,['Champagne Blend'],US,New York,"['New York', 'New York Other']"
10447,Greater Purpose,87.0,18.0,87.0,18.0,2,1,['Red Blend'],US,California,"['Dry Creek Valley', 'Sonoma']"
10448,Greedy,83.5,25.5,83.5,25.5,2,2,"['Sauvignon Blanc', 'Cabernet Sauvignon']",US,California,"['Alexander Valley', 'Sonoma']"
10449,Greek Wine Cellars,86.0,13.7,86.0,14.0,3,2,"['Moscofilero', 'Moschofilero']",Greece,Mantinia,[]
10450,Greek Wine Cellars,85.0,13.0,85.0,13.0,1,1,['Mavrodaphne'],Greece,Mavrodaphne of Patras,[]
10451,Greek Wine Cellars,84.5,15.0,84.5,15.0,2,1,['Agiorgitiko'],Greece,Nemea,[]
10452,Greek Wine Cellars,87.0,14.5,87.0,14.5,2,1,['Moschofilero'],Greece,Peloponnese,[]
10453,Greek Wine Cellars,87.3,16.7,87.0,18.0,7,2,"['Assyrtico', 'Assyrtiko']",Greece,Santorini,[]
10454,Green & Red,89.0,22.0,89.0,22.0,1,1,['Zinfandel'],US,California,"['Napa Valley', 'Napa']"
10455,Green Eyes,86.0,11.0,86.0,11.0,1,1,['Grüner Veltliner'],Austria,Niederösterreich,[]
10456,Green Path,84.0,13.0,84.0,13.0,2,2,"['Chardonnay', 'Shiraz']",Australia,Australia Other,['South Eastern Australia']
10457,Green Point,87.3,18.5,87.0,18.0,16,4,"['Chardonnay', 'Cabernet Sauvignon-Shiraz', 'Pinot Noir', 'Shiraz']",Australia,Victoria,['Victoria']
10458,Green Truck,81.8,14.0,81.5,14.0,6,5,"['Chardonnay', 'Cabernet Sauvignon', 'Zinfandel', 'Petite Sirah', 'Sauvignon Blanc']",US,California,"['Mendocino County', 'Mendocino/Lake Counties']"
10459,Greener Planet,83.0,10.0,83.0,10.0,1,1,['Tempranillo-Garnacha'],Spain,Central Spain,['Vino de la Tierra de Castilla']
10460,Greenhill,84.8,32.2,84.5,34.0,4,4,"['Sparkling Blend', 'Red Blend', 'Syrah', 'Vidal Blanc']",US,Virginia,['Virginia']
10461,Greenhough,85.8,19.0,86.0,20.0,4,3,"['Sauvignon Blanc', 'Chardonnay', 'Pinot Noir']",New Zealand,Nelson,[]
10462,Greenock Creek,91.8,76.2,92.0,65.0,4,2,"['Shiraz', 'Cabernet Sauvignon']",Australia,South Australia,['Barossa Valley']
10463,Greenstone,90.0,40.0,90.0,40.0,3,1,['Shiraz'],Australia,Victoria,['Heathcote']
10464,Greenwood Ridge,87.7,25.6,87.0,27.0,37,10,"['Syrah', 'Pinot Noir', 'Merlot', 'Cabernet Sauvignon', 'Zinfandel', 'Red Blend', 'Sauvignon Blanc', 'White Riesling', 'Riesling', 'Pinot Gris']",US,California,"['Mendocino Ridge', 'Mendocino/Lake Counties']"
10465,Greg Norman California Estates,83.9,14.6,84.0,15.0,7,5,"['Cabernet Sauvignon', 'Chardonnay', 'Petite Sirah', 'Zinfandel', 'Pinot Noir']",US,California,"['Paso Robles', 'Central Coast']"
10466,Greg Norman Estates,85.0,15.0,85.0,15.0,2,1,['Champagne Blend'],Australia,Australia Other,['South Eastern Australia']
10467,Greg Norman Estates,87.4,23.1,88.0,16.5,8,4,"['Cabernet Merlot', 'Shiraz', 'Cabernet Sauvignon-Merlot', 'Shiraz-Cabernet Sauvignon']",Australia,South Australia,['Limestone Coast']
10468,Greg Norman Estates,84.5,15.5,84.5,15.5,2,1,['Chardonnay'],Australia,Victoria,['Victoria']
10469,Greg Norman Estates,84.0,15.0,84.0,15.0,1,1,['Chardonnay'],US,California,"['Santa Barbara County', 'Central Coast']"
10470,Grego,86.0,13.0,86.0,13.0,1,1,['Tempranillo'],Spain,Central Spain,['Madrid']
10471,Gregoletto,87.0,19.0,87.0,19.0,1,1,['Glera'],Italy,Veneto,['Conegliano Valdobbiadene Prosecco Superiore']
10472,Gregoriano,83.0,21.0,83.0,21.0,1,1,['Garnacha'],Spain,Northern Spain,['Campo de Borja']
10473,Gregorio De Gregorio,88.0,,88.0,,1,1,['White Blend'],Italy,Sicily & Sardinia,['Terre Siciliane']
10474,Gregory Graham,86.5,25.8,86.5,25.0,8,5,"['Grenache', 'Syrah', 'Chardonnay', 'Sauvignon Blanc', 'Pinot Noir']",US,California,"['Red Hills Lake County', 'Mendocino/Lake Counties']"
10475,Gremillet,89.0,46.2,89.0,46.0,9,3,"['Chardonnay', 'Pinot Noir', 'Champagne Blend']",France,Champagne,['Champagne']
10476,Greppi Cupi,88.0,42.5,88.0,42.5,3,1,['Red Blend'],Italy,Tuscany,['Bolgheri']
10477,Gresser,86.6,22.1,87.0,20.0,7,5,"['Chardonnay', 'Pinot Noir', 'Sparkling Blend', 'Red Blend', 'Riesling']",US,Oregon,"['Willamette Valley', 'Willamette Valley']"
10478,Grevino,89.2,59.0,88.0,55.0,5,5,"['Dolcetto', 'Syrah', 'Pinot Noir', 'Riesling', 'Chardonnay']",US,California,"['Santa Maria Valley', 'Central Coast']"
10479,Grey Stack,88.4,33.0,90.0,30.0,9,4,"['Sauvignon Blanc', 'Rosé', 'Chardonnay', 'Pinot Noir']",US,California,"['Bennett Valley', 'Sonoma']"
10480,Grey Wolf Cellars,89.4,27.8,89.0,28.0,8,7,"['Grenache', 'Zinfandel', 'Bordeaux-style Red Blend', 'Syrah', 'Rhône-style Red Blend', 'Rosé', 'Rhône-style White Blend']",US,California,"['Paso Robles', 'Central Coast']"
10481,Grey's Peak,87.0,19.7,87.0,17.0,3,2,"['Riesling', 'Sauvignon Blanc']",New Zealand,Waipara,[]
10482,Grey's Peak,88.5,33.5,88.5,33.5,2,2,"['Pinot Noir', 'Sauvignon Blanc']",New Zealand,Waipara Valley,[]
10483,Greyrock,88.2,16.8,88.0,16.5,4,1,['Sauvignon Blanc'],New Zealand,Marlborough,[]
10484,Greyscale,87.8,46.2,86.0,44.0,5,4,"['Cabernet Sauvignon', 'White Blend', 'Merlot', 'Sauvignon Blanc']",US,California,"['Napa Valley', 'Napa']"
10485,Greystone,88.0,,88.0,,1,1,['Pinot Noir'],New Zealand,Waipara Valley,[]
10486,Greystone,85.6,12.2,86.0,11.0,9,4,"['Cabernet Sauvignon', 'Sauvignon Blanc', 'Merlot', 'Chardonnay']",US,California,"['California', 'California Other']"
10487,Greystone Cellars,86.7,13.5,86.5,13.5,6,4,"['Chardonnay', 'Cabernet Sauvignon', 'Merlot', 'Petite Sirah']",US,California,"['California', 'California Other']"
10488,Greywacke,91.0,30.5,91.0,29.0,20,5,"['Sauvignon Blanc', 'Chardonnay', 'Pinot Gris', 'Riesling', 'Pinot Noir']",New Zealand,Marlborough,[]
10489,Grgich Hills,88.3,62.2,88.0,55.0,72,12,"['Chardonnay', 'Zinfandel', 'Cabernet Sauvignon', 'Petit Verdot', 'Sauvignon Blanc', 'Fumé Blanc', 'White Blend', 'Cabernet Blend', 'Merlot', 'White Riesling', 'Rosé', 'Petite Sirah']",US,California,"['Napa Valley', 'Napa']"
10490,Grgić Vina,90.0,38.0,90.0,38.0,1,1,['Plavac Mali'],Croatia,Dingač,[]
10491,Grgić Vina,89.0,28.0,89.0,28.0,1,1,['Posip'],Croatia,Korčula,[]
10492,Grgić Vina,89.0,45.0,89.0,45.0,1,1,['Plavac Mali'],Croatia,Peljesac,[]
10493,Gridley,92.0,45.0,92.0,45.0,1,1,['Cabernet Franc'],US,California,"['Napa Valley', 'Napa']"
10494,Griesbauerhof,89.5,20.5,89.5,20.5,2,2,"['Red Blend', 'Lagrein']",Italy,Northeastern Italy,['Alto Adige']
10495,Grieve,90.5,54.2,91.5,45.0,6,3,"['Sauvignon Blanc', 'Merlot', 'Bordeaux-style Red Blend']",US,California,"['Napa Valley', 'Napa']"
10496,Grifalco,88.3,22.6,87.5,19.0,10,2,"['Aglianico', 'Rosato']",Italy,Southern Italy,['Aglianico del Vulture']
10497,Griffin Creek,86.4,38.8,86.5,40.0,20,11,"['Malbec', 'Syrah', 'Cabernet Sauvignon', 'Cabernet Franc', 'Red Blend', 'Merlot', 'Pinot Gris', 'Viognier', 'Grenache', 'Bordeaux-style Red Blend', 'Tempranillo']",US,Oregon,"['Rogue Valley', 'Southern Oregon']"
10498,Grillo,87.0,40.0,87.0,40.0,2,2,"['Picolit', 'Sauvignon']",Italy,Northeastern Italy,['Colli Orientali del Friuli']
10499,Grimaldi Bruna,92.0,59.1,92.0,60.0,19,1,['Nebbiolo'],Italy,Piedmont,['Barolo']
10500,Grimm's Bluff,92.0,58.0,92.0,48.0,6,3,"['Sauvignon Blanc', 'Cabernet Sauvignon', 'Petit Verdot']",US,California,"['Happy Canyon of Santa Barbara', 'Central Coast']"
10501,Grindstone,87.0,17.0,87.0,17.0,2,2,"['Red Blend', 'Cabernet Sauvignon']",US,California,"['California', 'California Other']"
10502,Gristina,86.0,19.1,85.0,20.0,7,5,"['Merlot', 'Cabernet Franc', 'Chardonnay', 'Red Blend', 'Cabernet Sauvignon']",US,New York,"['North Fork of Long Island', 'Long Island']"
10503,Gritsch Mauritiushof,84.0,17.0,84.0,17.0,1,1,['Zweigelt'],Austria,Niederösterreich,[]
10504,Gritsch Mauritiushof,89.9,27.2,90.0,27.5,18,3,"['Grüner Veltliner', 'Riesling', 'Gros Manseng']",Austria,Wachau,[]
10505,Grittini,86.0,16.0,86.0,16.0,1,1,['Malbec'],Argentina,Other,['Neuquén']
10506,Grizzly Peak,88.5,26.0,89.0,25.0,13,9,"['Syrah', 'Tempranillo', 'Rosé', 'Pinot Gris', 'Viognier', 'Bordeaux-style Red Blend', 'Cabernet Franc', 'Merlot', 'Malbec']",US,Oregon,"['Rogue Valley', 'Southern Oregon']"
10507,Grizzly Republic,84.7,34.3,85.0,31.0,3,3,"['Rhône-style Red Blend', 'Shiraz', 'Petite Sirah']",US,California,"['Paso Robles', 'Central Coast']"
10508,Grochau,85.8,24.5,87.0,21.0,6,3,"['White Blend', 'Pinot Blanc', 'Pinot Noir']",US,Oregon,"['Willamette Valley', 'Willamette Valley']"
10509,Groebe,85.7,23.3,85.0,20.0,3,1,['Riesling'],Germany,Rheinhessen,[]
10510,Groenland,84.0,13.0,84.0,13.0,1,1,['Cabernet Sauvignon'],South Africa,Stellenbosch,[]
10511,Groom,89.7,27.7,89.0,26.0,11,3,"['Shiraz', 'Sauvignon Blanc', 'Zinfandel']",Australia,South Australia,['Barossa Valley']
10512,Groot Constantia,87.8,21.9,89.0,20.0,12,7,"['Sauvignon Blanc', 'Shiraz', 'Merlot', 'Bordeaux-style Red Blend', 'Pinotage', 'Chardonnay', 'Cabernet Sauvignon']",South Africa,Constantia,[]
10513,Groote Post,88.0,14.8,88.5,15.5,6,5,"['Bordeaux-style Red Blend', 'White Blend', 'Chenin Blanc', 'Sauvignon Blanc', 'Red Blend']",South Africa,Coastal Region,[]
10514,Gros Ventre,91.7,52.6,92.0,54.0,7,1,['Pinot Noir'],US,California,"['Russian River Valley', 'Sonoma']"
10515,Gross,89.2,28.5,89.0,28.5,8,2,"['Sauvignon Blanc', 'Sauvignon']",Austria,Südsteiermark,[]
10516,Grosset,89.9,34.1,90.0,31.0,7,3,"['Riesling', 'Bordeaux-style Red Blend', 'Chardonnay']",Australia,South Australia,['Clare Valley']
10517,Groth,89.6,53.8,90.0,50.0,33,3,"['Cabernet Sauvignon', 'Sauvignon Blanc', 'Chardonnay']",US,California,"['Oakville', 'Napa']"
10518,Grotta del Ninfeo,87.3,20.0,87.0,20.0,3,1,"['Corvina, Rondinella, Molinara']",Italy,Veneto,['Valpolicella Superiore Ripasso']
10519,Grotta del Sole,85.1,19.5,84.5,17.5,8,5,"['Piedirosso', 'Asprinio', 'Coda di Volpe', 'Red Blend', 'Gragnano']",Italy,Southern Italy,['Campi Flegrei']
10520,Ground Boots,91.0,70.0,91.0,70.0,1,1,['Pinot Noir'],US,California,"['Santa Barbara County', 'Central Coast']"
10521,Ground Effect,91.0,34.0,91.0,34.0,1,1,['Cabernet Sauvignon'],US,California,"['Santa Ynez Valley', 'Central Coast']"
10522,Groupe Clinet,88.0,15.0,88.0,15.0,1,1,['Merlot'],France,Bordeaux,['Bordeaux']
10523,Grove Mill,86.9,18.8,87.0,18.0,21,5,"['Pinot Gris', 'Sauvignon Blanc', 'Pinot Noir', 'Chardonnay', 'Riesling']",New Zealand,Marlborough,[]
10524,Grove Mill,85.8,20.5,86.0,18.5,4,2,"['Pinot Noir', 'Sauvignon Blanc']",New Zealand,Wairau Valley,[]
10525,Grove Ridge,83.5,10.0,84.0,10.0,4,3,"['Chardonnay', 'Cabernet Sauvignon', 'Merlot']",US,California,"['California', 'California Other']"
10526,Grove Street,86.4,27.2,87.0,22.0,5,4,"['Cabernet Sauvignon', 'Chardonnay', 'Pinot Noir', 'Merlot']",US,California,"['Sonoma County', 'Sonoma']"
10527,Grow Wines,93.0,38.0,93.0,38.0,1,1,['Chardonnay'],US,California,"['Mount Veeder', 'Napa']"
10528,Gru,83.0,8.5,83.0,8.5,2,1,['Montepulciano'],Italy,Central Italy,"[""Montepulciano d'Abruzzo""]"
10529,Gruber Röschitz,90.5,23.0,91.0,22.0,4,3,"['Riesling', 'Chardonnay', 'Nielluciu']",Austria,Niederösterreich,[]
10530,Gruber Röschitz,91.0,19.6,92.0,17.0,9,1,['Grüner Veltliner'],Austria,Weinviertel,[]
10531,Gruet,86.0,21.0,86.0,17.0,8,3,"['Chardonnay', 'Sparkling Blend', 'Champagne Blend']",US,America,[]
10532,Gruet,85.0,28.8,85.0,28.5,4,3,"['Pinot Noir', 'Sparkling Blend', 'Champagne Blend']",US,New Mexico,['New Mexico']
10533,Gruppo Casaleone,84.0,19.0,84.0,19.0,1,1,['Barbera'],Italy,Piedmont,"[""Barbera d'Asti""]"
10534,Gräflich von Hohenthal'Scher,89.0,19.0,89.0,19.0,1,1,['Riesling'],Germany,Mosel,[]
10535,Gräflich von Hohenthal'Scher,89.0,14.0,89.0,14.0,2,1,['Riesling'],Germany,Mosel-Saar-Ruwer,[]
10536,Gróf Degenfeld,90.5,22.0,90.5,22.0,2,1,['Furmint'],Hungary,Tokaj,[]
10537,Grÿphus,84.7,11.0,85.0,11.0,3,3,"['Carmenère', 'Sauvignon Blanc', 'Chardonnay']",Chile,Maule Valley,[]
10538,Grÿphus,83.0,14.0,83.0,14.0,1,1,['Cabernet Sauvignon'],Chile,Rapel Valley,[]
10539,Gsellmann & Gsellmann,83.5,23.0,83.5,23.0,2,2,"['Red Blend', 'Pinot Noir']",Austria,Burgenland,[]
10540,Gsellmann & Hans,89.6,35.2,89.0,35.0,5,4,"['Austrian Red Blend', 'Weissburgunder', 'St. Laurent', 'Blaufränkisch']",Austria,Burgenland,[]
10541,Guado al Melo,87.7,46.0,87.5,48.0,6,1,['Red Blend'],Italy,Tuscany,['Bolgheri']
10542,Guado al Tasso,91.8,85.8,92.0,102.0,5,1,['Red Blend'],Italy,Tuscany,['Bolgheri']
10543,Gualandi,85.5,,85.5,,2,1,['Red Blend'],Italy,Tuscany,['Toscana']
10544,Gualdo del Re,88.0,35.2,88.0,30.0,17,7,"['Merlot', 'Cabernet Sauvignon', 'Vermentino', 'Red Blend', 'Pinot Bianco', 'Sangiovese Grosso', 'Aleatico']",Italy,Tuscany,['Val di Cornia Suvereto']
10545,Guanaco,86.0,15.0,86.0,15.0,1,1,['Malbec'],Argentina,Mendoza Province,['Mendoza']
10546,Guarachi Family,91.1,79.1,92.0,75.0,27,4,"['Cabernet Sauvignon', 'Pinot Noir', 'Chardonnay', 'Bordeaux-style Red Blend']",US,California,"['Napa Valley', 'Napa']"
10547,Guardian,89.8,30.9,90.0,30.0,29,11,"['Bordeaux-style Red Blend', 'Sauvignon Blanc', 'Chardonnay', 'Merlot', 'Red Blend', 'Cabernet Sauvignon', 'Syrah', 'Petite Sirah', 'Malbec', 'Cabernet Franc', 'Cabernet Sauvignon-Merlot']",US,Washington,"['Columbia Valley (WA)', 'Columbia Valley']"
10548,Guardian Cellars,89.0,29.0,89.0,30.0,11,5,"['Bordeaux-style Red Blend', 'Cabernet Sauvignon-Cabernet Franc', 'Sauvignon Blanc', 'Syrah', 'Red Blend']",US,Washington,"['Columbia Valley (WA)', 'Columbia Valley']"
10549,Guardian Peak,89.0,28.3,89.0,33.0,3,2,"['Cabernet Sauvignon', 'Merlot']",South Africa,Stellenbosch,[]
10550,Guardian Peak,87.5,15.0,87.5,15.0,6,3,"['Red Blend', 'Shiraz', 'Merlot']",South Africa,Western Cape,[]
10551,Guarnieri,85.0,19.0,85.0,19.0,1,1,['Sangiovese'],Italy,Tuscany,['Chianti Classico']
10552,Guastaferro,93.3,120.0,93.0,120.0,7,1,['Aglianico'],Italy,Southern Italy,['Irpinia']
10553,Guasti Clemente,88.3,23.7,88.0,24.0,3,2,"['Barbera', 'Moscato']",Italy,Piedmont,"[""Barbera d'Asti Superiore Nizza""]"
10554,Gubinelli,86.0,20.0,86.0,20.0,1,1,['Malbec'],Argentina,Mendoza Province,['Mendoza']
10555,Guelbenzu,84.5,10.2,85.0,9.0,4,4,"['Red Blend', 'Cabernet Sauvignon-Carmenère', 'Chardonnay', 'Cabernet Blend']",Chile,Colchagua Valley,[]
10556,Guelbenzu,89.5,22.3,89.0,20.0,6,2,"['Cabernet Blend', 'Red Blend']",Spain,Northern Spain,['Ribera del Queiles']
10557,Guenoc,86.6,17.3,87.0,15.5,56,12,"['Pinot Noir', 'Chardonnay', 'Claret', 'Cabernet Sauvignon', 'Sauvignon Blanc', 'Petite Sirah', 'Meritage', 'Pinot Grigio', 'Merlot', 'Zinfandel', 'Bordeaux-style Red Blend', 'Port']",US,California,"['California', 'California Other']"
10558,Guerra,85.0,20.0,85.0,20.0,1,1,['Sauvignon'],Italy,Northeastern Italy,['Colli Orientali del Friuli']
10559,Guerra Albano,86.8,20.8,87.0,20.0,6,4,"['White Blend', 'Pinot Grigio', 'Sauvignon', 'Friulano']",Italy,Northeastern Italy,['Colli Orientali del Friuli']
10560,Guerrero Fernandez,82.5,28.5,82.5,28.0,4,4,"['Zinfandel', 'Pinot Noir', 'Merlot', 'Cabernet Franc']",US,California,"['Dry Creek Valley', 'Sonoma']"
10561,Guerrieri Rizzardi,87.5,49.0,88.0,25.0,16,5,"['Corvina, Rondinella, Molinara', 'Merlot', 'Red Blend', 'Garganega', 'White Blend']",Italy,Veneto,['Amarone della Valpolicella Classico']
10562,Guglielmo,86.7,23.3,85.0,25.0,3,3,"['Carignane', 'Petite Sirah', 'Charbono']",US,California,"['Santa Clara Valley', 'Central Coast']"
10563,Guicciardini Strozzi,88.6,35.3,88.5,29.5,24,4,"['Sangiovese', 'Vernaccia', 'Red Blend', 'Petit Verdot']",Italy,Tuscany,['Toscana']
10564,Guidi 1929,86.0,19.8,86.0,20.0,4,2,"['Sangiovese', 'Vernaccia']",Italy,Tuscany,['Chianti Colli Senesi']
10565,Guido Berta,88.0,23.0,88.0,23.0,2,1,['Barbera'],Italy,Piedmont,"[""Barbera d'Asti Superiore Nizza""]"
10566,Guido Porro,93.0,43.2,92.0,44.0,6,1,['Nebbiolo'],Italy,Piedmont,['Barolo']
10567,Guilbaud Frères,87.8,12.0,87.5,12.0,6,1,['Melon'],France,Loire Valley,['Muscadet Sèvre et Maine']
10568,Guillaume Gros,91.0,17.0,91.0,17.0,1,1,['Rhône-style Red Blend'],France,France Other,['Vin de Pays de la Méditerranée']
10569,Guillaume Gros,87.0,25.0,87.0,25.0,1,1,['Rhône-style Red Blend'],France,Rhône Valley,['Côtes du Luberon']
10570,Guitián,89.0,25.0,90.0,25.0,3,1,['Godello'],Spain,Northern Spain,['Valdeorras']
10571,Gulbanis,86.0,15.0,86.0,15.0,1,1,['Cabernet Sauvignon'],Bulgaria,Danube River Plains,[]
10572,Gulfi,87.2,33.0,87.0,40.0,13,2,"[""Nero d'Avola"", 'White Blend']",Italy,Sicily & Sardinia,['Sicilia']
10573,Gulleyan Winery,84.7,29.0,85.0,28.0,3,3,"['Cabernet Franc', 'Cabernet Sauvignon', 'Zinfandel']",US,California,"['Paso Robles', 'Central Coast']"
10574,Gumdale,84.5,9.0,84.5,9.0,2,1,['Chardonnay'],Australia,Australia Other,['South Eastern Australia']
10575,Gump Markus Prackwieser,91.0,30.0,91.0,30.0,2,2,"['Pinot Bianco', 'Sauvignon']",Italy,Northeastern Italy,['Alto Adige']
10576,Gunderloch,89.8,20.8,89.5,19.5,4,1,['Riesling'],Germany,Rheinhessen,[]
10577,Gundian,89.0,17.0,89.0,17.0,1,1,['Albariño'],Spain,Galicia,['Rías Baixas']
10578,Gundlach Bundschu,88.9,32.6,89.0,27.0,44,9,"['Gewürztraminer', 'Bordeaux-style Red Blend', 'Pinot Noir', 'Rosé', 'Tempranillo', 'Red Blend', 'Chardonnay', 'Merlot', 'Cabernet Sauvignon']",US,California,"['Sonoma Coast', 'Sonoma']"
10579,Gunn Estate,85.0,15.0,85.0,15.0,1,1,['Chardonnay'],New Zealand,East Coast,[]
10580,Gunn Estate,88.3,30.0,89.0,30.0,3,2,"['Chardonnay', 'Syrah']",New Zealand,Hawke's Bay,[]
10581,Gunn Estate,89.0,17.0,89.0,17.0,4,1,['Sauvignon Blanc'],New Zealand,Marlborough,[]
10582,Gunn Estate,83.0,15.0,83.0,15.0,1,1,['Sauvignon Blanc'],New Zealand,New Zealand,[]
10583,Gunn Estate,85.0,17.0,85.0,17.0,2,2,"['Merlot-Cabernet Sauvignon', 'Chardonnay']",New Zealand,Ohiti Valley,[]
10584,Gunsight Rock,85.3,19.5,85.0,19.5,3,1,['Cabernet Sauvignon'],US,California,"['Paso Robles', 'Central Coast']"
10585,Gunter Triebaumer,88.9,25.7,89.0,19.0,58,16,"['Blaufränkisch', 'Red Blend', 'Furmint', 'White Blend', 'Bordeaux-style Red Blend', 'Traminer', 'Austrian Red Blend', 'Sauvignon Blanc', 'Austrian white blend', 'Welschriesling', 'Syrah', 'Zweigelt', 'Cabernet Franc', 'Cabernet Sauvignon', 'Moscato', 'Chardonnay']",Austria,Burgenland,[]
10586,Gunter Triebaumer,87.2,21.5,87.0,18.5,4,2,"['Blaufränkisch', 'Red Blend']",Austria,Neusiedlersee-Hügelland,[]
10587,Gunter Triebaumer,87.0,18.0,87.0,18.0,1,1,['Moscato'],Austria,Österreichischer Sekt,[]
10588,Gurra di Mare,86.0,26.0,86.0,26.0,1,1,['White Blend'],Italy,Sicily & Sardinia,['Sicilia']
10589,Gusbourne Estate,93.2,75.0,93.0,80.0,4,3,"['Pinot Noir', 'Sparkling Blend', 'Chardonnay']",England,England,[]
10590,Gustafson Family,88.6,27.3,88.0,28.0,21,8,"['Syrah', 'Cabernet Sauvignon', 'Riesling', 'Petite Sirah', 'Rosé', 'Zinfandel', 'Red Blend', 'Sauvignon Blanc']",US,California,"['Dry Creek Valley', 'Sonoma']"
10591,Gustav Adolf Schmitt,88.4,12.4,89.0,13.0,5,1,['Riesling'],Germany,Rheinhessen,[]
10592,Gustave Lorentz,88.3,31.7,88.0,25.0,47,6,"['Riesling', 'Pinot Gris', 'Gewürztraminer', 'Pinot Blanc', 'Sparkling Blend', 'Rosé']",France,Alsace,['Alsace']
10593,Guy Saget,84.7,13.0,85.0,13.0,3,1,['Sauvignon Blanc'],France,France Other,['Vin de Pays de France']
10594,Guy Saget,89.2,27.0,89.5,25.5,14,5,"['Sauvignon Blanc', 'Melon', 'Chenin Blanc', 'Cabernet Franc', 'Cabernet Franc-Cabernet Sauvignon']",France,Loire Valley,['Pouilly-Fumé']
10595,Guy-Pierre Jean & Fils,85.0,22.0,85.0,22.0,1,1,['Pinot Noir'],France,Burgundy,['Bourgogne']
10596,Guyomar,86.9,44.9,88.0,42.0,7,2,"['Rhône-style Red Blend', 'Red Blend']",US,California,"['Paso Robles', 'Central Coast']"
10597,Guyot Choppin,87.0,35.0,87.0,35.0,1,1,['Champagne Blend'],France,Champagne,['Champagne']
10598,Gva'ot,90.0,28.0,90.0,28.0,2,1,['Cabernet Sauvignon'],Israel,Shomron,[]
10599,Gypsy Canyon,92.6,118.0,93.0,120.0,5,3,"['Debit', 'Mission', 'Pinot Noir']",US,California,"['Sta. Rita Hills', 'Central Coast']"
10600,Gypsy Dancer,87.0,40.0,87.0,40.0,1,1,['Pinot Noir'],New Zealand,Central Otago,[]
10601,Gypsy Dancer,88.8,54.3,88.0,51.5,6,2,"['Pinot Noir', 'Pinot Gris']",US,Oregon,"['Willamette Valley', 'Willamette Valley']"
10602,Gysler,89.0,17.0,89.0,17.0,1,1,['Riesling'],Germany,Rheinhessen,[]
10603,Gyéjacquot Frères,87.0,46.0,87.0,46.0,3,1,['Champagne Blend'],France,Champagne,['Champagne']
10604,Gård,88.5,26.4,88.0,22.0,47,14,"['Cabernet Sauvignon', 'Rhône-style White Blend', 'Roussanne', 'Riesling', 'Rosé', 'Syrah', 'Rhône-style Red Blend', 'Viognier-Roussanne', 'Pinot Gris', 'Cabernet Sauvignon-Syrah', 'Viognier', 'White Blend', 'Red Blend', 'Malbec']",US,Washington,"['Columbia Valley (WA)', 'Columbia Valley']"
10605,Gérard Bertrand,87.0,23.0,89.0,25.0,3,2,"['Red Blend', 'Sauvignon Blanc']",France,France Other,['Vin de France']
10606,Gérard Bertrand,89.1,45.9,89.0,20.5,80,20,"['Sparkling Blend', 'Red Blend', 'Rhône-style Red Blend', 'Chardonnay', 'G-S-M', 'Viognier', 'White Blend', 'Bordeaux-style Red Blend', 'Syrah-Mourvèdre', 'Grenache-Carignan', 'Syrah-Carignan', 'Rosé', 'Rhône-style White Blend', 'Carignan-Syrah', 'Pinot Noir', 'Sauvignon Blanc', 'Picpoul', 'Syrah-Grenache', 'Merlot', 'Cabernet Sauvignon']",France,Languedoc-Roussillon,['Crémant de Limoux']
10607,Gérard Brisson,87.2,18.0,87.5,18.0,4,1,['Gamay'],France,Beaujolais,['Morgon']
10608,Gérard Charvet,84.5,19.8,85.0,20.0,6,2,"['Gamay', 'Chardonnay']",France,Beaujolais,['Moulin-à-Vent']
10609,Gérard Loriot,89.0,50.0,89.0,50.0,1,1,['Pinot Meunier'],France,Champagne,['Champagne']
10610,Gôiya,84.0,7.0,84.0,7.0,1,1,['Merlot'],South Africa,Western Cape,[]
10611,H & G,85.0,15.0,85.0,14.0,3,2,"['Merlot', 'Cabernet Sauvignon']",US,California,"['Napa Valley', 'Napa']"
10612,H Mynors,89.0,22.0,89.0,22.0,1,1,['Zinfandel'],US,California,"['California', 'California Other']"
10613,H to H,85.0,10.0,86.0,10.0,3,2,"['Rosé', 'Rhône-style Red Blend']",France,Rhône Valley,['Côtes du Rhône']
10614,H. & M. Hofer,88.0,33.0,88.0,33.0,1,1,['Red Blend'],Austria,Austria,[]
10615,H. & M. Hofer,88.2,21.5,88.0,22.0,16,4,"['Grüner Veltliner', 'Rosé', 'Zweigelt', 'Riesling']",Austria,Niederösterreich,[]
10616,H. & M. Hofer,88.0,15.0,88.0,15.0,1,1,['Grüner Veltliner'],Austria,Weinland Österreich,[]
10617,H. & M. Hofer,88.8,20.0,89.0,20.5,4,1,['Grüner Veltliner'],Austria,Weinviertel,[]
10618,H. Abrantes Douro Wines,85.0,12.0,85.0,13.0,3,2,"['Portuguese Red', 'Portuguese White']",Portugal,Douro,[]
10619,H. Billiot Fils,89.4,84.0,90.0,90.0,5,1,['Champagne Blend'],France,Champagne,['Champagne']
10620,H. Blin,90.4,59.7,90.0,59.0,21,3,"['Champagne Blend', 'Chardonnay', 'Pinot Meunier']",France,Champagne,['Champagne']
10621,H. Gray,92.0,25.0,92.0,25.0,1,1,['Cabernet Sauvignon'],US,California,"['Yountville', 'Napa']"
10622,H. Lun Winery,84.0,16.0,84.0,16.0,1,1,['Pinot Grigio'],Italy,Northeastern Italy,['Alto Adige']
10623,H.Germain,91.0,32.0,91.0,32.0,2,1,['Champagne Blend'],France,Champagne,['Champagne']
10624,HAGT,83.0,19.0,83.0,19.0,1,1,['Syrah'],US,California,"['California', 'California Other']"
10625,HB,86.0,18.0,86.0,18.0,1,1,['Chardonnay'],US,California,"['Russian River Valley', 'Sonoma']"
10626,HK Generations,93.0,36.0,93.0,36.0,1,1,['Pinot Noir'],US,California,"['Russian River Valley', 'Sonoma']"
10627,HKG,88.3,34.2,88.0,36.0,6,3,"['Pinot Noir', 'Chardonnay', 'Pinot Grigio']",US,California,"['Russian River Valley', 'Sonoma']"
10628,HPSepicurean,87.7,26.0,87.0,23.0,3,2,"['Riesling', 'Rosé']",Germany,Mosel,[]
10629,HQSA,87.0,20.0,87.0,20.0,1,1,['Cabernet Blend'],Mexico,Valle de Guadalupe,[]
10630,HRM Rex Goliath,83.4,8.8,83.5,9.0,8,6,"['Pinot Noir', 'Shiraz', 'Merlot', 'Pinot Grigio', 'Cabernet Sauvignon', 'Chardonnay']",US,California,"['Central Coast', 'Central Coast']"
10631,HXM,88.0,10.0,88.0,10.0,1,1,['Riesling'],Germany,Landwein Rhein,[]
10632,Haak,85.4,30.4,86.0,25.0,11,4,"['Jacquez', 'Blanc du Bois', 'Malbec', 'Cabernet Sauvignon']",US,Texas,['Texas']
10633,Haan,86.2,37.0,87.5,39.0,4,4,"['Bordeaux-style Red Blend', 'Viognier', 'Merlot', 'Merlot-Cabernet Franc']",Australia,South Australia,['Barossa Valley']
10634,Haarth,86.0,15.0,86.0,15.0,2,2,"['Cabernet Sauvignon', 'Bonarda']",Argentina,Mendoza Province,['Mendoza']
10635,Haarth,82.7,15.7,82.0,15.0,3,2,"['Bonarda', 'Cabernet Sauvignon']",Argentina,Other,['Argentina']
10636,Hacienda,84.0,8.0,84.0,8.0,2,2,"['Riesling', 'Sauvignon Blanc']",US,California,"['California', 'California Other']"
10637,Hacienda La Lomita,84.7,23.7,85.0,22.0,3,3,"['Grenache', 'Rosé', 'Sauvignon Blanc-Chenin Blanc']",Mexico,Valle de Guadalupe,[]
10638,Hacienda del Carche,82.0,10.0,82.0,10.0,1,1,['Sparkling Blend'],Spain,Catalonia,['Cava']
10639,Hacienda del Carche,88.3,15.7,88.0,15.0,3,1,['Red Blend'],Spain,Levante,['Jumilla']
10640,Hacienda del Plata,84.5,19.7,85.0,15.0,10,5,"['Malbec', 'Cabernet Sauvignon', 'Red Blend', 'Sauvignon Blanc', 'Syrah']",Argentina,Mendoza Province,['Mendoza']
10641,Haciendas Durius,84.0,13.0,84.0,13.0,1,1,['Viura-Sauvignon Blanc'],Spain,Northern Spain,['Vino de la Tierra de Castilla y León']
10642,Hacormim,88.0,9.3,88.0,9.0,3,3,"['Cabernet Sauvignon', 'Merlot', 'Shiraz']",Israel,Israel,[]
10643,Hafner,86.7,19.6,86.0,19.5,18,11,"['Blaufränkisch', 'White Blend', 'Scheurebe', 'Chardonnay', 'Zweigelt', 'Riesling', 'Syrah', 'Muskat Ottonel', 'St. Laurent', 'Grüner Veltliner', 'Red Blend']",Austria,Burgenland,[]
10644,Hafner,82.0,9.0,82.0,9.0,1,1,['Zweigelt'],Austria,Neusiedlersee,[]
10645,Hafner Kosher,91.3,21.3,92.0,24.0,3,3,"['Scheurebe', 'Chardonnay', 'Gewürztraminer']",Austria,Burgenland,[]
10646,Hafner Kosher,85.0,12.0,85.0,12.0,1,1,['Muskat Ottonel'],Austria,Österreichischer Perlwein,[]
10647,Hagafen,84.8,25.2,84.5,22.5,12,9,"['Cabernet Franc', 'Champagne Blend', 'Pinot Noir', 'Roussanne', 'Sauvignon Blanc', 'White Riesling', 'Merlot', 'Chardonnay', 'Syrah']",US,California,"['Napa Valley', 'Napa']"
10648,Hagen Heights,89.3,48.0,90.0,48.0,3,1,['Cabernet Sauvignon'],US,California,"['Napa Valley', 'Napa']"
10649,Hager Matthias,94.0,35.0,94.0,35.0,1,1,['Zweigelt'],Austria,Burgenland,[]
10650,Hager Matthias,89.4,23.8,91.0,22.0,5,3,"['Grüner Veltliner', 'Riesling', 'Sauvignon Blanc']",Austria,Niederösterreich,[]
10651,Haggipavlu,86.0,12.0,86.0,12.0,1,1,['Moschofilero'],Greece,Mantinia,[]
10652,Haggipavlu,87.0,19.0,87.0,19.0,1,1,['Agiorgitiko'],Greece,Nemea,[]
10653,Haggipavlu,85.0,16.0,85.0,16.0,2,1,['Cabernet Sauvignon'],Greece,Peloponnese,[]
10654,Hahn,86.4,20.7,86.0,15.0,70,10,"['Cabernet Sauvignon', 'Pinot Noir', 'Pinot Gris', 'Chardonnay', 'G-S-M', 'Syrah', 'Meritage', 'Merlot', 'Cabernet Franc', 'Grenache']",US,California,"['California', 'California Other']"
10655,Hahn Estates,86.8,16.8,86.0,15.0,6,5,"['Pinot Gris', 'Chardonnay', 'Meritage', 'Merlot', 'Cabernet Sauvignon']",US,California,"['Santa Lucia Highlands', 'Central Coast']"
10656,Hajszan Neumann,90.6,26.8,90.0,29.0,5,4,"['Austrian white blend', 'Riesling', 'Zweigelt', 'Grüner Veltliner']",Austria,Vienna,[]
10657,Hajszan Neumann,91.0,31.0,91.0,31.0,1,1,['Austrian white blend'],Austria,Wiener Gemischter Satz,[]
10658,Haka by Labyrinth,89.0,22.0,89.0,22.0,1,1,['Red Blend'],US,California,"['Paso Robles', 'Central Coast']"
10659,Halcon,92.0,36.0,92.0,35.0,4,3,"['Syrah', 'Pinot Noir', 'Rhône-style Red Blend']",US,California,"['Yorkville Highlands', 'North Coast']"
10660,Halcyon,90.0,39.0,90.0,39.0,1,1,['Cabernet Franc'],US,California,"['Templeton Gap District', 'Central Coast']"
10661,Half Mile Creek,84.5,9.0,84.5,9.0,2,2,"['Semillon-Sauvignon Blanc', 'Chardonnay']",Australia,Australia Other,['South Eastern Australia']
10662,Hall,91.6,104.6,92.0,80.0,65,6,"['Cabernet Sauvignon', 'Sauvignon Blanc', 'Bordeaux-style Red Blend', 'Merlot', 'Red Blend', 'Syrah']",US,California,"['Diamond Mountain District', 'Napa']"
10663,Halleck,87.6,50.1,88.0,50.0,17,3,"['Gewürztraminer', 'Pinot Noir', 'Sauvignon Blanc']",US,California,"['Russian River Valley', 'Sonoma']"
10664,Halos de Jupiter,90.0,16.0,90.0,16.0,1,1,['Rhône-style Red Blend'],France,Rhône Valley,['Costières de Nîmes']
10665,Halter Ranch,87.0,30.2,87.0,28.0,18,11,"['Bordeaux-style Red Blend', 'Grenache Blanc', 'G-S-M', 'Syrah', 'Cabernet Sauvignon', 'Rhône-style White Blend', 'Rosé', 'Red Blend', 'Marsanne-Roussanne', 'Viognier', 'Rhône-style Red Blend']",US,California,"['Adelaida District', 'Central Coast']"
10666,Halyard,88.0,25.0,88.0,25.0,1,1,['Sparkling Blend'],US,California,"['Napa-Mendocino-Sonoma', 'North Coast']"
10667,Hamacher,89.5,32.1,90.0,30.0,14,2,"['Pinot Noir', 'Chardonnay']",US,Oregon,"['Willamette Valley', 'Willamette Valley']"
10668,Hamelin Bay,85.5,25.0,85.5,25.0,2,2,"['Chardonnay', 'Sauvignon Blanc']",Australia,Western Australia,['Margaret River']
10669,Hames Valley Vineyards,85.0,25.0,85.0,25.0,1,1,['Syrah'],US,California,"['Monterey', 'Central Coast']"
10670,Hamilton,87.4,29.0,87.5,29.0,8,4,"['Malbec', 'Bordeaux-style Red Blend', 'Red Blend', 'Cabernet Sauvignon']",US,Washington,"['Columbia Valley (WA)', 'Columbia Valley']"
10671,Hamilton Russell,90.9,37.8,91.0,34.0,9,2,"['Chardonnay', 'Pinot Noir']",South Africa,Hemel en Aarde,[]
10672,Hamilton Russell,90.3,28.3,90.0,27.0,3,2,"['Chardonnay', 'Pinot Noir']",South Africa,Walker Bay,[]
10673,Hamilton's Bluff,82.0,10.0,82.0,10.0,1,1,['Chardonnay'],Australia,Australia Other,['South Eastern Australia']
10674,Hamilton's Ewell Vineyard,83.0,13.5,83.0,13.5,2,2,"['Cabernet Sauvignon-Shiraz', 'Chardonnay']",Australia,South Australia,['South Australia']
10675,Hamlet,83.0,17.0,83.0,17.0,1,1,['Pinot Gris'],US,Virginia,['Virginia']
10676,HammerSky,88.3,57.5,88.0,49.0,22,6,"['Rosé', 'Red Blend', 'Zinfandel', 'Merlot', 'Cabernet Sauvignon', 'Bordeaux-style Red Blend']",US,California,"['Paso Robles', 'Central Coast']"
10677,Hanaiali'i,87.0,32.5,87.0,32.5,2,1,['Merlot'],US,California,"['Napa Valley', 'Napa']"
10678,Hancock & Hancock,85.0,20.0,85.0,20.0,1,1,['Rosé'],Australia,South Australia,['McLaren Vale']
10679,Hand Made by Marketta,91.0,24.0,91.0,24.0,1,1,['Sauvignon Blanc'],US,California,"['Napa Valley', 'Napa']"
10680,Hand of God,91.0,75.0,91.0,75.0,1,1,['Malbec'],Argentina,Mendoza Province,['Mendoza']
10681,HandCraft,87.3,12.0,87.0,13.0,24,8,"['Cabernet Sauvignon', 'Malbec', 'Pinot Noir', 'Chardonnay', 'Petite Sirah', 'Red Blend', 'Pinot Grigio', 'White Blend']",US,California,"['California', 'California Other']"
10682,Handal-Denier,86.0,32.0,86.0,32.0,1,1,['Cabernet Sauvignon'],US,California,"['Alexander Valley', 'Sonoma']"
10683,Handley,87.2,21.4,87.0,20.0,56,11,"['Pinot Noir', 'Chardonnay', 'Gewürztraminer', 'Pinot Gris', 'Champagne Blend', 'Sparkling Blend', 'Syrah', 'Sauvignon Blanc', 'Riesling', 'Zinfandel', 'Pinot Blanc']",US,California,"['Anderson Valley', 'Mendocino/Lake Counties']"
10684,Handpicked,84.0,13.0,84.0,13.0,1,1,['Chardonnay'],Australia,Australia Other,['South Eastern Australia']
10685,Hanging Vine,82.3,12.0,82.0,12.0,3,3,"['Cabernet Sauvignon', 'Merlot', 'Chardonnay']",US,California,"['Central Coast', 'Central Coast']"
10686,Hangtime,84.5,17.5,85.0,17.5,4,2,"['Pinot Noir', 'Chardonnay']",US,California,"['California', 'California Other']"
10687,Hanna,86.3,32.6,86.0,26.0,48,8,"['Sauvignon Blanc', 'Cabernet Sauvignon', 'Chardonnay', 'Zinfandel', 'Syrah', 'Pinot Noir', 'Merlot', 'Cabernet Blend']",US,California,"['Russian River Valley', 'Sonoma']"
10688,Hannah Nicole Vineyards,84.4,26.8,84.5,26.0,12,10,"['Merlot', 'Viognier', 'Sauvignon Blanc', 'Petite Sirah', 'Zinfandel', 'Cabernet Sauvignon', 'Rosé', 'Chardonnay', 'Malbec', 'Red Blend']",US,California,"['Contra Costa County', 'Central Coast']"
10689,Hannes Reeh,89.1,22.0,89.0,19.5,9,5,"['Chardonnay', 'Red Blend', 'Zweigelt', 'Austrian Red Blend', 'Austrian white blend']",Austria,Burgenland,[]
10690,Hannes Reeh,89.0,33.0,89.0,33.0,2,1,['Zweigelt'],Austria,Neusiedlersee,[]
10691,Hans Fahden,85.8,27.0,85.5,26.5,4,1,['Cabernet Sauvignon'],US,California,"['Sonoma County', 'Sonoma']"
10692,Hans Igler,92.0,48.5,92.0,48.5,2,1,['Austrian Red Blend'],Austria,Burgenland,[]
10693,Hans Igler,89.9,34.7,90.0,34.0,7,2,"['Red Blend', 'Blaufränkisch']",Austria,Mittelburgenland,[]
10694,Hans Lang,87.0,15.0,87.0,15.0,2,1,['Riesling'],Germany,Rheingau,[]
10695,Hans Moser,87.7,28.4,88.0,27.0,9,7,"['Sauvignon Blanc', 'Chardonnay', 'Zweigelt', 'Red Blend', 'Merlot', 'Blaufränkisch', 'Cabernet Merlot']",Austria,Burgenland,[]
10696,Hans Pitnauer,89.0,29.2,89.5,30.0,4,4,"['Sauvignon Blanc', 'Cabernet Blend', 'Merlot-Cabernet Sauvignon', 'Zweigelt']",Austria,Carnuntum,[]
10697,Hans Wirsching,92.0,33.0,92.0,33.0,1,1,['Riesling'],Germany,Franken,[]
10698,Hansen Cellars,88.0,15.0,88.0,15.0,2,1,['Viognier'],US,California,"['Lodi', 'Central Valley']"
10699,Hansen-Lauer,90.2,23.3,90.0,25.0,6,1,['Riesling'],Germany,Mosel,[]
10700,Hansen/Grunner,84.0,25.0,84.0,25.0,1,1,['Pinot Noir'],US,California,"['Sonoma County', 'Sonoma']"
10701,Hanson Vineyards,84.6,21.0,85.0,20.0,5,4,"['Riesling', 'Gamay Noir', 'Pinot Noir', 'Pinot Gris']",US,Oregon,"['Willamette Valley', 'Willamette Valley']"
10702,Hanzell,92.1,78.6,92.0,75.0,28,2,"['Pinot Noir', 'Chardonnay']",US,California,"['Sonoma Valley', 'Sonoma']"
10703,Happs,90.0,50.0,90.0,50.0,1,1,['Chardonnay'],Australia,Western Australia,['Margaret River']
10704,Happy Camper,83.8,9.0,83.0,9.0,17,3,"['Chardonnay', 'Cabernet Sauvignon', 'Merlot']",US,California,"['California', 'California Other']"
10705,Happy Canyon Vineyard,88.9,39.8,88.5,40.0,16,6,"['Sauvignon Blanc', 'Merlot', 'Cabernet Sauvignon', 'Bordeaux-style Red Blend', 'Bordeaux-style White Blend', 'Cabernet Franc']",US,California,"['Happy Canyon of Santa Barbara', 'Central Coast']"
10706,Haras,85.8,18.9,86.0,12.0,17,6,"['Cabernet Sauvignon', 'Chardonnay', 'Cabernet Sauvignon-Carmenère', 'Sauvignon Blanc', 'Carmenère', 'Cabernet Blend']",Chile,Maipo Valley,[]
10707,Haras de Pirque,86.0,10.0,86.0,10.0,1,1,['Sauvignon Blanc'],Chile,Leyda Valley-Maipo Valley,[]
10708,Haras de Pirque,86.5,17.1,87.0,11.5,14,5,"['Cabernet Sauvignon', 'Carmenère', 'Syrah', 'Sauvignon Blanc', 'Chardonnay']",Chile,Maipo Valley,[]
10709,Haraszthy,86.9,20.7,86.0,20.0,7,1,['Zinfandel'],US,California,"['Amador County', 'Sierra Foothills']"
10710,Harbes Family Vineyard,88.0,28.9,89.0,25.0,21,9,"['Merlot', 'Chardonnay', 'Sparkling Blend', 'Rosé', 'Red Blend', 'Chardonnay-Riesling', 'Cabernet Franc', 'Syrah', 'Malbec']",US,New York,"['North Fork of Long Island', 'Long Island']"
10711,Harbison Wines,91.5,82.5,91.5,82.5,2,2,"['Chardonnay', 'Cabernet Sauvignon']",US,California,"['Santa Maria Valley', 'Central Coast']"
10712,Harbor Town,87.0,12.0,87.0,12.0,1,1,['Sauvignon Blanc'],New Zealand,Marlborough,[]
10713,Hard Row To Hoe,87.5,28.6,88.0,28.0,23,15,"['Sauvignon Blanc', 'Petit Verdot', 'Viognier', 'Marsanne', 'Syrah', 'Rosé', 'Cabernet Franc', 'Pinot Noir', 'Zinfandel', 'Barbera', 'Red Blend', 'Roussanne-Viognier', 'Cabernet Sauvignon', 'Merlot', 'Primitivo']",US,Washington,"['Yakima Valley', 'Columbia Valley']"
10714,Hard Six Cellars,93.0,50.0,93.0,50.0,2,1,['Syrah'],US,California,"['Fort Ross-Seaview', 'Sonoma']"
10715,Hardys,84.6,8.5,85.0,8.0,14,7,"['Pinot Noir', 'Merlot', 'Chardonnay', 'Port', 'Cabernet Sauvignon', 'Sémillon', 'Shiraz']",Australia,Australia Other,['South Eastern Australia']
10716,Hardys,87.4,31.0,87.0,15.0,5,2,"['Shiraz', 'Chardonnay']",Australia,South Australia,['South Australia']
10717,Hargrave,84.2,16.5,83.5,14.5,6,5,"['Chardonnay', 'Sauvignon Blanc', 'Pinot Noir', 'Rosé', 'Merlot']",US,New York,"['North Fork of Long Island', 'Long Island']"
10718,Harken,88.5,15.0,88.5,15.0,2,1,['Chardonnay'],US,California,"['California', 'California Other']"
10719,Harlaftis,84.5,15.0,84.5,15.0,2,2,"['Chardonnay', 'Cabernet Sauvignon']",Greece,Attica,[]
10720,Harlaftis,84.0,14.0,84.0,14.0,1,1,['Agiorgitiko'],Greece,Nemea,[]
10721,Harlan Estate,96.2,293.1,96.5,272.5,8,4,"['Bordeaux-style Red Blend', 'Cabernet Blend', 'Cabernet Sauvignon', 'Red Blend']",US,California,"['Napa Valley', 'Napa']"
10722,Harlequin,91.0,28.0,91.0,28.0,2,1,['Syrah'],US,Washington,"['Columbia Valley (WA)', 'Columbia Valley']"
10723,Harlow Ridge,82.9,10.3,83.0,10.0,9,5,"['Petite Sirah', 'Chardonnay', 'Pinot Noir', 'Pinot Grigio', 'Cabernet Sauvignon']",US,California,"['Lodi', 'Central Valley']"
10724,Harmonique,89.0,40.1,88.0,39.0,9,2,"['Pinot Noir', 'Chardonnay']",US,California,"['Anderson Valley', 'Mendocino/Lake Counties']"
10725,Harmony Cellars,86.0,25.7,87.0,22.0,15,10,"['Chardonnay', 'Red Blend', 'Bordeaux-style Red Blend', 'White Riesling', 'Cabernet Sauvignon', 'Petite Sirah', 'Zinfandel', 'Merlot', 'Cabernet Blend', 'Meritage']",US,California,"['Central Coast', 'Central Coast']"
10726,Harney Lane,88.7,24.7,88.0,20.5,6,2,"['Zinfandel', 'Albariño']",US,California,"['Lodi', 'Central Valley']"
10727,Harper Voit,92.2,46.2,92.5,46.0,10,3,"['Pinot Noir', 'Pinot Blanc', 'Riesling']",US,Oregon,"['Willamette Valley', 'Willamette Valley']"
10728,Harrington,87.0,40.4,86.0,40.0,7,1,['Pinot Noir'],US,California,"['Chalone', 'Central Coast']"
10729,Harrison,91.0,74.0,90.5,79.5,4,3,"['Cabernet Sauvignon', 'Chardonnay', 'Red Blend']",US,California,"['Napa Valley', 'Napa']"
10730,Harrison Clarke,86.8,42.5,86.0,44.0,4,2,"['Syrah', 'Grenache']",US,California,"['Santa Ynez Valley', 'Central Coast']"
10731,Harry & David,83.6,21.2,83.5,20.0,10,9,"['Pinot Noir', 'Pinot Gris', 'Merlot', 'Tempranillo', 'Riesling', 'Chardonnay', 'Red Blend', 'Cabernet Sauvignon', 'Rosé']",US,Oregon,"['Oregon', 'Oregon Other']"
10732,Hart,89.5,40.7,89.5,40.0,4,4,"['Cabernet Franc', 'Tempranillo', 'Syrah', 'Sangiovese']",US,California,"['Temecula Valley', 'South Coast']"
10733,Hart 2 Hart,89.0,25.0,89.0,25.0,2,1,['Bordeaux-style Red Blend'],US,California,"['El Dorado', 'Sierra Foothills']"
10734,Hartenberg,88.9,47.6,89.0,32.0,29,9,"['Cabernet Sauvignon', 'Chardonnay', 'Sauvignon Blanc', 'Shiraz', 'Red Blend', 'Merlot', 'Pinotage', 'Riesling', 'Cabernet Blend']",South Africa,Stellenbosch,[]
10735,Hartford,91.1,45.2,91.0,50.0,23,3,"['Chardonnay', 'Zinfandel', 'Pinot Noir']",US,California,"['Sonoma Coast', 'Sonoma']"
10736,Hartford Court,92.8,58.0,93.0,55.0,25,3,"['Pinot Noir', 'Chardonnay', 'Zinfandel']",US,California,"['Russian River Valley', 'Sonoma']"
10737,Hartley-Ostini,86.8,32.0,85.0,31.5,4,1,['Pinot Noir'],US,California,"['Sta. Rita Hills', 'Central Coast']"
10738,Hartwell,90.8,85.0,91.0,97.5,8,3,"['Sauvignon Blanc', 'Cabernet Sauvignon', 'Merlot']",US,California,"['Los Carneros', 'Napa-Sonoma']"
10739,Harvest Moon,84.0,28.3,84.0,32.0,6,3,"['Zinfandel', 'Gewürztraminer', 'Cabernet Sauvignon']",US,California,"['Russian River Valley', 'Sonoma']"
10740,Harveys,85.0,15.0,84.0,15.0,3,1,['Sherry'],Spain,Andalucia,['Jerez']
10741,Hasley,86.0,22.5,86.0,22.5,2,2,"['Meritage', 'Bordeaux-style Red Blend']",US,California,"['Paso Robles', 'Central Coast']"
10742,Hat Ranch,86.0,22.3,87.0,22.0,3,3,"['Chardonnay', 'Riesling', 'Moscato']",US,Idaho,[]
10743,Hat in the Ring,82.2,9.6,82.0,10.0,5,4,"['Pinot Grigio', 'Shiraz', 'Sauvignon Blanc', 'Cabernet Sauvignon']",Argentina,Mendoza Province,['Mendoza']
10744,Hatcher,86.8,24.0,88.0,24.0,8,7,"['Petite Sirah', 'Cabernet Sauvignon', 'Barbera', 'Viognier', 'Syrah', 'Red Blend', 'Zinfandel']",US,California,"['Calaveras County', 'Sierra Foothills']"
10745,Hattingley Valley Wines,92.0,51.7,92.0,45.0,5,2,"['Chardonnay', 'Sparkling Blend']",England,England,[]
10746,Hatton Estate,84.0,22.5,84.0,22.5,2,2,"['Chardonnay', 'Cabernet Blend']",New Zealand,Hawke's Bay,[]
10747,Hatzi Michalis,86.0,23.8,86.0,23.0,6,3,"['Chardonnay', 'White Blend', 'Cabernet Sauvignon']",Greece,Atalanti Valley,[]
10748,Hatzi Michalis,87.0,30.0,87.0,30.0,1,1,['Cabernet Blend'],Greece,Opuntia Locris,[]
10749,Hatzidakis Winery,85.0,19.0,85.0,19.0,1,1,['White Blend'],Greece,Santorini,[]
10750,Hatzimichalis,87.4,22.9,87.0,22.0,15,7,"['White Blend', 'Red Blend', 'Merlot', 'Chardonnay', 'Syrah', 'Cabernet Sauvignon', 'Assyrtiko']",Greece,Atalanti Valley,[]
10751,Hatziyiannis,89.0,13.0,89.0,13.0,1,1,['White Blend'],Greece,Santorini,[]
10752,Hauck,87.0,34.5,87.0,35.0,8,4,"['Cabernet Sauvignon', 'Meritage', 'Zinfandel', 'Sauvignon Blanc']",US,California,"['Sonoma County', 'Sonoma']"
10753,Hauer of the Dauen,83.0,14.0,83.0,14.0,2,1,['Pinot Noir'],US,Oregon,"['Willamette Valley', 'Willamette Valley']"
10754,Hauner,89.4,30.2,89.0,22.0,13,3,"['White Blend', 'Red Blend', 'Rosé']",Italy,Sicily & Sardinia,['Terre Siciliane']
10755,Haut Espoir,89.0,25.0,89.0,25.0,1,1,['Red Blend'],South Africa,Coastal Region,[]
10756,Haut Marin,86.0,11.2,85.0,11.0,13,6,"['Gros Manseng', 'White Blend', 'Ugni Blanc-Colombard', 'Colombard-Sauvignon Blanc', 'Merlot', 'Rosé']",France,Southwest France,['Vin de Pays des Côtes de Gascogne']
10757,Haute Cabrière,85.7,15.7,86.0,15.0,3,3,"['Rosé', 'Pinot Noir', 'White Blend']",South Africa,Franschhoek,[]
10758,Haute Red,83.0,11.0,83.0,11.0,1,1,['Pinot Noir'],US,California,"['California', 'California Other']"
10759,Havana Hills,85.5,28.5,85.5,33.0,4,2,"['Sauvignon Blanc', 'Shiraz']",South Africa,Western Cape,[]
10760,Havana Rose,85.0,9.0,85.0,9.0,1,1,['Malbec'],Argentina,Mendoza Province,['Mendoza']
10761,Havens,87.8,40.8,87.0,40.0,12,5,"['Bordeaux-style Red Blend', 'Chardonnay', 'Merlot', 'Syrah', 'Red Blend']",US,California,"['Napa Valley', 'Napa']"
10762,Hawk Crest,84.2,12.9,83.0,14.0,9,3,"['Chardonnay', 'Cabernet Sauvignon', 'Merlot']",US,California,"['California', 'California Other']"
10763,Hawk Watch Winery,87.3,34.7,87.0,32.0,15,9,"['Viognier', 'Syrah', 'Red Blend', 'Port', 'G-S-M', 'Cabernet Sauvignon', 'Rhône-style Red Blend', 'Meritage', 'Cabernet Sauvignon-Syrah']",US,California,"['South Coast', 'South Coast']"
10764,Hawk and Horse Vineyards,89.2,72.5,89.0,65.0,8,2,"['Cabernet Sauvignon', 'Bordeaux-style Red Blend']",US,California,"['Red Hills Lake County', 'Mendocino/Lake Counties']"
10765,Hawkes,88.1,50.0,87.0,60.0,10,3,"['Chardonnay', 'Cabernet Sauvignon', 'Merlot']",US,California,"['Alexander Valley', 'Sonoma']"
10766,Hawkins Cellars,86.5,23.9,86.5,21.0,8,2,"['Pinot Noir', 'Pinot Gris']",US,Oregon,"['Willamette Valley', 'Willamette Valley']"
10767,Hawkins Cellars,86.7,29.9,87.0,29.0,14,6,"['Syrah', 'Rhône-style Red Blend', 'Viognier', 'Cabernet Sauvignon', 'Mourvèdre', 'Sangiovese']",US,Washington,"['Columbia Valley (WA)', 'Columbia Valley']"
10768,Hawks View,87.0,40.0,87.0,40.0,1,1,['Syrah'],US,California,"['California', 'California Other']"
10769,Hawks View,88.1,32.6,88.0,30.5,8,3,"['Pinot Gris', 'Pinot Noir', 'Chardonnay']",US,Oregon,"['Chehalem Mountains', 'Willamette Valley']"
10770,Hawks View,87.0,40.0,87.0,40.0,1,1,['Merlot'],US,Washington,"['Washington', 'Washington Other']"
10771,Hawkshead,89.0,,89.0,,1,1,['Pinot Noir'],New Zealand,Central Otago,[]
10772,Hawkstone,86.0,29.2,86.0,29.0,17,4,"['Chardonnay', 'Merlot', 'Cabernet Sauvignon', 'Sauvignon Blanc']",US,California,"['Napa Valley', 'Napa']"
10773,Hawley,86.7,31.2,87.0,30.0,28,9,"['Chardonnay', 'Pinot Noir', 'Viognier', 'Petite Sirah', 'Zinfandel', 'Cabernet Sauvignon', 'Merlot', 'Sauvignon Blanc', 'Meritage']",US,California,"['Alexander Valley', 'Sonoma']"
10774,Hawthorne,87.0,26.8,86.5,26.0,4,4,"['Chardonnay', 'Auxerrois', 'Merlot', 'Lemberger']",US,Michigan,['Old Mission Peninsula']
10775,Hawthorne Ridge,80.0,8.0,80.0,8.0,1,1,['Chardonnay'],Spain,Northern Spain,['Cariñena']
10776,Hay Maker,85.0,12.0,85.0,12.0,1,1,['Sauvignon Blanc'],New Zealand,Marlborough,[]
10777,Hay Shed Hill,88.3,23.7,87.0,25.0,3,3,"['Shiraz', 'Chardonnay', 'Cabernet Sauvignon']",Australia,Western Australia,['Margaret River']
10778,Hayes Valley,86.0,14.4,86.0,15.0,6,6,"['Meritage', 'Sauvignon Blanc', 'Merlot', 'Chardonnay', 'Zinfandel', 'Cabernet Sauvignon']",US,California,"['Central Coast', 'Central Coast']"
10779,Hayman & Hill,84.8,14.7,85.0,14.5,14,7,"['Chardonnay', 'Cabernet Sauvignon', 'Zinfandel', 'Pinot Noir', 'Shiraz-Viognier', 'Meritage', 'White Blend']",US,California,"['Russian River Valley', 'Sonoma']"
10780,Hayward by Folin Cellars,91.0,45.0,91.0,45.0,2,1,['Pinot Noir'],US,Oregon,"['Ribbon Ridge', 'Willamette Valley']"
10781,Haywood,84.7,28.8,85.5,30.0,14,4,"['Zinfandel', 'Merlot', 'Chardonnay', 'Cabernet Sauvignon']",US,California,"['Sonoma Valley', 'Sonoma']"
10782,Hazaña,86.0,16.0,86.0,16.0,1,1,['Tempranillo'],Spain,Northern Spain,['Rioja']
10783,Hazlitt 1852 Vineyards,87.1,19.8,87.0,18.0,55,12,"['Cabernet Franc', 'Cabernet Sauvignon', 'Grüner Veltliner', 'Chardonnay', 'Vidal Blanc', 'Pinot Gris', 'Riesling', 'Gewürztraminer', 'Merlot', 'Sauvignon Blanc', 'Rosé', 'Pinot Noir']",US,New York,"['Finger Lakes', 'Finger Lakes']"
10784,Hazyblur,89.2,25.2,89.5,26.0,4,3,"['Pinot Gris', 'Cabernet Sauvignon', 'Shiraz']",Australia,South Australia,['Kangaroo Island']
10785,HdV,86.0,62.4,88.0,60.0,5,3,"['Bordeaux-style Red Blend', 'Red Blend', 'Chardonnay']",US,California,"['Napa Valley', 'Napa']"
10786,Head High,90.3,33.3,91.0,35.0,3,2,"['Pinot Noir', 'Red Blend']",US,California,"['Sonoma Coast', 'Sonoma']"
10787,Headbanger,83.0,20.0,83.0,20.0,5,3,"['Red Blend', 'Zinfandel', 'Rosé']",US,California,"['California', 'California Other']"
10788,Healdsburg,82.0,8.0,82.0,8.0,1,1,['Chardonnay'],US,California,"['California', 'California Other']"
10789,Healdsburg Ranches,85.6,14.8,85.0,13.0,9,4,"['Cabernet Sauvignon', 'Chardonnay', 'Pinot Noir', 'Zinfandel']",US,California,"['North Coast', 'North Coast']"
10790,Healdsburg Viticultural Society,88.0,13.0,88.0,13.0,1,1,['Cabernet Sauvignon'],US,California,"['Dry Creek Valley', 'Sonoma']"
10791,Hearst Ranch,87.7,28.8,87.0,30.0,23,13,"['Chardonnay', 'Rosé', 'Rhône-style White Blend', ""Muscat d'Alexandrie"", 'Malbec', 'Cabernet Franc', 'Cabernet Sauvignon', 'Tempranillo', 'Petite Sirah', 'Merlot', 'Zinfandel', 'White Blend', 'Rhône-style Red Blend']",US,California,"['Central Coast', 'Central Coast']"
10792,Heart & Hands,86.7,27.4,87.0,27.0,13,2,"['Riesling', 'Pinot Noir']",US,New York,"['Finger Lakes', 'Finger Lakes']"
10793,Heart Catcher,91.0,32.0,91.0,32.0,3,2,"['Zinfandel', 'Merlot']",US,Oregon,"['Columbia Gorge (OR)', 'Oregon Other']"
10794,Heart O' The Mountain,88.0,51.6,90.0,52.0,9,1,['Pinot Noir'],US,California,"['Santa Cruz Mountains', 'Central Coast']"
10795,Heartache,82.5,11.0,82.5,11.0,2,2,"['Pinot Grigio', 'Red Blend']",US,California,"['California', 'California Other']"
10796,Heartfelt,83.0,45.0,83.0,45.0,2,2,"['Chardonnay', 'Red Blend']",US,California,"['Russian River Valley', 'Sonoma']"
10797,Hearthstone,85.0,28.2,85.0,25.0,9,7,"['Pinot Noir', 'Grenache-Syrah', 'Bordeaux-style Red Blend', 'Grenache', 'Roussanne-Viognier', 'G-S-M', 'Syrah']",US,California,"['Paso Robles', 'Central Coast']"
10798,Heartland,88.7,27.1,89.0,17.0,13,5,"['Red Blend', 'Cabernet Sauvignon', 'Shiraz', 'White Blend', 'Shiraz-Cabernet Sauvignon']",Australia,South Australia,['Langhorne Creek']
10799,Heath Wines,84.5,37.0,84.5,37.0,2,2,"['Cabernet Sauvignon-Shiraz', 'Shiraz']",Australia,South Australia,['South Australia']
10800,Heathcote Estate,90.5,71.5,90.5,71.5,2,1,['Shiraz'],Australia,Victoria,['Heathcote']
10801,Heathfield Ridge,83.0,15.5,83.0,15.5,2,2,"['Cabernet Sauvignon', 'Chardonnay']",Australia,South Australia,['Limestone Coast']
10802,Heathvale,89.0,23.0,89.0,23.0,1,1,['Shiraz'],Australia,South Australia,['Eden Valley']
10803,Heaven's Cave,82.0,24.0,82.0,24.0,2,2,"['Merlot', 'Syrah']",US,Washington,"['Horse Heaven Hills', 'Columbia Valley']"
10804,Heavenly Retreat,85.0,8.0,85.0,8.0,1,1,['Riesling'],Romania,Recas,[]
10805,Heavenly Retreat,84.0,8.0,84.0,8.0,1,1,['Riesling'],Romania,Romania,[]
10806,Heavyweight,81.5,14.0,81.5,14.0,4,3,"['Merlot', 'Cabernet Sauvignon', 'Petite Sirah']",US,California,"['California', 'California Other']"
10807,Hecho por Ruben,94.0,55.0,94.0,55.0,4,2,"['Syrah', 'Grenache']",US,California,"['Ballard Canyon', 'Central Coast']"
10808,Hecht & Bannier,88.3,23.6,88.0,23.0,24,4,"['Rosé', 'Rhône-style Red Blend', 'Syrah', 'White Blend']",France,Languedoc-Roussillon,['Languedoc']
10809,Hecht & Bannier,89.3,24.1,89.0,19.5,9,4,"['Provence red blend', 'Rosé', 'Rolle', 'Vermentino']",France,Provence,['Bandol']
10810,Hector Wine Company,85.4,20.5,86.0,20.0,8,8,"['Pinot Blanc', 'Sauvignon Blanc', 'Pinot Gris', 'Cabernet Franc', 'Gewürztraminer', 'Bordeaux-style Red Blend', 'Red Blend', 'Riesling']",US,New York,"['Seneca Lake', 'Finger Lakes']"
10811,Hedgeline,86.5,19.5,86.5,19.5,2,2,"['Pinot Gris', 'Pinot Noir']",US,Oregon,"['Oregon', 'Oregon Other']"
10812,Hedgeline,87.0,18.0,87.5,18.0,6,3,"['Riesling', 'Chardonnay', 'Merlot']",US,Washington,"['Washington', 'Washington Other']"
10813,Hedges,89.1,27.7,88.0,25.0,21,8,"['Red Blend', 'Bordeaux-style Red Blend', 'Cabernet Sauvignon-Syrah', 'Cabernet Sauvignon', 'White Blend', 'Syrah', 'Chardonnay', 'Cabernet Sauvignon-Merlot']",US,Washington,"['Red Mountain', 'Columbia Valley']"
10814,Hedges Family Estate,88.8,28.0,89.0,17.0,10,6,"['Cabernet Sauvignon', 'Red Blend', 'White Blend', 'Merlot', 'Chardonnay', 'Sauvignon Blanc']",US,Washington,"['Red Mountain', 'Columbia Valley']"
10815,Hedonismo,85.5,9.5,85.5,9.5,2,2,"['White Blend', 'Garnacha']",Spain,Central Spain,['Vino de la Tierra de Castilla']
10816,Heggies Vineyard,86.1,22.5,87.5,21.0,10,4,"['Chardonnay', 'Viognier', 'Riesling', 'Merlot']",Australia,South Australia,['Eden Valley']
10817,Heibel Ranch,83.5,57.5,83.5,57.5,2,2,"['Cabernet Sauvignon', 'Red Blend']",US,California,"['Napa Valley', 'Napa']"
10818,Heidi Schröck,90.8,46.6,90.0,17.0,8,5,"['Austrian white blend', 'Weissburgunder', 'Furmint', 'Muscat', 'White Blend']",Austria,Burgenland,[]
10819,Heidsieck & Co Monopole,87.8,52.5,88.0,45.0,21,1,['Champagne Blend'],France,Champagne,['Champagne']
10820,Heimann,88.0,30.0,88.0,30.0,1,1,['Red Blend'],Hungary,Szekszárd,[]
10821,Heinrich,92.0,43.2,92.0,38.5,4,2,"['Blaufränkisch', 'Austrian Red Blend']",Austria,Burgenland,[]
10822,Heinrich,92.0,27.0,92.0,27.0,1,1,['Blaufränkisch'],Austria,Mittelburgenland,[]
10823,Heinrich Hartl,92.8,32.8,92.5,30.0,4,2,"['Pinot Noir', 'Rotgipfler']",Austria,Thermenregion,[]
10824,Heinrich Vollmer,86.0,12.0,86.0,12.0,1,1,['Riesling'],Germany,Pfalz,[]
10825,Heintz,90.1,45.6,91.0,48.0,11,3,"['Pinot Noir', 'Syrah', 'Chardonnay']",US,California,"['Sonoma Coast', 'Sonoma']"
10826,Heinz Eifel,87.9,13.2,88.0,13.0,11,1,['Riesling'],Germany,Mosel,[]
10827,Heinz Eifel,87.4,13.4,87.0,11.0,7,2,"['Gewürztraminer', 'Riesling']",Germany,Rheinhessen,[]
10828,Heinz Schmitt,87.0,17.0,87.0,17.0,1,1,['Riesling'],Germany,Mosel,[]
10829,Heinz Schmitt,86.0,13.0,86.0,13.0,1,1,['Riesling'],Germany,Mosel-Saar-Ruwer,[]
10830,Heiss,91.0,,91.0,,1,1,['Sämling'],Austria,Neusiedlersee,[]
10831,Heitlinger,87.5,13.5,87.5,13.5,2,2,"['Rosé', 'Dornfelder']",Germany,Baden,[]
10832,Heitz,93.7,108.2,94.0,72.0,6,3,"['Cabernet Sauvignon', 'Rosé', 'Sauvignon Blanc']",US,California,"['Napa Valley', 'Napa']"
10833,Helderberg Wijnmakerij,85.4,13.0,86.0,13.0,5,4,"['Merlot', 'Sauvignon Blanc', 'Cabernet Sauvignon', 'Shiraz']",South Africa,Stellenbosch,[]
10834,Helfrich,86.4,19.8,86.5,19.0,22,5,"['Gewürztraminer', 'Riesling', 'Pinot Gris', 'Sparkling Blend', 'Pinot Blanc']",France,Alsace,['Alsace']
10835,Heliodoro,84.0,18.0,84.0,18.0,1,1,['Chardonnay'],US,California,"['Russian River Valley', 'Sonoma']"
10836,Heliopoulos,87.0,16.0,87.0,16.0,1,1,['White Blend'],Greece,Santorini,[]
10837,Helix,89.2,21.2,89.0,20.0,5,5,"['Chardonnay-Viognier', 'Sangiovese', 'Syrah', 'Merlot', 'Red Blend']",US,Washington,"['Columbia Valley (WA)', 'Columbia Valley']"
10838,Helix by Reininger,88.6,26.8,88.0,28.0,34,8,"['Red Blend', 'Syrah', 'Rhône-style Red Blend', 'Chardonnay', 'Cabernet Sauvignon', 'Merlot', 'Sangiovese', 'Viognier']",US,Washington,"['Columbia Valley (WA)', 'Columbia Valley']"
10839,Hellbent,86.0,12.0,86.0,12.0,1,1,['Shiraz-Cabernet Sauvignon'],Australia,South Australia,['South Australia']
10840,Heller Estate,84.0,21.0,84.0,21.0,2,2,"['Chardonnay', 'Chenin Blanc']",US,California,"['Carmel Valley', 'Central Coast']"
10841,Hellfire,87.0,16.0,87.0,16.0,1,1,['White Blend'],US,Oregon,"['Columbia Gorge (OR)', 'Oregon Other']"
10842,Helmut Hexamer,91.0,22.0,91.0,22.0,1,1,['Riesling'],Germany,Nahe,[]
10843,Helvetia,82.0,18.0,82.0,18.0,1,1,['Pinot Noir'],US,Oregon,"['Willamette Valley', 'Willamette Valley']"
10844,Helwig,88.6,23.6,88.5,21.0,20,15,"['Grenache', 'Zinfandel', 'Marsanne-Roussanne', 'G-S-M', 'Sauvignon Blanc', 'Rosé', 'Red Blend', 'Petite Sirah', 'Syrah', 'Marsanne', 'Graciano', 'Verdelho', 'Viognier', 'Roussanne', 'Barbera']",US,California,"['Shenandoah Valley (CA)', 'Sierra Foothills']"
10845,Hemar,83.3,22.3,83.0,21.0,3,1,['Tempranillo'],Spain,Northern Spain,['Ribera del Duero']
10846,Hendry,88.0,33.0,88.0,35.0,65,14,"['Cabernet Sauvignon', 'Albariño', 'Chardonnay', 'Primitivo', 'Bordeaux-style Red Blend', 'Zinfandel', 'Rosé', 'Pinot Gris', 'Merlot', 'Pinot Noir', 'Cabernet Franc', 'Malbec', 'Petit Verdot', 'Red Blend']",US,California,"['Napa Valley', 'Napa']"
10847,Henehan Hills,84.0,19.0,84.0,19.0,1,1,['Zinfandel'],US,California,"['Dry Creek Valley', 'Sonoma']"
10848,Henkell,84.7,10.3,84.0,10.0,3,2,"['White Blend', 'Sparkling Blend']",Germany,Germany,[]
10849,Henners,91.0,42.0,91.0,42.0,1,1,['Sparkling Blend'],England,England,[]
10850,Henri Abele,89.9,49.8,90.0,41.5,9,2,"['Pinot Noir', 'Champagne Blend']",France,Champagne,['Champagne']
10851,Henri Abelé,88.0,46.7,88.0,45.0,3,1,['Champagne Blend'],France,Champagne,['Champagne']
10852,Henri Bourgeois,86.7,13.0,87.0,13.0,3,1,['Sauvignon Blanc'],France,France Other,['Vin de France']
10853,Henri Bourgeois,90.3,32.5,91.0,30.0,76,4,"['Rosé', 'Sauvignon Blanc', 'Pinot Noir', 'Cabernet Franc']",France,Loire Valley,['Sancerre']
10854,Henri Ehrhart,91.0,14.0,91.0,14.0,2,1,['Pinot Gris'],France,Alsace,['Alsace']
10855,Henri Goutorbe,90.6,65.0,91.0,60.0,7,1,['Champagne Blend'],France,Champagne,['Champagne']
10856,Henri Milan,87.2,39.5,86.0,35.0,5,2,"['Red Blend', 'White Blend']",France,France Other,['Vin de Table Francais']
10857,Henri Milan,90.0,60.0,90.0,60.0,1,1,['Rhône-style Red Blend'],France,Provence,['Les Baux de Provence']
10858,Henri Perrusset,87.0,18.0,87.0,18.0,1,1,['Chardonnay'],France,Burgundy,['Mâcon-Villages']
10859,Henri Schoenheitz,88.4,21.9,89.0,20.0,35,7,"['Riesling', 'Pinot Blanc', 'Pinot Noir', 'Gewürztraminer', 'Pinot Gris', 'Pinot Auxerrois', 'Auxerrois']",France,Alsace,['Alsace']
10860,Henri de Villamont,90.0,51.7,90.0,41.5,116,2,"['Pinot Noir', 'Chardonnay']",France,Burgundy,['Mazis-Chambertin']
10861,Henriet-Bazin,91.0,73.5,91.0,71.0,23,4,"['Pinot Noir', 'Champagne Blend', 'Pinot Meunier', 'Chardonnay']",France,Champagne,['Champagne']
10862,Henriot,93.0,90.6,93.0,78.0,15,2,"['Champagne Blend', 'Chardonnay']",France,Champagne,['Champagne']
10863,Henrique José de La Puente Sancho Uva,86.8,14.0,86.5,13.5,4,2,"['Portuguese White', 'Portuguese Red']",Portugal,Alentejano,[]
10864,Henry Brochard,85.0,13.0,85.0,13.0,1,1,['Sauvignon Blanc'],France,Loire Valley,['Val de Loire']
10865,Henry Earl,87.5,36.3,88.0,39.0,6,5,"['Riesling', 'Merlot', 'Cabernet Sauvignon', 'Malbec', 'Bordeaux-style Red Blend']",US,Washington,"['Wahluke Slope', 'Columbia Valley']"
10866,Henry Estate,86.2,19.2,86.0,18.0,13,6,"['Müller-Thurgau', 'Pinot Gris', 'Pinot Noir', 'Red Blend', 'Merlot', 'Rosé']",US,Oregon,"['Umpqua Valley', 'Southern Oregon']"
10867,Henry Fessy,87.4,21.8,87.0,18.5,40,2,"['Gamay', 'Chardonnay']",France,Beaujolais,['Beaujolais-Villages']
10868,Henry Fessy,88.5,29.0,88.5,29.0,2,1,['Chardonnay'],France,Burgundy,['Pouilly-Fuissé']
10869,Henry Marionnet,88.2,19.0,88.0,20.0,5,4,"['Sauvignon Blanc', 'Gamay', 'Malbec', 'Chenin Blanc']",France,Loire Valley,['Touraine']
10870,Henry Natter,87.7,26.7,88.0,25.0,7,3,"['Sauvignon Blanc', 'Pinot Noir', 'Rosé']",France,Loire Valley,['Sancerre']
10871,Henry of Pelham,86.6,32.5,87.0,30.0,11,4,"['Riesling', 'Vidal Blanc', 'Cabernet', 'Vidal']",Canada,Ontario,['Niagara Peninsula']
10872,Henry's Drive Vignerons,89.8,31.8,90.0,30.0,25,5,"['Shiraz', 'Chardonnay', 'Cabernet Sauvignon', 'Shiraz-Cabernet Sauvignon', 'White Blend']",Australia,South Australia,['Padthaway']
10873,Henschke,90.3,141.8,90.0,45.0,38,12,"['Shiraz', 'Red Blend', 'Riesling', 'Chardonnay', 'Sauvignon Blanc', 'Pinot Noir', 'White Blend', 'Rhône-style Red Blend', 'Bordeaux-style Red Blend', 'Cabernet Sauvignon', 'G-S-M', 'Sémillon']",Australia,South Australia,['Eden Valley']
10874,Hensley,84.0,49.0,84.0,49.0,1,1,['Cabernet Sauvignon'],US,California,"['Napa Valley', 'Napa']"
10875,Hensteeth,88.4,54.0,88.0,54.0,7,3,"['Cabernet Sauvignon', 'Bordeaux-style Red Blend', 'Pinot Noir']",US,California,"['Sonoma County', 'Sonoma']"
10876,Hentley Farm,90.5,41.5,91.0,32.0,11,6,"['Shiraz', 'Grenache-Shiraz', 'Zinfandel', 'Rosé', 'Riesling', 'Grenache']",Australia,South Australia,['Barossa Valley']
10877,Heras Cordon,87.2,40.6,87.0,42.0,5,2,"['Tempranillo Blend', 'Tempranillo']",Spain,Northern Spain,['Rioja']
10878,Hercules Paragon,84.0,20.0,84.0,20.0,1,1,['Shiraz'],South Africa,Western Cape,[]
10879,Herdade Grande,87.9,21.5,88.0,15.5,35,4,"['Portuguese Red', 'Verdelho', 'Portuguese White', 'White Blend']",Portugal,Alentejano,[]
10880,Herdade Paço do Conde,90.0,41.2,91.0,33.0,5,1,['Portuguese Red'],Portugal,Alentejano,[]
10881,Herdade da Capela,87.0,14.0,87.0,14.0,2,1,['Portuguese Red'],Portugal,Alentejano,[]
10882,Herdade da Capela,87.0,25.0,88.0,14.0,3,1,['Portuguese Red'],Portugal,Alentejo,[]
10883,Herdade da Comporta,87.2,23.5,87.0,22.0,24,5,"['Portuguese Red', 'Portuguese White', 'Antão Vaz', 'Alicante Bouschet', 'Verdelho']",Portugal,Península de Setúbal,[]
10884,Herdade da Comporta,88.5,25.8,87.5,20.0,12,4,"['Portuguese Red', 'Antão Vaz', 'Portuguese White', 'Rosé']",Portugal,Setubal,[]
10885,Herdade da Comporta,92.0,21.0,92.0,21.0,1,1,['Portuguese Red'],Portugal,Terras do Sado,[]
10886,Herdade da Gâmbia,85.0,17.0,85.0,17.0,2,2,"['Portuguese Red', 'Portuguese White']",Portugal,Península de Setúbal,[]
10887,Herdade da Malhadinha Nova,89.3,47.5,89.0,42.5,32,7,"['Portuguese Red', 'Portuguese White', 'Aragonês', 'Touriga Nacional', 'Aragonez', 'Antão Vaz', 'Rosé']",Portugal,Alentejano,[]
10888,Herdade das Servas,89.1,22.9,89.0,20.0,19,6,"['Petite Verdot', 'Portuguese Red', 'Touriga Nacional', 'Portuguese White', 'Alicante Bouschet', 'Alvarinho']",Portugal,Alentejano,[]
10889,Herdade de Medeiros,88.7,21.7,90.0,16.0,3,2,"['Portuguese Red', 'Rosé']",Portugal,Alentejano,[]
10890,Herdade de São Miguel,88.5,16.3,88.0,13.0,62,7,"['Touriga Nacional', 'Portuguese Red', 'Portuguese White', 'Syrah', 'Aragonez', 'Alicante Bouschet', 'Touriga Franca']",Portugal,Alentejano,[]
10891,Herdade do Arrepiado Velho,91.0,,91.0,,1,1,['Portuguese Red'],Portugal,Alentejano,[]
10892,Herdade do Esporão,87.7,19.4,87.0,14.0,73,12,"['Verdelho', 'Portuguese White', 'Rosé', 'Touriga Nacional', 'Syrah', 'Petit Verdot', 'Alicante Bouschet', 'Portuguese Red', 'Aragonês', 'Sémillon', 'Trincadeira', 'White Blend']",Portugal,Alentejano,[]
10893,Herdade do Esporão,90.7,32.8,91.0,24.0,24,4,"['Portuguese Red', 'Portuguese White', 'Trincadeira', 'Touriga Nacional']",Portugal,Alentejo,[]
10894,Herdade do Esporão,85.0,,85.0,,1,1,['Port'],Portugal,Port,[]
10895,Herdade do Esporão,83.0,6.0,83.0,6.0,1,1,['Portuguese Red'],Portugal,Portugal,[]
10896,Herdade do Esporão,84.7,9.0,85.0,9.0,6,3,"['Portuguese Red', 'Rosé', 'Portuguese White']",Portugal,Portuguese Table Wine,[]
10897,Herdade do Monte da Ribeira,88.0,12.0,88.0,12.0,1,1,['Portuguese Red'],Portugal,Alentejano,[]
10898,Herdade do Perdigão,86.0,9.0,86.0,9.0,1,1,['Portuguese Red'],Portugal,Alentejano,[]
10899,Herdade do Perdigão,87.8,15.8,88.0,13.5,4,2,"['Portuguese Red', 'Portuguese White']",Portugal,Alentejo,[]
10900,Herdade do Rocim,87.7,26.8,87.0,20.0,49,6,"['Portuguese Red', 'Alicante Bouschet', 'Portuguese White', 'Rosé', 'Touriga Nacional', 'Alvarinho']",Portugal,Alentejano,[]
10901,Herdade do Rocim,90.0,95.0,90.0,95.0,2,2,"['Portuguese Red', 'Alicante Bouschet']",Portugal,Alentejo,[]
10902,Herdade do Rocim,90.1,27.2,89.5,23.5,10,2,"['Portuguese Red', 'Portuguese White']",Portugal,Lisboa,[]
10903,Herdade dos Coelheiros,86.2,15.2,86.0,11.0,5,1,['Portuguese Red'],Portugal,Alentejano,[]
10904,Herdade dos Grous,90.9,38.3,90.5,35.0,10,3,"['Portuguese Red', 'Portuguese White', 'Alicante Bouschet']",Portugal,Alentejano,[]
10905,Herdade dos Machados,87.1,7.2,86.5,7.0,8,1,['Portuguese Red'],Portugal,Alentejano,[]
10906,Herdade dos Machados,88.8,12.4,88.0,13.0,5,1,['Portuguese Red'],Portugal,Alentejo,[]
10907,Herdade dos Templários,84.0,11.7,84.0,10.0,3,2,"['Portuguese White', 'Portuguese Red']",Portugal,Tejo,[]
10908,Herding Cats,83.7,11.0,83.0,9.0,3,2,"['Red Blend', 'Chenin Blanc-Chardonnay']",South Africa,Western Cape,[]
10909,Heredad Soliterra,88.0,20.0,88.0,20.0,1,1,['Red Blend'],Spain,Catalonia,['Priorat']
10910,Heredad Ugarte,87.5,25.5,87.5,26.5,4,3,"['Tempranillo Blend', 'Tempranillo', 'Red Blend']",Spain,Northern Spain,['Rioja']
10911,Herederos de Martínez Fuente,86.0,15.0,86.0,15.0,1,1,['Mencía'],Spain,Northern Spain,['Bierzo']
10912,Herencia,90.0,52.4,90.0,42.0,7,5,"['Merlot', 'Zinfandel', 'Chardonnay', 'Cabernet Sauvignon', 'Sauvignon Blanc']",US,California,"['Napa Valley', 'Napa']"
10913,Heretat Mastinell,82.0,16.0,82.0,16.0,1,1,['Sparkling Blend'],Spain,Catalonia,['Cava']
10914,Heretat Montrubí,86.0,39.0,86.0,39.0,2,1,['Red Blend'],Spain,Spain Other,['Vino de Mesa']
10915,Hereu,91.0,27.0,91.0,27.0,1,1,['Red Blend'],Chile,Central Valley,[]
10916,Heribert Bayer,91.7,54.0,91.0,54.0,3,3,"['Pinot Noir', 'Red Blend', 'Blaufränkisch']",Austria,Burgenland,[]
10917,Heringer,85.5,26.6,85.0,30.0,13,9,"['Malbec', 'Teroldego', 'Red Blend', 'Petite Sirah', 'Syrah', 'Chardonnay', 'Petite Verdot', 'Pinot Noir', 'Tannat']",US,California,"['Clarksburg', 'Central Valley']"
10918,Heritage,83.2,16.8,82.5,15.0,4,4,"['Red Blend', 'Cabernet Sauvignon', 'White Blend', 'Rosé']",Lebanon,Bekaa Valley,[]
10919,Heritage,83.3,25.0,83.0,25.0,3,3,"['White Blend', 'Chardonnay', 'Syrah']",US,New Jersey,['Outer Coastal Plain']
10920,Heritage Road,87.0,13.0,87.0,13.0,2,1,['Chardonnay'],Australia,New South Wales,['Hunter Valley']
10921,Heritage Road,88.8,17.0,89.5,16.0,6,3,"['Cabernet Sauvignon', 'Merlot', 'Shiraz']",Australia,South Australia,['Limestone Coast']
10922,Heritance,87.0,25.2,87.0,23.0,4,2,"['Sauvignon Blanc', 'Cabernet Sauvignon']",US,California,"['Napa Valley', 'Napa']"
10923,Herman Story,91.7,40.2,92.0,41.5,6,3,"['Syrah', 'Grenache', 'Rhône-style Red Blend']",US,California,"['San Luis Obispo County', 'Central Coast']"
10924,Herman Walters,84.0,18.0,84.0,18.0,2,2,"['Zinfandel', 'Cabernet Sauvignon']",US,California,"['Lodi', 'Central Valley']"
10925,Hermann J. Wiemer,90.8,32.0,91.0,29.5,50,6,"['Cabernet Franc', 'Riesling', 'Champagne Blend', 'Sparkling Blend', 'Lemberger', 'Chardonnay']",US,New York,"['Seneca Lake', 'Finger Lakes']"
10926,Hermann Moser,90.1,23.3,90.0,20.0,21,2,"['Grüner Veltliner', 'Riesling']",Austria,Kremstal,[]
10927,Hermann Moser,87.3,14.8,88.0,14.0,6,5,"['Grüner Veltliner', 'Zweigelt', 'Riesling', 'Austrian Red Blend', 'Gelber Muskateller']",Austria,Niederösterreich,[]
10928,Hermann Moser,85.0,,85.0,,1,1,['Gelber Muskateller'],Austria,Österreichischer Sekt,[]
10929,Hermanos Lurton,86.0,13.0,87.0,13.0,7,4,"['Tempranillo', 'Red Blend', 'White Blend', 'Verdejo']",Spain,Northern Spain,['Toro']
10930,Hermanuspietersfontein,86.0,18.0,86.0,18.0,1,1,['Sauvignon Blanc'],South Africa,Walker Bay,[]
10931,Hermes,86.0,15.0,86.0,15.0,1,1,['Mavrodaphne'],Greece,Mavrodaphne of Patras,[]
10932,Hermes,82.2,15.0,82.0,15.0,5,5,"['Viognier', 'Cabernet Sauvignon', 'Sémillon', 'Syrah', 'Nebbiolo']",US,Ohio,['Ohio']
10933,Heron,82.0,13.0,82.0,13.0,1,1,['Pinot Noir'],France,France Other,['Vin de Pays de la Méditerranée']
10934,Heron,82.0,10.0,82.0,10.0,1,1,['Merlot'],France,Languedoc-Roussillon,"[""Vin de Pays d'Oc""]"
10935,Heron,84.5,13.3,84.0,13.0,34,6,"['Cabernet Sauvignon', 'Pinot Noir', 'Sauvignon Blanc', 'Merlot', 'Chardonnay', 'Syrah']",US,California,"['Mendocino County', 'Mendocino/Lake Counties']"
10936,Heron Hill,86.8,22.3,87.0,18.0,97,15,"['Chardonnay', 'Riesling', 'Cabernet Franc', 'Pinot Noir', 'Bordeaux-style Red Blend', 'Merlot', 'White Blend', 'Blaufränkisch', 'Pinot Gris', 'Pinot Blanc', 'Gewürztraminer', 'Johannisberg Riesling', 'Rosé', 'Vidal Blanc', 'Grüner Veltliner']",US,New York,"['Finger Lakes', 'Finger Lakes']"
10937,Herrera,90.0,125.0,90.0,125.0,1,1,['Cabernet Sauvignon'],US,California,"['Napa Valley', 'Napa']"
10938,Hersly,89.3,57.7,90.0,55.0,3,3,"['Sauvignon Blanc', 'Pinot Noir', 'Cabernet Sauvignon']",US,California,"['Russian River Valley', 'Sonoma']"
10939,Hertelendy,92.5,105.0,92.5,105.0,2,2,"['Chardonnay', 'Cabernet Sauvignon']",US,California,"['Napa Valley', 'Napa']"
10940,Hervé Baudry,84.0,20.0,84.0,20.0,1,1,['Sauvignon Blanc'],France,Loire Valley,['Sancerre']
10941,Hervé Kerlann,86.0,28.0,86.0,28.0,1,1,['Chardonnay'],France,Burgundy,['Pouilly-Fuissé']
10942,Hervï¿½ Seguin,86.0,22.0,86.0,22.0,1,1,['Sauvignon Blanc'],France,Loire Valley,['Pouilly-Fumé']
10943,Herzog,83.0,35.0,83.0,35.0,1,1,['Pinot Noir'],New Zealand,Marlborough,[]
10944,Herzog,87.4,39.7,87.0,36.0,32,9,"['Cabernet Sauvignon', 'Zinfandel', 'Chardonnay', 'Rosé', 'Pinot Noir', 'Orange Muscat', 'White Riesling', 'Chenin Blanc', 'Red Blend']",US,California,"['Napa Valley', 'Napa']"
10945,Herzog Selection,84.0,8.0,84.0,8.0,1,1,['Chardonnay'],France,Loire Valley,['Vin de Pays du Jardin de la France']
10946,Hesketh,82.0,15.0,82.0,15.0,1,1,['Sparkling Blend'],Australia,Australia Other,['Australia']
10947,Hesketh,89.7,19.0,90.0,20.0,3,1,['Shiraz'],Australia,South Australia,['McLaren Vale']
10948,Hesperian,85.2,68.0,86.0,70.0,5,1,['Cabernet Sauvignon'],US,California,"['Napa Valley', 'Napa']"
10949,Hess,86.8,29.9,86.5,25.0,28,7,"['Chardonnay', 'Sauvignon Blanc', 'Cabernet Sauvignon', 'Syrah', 'Petite Sirah', 'Red Blend', 'Rosé']",US,California,"['Napa Valley', 'Napa']"
10950,Hess Collection,89.6,44.5,90.0,35.5,36,7,"['Cabernet Sauvignon', 'Chardonnay', 'Red Blend', 'Cabernet Blend', 'Sauvignon Blanc', 'Bordeaux-style Red Blend', 'Malbec']",US,California,"['Napa Valley', 'Napa']"
10951,Hess Select,84.8,15.5,84.0,17.0,15,6,"['Chardonnay', 'Red Blend', 'Cabernet Sauvignon', 'Syrah', 'Sauvignon Blanc', 'Pinot Noir']",US,California,"['Monterey County', 'Central Coast']"
10952,Hestan,90.5,67.8,90.0,50.0,17,4,"['Cabernet Sauvignon', 'Chardonnay', 'Bordeaux-style Red Blend', 'Red Blend']",US,California,"['Napa Valley', 'Napa']"
10953,Hestia,90.0,22.5,90.0,22.5,2,2,"['Red Blend', 'Sémillon']",US,Washington,"['Columbia Valley (WA)', 'Columbia Valley']"
10954,Hestia Cellars,90.4,30.6,91.0,33.5,8,7,"['Chenin Blanc', 'Merlot', 'Bordeaux-style Red Blend', 'Malbec', 'Cabernet Sauvignon', 'Syrah', 'Red Blend']",US,Washington,"['Columbia Valley (WA)', 'Columbia Valley']"
10955,Hesvera,85.8,34.0,85.0,35.0,4,3,"['Tempranillo', 'Tinto Fino', 'Tinta Fina']",Spain,Northern Spain,['Ribera del Duero']
10956,Hevron Heights Winery,85.8,50.7,84.5,47.5,6,5,"['Red Blend', 'Tempranillo', 'Chardonnay', 'Cabernet Merlot', 'Syrah']",Israel,Judean Hills,[]
10957,Hewitson,89.4,32.0,89.0,22.0,17,5,"['Shiraz', 'G-S-M', 'Sauvignon Blanc', 'Mourvèdre', 'Riesling']",Australia,South Australia,['Barossa Valley']
10958,Hewitt,91.3,153.2,92.0,85.0,11,1,['Cabernet Sauvignon'],US,California,"['Rutherford', 'Napa']"
10959,Hey Mambo,85.5,12.3,85.0,12.0,15,5,"['Red Blend', 'Chardonnay', 'White Blend', 'Rosé', 'Malbec']",US,California,"['California', 'California Other']"
10960,Hi Wines,85.0,11.0,85.0,11.0,1,1,['Garnacha'],Spain,Northern Spain,['Navarra']
10961,Hibou,89.5,58.5,89.5,58.5,2,1,['Pinot Noir'],US,California,"['Marin County', 'North Coast']"
10962,Hickinbotham,94.3,100.0,94.0,75.0,3,3,"['Cabernet-Shiraz', 'Cabernet Sauvignon', 'Shiraz']",Australia,South Australia,['McLaren Vale']
10963,Hickory Ridge,82.0,6.0,82.0,6.0,1,1,['Shiraz'],Morocco,Beni M'Tir,[]
10964,Hidalgo,90.2,35.0,90.0,32.0,12,3,"['Sherry', 'Pedro Ximénez', 'Palomino']",Spain,Andalucia,['Jerez']
10965,Hidalgo,93.0,30.0,93.0,30.0,1,1,['Tempranillo'],Spain,Northern Spain,['Rioja']
10966,Hidden Cellars,83.0,13.0,83.0,13.0,2,2,"['Zinfandel', 'Sauvignon Blanc']",US,California,"['Mendocino', 'Mendocino/Lake Counties']"
10967,Hidden Jewel,88.0,15.0,88.0,15.0,1,1,['Chardonnay'],US,California,"['Santa Barbara County', 'Central Coast']"
10968,Hidden Oak,85.7,28.3,86.0,30.0,3,3,"['Zinfandel', 'Bordeaux-style Red Blend', 'Cabernet Sauvignon']",US,California,"['Monterey County', 'Central Coast']"
10969,Hidden Ridge,90.9,68.3,92.0,75.0,9,1,['Cabernet Sauvignon'],US,California,"['Sonoma County', 'Sonoma']"
10970,Hidden Valley,85.3,20.0,84.0,20.0,3,3,"['Pinotage', 'Cabernet Sauvignon', 'Red Blend']",South Africa,Stellenbosch,[]
10971,Hideaway Creek,84.5,19.0,84.5,19.0,2,2,"['Cabernet Sauvignon', 'Chardonnay']",US,California,"['Sonoma County', 'Sonoma']"
10972,Hiedler,91.8,35.8,92.0,35.0,19,2,"['Riesling', 'Grüner Veltliner']",Austria,Kamptal,[]
10973,Hiedler,95.0,35.0,95.0,35.0,1,1,['Riesling'],Austria,Kremstal,[]
10974,Hiedler,89.3,20.7,88.0,20.0,3,1,['Grüner Veltliner'],Austria,Niederösterreich,[]
10975,HigHDef,87.7,14.0,88.0,14.0,3,1,['Riesling'],Germany,Mosel,[]
10976,High Altitude,85.0,12.0,85.0,12.0,2,2,"['Malbec-Cabernet Sauvignon', 'Chardonnay-Viognier']",Argentina,Mendoza Province,['Agrelo']
10977,High Desert,81.5,14.0,81.5,14.0,2,2,"['Sparkling Blend', 'Malbec']",Argentina,Mendoza Province,['Mendoza']
10978,High Hook,84.0,17.5,84.0,17.5,2,2,"['Pinot Blanc', 'Pinot Noir']",US,Oregon,"['McMinnville', 'Willamette Valley']"
10979,High Note,86.7,12.7,86.0,13.0,3,1,['Malbec'],Argentina,Mendoza Province,['Uco Valley']
10980,High Pass,89.0,25.8,90.5,25.5,4,2,"['Pinot Noir', 'Rosé']",US,Oregon,"['Willamette Valley', 'Willamette Valley']"
10981,High Valley,87.5,23.8,88.0,25.0,6,5,"['Barbera', 'Rosé', 'Sauvignon Blanc', 'Zinfandel', 'Cabernet Sauvignon']",US,California,"['Lake County', 'Mendocino/Lake Counties']"
10982,High Valley Vineyard,89.5,28.2,89.5,30.0,10,5,"['Zinfandel', 'Cabernet Sauvignon', 'Sauvignon Blanc', 'Petite Sirah', 'Barbera']",US,California,['High Valley']
10983,Highfield Estate,88.5,20.5,88.5,20.5,2,1,['Sauvignon Blanc'],New Zealand,Marlborough,[]
10984,Highflyer,86.0,21.7,88.0,20.0,3,3,"['Viognier', 'Chardonnay', 'Red Blend']",US,California,"['Clements Hills', 'Central Valley']"
10985,Highland Cellars,86.0,14.4,86.5,14.0,8,3,"['Riesling', 'Gewürztraminer', 'Chardonnay']",US,New York,"['Finger Lakes', 'Finger Lakes']"
10986,Highland Hills Winery,80.5,26.5,80.5,26.5,2,2,"['Marsanne-Roussanne', 'Red Blend']",US,California,"['Ramona Valley', 'South Coast']"
10987,Highland Oaks,88.0,35.0,88.0,35.0,1,1,['Grenache-Syrah'],US,California,"['Santa Ynez Valley', 'Central Coast']"
10988,Highland Springs,86.7,18.3,87.0,16.0,3,3,"['Pinot Gris', 'Pinot Noir', 'Cabernet Sauvignon']",US,Oregon,"['Oregon', 'Oregon Other']"
10989,Highlands,90.2,73.8,90.5,75.0,4,1,['Cabernet Sauvignon'],US,California,"['Howell Mountain', 'Napa']"
10990,Hightower,88.4,32.7,88.0,29.0,39,7,"['Merlot', 'Red Blend', 'Cabernet Sauvignon-Merlot', 'Cabernet Sauvignon', 'Bordeaux-style Red Blend', 'Syrah', 'Rosé']",US,Washington,"['Walla Walla Valley (WA)', 'Columbia Valley']"
10991,Highway 12,86.8,25.5,87.0,24.0,22,9,"['Bordeaux-style Red Blend', 'Sauvignon Blanc', 'Chardonnay', 'Cabernet Sauvignon', 'Red Blend', 'Merlot', 'Zinfandel', 'Syrah', 'Pinot Noir']",US,California,"['Sonoma Valley', 'Sonoma']"
10992,Highway 128,87.0,16.0,87.0,16.0,1,1,['Gewürztraminer'],US,California,"['Mendocino', 'Mendocino/Lake Counties']"
10993,Highway 253,87.0,17.0,87.0,17.0,1,1,['Gewürztraminer'],US,California,['Mendocino']
10994,Higueruela,85.0,11.0,87.0,11.0,3,2,"['Garnacha', 'Red Blend']",Spain,Central Spain,['Almansa']
10995,Hilanda,86.0,17.2,85.5,17.5,4,1,['Monastrell'],Spain,Levante,['Jumilla']
10996,Hilary Goldschmidt,89.0,35.0,89.0,35.0,1,1,['Cabernet Sauvignon'],US,California,"['Oakville', 'Napa']"
10997,Hill Family Estate,86.7,49.9,87.0,45.0,9,6,"['Cabernet Sauvignon', 'Chardonnay', 'Merlot', 'Pinot Noir', 'Bordeaux-style Red Blend', 'Red Blend']",US,California,"['Atlas Peak', 'Napa']"
10998,Hill Wine Company,84.9,20.9,85.0,20.0,11,5,"['Chardonnay', 'Cabernet Sauvignon', 'Merlot', 'Sauvignon Blanc', 'Pinot Noir']",US,California,"['Napa Valley', 'Napa']"
10999,Hill of Content,86.7,17.7,87.0,18.0,3,3,"['Sparkling Blend', 'Cabernet Sauvignon', 'Pinot Noir']",Australia,South Australia,['Padthaway']
11000,Hill-Smith Estate,87.0,21.0,87.0,21.0,2,1,['Chardonnay'],Australia,South Australia,['Adelaide Hills']
11001,Hiller (Producer Weingut Jordan),88.0,20.0,88.0,20.0,1,1,['Grüner Veltliner'],Austria,Niederösterreich,[]
11002,Hillersden,85.5,18.0,85.0,18.5,4,3,"['Pinot Gris', 'Pinot Noir', 'Sparkling Blend']",New Zealand,Marlborough,[]
11003,Hilliard Bruce,89.3,60.0,88.0,55.0,3,1,['Pinot Noir'],US,California,"['Sta. Rita Hills', 'Central Coast']"
11004,Hillinger,89.6,31.1,89.0,22.0,23,9,"['Zweigelt', 'Pinot Noir', 'Grüner Veltliner', 'Red Blend', 'White Blend', 'Welschriesling', 'Sauvignon Blanc', 'Blaufränkisch', 'Traminer']",Austria,Burgenland,[]
11005,Hillinger,91.0,37.8,92.0,39.0,6,2,"['Blaufränkisch', 'Pinot Blanc']",Austria,Leithaberg,[]
11006,Hillinger,87.0,19.0,87.0,19.0,1,1,['Sparkling Blend'],Austria,Österreichischer Perlwein,[]
11007,Hilltop Neszmély,87.0,45.0,87.0,45.0,1,1,['Tokaji'],Hungary,Tokaji,[]
11008,Hilltown,84.1,7.2,84.0,7.0,13,5,"['Chardonnay', 'Cabernet Sauvignon', 'Sauvignon Blanc', 'Merlot', 'Pinot Noir']",US,California,"['Monterey County', 'Central Coast']"
11009,Hilt & Blade,91.0,20.0,91.0,20.0,1,1,['Zinfandel'],US,California,"['Lodi', 'Central Valley']"
11010,Hindsight,88.0,45.6,88.0,35.0,5,4,"['Bordeaux-style Red Blend', 'Cabernet Sauvignon', 'Petite Sirah', 'Chardonnay']",US,California,"['Napa Valley', 'Napa']"
11011,Hinman,85.7,14.0,87.0,14.0,3,2,"['Pinot Noir', 'Pinot Gris']",US,Oregon,"['Oregon', 'Oregon Other']"
11012,Hinojosa,82.0,11.0,82.0,11.0,1,1,['Tempranillo'],Argentina,Mendoza Province,['Mendoza']
11013,Hip Chicks,82.8,23.4,82.0,24.0,5,5,"['Pinot Noir', 'Red Blend', 'Müller-Thurgau', 'Tempranillo', 'Rosé']",US,Oregon,"['Willamette Valley', 'Willamette Valley']"
11014,Hippolyte Reverdy,90.0,22.0,90.0,22.0,1,1,['Sauvignon Blanc'],France,Loire Valley,['Sancerre']
11015,Hirsch,91.2,43.5,92.0,46.0,42,2,"['Grüner Veltliner', 'Riesling']",Austria,Kamptal,[]
11016,Hirsch,89.0,52.7,89.5,20.0,6,2,"['Grüner Veltliner', 'Riesling']",Austria,Niederösterreich,[]
11017,Hirsch,90.3,67.7,90.0,60.0,25,2,"['Pinot Noir', 'Chardonnay']",US,California,"['Sonoma Coast', 'Sonoma']"
11018,Hiruzta,85.4,20.8,85.0,21.0,5,2,"['Rosé', 'Hondarrabi Zuri']",Spain,Northern Spain,['Getariako Txakolina']
11019,History,89.0,55.0,89.0,52.5,4,4,"['Pinot Noir', 'Muscat', 'Gewürztraminer', 'Cabernet Sauvignon']",US,Washington,"['Columbia Gorge (WA)', 'Washington Other']"
11020,Hitching Post,91.2,44.7,91.0,42.0,4,1,['Pinot Noir'],US,California,"['Sta. Rita Hills', 'Central Coast']"
11021,Hob Nob,86.0,11.0,86.0,11.0,1,1,['Chardonnay'],France,Languedoc-Roussillon,"[""Vin de Pays d'Oc""]"
11022,Hobo,88.6,24.8,88.5,24.0,26,4,"['Zinfandel', 'Grenache', 'Cabernet Sauvignon', 'Rosé']",US,California,"['Rockpile', 'Sonoma']"
11023,Hochriegl,83.0,19.0,83.0,19.0,1,1,['Sparkling Blend'],Austria,Austria,[]
11024,Hocus Pocus,89.0,21.5,89.0,21.5,2,2,"['Pinot Noir', 'Syrah']",US,California,"['Carneros', 'Napa-Sonoma']"
11025,Hoffmann & Rathbone,92.5,53.0,92.5,53.0,2,2,"['Sparkling Blend', 'Chardonnay']",England,England,[]
11026,Hogue,86.8,14.5,87.0,11.0,139,22,"['Red Blend', 'Cabernet Merlot', 'Chardonnay', 'Syrah', 'Merlot', 'Cabernet Sauvignon', 'Riesling', 'Gewürztraminer', 'Sauvignon Blanc', 'Pinot Grigio', 'Sauvignon Blanc-Semillon', 'Viognier', 'Shiraz', 'White Blend', 'Sémillon', 'Johannisberg Riesling', 'Cabernet Sauvignon-Merlot', 'Meritage', 'Malbec', 'Fumé Blanc', 'Chenin Blanc', 'Bordeaux-style Red Blend']",US,Washington,"['Columbia Valley (WA)', 'Columbia Valley']"
11027,Hoi Polloi,92.0,50.0,92.0,50.0,2,2,"['Pinot Noir', 'Syrah']",US,California,"['Santa Maria Valley', 'Central Coast']"
11028,Holdredge,89.6,43.1,92.0,50.0,11,2,"['Pinot Noir', 'Zinfandel']",US,California,"['Russian River Valley', 'Sonoma']"
11029,Holdvölgy,90.0,20.0,90.0,20.0,1,1,['White Blend'],Hungary,Tokaj,[]
11030,Holdvölgy,88.0,24.0,88.0,24.0,1,1,['White Blend'],Hungary,Tokaji,[]
11031,Hollen Family Vineyards,83.3,14.3,81.0,14.0,3,3,"['Syrah', 'Cabernet Sauvignon', 'Bonarda']",Argentina,Mendoza Province,['Mendoza']
11032,Hollick,87.0,21.0,87.0,17.0,5,4,"['Chardonnay', 'Bordeaux-style Red Blend', 'Shiraz', 'Shiraz-Cabernet Sauvignon']",Australia,South Australia,['Coonawarra']
11033,Holly's Hill,87.4,22.2,87.5,22.0,30,14,"['Viognier', 'Roussanne', 'Rhône-style White Blend', 'G-S-M', 'Mourvèdre', 'Grenache', 'Red Blend', 'Rhône-style Red Blend', 'Carignane', 'Grenache Blanc', 'Sangiovese', 'Zinfandel', 'Rosé', 'Syrah']",US,California,"['Amador County', 'Sierra Foothills']"
11034,Hollywood & Vine,86.3,54.3,85.0,45.0,3,2,"['Cabernet Sauvignon', 'Chardonnay']",US,California,"['Napa Valley', 'Napa']"
11035,Hollywood Hill,87.7,34.0,88.0,34.0,3,3,"['Rhône-style Red Blend', 'Mourvèdre', 'Syrah']",US,Washington,"['Horse Heaven Hills', 'Columbia Valley']"
11036,Holman Ranch,88.1,27.6,87.0,25.0,10,4,"['Pinot Noir', 'Chardonnay', 'Sauvignon Blanc', 'Pinot Gris']",US,California,"['Carmel Valley', 'Central Coast']"
11037,Holmes,89.0,25.0,89.0,25.0,1,1,['Sauvignon Blanc'],New Zealand,Nelson,[]
11038,Holmes Harbor Cellars,84.4,28.2,85.0,28.0,7,6,"['Red Blend', 'Cabernet Sauvignon', 'Chardonnay', 'Carmenère', 'Syrah', 'Merlot']",US,Washington,"['Washington', 'Washington Other']"
11039,Holus Bolus,93.2,33.5,94.0,33.5,4,2,"['Syrah', 'Roussanne']",US,California,"['Sta. Rita Hills', 'Central Coast']"
11040,Holzapfel,90.0,,90.0,,1,1,['Riesling'],Austria,Wachau,[]
11041,Hom,82.5,16.0,82.5,16.0,2,2,"['Sparkling Blend', 'Malbec']",Argentina,Mendoza Province,['Mendoza']
11042,Homage,86.0,75.0,86.0,75.0,1,1,['Cabernet Sauvignon'],US,California,"['Calistoga', 'Napa']"
11043,Honeywood Winery,85.3,20.7,85.0,24.0,3,2,"['Pinot Noir', 'Gewürztraminer']",US,Oregon,"['Willamette Valley', 'Willamette Valley']"
11044,Honig,88.7,45.7,88.5,40.0,18,2,"['Cabernet Sauvignon', 'Sauvignon Blanc']",US,California,"['Rutherford', 'Napa']"
11045,Honker Blanc,88.5,13.0,88.5,13.0,2,1,['Sauvignon Blanc'],US,California,"['Napa Valley', 'Napa']"
11046,Honor Winery,86.6,46.6,87.0,49.0,5,4,"['Rhône-style Red Blend', 'White Blend', 'Pinot Noir', 'Red Blend']",US,California,"['North Coast', 'North Coast']"
11047,Honora,82.7,25.3,82.0,23.0,3,3,"['Cabernet Sauvignon', 'Sauvignon Blanc', 'Syrah']",US,America,[]
11048,Honoratus,89.0,40.0,89.0,40.0,1,1,['White Blend'],Spain,Northern Spain,['Rioja']
11049,Honrama,89.0,38.0,89.0,38.0,1,1,['Cabernet Sauvignon'],US,California,"['Napa Valley', 'Napa']"
11050,Hood Crest,85.0,27.0,85.0,27.0,2,2,"['Red Blend', 'Sangiovese']",US,Oregon,"['Columbia Gorge (OR)', 'Oregon Other']"
11051,Hoodsport,82.4,12.4,82.0,11.0,17,8,"['Merlot', 'Chardonnay', 'Cabernet Sauvignon', 'Cabernet Merlot', 'Sauvignon Blanc', 'Gewürztraminer', 'Chenin Blanc', 'Sémillon']",US,Washington,"['Columbia Valley (WA)', 'Columbia Valley']"
11052,Hook & Ladder,85.9,21.9,86.0,22.0,17,5,"['Chardonnay', 'Cabernet Sauvignon', 'Pinot Noir', 'Red Blend', 'Zinfandel']",US,California,"['Russian River Valley', 'Sonoma']"
11053,Hooker,86.2,36.5,85.5,37.0,4,4,"['Cabernet Sauvignon', 'Syrah', 'Merlot', 'Chardonnay']",US,California,"['Napa Valley', 'Napa']"
11054,Hoopes,91.0,54.9,92.0,55.0,8,2,"['Cabernet Sauvignon', 'Chardonnay']",US,California,"['Oakville', 'Napa']"
11055,Hoopla,87.7,22.0,87.0,20.0,7,3,"['Chardonnay', 'Cabernet Sauvignon', 'Red Blend']",US,California,"['Yountville', 'Napa']"
11056,Hop Kiln,84.0,18.3,84.0,13.0,3,3,"['Red Blend', 'White Blend', 'Chardonnay']",US,California,"['California', 'California Other']"
11057,Hope Estate,86.5,12.2,86.5,13.0,24,7,"['Chardonnay', 'Shiraz', 'Merlot', 'Cabernet Merlot', 'Verdelho', 'Cabernet Sauvignon', 'Cabernet Sauvignon-Merlot']",Australia,New South Wales,['Hunter Valley']
11058,Hope Estate,88.8,17.0,89.0,16.5,4,1,['Shiraz'],Australia,Western Australia,['Western Australia']
11059,Hopkins Vineyard,83.8,15.8,84.0,16.0,4,3,"['Chardonnay', 'White Blend', 'Cabernet Franc']",US,Connecticut,['Western Connecticut Highlands']
11060,Hopper Creek,85.4,39.0,85.5,35.0,10,6,"['Petite Sirah', 'Chardonnay', 'Sauvignon Blanc', 'Petit Verdot', 'Cabernet Sauvignon', 'Merlot']",US,California,"['Napa Valley', 'Napa']"
11061,Horan Estates,87.5,23.0,87.5,23.0,2,2,"['Syrah', 'Red Blend']",US,Washington,"['Columbia Valley (WA)', 'Columbia Valley']"
11062,Horeau-Beylot,87.3,43.4,87.0,24.0,9,1,['Bordeaux-style Red Blend'],France,Bordeaux,['Montagne-Saint-Émilion']
11063,Horned Toad,83.0,85.0,83.0,85.0,1,1,['Cabernet Sauvignon'],US,California,"['Napa Valley', 'Napa']"
11064,Hors Categorie,96.0,240.0,96.0,240.0,1,1,['Syrah'],US,Oregon,"['Walla Walla Valley (OR)', 'Oregon Other']"
11065,Horse & Plow,88.1,22.2,88.0,21.0,26,10,"['Sauvignon Blanc', 'Pinot Gris', 'Chardonnay', 'Rosé', 'Grenache', 'Red Blend', 'Carignane', 'Viognier', 'White Blend', 'Zinfandel']",US,California,"['Dry Creek Valley', 'Sonoma']"
11066,Horse Play,84.0,12.0,84.0,12.0,1,1,['Red Blend'],US,California,"['California', 'California Other']"
11067,Horsepower,94.4,116.0,94.0,120.0,5,2,"['Syrah', 'Grenache']",US,Oregon,"['Walla Walla Valley (OR)', 'Oregon Other']"
11068,Horsepower,95.7,117.5,96.0,117.5,6,2,"['Syrah', 'Grenache']",US,Washington,"['Walla Walla Valley (WA)', 'Columbia Valley']"
11069,Horst Sauer,86.0,36.0,86.0,36.0,1,1,['Silvaner'],Germany,Franken,[]
11070,Horton,85.7,22.6,86.0,20.0,17,13,"['Petit Manseng', 'Touriga Nacional', 'Viognier', 'Cabernet Franc', 'Nebbiolo', 'Rosé', 'Petit Verdot', 'Roussanne', 'Pinotage', 'Albariño', 'Port', 'Vidal Blanc', 'Tannat']",US,Virginia,['Virginia']
11071,Hosmer,86.8,17.3,86.5,16.0,58,10,"['Cabernet Franc', 'Chardonnay', 'Sauvignon Blanc', 'Riesling', 'Sparkling Blend', 'Pinot Noir', 'Pinot Gris', 'Lemberger', 'Rosé', 'Grüner Veltliner']",US,New York,"['Cayuga Lake', 'Finger Lakes']"
11072,Hospices de Saumur,86.0,22.0,86.0,22.0,1,1,['White Blend'],France,France Other,['Vin Mousseux']
11073,Hospices de Saumur,88.8,24.8,88.5,24.0,4,2,"['Cabernet Franc', 'Chenin Blanc']",France,Loire Valley,['Saumur-Champigny']
11074,Houdini,87.6,34.1,87.0,40.0,9,4,"['Merlot', 'Chardonnay', 'Cabernet Sauvignon', 'Zinfandel']",US,California,"['Oakville', 'Napa']"
11075,Houghton,86.5,15.0,86.5,15.0,4,4,"['Semillon-Sauvignon Blanc', 'Shiraz', 'White Blend', 'Red Blend']",Australia,Western Australia,['Western Australia']
11076,Hound's Tree,89.2,26.0,89.0,28.0,5,5,"['Rosé', 'Chardonnay', 'Merlot', 'Cabernet Sauvignon', 'Cabernet Franc']",US,New York,"['North Fork of Long Island', 'Long Island']"
11077,Hourglass,92.0,115.9,91.5,125.0,16,5,"['Cabernet Sauvignon', 'Merlot', 'Sauvignon Blanc', 'Cabernet Franc', 'Bordeaux-style Red Blend']",US,California,"['Napa Valley', 'Napa']"
11078,House Band,83.0,5.0,83.0,5.0,2,2,"['Chardonnay', 'Merlot']",US,California,"['California', 'California Other']"
11079,House Family Vineyards,89.5,41.0,89.5,41.0,2,2,"['Chardonnay', 'Pinot Noir']",US,California,"['Monterey County', 'Central Coast']"
11080,House of Nobilo,87.0,12.0,87.0,12.0,1,1,['Chardonnay'],New Zealand,East Coast,[]
11081,House of Nobilo,86.5,18.0,86.0,20.0,8,4,"['Sauvignon Blanc', 'Pinot Noir', 'Riesling', 'Pinot Gris']",New Zealand,Marlborough,[]
11082,Housley's Century Oak,83.5,39.5,83.5,39.5,2,1,['Cabernet Sauvignon'],US,California,"['Lodi', 'Central Valley']"
11083,Hovey,87.8,21.2,89.0,21.0,12,6,"['Tempranillo', 'Barbera', 'Chardonnay', 'Petite Sirah', 'Zinfandel', 'Syrah']",US,California,"['Calaveras County', 'Sierra Foothills']"
11084,Howard Park,89.7,26.5,89.5,22.0,24,5,"['Cabernet Sauvignon', 'Sauvignon Blanc-Semillon', 'Chardonnay', 'Riesling', 'Shiraz']",Australia,Western Australia,['Great Southern']
11085,Howard's Folly,90.0,25.0,90.0,25.0,1,1,['Portuguese Red'],Portugal,Alentejano,[]
11086,Howard's Folly,83.0,25.0,83.0,25.0,1,1,['Alvarinho'],Portugal,Vinho Verde,[]
11087,Howell Mountain Vineyards,89.3,50.7,90.0,45.0,21,3,"['Cabernet Sauvignon', 'Zinfandel', 'Petit Verdot']",US,California,"['Howell Mountain', 'Napa']"
11088,Howell at the Moon,89.0,100.0,89.0,100.0,1,1,['Cabernet Sauvignon'],US,California,"['Howell Mountain', 'Napa']"
11089,Howling Moon,84.0,12.0,84.0,12.0,1,1,['Chardonnay'],US,California,"['Lodi', 'Central Valley']"
11090,Howling Wolves,86.5,19.0,86.5,19.0,2,2,"['Bordeaux-style Red Blend', 'Shiraz']",Australia,Western Australia,['Margaret River']
11091,Hoyt Family Vineyards,86.1,32.2,86.0,29.0,17,8,"['Chardonnay', 'Cabernet Sauvignon', 'White Blend', 'Red Blend', 'Pinot Grigio', 'Syrah', 'Tempranillo', 'Petite Sirah']",US,California,"['California', 'California Other']"
11092,Huber,87.0,20.0,87.0,20.0,1,1,['Rosé'],Austria,Weinland Österreich,[]
11093,Huber,88.2,84.1,88.0,78.0,27,2,"['Spätburgunder', 'Pinot Noir']",Germany,Baden,[]
11094,Huber,87.0,28.0,89.0,25.0,3,3,"['Chardonnay', 'Pinot Noir', 'Dornfelder']",US,California,"['Sta. Rita Hills', 'Central Coast']"
11095,Huber & Bléger,85.0,19.0,85.0,19.0,2,2,"['Pinot Blanc', 'Pinot Noir']",France,Alsace,['Alsace']
11096,Hubert Brochard,88.0,22.8,87.0,24.0,5,1,['Sauvignon Blanc'],France,Loire Valley,['Sancerre']
11097,Hubert Meyer,88.1,15.7,88.0,17.0,15,6,"['Riesling', 'Pinot Noir', 'Sparkling Blend', 'Gewürztraminer', 'Pinot Blanc', 'Pinot Gris']",France,Alsace,['Alsace']
11098,Hubert Veneau,87.0,22.4,87.0,22.0,6,3,"['Sauvignon Blanc', 'Red Blend', 'Rosé']",France,Loire Valley,['Pouilly-Fumé']
11099,Hubert Weber,88.4,35.6,89.0,27.0,5,4,"['Cabernet Sauvignon', 'Merlot', 'Malbec', 'Red Blend']",Argentina,Mendoza Province,['Mendoza']
11100,Hudson Shah,86.2,29.2,86.0,30.0,5,3,"['Viognier', 'Chardonnay', 'Riesling']",US,Washington,"['Red Mountain', 'Columbia Valley']"
11101,Hudson Vineyards,90.3,84.7,93.0,90.0,3,3,"['Syrah', 'Rhône-style Red Blend', 'Cabernet Franc-Merlot']",US,California,"['Los Carneros', 'Napa-Sonoma']"
11102,Hudson-Chatham,86.1,22.4,86.0,22.0,23,6,"['Red Blend', 'Merlot', 'Baco Noir', 'Cabernet Franc', 'Pinot Noir', 'Chelois']",US,New York,"['New York', 'New York Other']"
11103,Huerta de Albalá,88.5,41.8,89.0,29.0,4,1,['Red Blend'],Spain,Andalucia,['Vino de la Tierra de Cádiz']
11104,Huett,91.0,39.0,91.0,39.0,1,1,['Pinot Noir'],US,Oregon,"['Willamette Valley', 'Willamette Valley']"
11105,Hug,86.8,37.4,86.0,32.0,25,10,"['Syrah', 'Zinfandel', 'Sauvignon Blanc', 'Pinot Noir', 'Rhône-style Red Blend', 'Grenache', 'Cabernet Sauvignon', 'Bordeaux-style Red Blend', 'Mourvèdre', 'Chardonnay']",US,California,"['San Luis Obispo County', 'Central Coast']"
11106,Huge Bear,87.7,49.2,87.0,50.0,6,3,"['Pinot Noir', 'Cabernet Sauvignon', 'Chardonnay']",US,California,"['Russian River Valley', 'Sonoma']"
11107,Hugel,88.7,48.0,88.0,24.5,47,8,"['Riesling', 'Gewürztraminer', 'Pinot Noir', 'Pinot Blanc', 'Muscat', 'White Blend', 'Pinot Gris', 'Alsace white blend']",France,Alsace,['Alsace']
11108,Hugh Hamilton,87.9,24.1,88.0,20.0,25,10,"['Chardonnay', 'Shiraz', 'Shiraz-Viognier', 'Viognier', 'Merlot', 'Cabernet Sauvignon', 'Sangiovese', 'Saperavi', 'Verdelho', 'Tempranillo']",Australia,South Australia,['McLaren Vale']
11109,Hughes Wellman,89.7,50.0,90.0,50.0,3,1,['Cabernet Sauvignon'],US,California,"['Napa Valley', 'Napa']"
11110,Hugl-Wimmer,87.9,13.1,88.0,13.0,9,2,"['Zweigelt', 'Grüner Veltliner']",Austria,Niederösterreich,[]
11111,Hugo,85.0,18.0,85.0,18.0,1,1,['Chardonnay'],Australia,South Australia,['McLaren Vale']
11112,Hugo Casanova,83.0,13.0,83.0,13.0,2,2,"['Cabernet Sauvignon', 'Carmenère']",Chile,Maule Valley,[]
11113,Hugues Godmé,93.0,69.0,93.0,69.0,1,1,['Champagne Blend'],France,Champagne,['Champagne']
11114,Huguet de Can Feixes,86.8,17.4,87.0,16.0,11,3,"['Sparkling Blend', 'White Blend', 'Red Blend']",Spain,Catalonia,['Cava']
11115,Huia,88.3,22.1,89.0,20.0,21,6,"['Riesling', 'Gewürztraminer', 'Pinot Gris', 'Sauvignon Blanc', 'Pinot Noir', 'Sparkling Blend']",New Zealand,Marlborough,[]
11116,Hullabaloo,87.0,16.0,87.0,16.0,1,1,['Zinfandel'],US,California,"['Lodi', 'Central Valley']"
11117,Humanao,86.0,39.0,86.0,39.0,1,1,['Bordeaux-style Red Blend'],Argentina,Other,['Cafayate']
11118,Humberto Canale,86.8,17.8,87.0,15.0,5,3,"['Cabernet Sauvignon-Merlot', 'Malbec', 'Cabernet Franc']",Argentina,Other,['Alto Valle del Río Negro']
11119,Hume,85.0,24.0,85.0,24.0,2,2,"['Bordeaux-style Red Blend', 'Cabernet Franc']",US,Virginia,['Virginia']
11120,Humilitat,87.0,30.0,87.0,30.0,1,1,['Red Blend'],Spain,Catalonia,['Priorat']
11121,Hundred Acre,94.0,200.0,94.0,200.0,1,1,['Shiraz'],Australia,South Australia,['Barossa Valley']
11122,Hundred Acre,94.3,300.0,94.0,300.0,3,1,['Cabernet Sauvignon'],US,California,"['Napa Valley', 'Napa']"
11123,Hundred Suns,88.0,28.0,88.0,28.0,1,1,['Pinot Noir'],US,Oregon,"['Willamette Valley', 'Willamette Valley']"
11124,Hungerford Hill,88.5,14.0,88.5,14.0,2,2,"['Shiraz', 'Shiraz-Viognier']",Australia,Australia Other,['South Eastern Australia']
11125,Hungerford Hill,87.0,24.2,87.5,22.0,6,5,"['Sémillon', 'Chardonnay', 'Shiraz', 'Pinot Noir', 'Semillon-Sauvignon Blanc']",Australia,New South Wales,['Hunter Valley']
11126,Hungry Blonde,87.0,30.0,87.0,30.0,2,1,['Chardonnay'],US,California,"['Carneros', 'Napa-Sonoma']"
11127,Hungry Hawk,89.0,32.0,89.0,32.0,1,1,['Albariño'],US,California,"['San Diego County', 'South Coast']"
11128,Hunky Dory,87.0,17.0,86.5,16.0,4,3,"['White Blend', 'Sauvignon Blanc', 'Pinot Noir']",New Zealand,Marlborough,[]
11129,Hunnicutt,91.3,58.5,92.0,48.0,39,7,"['Zinfandel', 'Cabernet Sauvignon', 'Chardonnay', 'Merlot', 'Red Blend', 'Syrah', 'Cabernet Franc']",US,California,"['Napa Valley', 'Napa']"
11130,Hunt & Ryde,92.0,55.0,92.0,50.0,3,3,"['Pinot Noir', 'Zinfandel', 'Bordeaux-style Red Blend']",US,California,"['Russian River Valley', 'Sonoma']"
11131,Hunt Cellars,86.0,48.5,86.0,48.0,35,13,"['Cabernet Sauvignon', 'Barbera', 'Pinot Noir', 'Zinfandel', 'Merlot', 'Red Blend', 'Syrah', 'Sangiovese', 'Sauvignon Blanc', 'Chardonnay', 'Rhône-style Red Blend', 'Bordeaux-style Red Blend', 'White Blend']",US,California,"['Paso Robles', 'Central Coast']"
11132,Hunt Country Vineyards,84.8,14.0,85.0,14.0,9,4,"['Cabernet Franc', 'Riesling', 'Chardonnay', 'Pinot Gris']",US,New York,"['Finger Lakes', 'Finger Lakes']"
11133,Hunt McKay,92.0,125.0,92.0,125.0,1,1,['Cabernet Sauvignon'],US,California,"['Rutherford', 'Napa']"
11134,Huntaway Reserve,88.0,18.0,88.0,18.0,1,1,['Sauvignon Blanc'],New Zealand,Marlborough,[]
11135,Huntaway Reserve,84.5,15.0,84.5,15.0,2,2,"['Bordeaux-style Red Blend', 'Chardonnay']",New Zealand,North Island,[]
11136,Hunter Ashby,85.5,23.0,85.5,23.0,2,2,"['Cabernet Sauvignon', 'Merlot']",US,California,"['Napa Valley', 'Napa']"
11137,Hunter DeHaven,91.0,25.0,91.0,25.0,1,1,['Red Blend'],US,California,"['California', 'California Other']"
11138,Hunter III,85.3,49.7,86.0,50.0,3,2,"['Cabernet Sauvignon', 'Sauvignon Blanc']",US,California,"['Napa Valley', 'Napa']"
11139,Hunter's,87.3,15.4,87.5,15.0,10,3,"['Pinot Noir', 'Sauvignon Blanc', 'Chardonnay']",New Zealand,Marlborough,[]
11140,Hunterdon,85.0,16.0,85.0,16.0,1,1,['Pinot Noir'],US,California,"['Santa Lucia Highlands', 'Central Coast']"
11141,Hunters Grove,83.0,18.0,83.0,18.0,1,1,['Chardonnay'],US,California,"['California', 'California Other']"
11142,Huntington,86.6,18.9,86.5,16.5,14,7,"['Merlot', 'Chardonnay', 'Cabernet Sauvignon', 'Sauvignon Blanc', 'Syrah', 'Petite Sirah', 'Zinfandel']",US,California,"['Alexander Valley', 'Sonoma']"
11143,Huré Frères,90.8,63.8,91.5,55.0,8,3,"['Champagne Blend', 'Chardonnay', 'Pinot Meunier']",France,Champagne,['Champagne']
11144,Husch,87.5,18.0,87.0,15.0,57,7,"['Pinot Noir', 'Chenin Blanc', 'Gewürztraminer', 'Cabernet Sauvignon', 'Sauvignon Blanc', 'Chardonnay', 'Muscat Canelli']",US,California,"['Anderson Valley', 'Mendocino/Lake Counties']"
11145,Hush Heath Estate,90.8,55.0,91.0,60.0,4,1,['Sparkling Blend'],England,England,[]
11146,Huston,89.0,18.0,89.0,18.0,1,1,['Red Blend'],US,America,[]
11147,Huston,87.9,25.7,88.0,19.0,7,6,"['Petite Sirah', 'White Blend', 'Red Blend', 'Malbec', 'Riesling', 'Merlot']",US,Idaho,[]
11148,Hutter,89.5,29.0,89.5,29.0,2,1,['Grüner Veltliner'],Austria,Wachau,[]
11149,Hyatt,86.4,13.8,86.0,12.0,23,8,"['Cabernet Sauvignon', 'Zinfandel', 'Merlot', 'Pinot Gris', 'Riesling', 'Syrah', 'Black Muscat', 'Chardonnay']",US,Washington,"['Rattlesnake Hills', 'Columbia Valley']"
11150,Hyatt Vineyards,88.3,9.0,88.0,9.0,3,3,"['Syrah', 'Pinot Gris', 'Cabernet Sauvignon']",US,Washington,"['Rattlesnake Hills', 'Columbia Valley']"
11151,Hyde de Villaine,93.5,92.0,93.5,92.0,2,2,"['Chardonnay', 'Pinot Noir']",US,California,"['Carneros', 'Napa-Sonoma']"
11152,Hyland,90.1,49.3,91.0,40.0,33,4,"['Riesling', 'Pinot Noir', 'Chardonnay', 'Gewürztraminer']",US,Oregon,"['McMinnville', 'Willamette Valley']"
11153,Hypothesis,89.0,40.0,89.0,40.0,2,1,['Cabernet Sauvignon'],US,California,"['Napa Valley', 'Napa']"
11154,Hélène Garcin,88.9,53.4,90.0,80.0,7,4,"['Bonarda', 'Red Blend', 'Torrontés', 'Malbec']",Argentina,Mendoza Province,['Mendoza']
11155,Héroe,91.0,24.0,91.0,24.0,1,1,['Cabernet Sauvignon'],US,California,"['Paso Robles', 'Central Coast']"
11156,Högl,91.2,36.7,92.0,34.0,6,2,"['Riesling', 'Grüner Veltliner']",Austria,Wachau,[]
11157,Höpler,88.0,11.0,88.0,11.0,1,1,['Austrian white blend'],Austria,Austria,[]
11158,Höpler,88.0,21.1,88.0,18.5,42,12,"['Pinot Blanc', 'Grüner Veltliner', 'Blaufränkisch', 'Pinot Noir', 'White Blend', 'Red Blend', 'Zweigelt', 'Austrian white blend', 'Riesling', 'Sämling', 'Gewürztraminer', 'St. Laurent']",Austria,Burgenland,[]
11159,Höpler,85.8,21.0,86.0,17.0,5,4,"['Grüner Veltliner', 'Pinot Blanc', 'Riesling', 'Zweigelt']",Austria,Neusiedlersee-Hügelland,[]
11160,Höpler,88.0,11.0,88.0,11.0,2,2,"['Rosé', 'Red Blend']",Austria,Weinland Österreich,[]
11161,I Balzini,90.1,40.4,90.0,40.0,9,2,"['Red Blend', 'Sangiovese']",Italy,Tuscany,['Colli della Toscana Centrale']
11162,I Botri,89.0,20.0,89.0,20.0,2,1,['Red Blend'],Italy,Tuscany,['Maremma Toscana']
11163,I Campi,87.2,17.0,87.5,17.0,4,4,"['Red Blend', 'Corvina, Rondinella, Molinara', 'White Blend', 'Garganega']",Italy,Veneto,['Amarone della Valpolicella']
11164,I Capitani,87.9,24.0,88.0,21.0,29,6,"['Greco', 'Fiano', 'White Blend', 'Red Blend', 'Aglianico', 'Falanghina']",Italy,Southern Italy,['Greco di Tufo']
11165,I Carpini,90.0,31.5,90.0,31.5,2,1,['Timorasso'],Italy,Piedmont,['Colli Tortonesi']
11166,I Clivi,86.0,26.0,86.0,26.0,2,2,"['White Blend', 'Tocai Friulano']",Italy,Northeastern Italy,['Colli Orientali del Friuli']
11167,I Custodi,88.8,27.4,88.0,24.0,5,2,"['Red Blend', 'White Blend']",Italy,Sicily & Sardinia,['Etna']
11168,I Fabbri,87.6,21.6,88.5,21.0,8,2,"['Red Blend', 'Sangiovese']",Italy,Tuscany,['Chianti Classico']
11169,I Favati,89.0,33.0,88.5,30.0,6,3,"['Aglianico', 'Greco', 'Fiano']",Italy,Southern Italy,['Taurasi']
11170,I Feudi di Romans,87.0,14.0,87.0,14.0,1,1,['Pinot Grigio'],Italy,Northeastern Italy,['Isonzo del Friuli']
11171,I Giusti e Zanza,90.2,35.4,90.0,32.0,24,6,"['Red Blend', 'Syrah', 'Rosé', 'Cabernet Blend', 'White Blend', 'Sangiovese']",Italy,Tuscany,['Toscana']
11172,I Greppi,90.0,32.7,91.0,28.0,3,1,['Red Blend'],Italy,Tuscany,['Bolgheri']
11173,I Luoghi,89.0,,89.0,,4,1,['Red Blend'],Italy,Tuscany,['Bolgheri Superiore']
11174,I Poderi di Poggialgallo,87.0,,87.0,,1,1,['Prugnolo Gentile'],Italy,Tuscany,['Vino Nobile di Montepulciano']
11175,I Quaranta,88.2,,88.0,,4,2,"['Barbera', 'Red Blend']",Italy,Piedmont,"[""Barbera d'Asti""]"
11176,I Saltari,92.0,67.0,92.0,67.0,1,1,['Red Blend'],Italy,Veneto,['Amarone della Valpolicella']
11177,I Sodi,89.4,43.4,89.0,42.5,13,4,"['Sangiovese', 'White Blend', 'Red Blend', 'Canaiolo']",Italy,Tuscany,['Chianti Classico']
11178,I Stefanini,90.0,17.3,90.0,18.0,3,1,['Garganega'],Italy,Veneto,['Soave']
11179,I Veroni,87.4,20.5,88.0,17.5,17,4,"['Sangiovese', 'Red Blend', 'White Blend', 'Malvasia Bianca']",Italy,Tuscany,['Chianti Rufina']
11180,I Vignaioli di Santo Stefano,87.0,24.0,87.0,24.0,1,1,['Moscato'],Italy,Piedmont,"[""Moscato d'Asti""]"
11181,I Vigneri,88.0,,88.0,,2,2,"['White Blend', 'Red Blend']",Italy,Sicily & Sardinia,['Sicilia']
11182,I'M,84.7,15.0,84.0,15.0,3,3,"['Cabernet Sauvignon', 'Chardonnay', 'Rosé']",US,California,"['Napa Valley', 'Napa']"
11183,I'M,88.5,35.0,88.5,35.0,2,1,['Pinot Noir'],US,Oregon,"['Willamette Valley', 'Willamette Valley']"
11184,II Moons,91.2,34.2,92.0,34.0,4,4,"['Rhône-style White Blend', 'Rhône-style Red Blend', 'G-S-M', 'Chenin Blanc']",US,California,"['Paso Robles', 'Central Coast']"
11185,IL Gioiello,85.8,23.7,86.0,22.0,9,7,"['Red Blend', 'Zinfandel', 'Sangiovese', 'Syrah', 'Cabernet Sauvignon', 'Montepulciano', 'Barbera']",US,California,"['Amador County', 'Sierra Foothills']"
11186,IL Piccolo Borgo,87.0,16.0,87.0,16.0,1,1,['Sangiovese'],Italy,Tuscany,['Chianti Classico']
11187,Iago's Wine,87.0,18.0,87.0,18.0,1,1,['Chinuri'],Georgia,Georgia,[]
11188,Ibarra,88.8,32.8,88.0,34.0,5,5,"['Chardonnay', 'Sauvignon Blanc', 'Grenache', 'Roussanne', 'Petite Sirah']",US,California,"['Santa Ynez Valley', 'Central Coast']"
11189,Iby,87.9,23.1,88.0,18.0,9,3,"['Blaufränkisch', 'Zweigelt', 'Rosé']",Austria,Burgenland,[]
11190,Iby,89.2,34.8,89.5,36.0,4,1,['Blaufränkisch'],Austria,Mittelburgenland,[]
11191,Icardi,88.0,50.0,89.0,43.0,6,3,"['Nebbiolo', 'Barbera', 'Moscato']",Italy,Piedmont,['Barolo']
11192,Icaria,86.2,24.0,86.5,24.0,4,2,"['Cabernet Sauvignon', 'Chardonnay']",US,California,"['Alexander Valley', 'Sonoma']"
11193,Icaria Creek,86.3,42.7,87.0,45.0,3,2,"['Cabernet Sauvignon', 'Cabernet Sauvignon-Barbera']",US,California,"['Alexander Valley', 'Sonoma']"
11194,Icario,86.5,30.0,86.5,30.0,2,2,"['White Blend', 'Prugnolo Gentile']",Italy,Tuscany,['Toscana']
11195,Ichanka,84.0,10.0,84.0,10.0,2,2,"['Syrah', 'Torrontés']",Argentina,Other,['La Rioja']
11196,Ici/La-Bas,89.0,30.7,89.0,30.0,3,2,"['Pinot Noir', 'Chardonnay']",US,California,"['Anderson Valley', 'Mendocino/Lake Counties']"
11197,Icono,89.0,16.0,89.0,16.0,1,1,['Red Blend'],Spain,Levante,['Valencia']
11198,Ideal Drinks,90.0,42.7,90.0,20.0,3,1,['Portuguese Red'],Portugal,Bairrada,[]
11199,Ideal Drinks,87.5,28.0,87.5,28.0,2,1,['Touriga Nacional'],Portugal,Dão,[]
11200,Ideal Drinks,85.5,16.5,85.5,16.5,2,1,['Loureiro'],Portugal,Vinho Verde,[]
11201,Ideology,88.2,53.6,88.0,44.0,10,5,"['Cabernet Sauvignon', 'Chardonnay', 'Pinot Noir', 'Syrah', 'Rosé']",US,California,"['Napa Valley', 'Napa']"
11202,Ideology Cellars,87.5,47.6,88.0,39.0,11,4,"['Chardonnay', 'Cabernet Sauvignon', 'Syrah-Cabernet Sauvignon', 'Pinot Noir']",US,California,"['Napa Valley', 'Napa']"
11203,Idilico,90.2,21.8,90.5,21.0,4,4,"['Graciano', 'Albariño', 'Garnacha', 'Monastrell']",US,Washington,"['Snipes Mountain', 'Columbia Valley']"
11204,Idilicum,85.0,9.0,85.0,9.0,1,1,['Sparkling Blend'],Spain,Catalonia,['Cava']
11205,Idrias,81.5,27.5,81.5,27.5,2,2,"['Red Blend', 'Chardonnay']",Spain,Northern Spain,['Somontano']
11206,Idylwood,86.0,25.0,86.0,25.0,1,1,['Pinot Noir'],US,Oregon,"['Willamette Valley', 'Willamette Valley']"
11207,Ignacio Marín,84.8,16.2,85.0,18.0,15,6,"['Grenache', 'Garnacha', 'Rosé', 'Tempranillo', 'Red Blend', 'White Blend']",Spain,Northern Spain,['Cariñena']
11208,Ignatus,87.0,10.0,87.0,10.0,1,1,['Cabernet Sauvignon'],France,Bordeaux,['Bordeaux']
11209,Ikal 1150,84.5,20.0,84.5,20.0,2,2,"['Malbec', 'Chardonnay']",Argentina,Mendoza Province,['Tupungato']
11210,Il Bastardo,86.0,10.0,86.0,10.0,1,1,['Sangiovese'],Italy,Tuscany,['Toscana']
11211,Il Borro,92.0,50.0,92.0,50.0,1,1,['Sangiovese'],Italy,Italy Other,['Vino Spumante']
11212,Il Borro,89.3,31.6,90.0,32.5,13,2,"['Sangiovese', 'Red Blend']",Italy,Tuscany,['Toscana']
11213,Il Bosco di Grazia,90.0,74.0,89.0,74.0,3,1,['Sangiovese'],Italy,Tuscany,['Brunello di Montalcino']
11214,Il Bricco,89.0,,89.0,,1,1,['Nebbiolo'],Italy,Piedmont,['Barbaresco']
11215,Il Brunone,88.7,20.3,88.0,18.0,3,1,['Red Blend'],Italy,Tuscany,['Chianti Classico']
11216,Il Cancelliere,86.5,49.0,86.5,49.0,2,1,['Aglianico'],Italy,Southern Italy,['Taurasi']
11217,Il Cascinone,86.4,21.6,87.0,25.0,5,2,"['Arneis', 'Barbera']",Italy,Piedmont,['Roero Arneis']
11218,Il Cavaliere,85.0,9.0,85.0,9.0,1,1,['Pinot Grigio'],Italy,Northeastern Italy,['Friuli Grave']
11219,Il Cavalierino,86.0,40.0,86.0,40.0,1,1,['Red Blend'],Italy,Tuscany,['Vino Nobile di Montepulciano']
11220,Il Chiosso,83.5,38.5,83.5,38.5,2,1,['Nebbiolo'],Italy,Piedmont,['Gattinara']
11221,Il Cocco,90.7,100.0,91.0,100.0,3,1,['Sangiovese Grosso'],Italy,Tuscany,['Rosso di Montalcino']
11222,Il Colle,95.5,45.5,95.5,45.5,2,1,['Sangiovese'],Italy,Tuscany,['Brunello di Montalcino']
11223,Il Colle,86.0,20.0,86.0,15.0,3,1,['Glera'],Italy,Veneto,['Conegliano Valdobbiadene Prosecco Superiore']
11224,Il Collino di Todi,89.0,20.0,89.0,20.0,1,1,['Moscato Giallo'],Italy,Central Italy,['Umbria']
11225,Il Colombaio di Cencio,87.0,15.0,87.0,15.0,1,1,['Sangiovese'],Italy,Tuscany,['Chianti Classico']
11226,Il Colombaio di Santa Chiara,88.3,25.7,88.0,25.0,6,1,['Vernaccia'],Italy,Tuscany,['Vernaccia di San Gimignano']
11227,Il Colombaio di Santachiara,87.2,18.5,87.0,18.0,4,3,"['Red Blend', 'Sangiovese', 'Vernaccia']",Italy,Tuscany,['Toscana']
11228,Il Conte,86.6,17.9,86.0,15.0,24,5,"['Passerina', 'White Blend', 'Red Blend', 'Sangiovese', 'Pecorino']",Italy,Central Italy,['Marche']
11229,Il Conte d'Alba,85.7,10.0,85.0,10.0,3,2,"['Brachetto', 'Moscato']",Italy,Piedmont,"[""Brachetto d'Acqui""]"
11230,Il Conventino,89.6,29.9,89.0,29.0,9,2,"['Red Blend', 'Prugnolo Gentile']",Italy,Tuscany,['Vino Nobile di Montepulciano']
11231,Il Corno,88.5,18.0,88.5,18.0,2,2,"['Sangiovese', 'Red Blend']",Italy,Tuscany,['Chianti Colli Fiorentini']
11232,Il Faggeto,86.0,19.0,86.0,19.0,2,1,['Red Blend'],Italy,Tuscany,['Vino Nobile di Montepulciano']
11233,Il Faggio,84.0,,84.0,,1,1,['Montepulciano'],Italy,Central Italy,"[""Montepulciano d'Abruzzo""]"
11234,Il Falchetto,86.9,21.2,87.0,19.5,16,4,"['Barbera', 'Arneis', 'Chardonnay', 'Moscato']",Italy,Piedmont,"[""Barbera d'Alba Superiore""]"
11235,Il Feuduccio Di S. Maria D'Orni,87.7,33.9,88.5,30.5,20,4,"['Montepulciano', 'White Blend', 'Sauvignon', 'Rosato']",Italy,Central Italy,"[""Montepulciano d'Abruzzo""]"
11236,Il Fitto,87.5,18.0,87.5,18.0,2,2,"['Sangiovese', 'Syrah']",Italy,Tuscany,['Cortona']
11237,Il Follo,86.5,16.9,87.0,16.0,13,2,"['Glera', 'Sparkling Blend']",Italy,Veneto,['Prosecco']
11238,Il Grappolo,88.6,54.6,87.0,55.0,5,1,['Sangiovese'],Italy,Tuscany,['Brunello di Montalcino']
11239,Il Grillesino,88.0,23.0,88.0,17.5,4,1,['Sangiovese'],Italy,Tuscany,['Morellino di Scansano']
11240,Il Lebbio,87.0,,87.0,,1,1,['Vernaccia'],Italy,Tuscany,['Vernaccia di San Gimignano']
11241,Il Macchione,90.5,45.2,90.0,42.5,4,1,['Sangiovese'],Italy,Tuscany,['Vino Nobile di Montepulciano']
11242,Il Marroneto,91.4,81.8,91.0,75.0,15,2,"['Sangiovese', 'Sangiovese Grosso']",Italy,Tuscany,['Brunello di Montalcino']
11243,Il Molino di Grace,89.0,40.1,88.0,39.5,11,2,"['Sangiovese', 'Red Blend']",Italy,Tuscany,['Chianti Classico']
11244,Il Mosnel,88.3,39.7,88.5,40.0,6,2,"['Sparkling Blend', 'Chardonnay']",Italy,Lombardy,['Franciacorta']
11245,Il Palagio,87.8,30.8,88.0,25.0,6,2,"['Red Blend', 'Sangiovese']",Italy,Tuscany,['Chianti']
11246,Il Palagione,86.7,12.3,86.0,13.0,3,1,['Vernaccia'],Italy,Tuscany,['Vernaccia di San Gimignano']
11247,Il Palazzino,90.0,26.5,90.0,26.5,2,1,['Sangiovese'],Italy,Tuscany,['Chianti Classico']
11248,Il Palazzo,86.0,35.0,86.0,35.0,1,1,['Red Blend'],Italy,Tuscany,['Toscana']
11249,Il Palazzone,90.6,96.0,90.0,90.0,10,3,"['Sangiovese Grosso', 'Red Blend', 'Sangiovese']",Italy,Tuscany,['Brunello di Montalcino']
11250,Il Paradiso di Frassina,89.0,56.7,88.0,60.0,3,2,"['Sangiovese Grosso', 'Sangiovese']",Italy,Tuscany,['Brunello di Montalcino']
11251,Il Paradiso di Manfredi,93.1,92.1,93.0,95.0,8,1,['Sangiovese'],Italy,Tuscany,['Brunello di Montalcino']
11252,Il Poggiolo,87.8,48.8,87.5,50.0,4,2,"['Sangiovese Grosso', 'Sangiovese']",Italy,Tuscany,['Rosso di Montalcino']
11253,Il Poggiolo E. Cosimi,91.2,77.5,91.0,62.0,13,1,['Sangiovese Grosso'],Italy,Tuscany,['Brunello di Montalcino']
11254,Il Poggione,90.7,64.3,90.5,63.0,26,4,"['Sangiovese', 'Sangiovese Grosso', 'Rosé', 'Red Blend']",Italy,Tuscany,['Brunello di Montalcino']
11255,Il Pollenza,88.5,35.5,88.5,35.5,2,2,"['Red Blend', 'White Blend']",Italy,Central Italy,['Marche']
11256,Il Roncal,87.5,28.2,87.0,21.0,6,6,"['Picolit', 'Ribolla Gialla', 'White Blend', 'Pinot Grigio', 'Sauvignon', 'Tocai Friulano']",Italy,Northeastern Italy,['Colli Orientali del Friuli']
11257,Il Roverone,89.5,44.2,89.0,47.0,4,1,"['Corvina, Rondinella, Molinara']",Italy,Veneto,['Valpolicella Classico Superiore Ripasso']
11258,Il Sassolo,88.0,16.3,88.0,18.0,3,1,['Red Blend'],Italy,Tuscany,['Carmignano']
11259,Il Sogno di Annibale,87.0,13.0,87.0,13.0,1,1,['Prosecco'],Italy,Veneto,['Prosecco di Conegliano e Valdobbiadene']
11260,Il Tasso,86.0,11.0,86.0,11.0,1,1,['Sangiovese'],Italy,Tuscany,['Chianti']
11261,Il Valentiano,88.4,44.4,89.0,50.0,10,4,"['Sangiovese', 'Sangiovese Grosso', 'Rosé', 'Red Blend']",Italy,Tuscany,['Brunello di Montalcino']
11262,Il Veltro,90.0,,90.0,,1,1,['Sangiovese Grosso'],Italy,Tuscany,['Brunello di Montalcino']
11263,Il Vino dei Padri,86.4,19.6,87.0,20.0,5,5,"['Barbera', 'Dolcetto', 'Freisa', 'Bonarda', 'Ruché']",Italy,Piedmont,"[""Barbera d'Asti""]"
11264,Ila,93.0,48.0,93.0,48.0,1,1,['Syrah'],US,California,"['Santa Ynez Valley', 'Central Coast']"
11265,Ilaria,91.5,52.5,91.5,52.5,2,2,"['Malbec', 'Cabernet Sauvignon']",US,California,"['Napa Valley', 'Napa']"
11266,Ileana,85.0,14.0,85.0,14.0,1,1,['Pinot Grigio'],Italy,Northeastern Italy,['Vigneti delle Dolomiti']
11267,Illahe,88.2,20.9,88.0,17.5,14,4,"['Pinot Noir', 'Pinot Gris', 'Grüner Veltliner', 'Viognier']",US,Oregon,"['Willamette Valley', 'Willamette Valley']"
11268,Illinois Sparkling Co.,84.4,32.4,84.0,32.0,5,1,['Sparkling Blend'],US,Illinois,['Illinois']
11269,Illuminate,85.0,10.0,85.0,10.0,1,1,['Chardonnay'],US,California,"['North Coast', 'North Coast']"
11270,Illuminati Dino,87.4,29.9,87.0,17.5,20,6,"['Red Blend', 'Montepulciano', 'Pecorino', 'White Blend', 'Rosé', 'Trebbiano']",Italy,Central Italy,['Controguerra']
11271,Illumination,91.8,43.8,93.0,40.0,4,1,['Sauvignon Blanc'],US,California,"['Napa Valley', 'Napa']"
11272,Illustrious,87.0,24.0,87.0,24.0,1,1,['Merlot'],US,California,"['Carneros', 'Napa-Sonoma']"
11273,Ilona,86.0,36.0,86.0,36.0,1,1,['Bordeaux-style Red Blend'],US,California,"['Howell Mountain', 'Napa']"
11274,Iločki Podrumi,85.0,13.5,84.5,13.0,4,4,"['Traminer', 'Red Blend', 'Welschriesling', 'Blaufränkisch']",Croatia,Podunavlje,[]
11275,Ilse Mazza,87.0,40.0,87.0,40.0,1,1,['Riesling'],Austria,Wachau,[]
11276,Ilsley,90.8,57.2,91.0,52.5,8,3,"['Cabernet Sauvignon', 'Red Blend', 'Bordeaux-style Red Blend']",US,California,"['Stags Leap District', 'Napa']"
11277,Ilurce,85.4,10.1,85.5,10.0,8,4,"['Red Blend', 'Tempranillo', 'Rosé', 'Tempranillo Blend']",Spain,Northern Spain,['Rioja']
11278,Imagery,88.2,33.2,88.5,35.0,34,17,"['Cabernet Sauvignon', 'Tempranillo', 'Malbec', 'Barbera', 'Petite Sirah', 'Sangiovese', 'Sauvignon Blanc', 'White Blend', 'Viognier', 'Zinfandel', 'Lagrein', 'Merlot', 'Cabernet Franc', 'Bordeaux-style Red Blend', 'Rosé', 'Albariño', 'Riesling']",US,California,"['Sonoma Valley', 'Sonoma']"
11279,Imagination Wines,88.0,25.0,88.0,25.0,1,1,['Zinfandel'],US,California,"['Lodi', 'Central Valley']"
11280,Imagine,86.0,45.0,86.0,45.0,1,1,['Red Blend'],US,California,"['Paso Robles', 'Central Coast']"
11281,Imagine Moore,85.1,17.0,85.0,17.0,7,6,"['Bordeaux-style Red Blend', 'Pinot Gris', 'Sauvignon Blanc', 'Cabernet Franc', 'White Blend', 'Riesling']",US,New York,"['Finger Lakes', 'Finger Lakes']"
11282,Immersion,81.5,10.0,81.5,10.0,2,2,"['Red Blend', 'White Blend']",US,California,"['California', 'California Other']"
11283,Immich-Batterieberg,88.8,25.2,89.0,21.5,4,1,['Riesling'],Germany,Mosel-Saar-Ruwer,[]
11284,Immich-Batterieberg,84.0,11.0,84.0,11.0,1,1,['Riesling'],Germany,Rhein-Mosel,[]
11285,Imperial,84.0,10.0,84.0,10.0,1,1,['Cabernet Sauvignon'],Chile,Curicó Valley,[]
11286,Imperial,86.0,10.0,86.0,10.0,1,1,['Pinot Noir'],Chile,Maule Valley,[]
11287,Impostino,85.3,18.3,85.0,15.0,3,2,"['Red Blend', 'Sangiovese']",Italy,Tuscany,['Montecucco']
11288,In Re,87.1,48.4,87.0,55.0,7,3,"['Chardonnay', 'Cabernet Sauvignon', 'Sauvignon Blanc']",US,California,"['Russian River Valley', 'Sonoma']"
11289,In Situ,85.0,14.0,85.5,14.0,12,5,"['Cabernet Sauvignon', 'Chardonnay', 'Carmenère', 'Red Blend', 'Sauvignon Blanc']",Chile,Aconcagua Valley,[]
11290,Inacayal,84.5,14.5,84.5,12.5,4,3,"['Torrontés', 'Malbec', 'Pinot Grigio']",Argentina,Mendoza Province,['Mendoza']
11291,Inalto,86.5,20.0,86.5,20.0,2,2,"['Montepulciano', 'Red Blend']",Italy,Central Italy,"[""Montepulciano d'Abruzzo""]"
11292,Inalto,85.0,14.0,85.0,14.0,1,1,['Pinot Grigio'],Italy,Northeastern Italy,['Delle Venezie']
11293,Inalto,90.5,70.0,90.5,70.0,2,1,['Nebbiolo'],Italy,Piedmont,['Barolo']
11294,Inalto,86.0,19.0,86.0,19.0,2,2,"['Red Blend', 'Sangiovese']",Italy,Tuscany,['Tuscany']
11295,Inama,88.0,21.0,88.0,21.0,1,1,['Sauvignon Blanc'],Italy,Northeastern Italy,['Delle Venezie']
11296,Inama,88.8,18.9,88.0,15.0,12,2,"['Garganega', 'White Blend']",Italy,Veneto,['Soave Classico']
11297,Inca,85.5,9.2,86.0,9.0,4,3,"['Cabernet Sauvignon-Malbec', 'White Blend', 'Red Blend']",Argentina,Other,['Calchaquí Valley']
11298,Inception,86.5,27.2,86.0,25.0,15,3,"['Pinot Noir', 'Chardonnay', 'Viognier']",US,California,"['Santa Barbara County', 'Central Coast']"
11299,Incognito,86.9,18.5,87.0,18.5,8,3,"['Red Blend', 'Viognier', 'White Blend']",US,California,"['Lodi', 'Central Valley']"
11300,Inconceivable,86.7,25.0,87.0,25.0,3,2,"['Chardonnay', 'Pinot Noir']",US,California,"['Santa Barbara County', 'Central Coast']"
11301,Inconceivable,88.5,25.0,88.5,25.0,2,1,['Cabernet Sauvignon'],US,Washington,"['Columbia Valley (WA)', 'Columbia Valley']"
11302,Indaba,85.1,10.0,86.0,10.0,25,7,"['Chenin Blanc', 'Sauvignon Blanc', 'Shiraz', 'Chardonnay', 'Merlot', 'Pinotage', 'Red Blend']",South Africa,Western Cape,[]
11303,Indian Creek,85.0,16.3,85.0,14.5,6,5,"['Viognier', 'Red Blend', 'Cabernet Sauvignon', 'Syrah', 'White Blend']",US,Idaho,[]
11304,Indian Rock,86.7,19.3,86.0,18.0,3,2,"['Barbera', 'Vermentino']",US,California,"['Sierra Foothills', 'Sierra Foothills']"
11305,Indian Springs,83.5,13.5,83.5,13.5,2,2,"['Cabernet Franc', 'Sauvignon Blanc']",US,California,"['Nevada County', 'Sierra Foothills']"
11306,Indian Valley,84.0,26.5,84.0,26.5,2,2,"['Cabernet Sauvignon', 'Bordeaux-style Red Blend']",US,California,"['Central Coast', 'Central Coast']"
11307,Indigené,87.1,23.2,88.0,24.0,16,7,"['Sauvignon Blanc', 'Pinot Noir', 'Syrah', 'Cabernet Sauvignon', 'Riesling', 'Red Blend', 'Grenache Blanc']",US,California,"['Carmel Valley', 'Central Coast']"
11308,Indigo Hills,83.0,12.0,83.0,12.0,1,1,['Chardonnay'],US,California,"['Central Coast', 'Central Coast']"
11309,Indis,87.0,15.0,87.0,15.0,1,1,['Chardonnay'],Australia,Western Australia,['Western Australia']
11310,Indomita,84.5,16.5,85.0,18.0,29,5,"['Sauvignon Blanc', 'Pinot Noir', 'Chardonnay', 'Sparkling Blend', 'Champagne Blend']",Chile,Casablanca Valley,[]
11311,Indomita,85.5,19.0,85.5,18.0,24,5,"['Cabernet Sauvignon', 'Pinot Noir', 'Carmenère', 'Merlot', 'Cabernet Sauvignon-Carmenère']",Chile,Maipo Valley,[]
11312,Indulge,85.0,19.0,85.0,20.0,3,3,"['Chardonnay', 'Sauvignon Blanc', 'Pinot Noir']",US,California,"['North Coast', 'North Coast']"
11313,Infidel,87.0,25.0,87.0,25.0,1,1,['Zinfandel'],US,California,"['Lodi', 'Central Valley']"
11314,Infinitus,85.7,17.7,86.0,15.0,3,3,"['Malbec', 'Merlot', 'Cabernet Sauvignon']",Argentina,Other,['Río Negro Valley']
11315,Infinitus,84.1,7.1,84.0,7.0,7,5,"['Viura', 'Tempranillo', 'Tempranillo-Cabernet Sauvignon', 'White Blend', 'Merlot']",Spain,Central Spain,['Tierra de Castilla']
11316,Infinity,85.5,10.0,85.5,10.0,2,2,"['Rhône-style Red Blend', 'Rhône-style White Blend']",US,California,"['Central Coast', 'Central Coast']"
11317,Influence,86.0,19.0,86.0,19.0,1,1,['Riesling'],US,New York,"['New York', 'New York Other']"
11318,Inglenook,92.5,103.1,92.5,75.0,8,2,"['Cabernet Sauvignon', 'Rhône-style White Blend']",US,California,"['Rutherford', 'Napa']"
11319,Ingleside,83.5,23.6,84.0,24.0,11,7,"['Petit Verdot', 'Red Blend', 'Cabernet Sauvignon', 'Merlot', 'Chardonnay', 'Sangiovese', 'Viognier']",US,Virginia,['Virginia']
11320,Ingrid Groiss,91.6,38.7,92.0,47.0,9,4,"['Austrian white blend', 'Grüner Veltliner', 'Riesling', 'White Blend']",Austria,Niederösterreich,[]
11321,Ingrid Groiss,91.0,27.8,91.0,28.0,8,1,['Grüner Veltliner'],Austria,Weinviertel,[]
11322,Inherit the Sheep,90.0,80.0,90.0,80.0,1,1,['Cabernet Sauvignon'],US,California,"['Coombsville', 'Napa']"
11323,Inizi,90.0,32.0,90.0,32.0,1,1,['Charbono'],US,California,"['Calistoga', 'Napa']"
11324,Inkberry,88.0,14.0,88.0,14.0,2,1,['Shiraz-Cabernet Sauvignon'],Australia,Australia Other,['Central Ranges']
11325,Inkberry,89.0,14.0,89.0,14.0,1,1,['Cabernet Sauvignon'],Australia,New South Wales,['New South Wales']
11326,Inkling,80.0,12.0,80.0,12.0,1,1,['Cabernet Sauvignon'],US,California,"['Paso Robles', 'Central Coast']"
11327,Inkwell,91.5,22.5,91.5,22.5,2,1,['Shiraz'],Australia,South Australia,['McLaren Vale']
11328,Inman Family,90.0,48.9,90.5,56.0,18,3,"['Chardonnay', 'Pinot Noir', 'Pinot Gris']",US,California,"['Russian River Valley', 'Sonoma']"
11329,Inniskillin,89.8,77.5,90.0,80.0,13,4,"['Vidal', 'Vidal Blanc', 'Riesling', 'Cabernet Franc']",Canada,Ontario,['Niagara Peninsula']
11330,Innocent Bystander,89.0,20.0,89.0,20.0,2,2,"['Chardonnay', 'Shiraz-Viognier']",Australia,Australia Other,['Australia']
11331,Innocent Bystander,87.3,20.8,87.0,20.0,26,7,"['Pinot Noir', 'Sparkling Blend', 'Pinot Gris', 'Moscato', 'Shiraz-Viognier', 'Chardonnay', 'Syrah']",Australia,Victoria,['Victoria']
11332,Innocent Bystander,88.0,25.0,88.0,25.0,1,1,['Pinot Noir'],New Zealand,Central Otago,[]
11333,Innocent Bystander,90.0,15.0,90.0,15.0,1,1,['Sauvignon Blanc'],New Zealand,Marlborough,[]
11334,Innocenti,90.2,49.0,90.5,49.0,8,2,"['Sangiovese', 'Sangiovese Grosso']",Italy,Tuscany,['Brunello di Montalcino']
11335,Inocencio,86.0,36.8,87.0,36.0,5,3,"['Pinot Noir', 'Chardonnay', 'Syrah']",US,California,"['Santa Barbara County', 'Central Coast']"
11336,Insania,89.5,30.0,89.5,30.0,2,2,"['Red Blend', 'Bordeaux-style White Blend']",US,Washington,"['Red Mountain', 'Columbia Valley']"
11337,Insatiable,83.2,11.0,83.0,10.0,11,6,"['Pinot Noir', 'Sauvignon Blanc', 'Red Blend', 'Cabernet Sauvignon', 'Chardonnay', 'Merlot']",US,California,"['California', 'California Other']"
11338,Insomnia,83.5,10.7,84.0,11.0,6,4,"['Pinot Grigio', 'White Blend', 'Red Blend', 'Cabernet Sauvignon']",US,California,"['California', 'California Other']"
11339,Inspiración Pampano,84.0,10.0,84.0,10.0,2,1,['White Blend'],Spain,Northern Spain,['Rueda']
11340,Inspiration,92.3,38.3,93.0,36.0,3,3,"['Zinfandel', 'Grenache', 'Syrah']",US,California,"['Russian River Valley', 'Sonoma']"
11341,Inspire Moore,87.6,20.2,87.0,17.0,20,8,"['Pinot Noir', 'Cabernet Franc', 'Riesling', 'Pinot Gris', 'Merlot-Cabernet Franc', 'Grüner Veltliner', 'White Blend', 'Rosé']",US,New York,"['Finger Lakes', 'Finger Lakes']"
11342,Inspiri,87.0,49.0,87.0,49.0,2,2,"['Cabernet Sauvignon', 'Red Blend']",US,California,"['Alexander Valley', 'Sonoma']"
11343,Insurrection,89.3,17.0,90.0,17.0,3,2,"['Shiraz-Cabernet Sauvignon', 'Red Blend']",Australia,Australia Other,['South Eastern Australia']
11344,Intelligent Design,84.5,36.0,84.5,36.0,2,2,"['Rhône-style Red Blend', 'Rhône-style White Blend']",US,California,"['Santa Barbara County', 'Central Coast']"
11345,Intipalka,84.0,21.0,84.0,14.0,9,8,"['Tannat', 'Malbec-Merlot', 'Red Blend', 'Chardonnay', 'Syrah', 'Cabernet Sauvignon-Syrah', 'Malbec', 'Sauvignon Blanc']",Peru,Ica,[]
11346,Intriga,87.5,30.0,87.5,30.0,2,1,['Cabernet Sauvignon'],Chile,Maipo Valley,[]
11347,Intrinsic,90.0,22.0,90.0,22.0,1,1,['Cabernet Sauvignon'],US,Washington,"['Columbia Valley (WA)', 'Columbia Valley']"
11348,Inurrieta,87.5,19.5,87.0,15.0,11,7,"['Sauvignon Blanc', 'Cabernet Sauvignon-Merlot', 'Graciano', 'Garnacha-Graciano', 'Red Blend', 'Merlot-Cabernet Sauvignon', 'Rosado']",Spain,Northern Spain,['Navarra']
11349,Invivo,89.0,25.0,89.0,25.0,1,1,['Pinot Noir'],New Zealand,Central Otago,[]
11350,Invivo,86.0,15.0,86.0,15.0,1,1,['Sauvignon Blanc'],New Zealand,Marlborough,[]
11351,Io,90.4,36.6,90.0,35.0,5,3,"['Syrah', 'Rhône-style Red Blend', 'Grenache']",US,California,"['San Luis Obispo County', 'Central Coast']"
11352,Ioannis Hatzis,83.5,27.5,83.5,27.5,2,1,['Xinomavro'],Greece,Amindeo,[]
11353,Iona Vineyards,86.0,18.0,86.0,18.0,1,1,['Sauvignon Blanc'],South Africa,Elgin,[]
11354,Ioppa,89.0,33.2,89.0,35.5,4,2,"['Red Blend', 'Nebbiolo']",Italy,Piedmont,['Ghemme']
11355,Iota Cellars,89.5,38.5,89.5,38.0,4,1,['Pinot Noir'],US,Oregon,"['Eola-Amity Hills', 'Willamette Valley']"
11356,Ippolito 1845,85.8,29.5,85.5,24.0,4,2,"['Greco Bianco', 'Gaglioppo']",Italy,Southern Italy,['Cirò']
11357,Iranzo Fields,85.0,6.0,85.0,6.0,1,1,['Rosé'],Spain,Levante,['Utiel-Requena']
11358,Iris Vineyards,89.3,27.8,90.0,24.0,27,6,"['Pinot Gris', 'Pinot Noir', 'Tempranillo', 'Merlot', 'Chardonnay', 'Syrah']",US,Oregon,"['Oregon', 'Oregon Other']"
11359,Irish,83.7,21.5,84.0,17.0,6,4,"['Viognier', 'Petite Sirah', 'Red Blend', 'Chenin Blanc']",US,California,"['California', 'California Other']"
11360,Irish Monkey Cellars,81.0,24.0,81.0,24.0,2,2,"['Merlot', 'Sangiovese']",US,California,"['Napa County', 'Napa']"
11361,Iron Horse,91.0,49.9,91.0,42.0,155,13,"['Sparkling Blend', 'Chardonnay', 'Pinot Noir', 'Viognier', 'Bordeaux-style White Blend', 'Sangiovese', 'Cabernet Blend', 'Cabernet Sauvignon', 'White Blend', 'Sauvignon Blanc', 'Bordeaux-style Red Blend', 'Champagne Blend', 'Cabernet Franc']",US,California,"['Green Valley', 'Sonoma']"
11362,Iron Hub,87.8,28.0,87.5,27.5,4,3,"['Chardonnay', 'Zinfandel', 'Grenache']",US,California,"['Sierra Foothills', 'Sierra Foothills']"
11363,Iron Side,85.0,15.0,85.0,15.0,1,1,['Red Blend'],US,California,"['California', 'California Other']"
11364,Ironberry,85.5,9.5,85.5,9.5,2,2,"['Cabernet Blend', 'Red Blend']",Australia,Western Australia,['Western Australia']
11365,Ironstone,82.0,10.0,82.0,10.0,1,1,['Riesling'],Germany,Pfalz,[]
11366,Ironstone,86.3,17.0,86.0,12.0,82,18,"['Cabernet Franc', 'Zinfandel', 'Malbec', 'Chardonnay', 'Cabernet Sauvignon', 'Meritage', 'Rosé', 'Sauvignon Blanc', 'Shiraz', 'Merlot', 'Symphony', 'White Blend', 'Petite Sirah', 'Bordeaux-style Red Blend', 'Red Blend', 'Pinot Grigio', 'Chenin Blanc', 'Viognier']",US,California,"['Lodi', 'Central Valley']"
11367,Ironwood,84.0,6.0,84.0,6.0,1,1,['Shiraz'],Australia,Australia Other,['South Eastern Australia']
11368,Irony,85.6,15.3,85.0,16.0,23,4,"['Chardonnay', 'Pinot Noir', 'Merlot', 'Cabernet Sauvignon']",US,California,"['Monterey County', 'Central Coast']"
11369,Irvine Family Vineyards,88.1,32.2,87.5,32.5,8,3,"['Pinot Noir', 'Chardonnay', 'Pinot Meunier']",US,Oregon,"['Oregon', 'Oregon Other']"
11370,Irwin Family Vineyards,88.5,22.5,88.5,23.0,4,2,"['Tempranillo', 'Red Blend']",US,California,"['Sierra Foothills', 'Sierra Foothills']"
11371,Isabel Estate,87.5,22.8,89.0,22.0,12,5,"['Pinot Gris', 'Sauvignon Blanc', 'Pinot Noir', 'Riesling', 'Chardonnay']",New Zealand,Marlborough,[]
11372,Isabel Mondavi,88.9,30.7,89.0,30.0,9,4,"['Chardonnay', 'Cabernet Sauvignon', 'Rosé', 'Pinot Noir']",US,California,"['Carneros', 'Napa-Sonoma']"
11373,Isabelle et Pierre Clément,87.6,22.5,87.5,22.0,8,3,"['Sauvignon Blanc', 'Rosé', 'Pinot Noir']",France,Loire Valley,['Menetou-Salon']
11374,Isenhower,89.6,25.9,90.0,28.0,8,6,"['Merlot', 'Syrah', 'Cabernet Sauvignon', 'Rhône-style White Blend', 'Red Blend', 'Cabernet Franc']",US,Washington,"['Columbia Valley (WA)', 'Columbia Valley']"
11375,Isenhower Cellars,89.5,23.7,90.0,22.0,12,7,"['Cabernet Sauvignon', 'Roussanne', 'Red Blend', 'Syrah', 'White Blend', 'Merlot', 'Rosé']",US,Washington,"['Columbia Valley (WA)', 'Columbia Valley']"
11376,Isidoro Polencic,85.3,20.7,85.0,21.0,3,2,"['Pinot Grigio', 'Chardonnay']",Italy,Northeastern Italy,['Collio']
11377,Isolabella della Croce,84.0,17.0,84.0,17.0,1,1,['Moscato'],Italy,Piedmont,"[""Moscato d'Asti""]"
11378,Isole e Olena,92.4,84.6,92.0,58.0,12,4,"['Red Blend', 'Sangiovese', 'Syrah', 'Cabernet Sauvignon']",Italy,Tuscany,['Chianti Classico']
11379,Ispiri,89.0,55.0,89.0,55.0,1,1,['Cabernet Sauvignon'],US,California,"['Sonoma County', 'Sonoma']"
11380,Istine,89.7,42.5,89.0,37.5,6,2,"['Sangiovese', 'Red Blend']",Italy,Tuscany,['Chianti Classico']
11381,Istravino,86.7,13.0,87.0,13.0,3,3,"['Malvasia', 'Teran', 'Bordeaux-style Red Blend']",Croatia,Istria,[]
11382,Istravino,84.0,13.0,84.0,13.0,1,1,['Plavac Mali'],Croatia,Peljesac,[]
11383,Italo Cescon,85.0,14.0,85.0,14.0,1,1,['Pinot Grigio'],Italy,Northeastern Italy,['Friuli Grave']
11384,Italo Cescon,86.7,20.0,85.0,16.0,3,3,"['Glera', 'Red Blend', 'Pinot Grigio']",Italy,Veneto,['Prosecco']
11385,Iter,85.0,20.0,85.0,20.0,1,1,['Cabernet Sauvignon'],US,California,"['Napa Valley', 'Napa']"
11386,Itsas Mendi,87.4,22.6,88.0,20.0,7,2,"['White Blend', 'Hondarrabi Zuri']",Spain,Northern Spain,['Bizkaiko Txakolina']
11387,Ivo Varbanov,88.0,21.5,88.0,21.5,2,2,"['Chardonnay', 'Syrah']",Bulgaria,Thracian Valley,[]
11388,Ivory and Burt,86.3,16.0,87.0,16.0,6,3,"['Red Blend', 'Chardonnay', 'Zinfandel']",US,California,"['Lodi', 'Central Valley']"
11389,Ixsir,89.4,36.4,90.0,25.0,11,4,"['Red Blend', 'Syrah-Cabernet Sauvignon', 'Rosé', 'White Blend']",Lebanon,Lebanon,[]
11390,Izadi,87.5,29.0,87.5,29.0,2,2,"['Tempranillo', 'Viura']",Spain,Northern Spain,['Rioja']
11391,J & J,88.3,28.7,88.0,30.0,9,6,"['Malbec', 'Red Blend', 'Syrah', 'Merlot', 'Riesling', 'Cabernet Sauvignon']",US,Washington,"['Walla Walla Valley (WA)', 'Columbia Valley']"
11392,J Bell Cellars,87.4,28.2,88.0,30.0,5,5,"['Cabernet Sauvignon', 'Cabernet Franc', 'Merlot', 'Syrah', 'Rosé']",US,Washington,"['Yakima Valley', 'Columbia Valley']"
11393,J Ludlow,86.7,28.0,86.5,30.0,6,3,"['Cabernet Sauvignon', 'Bordeaux-style Red Blend', 'Sauvignon Blanc']",US,California,"['Santa Ynez Valley', 'Central Coast']"
11394,J Vineyards & Winery,89.5,43.9,90.0,40.0,99,6,"['Sparkling Blend', 'Chardonnay', 'Pinot Noir', 'Pinot Gris', 'Pinot Meunier', 'Viognier']",US,California,"['Russian River Valley', 'Sonoma']"
11395,J Wilkes,88.6,23.0,88.0,20.0,7,3,"['Pinot Noir', 'Chardonnay', 'Pinot Blanc']",US,California,"['Santa Maria Valley', 'Central Coast']"
11396,J Wrigley,87.0,41.5,87.0,41.5,2,1,['Pinot Noir'],US,Oregon,"['McMinnville', 'Willamette Valley']"
11397,J. & F. Lurton,88.7,36.0,90.0,28.0,11,5,"['Malbec', 'Cabernet Sauvignon', 'Chardonnay', 'Pinot Gris', 'Cabernet Blend']",Argentina,Mendoza Province,['Uco Valley']
11398,J. & F. Lurton,85.5,19.5,85.5,19.5,2,1,['Sauvignon Blanc'],Chile,Casablanca Valley,[]
11399,J. & F. Lurton,85.8,12.1,85.5,12.0,8,3,"['Sauvignon Blanc', 'Pinot Noir', 'Cabernet Sauvignon']",Chile,Central Valley,[]
11400,J. & F. Lurton,86.5,26.4,86.5,25.0,10,4,"['Red Blend', 'Cabernet Sauvignon', 'Chardonnay', 'Carmenère']",Chile,Colchagua Valley,[]
11401,J. & F. Lurton,88.0,23.0,88.0,23.0,1,1,['Red Blend'],Chile,Lolol Valley,[]
11402,J. & F. Lurton,87.0,21.4,86.0,10.0,5,4,"['Rhône-style Red Blend', 'Sauvignon Blanc', 'Merlot', 'Chardonnay']",France,Languedoc-Roussillon,['Fitou']
11403,J. & F. Lurton,83.0,9.0,83.0,9.0,1,1,['Sauvignon Blanc'],France,Southwest France,['Vin de Pays de Côtes du Tarn']
11404,J. & F. Lurton,87.9,30.6,87.0,22.0,9,3,"['Portuguese Red', 'Portuguese White', 'Red Blend']",Portugal,Douro,[]
11405,J. & F. Lurton,87.8,26.4,87.5,21.5,10,4,"['Verdejo', 'Tinta de Toro', 'Tempranillo', 'Red Blend']",Spain,Northern Spain,['Rueda']
11406,J. & H.A. Strub,89.0,20.0,89.0,20.0,1,1,['Riesling'],Germany,Rheinhessen,[]
11407,J. Alberto,90.0,40.0,90.0,40.0,1,1,['Malbec'],Argentina,Other,['Río Negro Valley']
11408,J. Benton Furrow,83.0,20.0,83.0,20.0,1,1,['Zinfandel'],US,California,"['Dry Creek Valley', 'Sonoma']"
11409,J. Bookwalter,91.1,49.4,91.0,45.0,57,11,"['Red Blend', 'Cabernet Sauvignon', 'Chardonnay-Viognier', 'Merlot', 'Riesling', 'Bordeaux-style Red Blend', 'Meritage', 'Johannisberg Riesling', 'Syrah', 'Cabernet Franc', 'Chenin Blanc']",US,Washington,"['Columbia Valley (WA)', 'Columbia Valley']"
11410,J. Bouchon,85.8,17.2,86.0,15.0,12,6,"['Red Blend', 'Carmenère', 'Merlot', 'Malbec', 'Cabernet Sauvignon', 'Bordeaux-style Red Blend']",Chile,Maule Valley,[]
11411,J. Bäumer,89.0,19.0,89.0,19.0,1,1,['Riesling'],Germany,Germany,[]
11412,J. Christopher,90.6,40.5,91.0,39.5,42,3,"['Pinot Noir', 'Sauvignon Blanc', 'Chardonnay']",US,Oregon,"['Dundee Hills', 'Willamette Valley']"
11413,J. D. Laurent,84.0,10.0,84.0,10.0,2,2,"['Cabernet Sauvignon', 'Sauvignon Blanc-Semillon']",France,Bordeaux,['Bordeaux']
11414,J. Daan,84.0,20.0,84.0,20.0,1,1,['Pinot Noir'],US,Oregon,"['Willamette Valley', 'Willamette Valley']"
11415,J. Davies,91.8,91.8,92.0,80.0,13,2,"['Cabernet Sauvignon', 'Malbec']",US,California,"['Diamond Mountain District', 'Napa']"
11416,J. Dumangin Fils,89.3,83.1,89.0,62.5,32,4,"['Champagne Blend', 'Chardonnay', 'Pinot Meunier', 'Pinot Noir']",France,Champagne,['Champagne']
11417,J. Fernández de Arcaya Galdiano,83.0,15.0,83.0,15.0,1,1,['Tempranillo'],Spain,Northern Spain,['Navarra']
11418,J. Garcia Carrion,83.7,6.9,83.5,6.5,12,8,"['Rosé', 'Tempranillo', 'White Blend', 'Sparkling Blend', 'Cabernet Sauvignon', 'Chardonnay', 'Moscato', 'Shiraz']",Spain,Central Spain,['La Mancha']
11419,J. Garcia Carrion,83.2,8.9,83.0,8.0,13,4,"['Tempranillo', 'Viura', 'Tempranillo Blend', 'Red Blend']",Spain,Northern Spain,['Rioja']
11420,J. Garcia Carrion,82.5,8.0,82.5,8.0,4,2,"['Moscato', 'Sparkling Blend']",Spain,Spain Other,['Spain']
11421,J. H. Andresen,88.0,17.5,89.0,17.5,5,1,['Port'],Portugal,Port,[]
11422,J. Heinrich,90.0,15.0,90.0,15.0,1,1,['Blaufränkisch'],Austria,Burgenland,[]
11423,J. Hofstatter,87.7,21.0,88.0,21.0,3,3,"['Chardonnay', 'Gewürztraminer', 'White Blend']",Italy,Northeastern Italy,['Alto Adige']
11424,J. Jacaman,87.8,37.2,87.5,40.0,8,1,['Pinot Noir'],US,California,"['Sonoma County', 'Sonoma']"
11425,J. Keverson,86.3,27.5,85.5,27.5,6,4,"['Cabernet Sauvignon', 'Zinfandel', 'Sparkling Blend', 'Syrah']",US,California,"['Dry Creek Valley', 'Sonoma']"
11426,J. Lohr,88.5,29.2,88.5,25.0,126,19,"['Chardonnay', 'Cabernet Sauvignon', 'Syrah', 'Pinot Noir', 'Red Blend', 'Merlot', 'Petite Sirah', 'Bordeaux-style Red Blend', 'G-S-M', 'Valdiguié', 'White Riesling', 'Sauvignon Blanc', 'Riesling', 'Grenache', 'Zinfandel', 'Rosé', 'Mourvèdre', 'Viognier', 'Rhône-style White Blend']",US,California,"['Arroyo Seco', 'Central Coast']"
11427,J. Lynne,90.0,19.0,90.0,19.0,1,1,['Chardonnay'],US,California,"['Russian River Valley', 'Sonoma']"
11428,J. M. Gobillard et Fils,89.6,49.8,90.0,56.0,5,2,"['Chardonnay', 'Champagne Blend']",France,Champagne,['Champagne']
11429,J. McClelland,87.5,37.5,87.5,37.5,6,5,"['Petit Verdot', 'Cabernet Sauvignon', 'Charbono', 'Merlot', 'Chardonnay']",US,California,"['Napa Valley', 'Napa']"
11430,J. Moreau & Fils,87.2,26.7,88.0,28.0,4,1,['Chardonnay'],France,Burgundy,['Chablis']
11431,J. Moreau & Fils,84.0,12.0,84.0,12.0,1,1,['Chenin Blanc'],France,Loire Valley,['Vouvray']
11432,J. Moss Wines,86.5,70.0,86.5,70.0,2,1,['Cabernet Sauvignon'],US,California,"['Stags Leap District', 'Napa']"
11433,J. Portugal Ramos,87.6,17.4,87.0,13.0,70,8,"['Portuguese Red', 'Syrah', 'Portuguese White', 'Aragonês', 'Trincadeira', 'Touriga Nacional Blend', 'Rosé', 'Touriga Nacional-Cabernet Sauvignon']",Portugal,Alentejano,[]
11434,J. Portugal Ramos,87.4,27.7,87.0,15.0,33,2,"['Portuguese White', 'Portuguese Red']",Portugal,Alentejo,[]
11435,J. Portugal Ramos,87.9,12.8,88.0,10.0,15,3,"['Alvarinho', 'Loureiro', 'Rosé']",Portugal,Vinho Verde,[]
11436,J. Rickards,87.1,27.1,88.0,24.0,32,11,"['Red Blend', 'Cabernet Sauvignon', 'Petite Sirah', 'Zinfandel', 'White Blend', 'Sauvignon Blanc', 'Malbec', 'Sémillon', 'Carignane', 'Rosé', 'Muscat Blanc']",US,California,"['Alexander Valley', 'Sonoma']"
11437,J. Rochioli,92.3,79.7,94.0,79.0,3,2,"['Pinot Noir', 'Chardonnay']",US,California,"['Russian River Valley', 'Sonoma']"
11438,J. Scott Cellars,88.3,23.1,89.0,22.0,35,13,"['Albariño', 'Cabernet Sauvignon', 'Pinot Noir', 'Red Blend', 'Pinot Blanc', 'Syrah', 'Petite Sirah', 'Sauvignon Blanc', 'Grenache', 'Chardonnay', 'Viognier', 'Pinot Gris', 'Rosé']",US,Oregon,"['Oregon', 'Oregon Other']"
11439,J. Scott Cellars,88.0,18.0,88.0,18.0,1,1,['Roussanne'],US,Washington,"['Columbia Valley (WA)', 'Columbia Valley']"
11440,J. Scott Cellars,88.2,18.0,88.0,18.0,4,2,"['Sauvignon Blanc', 'Roussanne']",US,Washington-Oregon,[]
11441,J. Wilkes,88.0,30.1,88.0,28.5,20,4,"['Pinot Noir', 'Pinot Blanc', 'Chardonnay', 'Cabernet Sauvignon']",US,California,"['Sta. Rita Hills', 'Central Coast']"
11442,J. Wright,89.0,30.0,89.0,30.0,2,1,['Pinot Noir'],US,Oregon,"['Willamette Valley', 'Willamette Valley']"
11443,J. de Telmont,86.4,69.7,86.0,60.0,11,2,"['Champagne Blend', 'Chardonnay']",France,Champagne,['Champagne']
11444,J.J. Mchale,86.0,18.0,86.0,18.0,1,1,['Fumé Blanc'],US,California,['Clear Lake']
11445,J.K. Carrière,89.5,30.0,89.5,30.0,2,1,['Pinot Noir'],US,Oregon,"['Willamette Valley', 'Willamette Valley']"
11446,J.L. Chave,94.5,86.0,95.0,98.0,4,3,"['Syrah', 'Marsanne', 'Rhône-style Red Blend']",France,Rhône Valley,['Saint-Joseph']
11447,J.L. Wolf,85.5,22.2,85.5,22.0,6,1,['Riesling'],Germany,Pfalz,[]
11448,J.M. da Fonseca and Van Zeller,91.5,27.5,91.5,27.5,2,1,['Portuguese Red'],Portugal,Douro,[]
11449,J.P. Chenet,83.5,10.0,83.5,10.0,2,2,"['Sauvignon Blanc', 'Pinot Noir']",France,France Other,['Vin de France']
11450,J.P. Vinhos,84.0,10.0,84.0,10.0,1,1,['Portuguese Red'],Portugal,Alentejano,[]
11451,J.P. Vinhos,83.0,7.0,83.0,7.0,1,1,['Portuguese White'],Portugal,Terras do Sado,[]
11452,J.R. Carter,93.0,80.0,93.0,80.0,1,1,['Cabernet Sauvignon'],US,California,"['Diamond Mountain District', 'Napa']"
11453,J.R. Dill,86.3,18.0,87.0,16.0,3,2,"['Riesling', 'Cabernet Sauvignon']",US,New York,"['Seneca Lake', 'Finger Lakes']"
11454,J.R. Wagner,84.0,21.0,84.0,21.0,1,1,['Chardonnay'],US,California,"['California', 'California Other']"
11455,J.V. Fleury,89.0,35.0,89.0,35.0,1,1,['Rhône-style Red Blend'],France,Rhône Valley,['Châteauneuf-du-Pape']
11456,JAQK Cellars,85.2,33.8,85.0,31.0,5,5,"['Pinot Noir', 'Shiraz', 'Cabernet Sauvignon', 'Chardonnay', 'Merlot']",US,California,"['Sonoma Coast', 'Sonoma']"
11457,JC Cellars,86.8,35.8,86.0,32.0,13,5,"['Syrah', 'Marsanne', 'Red Blend', 'Zinfandel', 'Rhône-style White Blend']",US,California,"['Rockpile', 'Sonoma']"
11458,JC Van Staden,87.0,21.0,87.0,21.0,1,1,['Zinfandel'],US,California,"['Lodi', 'Central Valley']"
11459,JCB,89.0,32.5,89.0,25.0,4,2,"['Champagne Blend', 'Sparkling Blend']",France,Burgundy,['Crémant de Bourgogne']
11460,JCB,91.0,25.0,91.0,25.0,1,1,['Rosé'],France,Provence,['Côtes de Provence']
11461,JCB,89.8,93.8,90.0,75.0,32,6,"['Chardonnay', 'Rosé', 'Pinot Noir', 'Cabernet Sauvignon', 'Cabernet Franc', 'Bordeaux-style Red Blend']",US,California,"['Russian River Valley', 'Sonoma']"
11462,JCK Wine Company,89.3,38.3,90.0,35.0,3,3,"['Zinfandel', 'Red Blend', 'Rhône-style Red Blend']",US,California,"['Dry Creek Valley', 'Sonoma']"
11463,JCP Maltus,87.0,113.5,87.0,113.5,2,2,"['Red Blend', 'Cabernet Sauvignon']",Australia,South Australia,['Barossa Valley']
11464,JCR,91.6,52.4,93.0,50.0,5,2,"['Chardonnay', 'Pinot Noir']",US,California,"['Santa Barbara County', 'Central Coast']"
11465,JD,92.4,49.0,92.0,50.0,5,1,['Cabernet Sauvignon'],US,California,"['Diamond Mountain District', 'Napa']"
11466,JFJ,85.0,10.0,85.0,10.0,1,1,['Champagne Blend'],US,California,"['California', 'California Other']"
11467,JJ Hahn,88.0,40.0,88.0,40.0,1,1,['Shiraz'],Australia,South Australia,['Barossa Valley']
11468,JLC,89.4,27.0,89.0,25.0,7,4,"['Merlot', 'Cabernet Sauvignon', 'Syrah', 'Red Blend']",US,Washington,"['Walla Walla Valley (WA)', 'Columbia Valley']"
11469,JM Cellars,91.0,40.5,91.0,40.5,2,2,"['Bordeaux-style Red Blend', 'Malbec']",US,Oregon,"['Walla Walla Valley (OR)', 'Oregon Other']"
11470,JM Cellars,90.8,40.2,91.0,38.0,51,11,"['Cabernet Franc', 'Bordeaux-style Red Blend', 'Syrah', 'Red Blend', 'Chardonnay', 'Merlot', 'Cabernet Sauvignon', 'Sémillon', 'Cabernet Blend', 'Malbec', 'Carmenère']",US,Washington,"['Walla Walla Valley (WA)', 'Columbia Valley']"
11471,JR Wine,89.3,41.9,90.0,34.0,16,5,"['Zinfandel', 'Red Blend', 'Cabernet Sauvignon', 'Syrah', 'Merlot']",US,California,"['Napa Valley', 'Napa']"
11472,Jaboulet-Vercherre,84.0,,84.0,,1,1,['Pinot Noir'],France,Burgundy,['Bourgogne']
11473,Jabulani,85.5,10.0,85.5,10.0,2,2,"['Merlot-Cabernet Sauvignon', 'Chardonnay']",South Africa,Western Cape,[]
11474,Jacella,84.8,22.8,84.5,22.0,8,4,"['Chardonnay', 'Pinot Noir', 'Riesling', 'Cabernet Sauvignon']",US,California,"['Carneros', 'Napa-Sonoma']"
11475,Jack,88.0,83.3,88.0,100.0,3,2,"['Cabernet Sauvignon', 'Sauvignon Blanc']",US,California,"['Napa Valley', 'Napa']"
11476,Jack Barrett,88.0,15.0,88.0,15.0,1,1,['Pinot Noir'],US,California,"['Central Coast', 'Central Coast']"
11477,Jack Creek,88.6,38.1,89.5,36.0,8,3,"['Syrah', 'Chardonnay', 'Pinot Noir']",US,California,"['Paso Robles', 'Central Coast']"
11478,Jack Nicklaus Wines,87.8,50.8,87.5,48.5,6,3,"['White Blend', 'Cabernet Sauvignon', 'Red Blend']",US,California,"['Napa Valley', 'Napa']"
11479,Jack Tone,82.5,20.0,82.5,20.0,2,2,"['White Blend', 'Red Blend']",US,California,"['California', 'California Other']"
11480,Jack's House,85.5,15.5,85.5,15.5,4,2,"['Cabernet Sauvignon', 'Chardonnay']",US,California,"['California', 'California Other']"
11481,Jackhammer,82.7,14.3,83.0,15.0,3,2,"['Pinot Noir', 'Chardonnay']",US,California,"['Central Coast', 'Central Coast']"
11482,Jackson Estate,86.7,22.0,86.0,22.0,17,4,"['Sauvignon Blanc', 'Pinot Noir', 'Chardonnay', 'Riesling']",New Zealand,Marlborough,[]
11483,Jackson Estate,91.4,39.0,92.0,35.0,8,3,"['Cabernet Sauvignon', 'Pinot Noir', 'Chardonnay']",US,California,"['Sonoma County', 'Sonoma']"
11484,Jackson-Triggs,88.5,20.0,88.5,20.0,2,2,"['Shiraz', 'Sauvignon Blanc']",Canada,British Columbia,['Okanagan Valley']
11485,Jackson-Triggs,88.0,22.5,88.0,22.5,2,1,['Vidal Blanc'],Canada,Ontario,['Niagara Peninsula']
11486,Jacob Franklin,89.6,55.1,90.0,55.0,7,5,"['Petite Sirah', 'Cabernet Sauvignon', 'Bordeaux-style Red Blend', 'Sauvignon Blanc', 'Red Blend']",US,California,"['Napa Valley', 'Napa']"
11487,Jacob Williams,87.0,31.5,87.0,31.5,2,2,"['Syrah', 'Cabernet Sauvignon']",US,Oregon,"['Columbia Valley (OR)', 'Oregon Other']"
11488,Jacob Williams,85.8,33.7,85.5,31.5,6,6,"['Merlot', 'Cabernet Franc', 'Red Blend', 'Pinot Noir', 'Chardonnay', 'Zinfandel']",US,Washington,"['Columbia Valley (WA)', 'Columbia Valley']"
11489,Jacob's Creek,84.1,10.0,84.0,9.0,23,10,"['Chardonnay', 'Champagne Blend', 'Moscato', 'Shiraz', 'Shiraz-Cabernet Sauvignon', 'Pinot Grigio', 'Riesling', 'Cabernet Sauvignon-Merlot', 'Semillon-Sauvignon Blanc', 'Merlot']",Australia,Australia Other,['South Eastern Australia']
11490,Jacob's Creek,88.0,22.6,88.0,14.5,42,8,"['Pinot Noir', 'Shiraz', 'Champagne Blend', 'Riesling', 'Chardonnay', 'Shiraz-Cabernet Sauvignon', 'Cabernet Sauvignon', 'Semillon-Chardonnay']",Australia,South Australia,['Adelaide Hills']
11491,Jacobsdal,85.0,15.0,85.0,15.0,2,1,['Pinotage'],South Africa,Stellenbosch,[]
11492,Jacopo Biondi-Santi,89.3,47.6,89.5,29.0,14,6,"['Red Blend', 'Cabernet Sauvignon', 'Sangiovese', 'Sauvignon Blanc', 'Sangiovese Grosso', 'White Blend']",Italy,Tuscany,['Toscana']
11493,Jacquart,88.7,53.0,89.0,43.0,33,2,"['Champagne Blend', 'Chardonnay']",France,Champagne,['Champagne']
11494,Jacques Bardelot,87.0,35.0,87.0,35.0,1,1,['Champagne Blend'],France,Champagne,['Champagne']
11495,Jacques Bourguignon,85.0,17.0,85.0,17.0,1,1,['Chardonnay'],France,Burgundy,['Chablis']
11496,Jacques Bourguigon,85.0,,85.0,,1,1,['Chardonnay'],France,Burgundy,['Chablis']
11497,Jacques Capsouto,88.3,21.7,88.0,20.0,3,3,"['Rhône-style White Blend', 'Rosé', 'Rhône-style Red Blend']",Israel,Galilee,[]
11498,Jacques Charlet,91.5,,91.5,,2,1,['Gamay'],France,Beaujolais,['Moulin-à-Vent']
11499,Jacques Charlet,87.5,24.0,86.5,25.0,4,1,['Chardonnay'],France,Burgundy,['Pouilly-Fuissé']
11500,Jacques Picard,91.0,67.0,91.0,67.0,2,1,['Champagne Blend'],France,Champagne,['Champagne']
11501,Jacques Raffaitin,87.0,,87.0,,1,1,['Sauvignon Blanc'],France,Loire Valley,['Sancerre']
11502,Jacques Simonin,90.3,,90.0,,3,1,['Chardonnay'],France,Burgundy,['Pouilly-Fuissé']
11503,Jacques Tissot,88.0,,88.0,,1,1,['Chardonnay'],France,France Other,['Arbois']
11504,Jacquesson et Fils,93.9,149.9,94.5,122.5,14,3,"['Champagne Blend', 'Chardonnay', 'Pinot Noir']",France,Champagne,['Champagne']
11505,Jacuzzi,83.5,18.2,84.0,18.0,11,6,"['Arneis', 'Primitivo', 'Barbera', 'Pinot Noir', 'Merlot', 'Sangiovese']",US,California,"['California', 'California Other']"
11506,Jacùss,89.3,40.9,88.0,24.0,7,5,"['Red Blend', 'Picolit', 'Pinot Bianco', 'Friulano', 'Sauvignon']",Italy,Northeastern Italy,['Colli Orientali del Friuli']
11507,Jada Vineyard & Winery,91.1,53.4,92.0,53.0,26,11,"['Rhône-style White Blend', 'Mourvèdre', 'Red Blend', 'Cabernet Sauvignon', 'Bordeaux-style Red Blend', 'Merlot-Cabernet Sauvignon', 'Cabernet Sauvignon-Merlot', 'Rhône-style Red Blend', 'Syrah', 'Syrah-Cabernet', 'Grenache']",US,California,"['Paso Robles Willow Creek District', 'Central Coast']"
11508,Jade Moon,90.5,29.0,90.5,29.0,2,1,['Cabernet Sauvignon'],US,California,"['Paso Robles', 'Central Coast']"
11509,Jade Mountain,85.4,17.4,85.0,17.0,7,5,"['Syrah', 'Cabernet Sauvignon', 'Mourvèdre', 'Chardonnay', 'White Blend']",US,California,"['Red Hills Lake County', 'Mendocino/Lake Counties']"
11510,Jadix,86.0,13.0,86.0,13.0,1,1,['Picpoul'],France,Languedoc-Roussillon,['Picpoul de Pinet']
11511,Jaffe,90.0,58.0,90.0,58.0,2,2,"['Cabernet Sauvignon', 'Bordeaux-style Red Blend']",US,California,"['St. Helena', 'Napa']"
11512,Jaffelin,84.3,14.3,85.0,14.0,3,1,['Gamay'],France,Beaujolais,['Beaujolais-Villages']
11513,Jaffelin,87.7,41.9,87.0,49.0,35,3,"['Pinot Noir', 'Chardonnay', 'Sparkling Blend']",France,Burgundy,['Beaune']
11514,Jaffurs,90.6,38.2,91.0,34.0,66,7,"['Grenache', 'Roussanne', 'Grenache Blanc', 'Viognier', 'Syrah', 'Petite Sirah', 'Rhône-style Red Blend']",US,California,"['Santa Barbara County', 'Central Coast']"
11515,Jaillance,84.0,15.3,84.0,15.0,3,2,"['Sparkling Blend', 'Merlot']",France,Bordeaux,['Crémant de Bordeaux']
11516,Jaillance,87.0,16.0,87.0,16.0,1,1,['Sparkling Blend'],France,Burgundy,['Crémant de Bourgogne']
11517,Jaillance,87.0,20.5,87.0,20.5,2,2,"['Muscat', 'Clairette']",France,Rhône Valley,['Clairette de Die']
11518,Jakeli Wines,89.0,39.0,89.0,39.0,1,1,['Saperavi'],Georgia,Kakheti,[]
11519,Jalama,84.2,28.0,84.0,30.0,5,4,"['Syrah', 'Mourvèdre', 'Red Blend', 'White Blend']",US,California,"['Santa Barbara County', 'Central Coast']"
11520,Jalits,92.0,36.5,92.0,36.5,2,2,"['Pinot Noir', 'Austrian Red Blend']",Austria,Burgenland,[]
11521,Jalits,92.6,33.2,92.0,29.0,8,1,['Blaufränkisch'],Austria,Eisenberg,[]
11522,Jalits,93.0,35.0,93.0,35.0,1,1,['Red Blend'],Austria,Südburgenland,[]
11523,Jam Jar,86.0,12.0,86.0,12.0,1,1,['Moscato'],South Africa,Western Cape,[]
11524,James Charles,84.9,28.1,85.0,25.5,10,8,"['Petite Verdot', 'Viognier', 'Bordeaux-style Red Blend', 'Seyval Blanc', 'Sauvignon Blanc', 'Riesling', 'Fumé Blanc', 'Chardonnay']",US,Virginia,['Virginia']
11525,James Estate,88.0,9.0,88.0,9.0,1,1,['Semillon-Chardonnay'],Australia,New South Wales,['Hunter Valley']
11526,James Family Cellars,88.4,34.3,89.0,35.0,7,3,"['Pinot Noir', 'Syrah', 'Chardonnay']",US,California,"['Sonoma Coast', 'Sonoma']"
11527,James Johnson,87.0,60.0,87.0,60.0,1,1,['Cabernet Sauvignon'],US,California,"['Napa Valley', 'Napa']"
11528,James Mitchell,85.7,15.0,86.0,15.0,3,1,['Cabernet Sauvignon'],US,California,"['Lodi', 'Central Valley']"
11529,James Oatley,86.0,14.0,86.0,14.0,1,1,['Pinot Grigio'],Australia,Australia Other,['South Eastern Australia']
11530,James Oatley,87.0,14.0,87.0,14.0,2,2,"['Shiraz', 'Chardonnay']",Australia,New South Wales,['Mudgee']
11531,James Oatley,85.0,14.0,85.0,14.0,1,1,['Pinot Grigio'],Australia,South Australia,['Adelaide Hills']
11532,James Oatley,86.5,14.0,86.5,14.0,2,2,"['Sauvignon Blanc', 'Sauvignon Blanc-Semillon']",Australia,Western Australia,['Western Australia']
11533,James River,85.0,26.0,85.0,18.0,5,5,"['Touriga', 'Chardonnay', 'Chambourcin', 'Cabernet Sauvignon', 'Vidal Blanc']",US,Virginia,['Virginia']
11534,James Wyatt,83.0,20.0,83.0,20.0,2,2,"['Red Blend', 'Merlot']",US,Washington,"['Yakima Valley', 'Columbia Valley']"
11535,Jamesport,86.3,25.5,87.0,24.0,22,10,"['Pinot Noir', 'Merlot', 'Red Blend', 'Riesling', 'Chardonnay', 'Cabernet Franc', 'Syrah', 'White Blend', 'Sauvignon Blanc', 'Bordeaux-style Red Blend']",US,New York,"['North Fork of Long Island', 'Long Island']"
11536,Jamie Slone Wines,90.5,44.1,91.0,47.0,15,8,"['Cabernet Sauvignon', 'Red Blend', 'Rosé', 'Pinot Noir', 'Bordeaux-style Red Blend', 'Sauvignon Blanc', 'Chardonnay', 'Rhône-style Red Blend']",US,California,"['Happy Canyon of Santa Barbara', 'Central Coast']"
11537,Jamieson Canyon,90.5,18.5,90.5,18.5,2,2,"['Cabernet Sauvignon', 'Merlot']",US,California,"['Napa Valley', 'Napa']"
11538,Jamieson Ranch,88.3,25.2,89.0,15.0,15,7,"['Red Blend', 'Chardonnay', 'Cabernet Sauvignon', 'Malbec', 'Zinfandel', 'Sauvignon Blanc', 'Pinot Noir']",US,California,"['California', 'California Other']"
11539,JanKris,83.9,14.7,83.0,13.0,9,8,"['Sangiovese', 'Cabernet Sauvignon-Syrah', 'Cabernet Sauvignon-Merlot', 'Cabernet Sauvignon', 'Bordeaux-style Red Blend', 'Red Blend', 'Merlot', 'Chardonnay']",US,California,"['Paso Robles', 'Central Coast']"
11540,Jana,85.0,18.0,85.0,18.0,1,1,['Riesling'],US,America,[]
11541,Jana,85.8,25.0,85.5,20.0,6,2,"['Zinfandel', 'Riesling']",US,California,"['Napa Valley', 'Napa']"
11542,Jana,84.0,22.0,84.0,22.0,1,1,['Riesling'],US,Michigan,['Leelanau Peninsula']
11543,Jankara,90.0,22.0,90.0,22.0,1,1,['Vermentino'],Italy,Sicily & Sardinia,['Vermentino di Gallura']
11544,Janny,81.0,15.0,81.0,15.0,1,1,['Pinot Noir'],France,Burgundy,['Bourgogne']
11545,Jansz,89.8,30.8,89.5,27.0,8,1,['Sparkling Blend'],Australia,Tasmania,['Tasmania']
11546,Januik,92.0,45.0,92.0,45.0,1,1,['Cabernet Sauvignon'],US,Oregon,"['Walla Walla Valley (OR)', 'Oregon Other']"
11547,Januik,90.8,36.2,91.0,35.0,90,12,"['Cabernet Sauvignon', 'Chardonnay', 'Cabernet Franc', 'Riesling', 'Merlot', 'Bordeaux-style Red Blend', 'Syrah', 'Petite Verdot', 'Red Blend', 'Petit Verdot', 'Malbec', 'Sauvignon Blanc']",US,Washington,"['Horse Heaven Hills', 'Columbia Valley']"
11548,Januik Winery,89.8,31.2,90.0,30.0,13,5,"['Syrah', 'Chardonnay', 'Cabernet Sauvignon', 'Petit Verdot', 'Merlot']",US,Washington,"['Columbia Valley (WA)', 'Columbia Valley']"
11549,Janzen,91.5,104.9,92.0,100.0,31,1,['Cabernet Sauvignon'],US,California,"['Napa Valley', 'Napa']"
11550,Jané Ventura,88.0,16.0,88.0,16.0,2,2,"['White Blend', 'Sparkling Blend']",Spain,Catalonia,['Penedès']
11551,Jardin,88.8,25.7,89.0,20.0,28,10,"['Syrah', 'Bordeaux-style Red Blend', 'Chenin Blanc', 'Chardonnay', 'Cabernet Sauvignon', 'Cabernet Sauvignon-Merlot', 'Sauvignon Blanc', 'Merlot', 'Fumé Blanc', 'White Blend']",South Africa,Stellenbosch,[]
11552,Jardín de Lúculo,85.4,10.2,87.0,9.0,5,3,"['Garnacha', 'Rosé', 'Rosado']",Spain,Northern Spain,['Navarra']
11553,Jargon,84.5,10.0,84.5,10.0,2,2,"['Chardonnay', 'Pinot Noir']",US,California,"['California', 'California Other']"
11554,Jarrero,84.0,16.0,84.0,16.0,1,1,['Red Blend'],Spain,Northern Spain,['Rioja']
11555,Jarvis,91.9,110.4,92.0,100.0,54,8,"['Chardonnay', 'Merlot', 'Bordeaux-style Red Blend', 'Tempranillo', 'Cabernet Sauvignon', 'Petit Verdot', 'Petite Verdot', 'Cabernet Franc']",US,California,"['Napa Valley', 'Napa']"
11556,Jasci,87.0,32.5,87.0,32.5,2,1,['Montepulciano'],Italy,Central Italy,['Terre di Chieti']
11557,Jasci & Marchesani,86.7,24.7,86.0,25.0,3,1,['Montepulciano'],Italy,Central Italy,"[""Montepulciano d'Abruzzo""]"
11558,Jason-Stephens,86.6,30.7,87.0,28.0,32,12,"['Syrah', 'Zinfandel', 'Malbec', 'Merlot', 'Meritage', 'Cabernet Sauvignon', 'Petite Verdot', 'Chardonnay', 'Cabernet Franc', 'Sauvignon Blanc', 'Mourvèdre', 'Rosé']",US,California,"['Santa Clara Valley', 'Central Coast']"
11559,Jasper,83.0,15.5,83.5,14.5,4,4,"['Seyval Blanc', 'White Blend', 'Rosé', 'Chancellor']",US,Iowa,['Iowa']
11560,Jasper Hill,90.6,89.7,91.0,85.0,11,4,"['Shiraz', 'Red Blend', 'Riesling', 'Grenache']",Australia,Victoria,['Heathcote']
11561,Jasper Sisco,90.0,27.0,90.0,27.0,2,2,"['Pinot Noir', 'Riesling']",US,Oregon,"['Willamette Valley', 'Willamette Valley']"
11562,Jaspi,89.0,19.8,89.0,20.0,5,2,"['Red Blend', 'White Blend']",Spain,Catalonia,['Montsant']
11563,Jaume Serra,84.2,10.7,85.0,10.0,11,2,"['Champagne Blend', 'Sparkling Blend']",Spain,Catalonia,['Penedès']
11564,Jaunegg,87.0,19.5,87.0,20.5,4,2,"['White Blend', 'Sauvignon Blanc']",Austria,Styria,[]
11565,Javadi,85.0,36.0,85.0,36.0,1,1,['Sangiovese'],US,California,"['Paso Robles', 'Central Coast']"
11566,Jawbone,89.0,30.0,89.0,30.0,1,1,['Pinot Noir'],New Zealand,Central Otago,[]
11567,Jawbone,89.3,27.3,90.0,24.0,3,3,"['Riesling', 'Pinot Noir', 'Sauvignon Blanc']",New Zealand,Marlborough,[]
11568,Jawbone,85.0,40.0,85.0,40.0,2,2,"['Syrah', 'Rosé']",US,California,"['Dry Creek Valley', 'Sonoma']"
11569,Jax,87.9,32.1,87.0,22.5,18,7,"['Red Blend', 'Chardonnay', 'Syrah', 'Sauvignon Blanc', 'Cabernet Sauvignon', 'Cabernet Franc', 'Pinot Noir']",US,California,"['Napa Valley', 'Napa']"
11570,Jaxon,88.8,28.6,89.0,28.0,17,8,"['Grenache', 'Syrah', 'Red Blend', 'Tempranillo-Garnacha', 'Tempranillo', 'G-S-M', 'Syrah-Grenache', 'Malbec']",US,Oregon,"['Rogue Valley', 'Southern Oregon']"
11571,Jaxon Keys,87.3,23.3,88.0,24.0,9,8,"['Sauvignon Blanc', 'Rhône-style Red Blend', 'Viognier', 'Cabernet Sauvignon', 'Zinfandel', 'Primitivo', 'Petite Sirah', 'Grenache']",US,California,"['Mendocino County', 'Mendocino/Lake Counties']"
11572,Jayson,90.3,55.0,91.0,50.0,3,2,"['Pinot Noir', 'Chardonnay']",US,California,"['Sonoma Coast', 'Sonoma']"
11573,Jean Albrecht,86.2,19.0,86.0,18.0,5,5,"['Sparkling Blend', 'Gewürztraminer', 'Riesling', 'Pinot Blanc', 'Pinot Gris']",France,Alsace,"[""Crémant d'Alsace""]"
11574,Jean Becker,87.0,,86.0,,13,5,"['Riesling', 'Sparkling Blend', 'Pinot Blanc', 'Pinot Gris', 'Gewürztraminer']",France,Alsace,['Alsace']
11575,Jean Berteau,87.3,15.3,89.0,15.0,3,2,"['Rhône-style White Blend', 'Rhône-style Red Blend']",France,Rhône Valley,['Côtes du Rhône']
11576,Jean Biecher & Fils,94.2,45.0,94.5,45.0,4,2,"['Alsace white blend', 'Riesling']",France,Alsace,['Alsace']
11577,Jean Curial,87.5,18.5,87.5,18.5,2,1,['Chardonnay'],France,Burgundy,['Saint-Véran']
11578,Jean Daneel,91.5,29.0,91.5,29.0,2,1,['Chenin Blanc'],South Africa,Western Cape,[]
11579,Jean Edwards,90.7,58.3,91.0,65.0,7,2,"['Cabernet Sauvignon', 'Petite Sirah']",US,California,"['Napa Valley', 'Napa']"
11580,Jean Josselin,86.9,36.9,87.0,35.0,9,3,"['Champagne Blend', 'Chardonnay', 'Pinot Noir']",France,Champagne,['Champagne']
11581,Jean Laurent,89.8,72.8,90.0,60.0,13,3,"['Champagne Blend', 'Chardonnay', 'Pinot Noir']",France,Champagne,['Champagne']
11582,Jean León,85.6,46.0,85.0,24.0,9,4,"['Chardonnay', 'Cabernet Sauvignon', 'Bordeaux-style Red Blend', 'Syrah']",Spain,Catalonia,['Penedès']
11583,Jean Loron,87.5,17.0,87.5,17.0,2,1,['Gamay'],France,Beaujolais,['Brouilly']
11584,Jean Manciat,89.5,27.5,89.5,27.5,2,1,['Chardonnay'],France,Burgundy,['Mâcon-Charnay']
11585,Jean Maréchal,84.5,29.0,84.5,29.0,2,2,"['Sauvignon Blanc', 'Rosé']",France,Loire Valley,['Sancerre']
11586,Jean Milan,90.6,71.3,91.0,65.0,14,2,"['Champagne Blend', 'Chardonnay']",France,Champagne,['Champagne']
11587,Jean Médeville et Fils,83.0,,83.0,,1,1,['Bordeaux-style White Blend'],France,Bordeaux,['Bordeaux Blanc']
11588,Jean Pabiot et Fils,90.0,24.0,90.0,24.0,3,1,['Sauvignon Blanc'],France,Loire Valley,['Pouilly-Fumé']
11589,Jean Perrier et Fils,87.2,17.0,87.0,17.0,6,3,"['Jacquère', 'Mondeuse', 'Altesse']",France,France Other,['Savoie']
11590,Jean Reverdy et Fils,87.6,24.0,87.0,24.0,7,3,"['Sauvignon Blanc', 'Rosé', 'Pinot Noir']",France,Loire Valley,['Sancerre']
11591,Jean Rijckaert,89.5,34.0,89.5,32.5,4,1,['Chardonnay'],France,Burgundy,['Pouilly-Fuissé']
11592,Jean Stodden,88.0,100.7,88.0,99.0,3,1,['Pinot Noir'],Germany,Ahr,[]
11593,Jean Taillefert,90.5,67.0,90.5,67.0,2,1,['Shiraz'],South Africa,Paarl,[]
11594,Jean de la Fontaine,91.0,63.3,91.0,60.0,3,1,['Champagne Blend'],France,Champagne,['Champagne']
11595,Jean-Baptiste Adam,88.9,33.5,89.0,27.0,73,7,"['Auxerrois', 'Riesling', 'Pinot Blanc', 'Gewürztraminer', 'Pinot Gris', 'Sparkling Blend', 'Pinot Noir']",France,Alsace,['Alsace']
11596,Jean-Baptiste Thibaut,87.0,,87.0,,2,1,['Chardonnay'],France,Burgundy,['Crémant de Bourgogne']
11597,Jean-Christophe Perraud,88.0,37.5,88.0,37.5,2,1,['Chardonnay'],France,Burgundy,['Mâcon La Roche Vineuse']
11598,Jean-Claude Boisset,90.2,77.5,91.0,67.0,32,2,"['Chardonnay', 'Pinot Noir']",France,Burgundy,['Bourgogne Hautes Côtes de Nuits']
11599,Jean-Claude Debeaune,85.5,11.0,85.0,11.0,14,1,['Gamay'],France,Beaujolais,['Beaujolais-Villages']
11600,Jean-Claude Debeaune,87.0,23.2,86.0,22.0,10,1,['Chardonnay'],France,Burgundy,['Pouilly-Fuissé']
11601,Jean-Claude Roux,88.0,19.0,88.0,19.0,1,1,['Sauvignon Blanc'],France,Loire Valley,['Quincy']
11602,Jean-Claude du Roure,90.0,,90.0,,1,1,['Chardonnay'],France,Burgundy,['Mâcon-Fuissé']
11603,Jean-Luc Baldès,87.0,15.0,87.0,15.0,1,1,['Malbec'],France,France Other,['Vin Mousseux']
11604,Jean-Luc Baldès,90.3,34.6,90.0,30.0,58,7,"['Malbec', 'Chardonnay-Viognier', 'Red Blend', 'Rosé', 'Viognier-Chardonnay', 'Malbec-Merlot', 'Chenin Blanc']",France,Southwest France,['Cahors']
11605,Jean-Luc Colombo,85.0,12.8,85.5,13.0,4,1,['Rosé'],France,France Other,['Vin de Pays de la Méditerranée']
11606,Jean-Luc Colombo,84.6,15.4,85.0,12.0,5,3,"['Viognier', 'Syrah', 'Muscat']",France,Languedoc-Roussillon,"[""Vin de Pays d'Oc""]"
11607,Jean-Luc Colombo,88.0,16.5,88.0,16.5,2,2,"['Rhône-style Red Blend', 'Rosé']",France,Provence,"[""Coteaux d'Aix-en-Provence""]"
11608,Jean-Luc Colombo,89.8,63.8,90.0,78.0,46,7,"['Syrah', 'Viognier', 'Rhône-style Red Blend', 'Rhône-style White Blend', 'Syrah-Viognier', 'Grenache-Syrah', 'Roussanne-Marsanne']",France,Rhône Valley,['Cornas']
11609,Jean-Luc Joillot,91.0,24.0,91.0,24.0,1,1,['Champagne Blend'],France,Burgundy,['Crémant de Bourgogne']
11610,Jean-Luc Mayard,88.0,40.0,88.0,40.0,1,1,['Rhône-style Red Blend'],France,Rhône Valley,['Châteauneuf-du-Pape']
11611,Jean-Luc and Paul Aegerter,85.5,20.0,85.5,20.0,2,1,['Gamay'],France,Beaujolais,['Moulin-à-Vent']
11612,Jean-Luc and Paul Aegerter,89.2,98.8,89.0,65.5,96,3,"['Chardonnay', 'Pinot Noir', 'Pinot Noir-Gamay']",France,Burgundy,['Puligny-Montrachet']
11613,Jean-Luc and Paul Aegerter,84.5,16.5,84.5,16.5,4,2,"['Pinot Noir', 'Chardonnay']",France,Languedoc-Roussillon,"[""Pays d'Oc""]"
11614,Jean-Luc and Paul Aegerter,85.8,13.8,86.0,13.0,4,1,['Rosé'],France,Provence,['Côtes de Provence']
11615,Jean-Marc Bernhard,89.7,24.0,90.0,19.0,33,6,"['Pinot Blanc', 'Riesling', 'Gewürztraminer', 'Pinot Noir', 'Pinot Gris', 'Sparkling Blend']",France,Alsace,['Alsace']
11616,Jean-Marc Brocard,90.9,38.3,92.0,30.0,34,2,"['Chardonnay', 'Sauvignon Blanc']",France,Burgundy,['Chablis']
11617,Jean-Marc Burgaud,85.0,19.0,85.0,19.0,3,2,"['Chardonnay', 'Gamay']",France,Beaujolais,['Beaujolais-Villages']
11618,Jean-Marie Chaland,87.0,29.5,87.0,29.5,2,1,['Chardonnay'],France,Burgundy,['Viré-Clessé']
11619,Jean-Marie Challand,86.0,29.0,86.0,30.0,5,1,['Chardonnay'],France,Burgundy,['Viré-Clessé']
11620,Jean-Maurice Raffault,88.8,17.6,89.0,16.0,6,1,['Cabernet Franc'],France,Loire Valley,['Chinon']
11621,Jean-Max Roger,88.4,25.4,88.0,26.0,16,3,"['Sauvignon Blanc', 'Rosé', 'Pinot Noir']",France,Loire Valley,['Sancerre']
11622,Jean-Michel Cazes,87.0,14.0,86.5,13.0,6,2,"['Bordeaux-style Red Blend', 'Sauvignon Blanc']",France,Bordeaux,['Bordeaux']
11623,Jean-Michel Dupré,90.6,27.4,90.0,25.0,5,1,['Gamay'],France,Beaujolais,['Beaujolais-Villages']
11624,Jean-Michel Sorbe,86.5,20.9,86.0,20.0,11,3,"['Sauvignon Blanc', 'Rosé', 'Pinot Noir']",France,Loire Valley,['Quincy']
11625,Jean-Noël Haton,89.0,58.8,88.5,57.5,10,2,"['Champagne Blend', 'Chardonnay']",France,Champagne,['Champagne']
11626,Jean-Paul Brun,89.1,23.0,88.0,27.0,7,2,"['Rosé', 'Gamay']",France,Beaujolais,['Beaujolais Rosé']
11627,Jean-Paul Paquet,87.6,23.2,88.0,23.5,7,1,['Chardonnay'],France,Burgundy,['Pouilly-Fuissé']
11628,Jean-Paul Picard,89.0,27.0,88.0,25.0,3,2,"['Pinot Noir', 'Sauvignon Blanc']",France,Loire Valley,['Sancerre']
11629,Jean-Paul Thevenet,91.0,30.0,91.0,30.0,1,1,['Gamay'],France,Beaujolais,['Morgon']
11630,Jean-Pierre Large,92.0,,92.0,,1,1,['Gamay'],France,Beaujolais,['Morgon']
11631,Jean-Pierre Moueix,86.0,21.0,86.0,21.0,2,1,['Bordeaux-style Red Blend'],France,Bordeaux,['Saint-Émilion']
11632,Jean-Pierre et Michel Auvigué,90.0,25.0,90.0,25.0,1,1,['Chardonnay'],France,Burgundy,['Pouilly-Fuissé']
11633,Jeaunaux-Robin,90.1,57.8,90.0,50.0,8,2,"['Champagne Blend', 'Pinot Meunier']",France,Champagne,['Champagne']
11634,Jed Wines,86.0,29.0,86.0,34.0,3,2,"['Malbec', 'Cabernet Franc']",Argentina,Mendoza Province,['Uco Valley']
11635,Jeeper,88.8,90.5,88.5,81.0,4,1,['Champagne Blend'],France,Champagne,['Champagne']
11636,Jeff Gordon,87.2,54.4,87.0,56.0,19,5,"['Cabernet Sauvignon', 'Pinot Noir', 'Chardonnay', 'Red Blend', 'Merlot']",US,California,"['Napa Valley', 'Napa']"
11637,Jefferson Vineyards,86.1,28.9,86.0,25.0,22,9,"['Meritage', 'Viognier', 'Petit Verdot', 'Chardonnay', 'Cabernet Franc', 'Merlot', 'Johannisberg Riesling', 'Pinot Gris', 'Bordeaux-style Red Blend']",US,Virginia,['Virginia']
11638,Jekel,85.0,14.5,85.0,15.0,38,7,"['Merlot', 'Riesling', 'Chardonnay', 'Cabernet Sauvignon', 'Pinot Noir', 'Syrah', 'Gewürztraminer']",US,California,"['Monterey', 'Central Coast']"
11639,Jelly Jar,87.6,22.0,87.0,24.0,5,2,"['Rosé', 'Zinfandel']",US,California,"['Lake County', 'Mendocino/Lake Counties']"
11640,Jellybean Wines,85.0,13.0,85.0,13.0,1,1,['Red Blend'],Spain,Catalonia,['Catalunya']
11641,Jellybean Wines,83.0,13.0,83.0,13.0,1,1,['Cabernet Sauvignon'],US,California,"['California', 'California Other']"
11642,Jenica Peak,82.2,9.8,82.0,10.0,9,5,"['Pinot Grigio', 'Merlot', 'Chardonnay', 'Cabernet Sauvignon', 'Pinot Noir']",US,California,"['California', 'California Other']"
11643,Jenke,88.2,23.0,89.0,25.0,5,4,"['Rosé', 'Shiraz', 'Chardonnay', 'Cabernet Sauvignon']",Australia,South Australia,['Barossa']
11644,Jenkyn Place Vineyard,90.5,85.0,90.5,85.0,2,1,['Sparkling Blend'],England,England,[]
11645,Jenner,86.5,21.5,86.5,21.5,2,2,"['Chardonnay', 'Pinot Noir']",US,California,"['Sonoma Coast', 'Sonoma']"
11646,Jepson,85.0,16.2,84.0,16.5,4,4,"['Syrah', 'Sauvignon Blanc', 'Chardonnay', 'Champagne Blend']",US,California,"['Mendocino', 'Mendocino/Lake Counties']"
11647,Jericho Canyon Vineyard,87.6,46.6,88.0,40.0,5,3,"['Sauvignon Blanc', 'Cabernet Sauvignon', 'Rosé']",US,California,"['Napa Valley', 'Napa']"
11648,Jeriko,87.8,35.8,87.0,33.0,13,4,"['Chardonnay', 'Sauvignon Blanc', 'Pinot Noir', 'Rosé']",US,California,"['Mendocino County', 'Mendocino/Lake Counties']"
11649,Jermann,89.4,48.7,89.5,39.0,24,7,"['Sauvignon', 'White Blend', 'Chardonnay', 'Riesling', 'Pinot Grigio', 'Pinot Bianco', 'Ribolla Gialla']",Italy,Northeastern Italy,['Venezia Giulia']
11650,Jerusalem Wineries,91.2,19.6,92.0,17.0,5,2,"['Cabernet Sauvignon', 'Shiraz']",Israel,Judean Hills,[]
11651,Jerusalem Wineries,89.0,18.0,89.0,18.0,1,1,['Marselan'],Israel,Shomron,[]
11652,Jessie's Grove,89.0,36.5,89.0,38.5,4,2,"['Zinfandel', 'Red Blend']",US,California,"['Lodi', 'Central Valley']"
11653,Jessup Cellars,91.0,39.0,91.0,39.0,1,1,['Cabernet Sauvignon'],US,California,"['Napa Valley', 'Napa']"
11654,Jettlynn,87.5,32.5,89.0,32.5,4,3,"['Red Blend', 'Petite Sirah', 'Merlot']",US,California,"['Paso Robles', 'Central Coast']"
11655,Jeunesse,83.0,13.0,83.0,13.0,1,1,['Cabernet Sauvignon'],US,California,"['California', 'California Other']"
11656,Jewel,84.7,10.0,85.0,10.0,6,5,"['Viognier', 'Petite Sirah', 'Chardonnay', 'Cabernet Sauvignon', 'Zinfandel']",US,California,"['California', 'California Other']"
11657,Jewelry Box,84.5,28.0,84.5,28.0,2,2,"['Pinot Grigio', 'Chardonnay']",US,California,"['Central Coast', 'Central Coast']"
11658,Jezebel,88.4,16.2,88.0,18.0,8,3,"['White Blend', 'Syrah', 'Pinot Noir']",US,Oregon,"['Oregon', 'Oregon Other']"
11659,Jezreel,88.0,29.0,88.0,29.0,2,2,"['White Blend', 'Syrah']",Israel,Galil,[]
11660,Jezreel,90.0,25.0,90.0,25.0,2,2,"['Red Blend', 'Rosé']",Israel,Israel,[]
11661,Jezreel,88.0,20.0,88.0,20.0,1,1,['Chardonnay'],Israel,Judean Hills,[]
11662,Jezreel,91.5,44.0,91.5,44.0,2,2,"['Argaman', 'Carignan']",Israel,Samson,[]
11663,Jidvei,86.0,12.0,85.0,10.0,3,3,"['Sauvignon Blanc', 'Chardonnay', 'Pinot Grigio']",Romania,Jidvei,[]
11664,Jidvei,85.2,8.0,85.0,8.0,5,5,"['Gewürztraminer', 'Riesling', 'Moscato', 'Sauvignon Blanc', 'White Blend']",Romania,Tarnave,[]
11665,Jigar,86.2,26.2,87.0,24.0,10,6,"['Cabernet Sauvignon', 'Red Blend', 'Chardonnay', 'Syrah-Petite Sirah', 'Pinot Noir', 'Zinfandel']",US,California,"['Sonoma County', 'Sonoma']"
11666,Jigsaw,85.0,20.0,85.0,20.0,1,1,['Pinot Noir'],US,Oregon,"['Oregon', 'Oregon Other']"
11667,Jim Ball,87.3,51.7,87.0,50.0,3,1,['Pinot Noir'],US,California,"['Anderson Valley', 'Mendocino/Lake Counties']"
11668,Jim Barry,89.9,41.0,90.0,20.0,28,6,"['Cabernet Sauvignon', 'Shiraz', 'Riesling', 'Bordeaux-style Red Blend', 'Shiraz-Cabernet Sauvignon', 'Red Blend']",Australia,South Australia,['Clare Valley']
11669,Jim Palmer,88.0,65.0,88.0,65.0,1,1,['Pinot Noir'],US,California,"['California', 'California Other']"
11670,Jindalee,83.7,9.3,84.0,10.0,6,4,"['Shiraz', 'Sauvignon Blanc', 'Chardonnay', 'Rosé']",Australia,Australia Other,['South Eastern Australia']
11671,Jinks Creek,86.7,30.3,87.0,30.0,3,2,"['Shiraz', 'Sauvignon Blanc']",Australia,Victoria,['Gippsland']
11672,Jip Jip Rocks,86.0,18.7,85.5,19.0,6,4,"['Shiraz', 'Chardonnay', 'Shiraz-Cabernet', 'Sparkling Blend']",Australia,South Australia,['Padthaway']
11673,Joan D'Anguera,89.8,49.0,89.5,45.5,4,1,['Red Blend'],Spain,Catalonia,['Montsant']
11674,Joan Simó,92.1,64.6,92.0,66.0,8,1,['Red Blend'],Spain,Catalonia,['Priorat']
11675,Joanne Weir,87.5,36.0,87.5,36.0,2,2,"['Cabernet Sauvignon', 'Chardonnay']",US,California,"['Napa Valley', 'Napa']"
11676,Joaquín Gálvez Bauzá,85.0,42.0,85.0,42.0,1,1,['Red Blend'],Spain,Levante,['Alicante']
11677,Jocelyn,85.0,32.0,85.0,32.0,1,1,['Cabernet Sauvignon'],US,California,"['Napa Valley', 'Napa']"
11678,Jodar,85.2,30.0,85.0,30.5,4,4,"['Cabernet Sauvignon', 'Red Blend', 'Barbera', 'Petite Sirah']",US,California,"['El Dorado', 'Sierra Foothills']"
11679,Joel Gott,88.8,27.0,88.5,18.0,12,4,"['Chardonnay', 'Cabernet Sauvignon', 'Zinfandel', 'Sauvignon Blanc']",US,California,"['Monterey', 'Central Coast']"
11680,Joel Gott,87.0,18.0,87.0,18.0,1,1,['Pinot Gris'],US,Oregon,"['Willamette Valley', 'Willamette Valley']"
11681,Joey Tensley,92.0,18.0,92.0,18.0,1,1,['Rhône-style Red Blend'],US,California,"['Central Coast', 'Central Coast']"
11682,Joffré e Hijas,84.0,24.4,83.0,21.0,5,3,"['Malbec', 'Merlot', 'Cabernet Sauvignon']",Argentina,Mendoza Province,['Mendoza']
11683,Joh. Haart,88.6,22.6,89.0,23.0,5,1,['Riesling'],Germany,Mosel-Saar-Ruwer,[]
11684,Joh. Jos. Christoffel,91.0,,91.0,,2,1,['Riesling'],Germany,Mosel,[]
11685,Joh. Jos. Prüm,92.0,50.0,92.0,49.5,39,1,['Riesling'],Germany,Mosel,[]
11686,Joh. Jos. Prüm,92.9,65.8,94.0,47.0,11,1,['Riesling'],Germany,Mosel-Saar-Ruwer,[]
11687,Johan,86.3,33.7,86.0,28.0,3,2,"['Pinot Noir', 'Grüner Veltliner']",US,Oregon,"['Willamette Valley', 'Willamette Valley']"
11688,Johan Joubert,91.0,,91.0,,2,2,"['Cabernet Sauvignon', 'Chenin Blanc']",South Africa,Stellenbosch,[]
11689,Johan Vineyards,86.3,26.3,88.0,27.0,3,2,"['Pinot Noir', 'Pinot Gris']",US,Oregon,"['Willamette Valley', 'Willamette Valley']"
11690,Johann Donabaum,90.0,30.2,91.0,25.5,10,2,"['Riesling', 'Grüner Veltliner']",Austria,Wachau,[]
11691,Johann Falkenburg,86.2,10.4,86.0,10.0,5,1,['Riesling'],Germany,Mosel,[]
11692,Johann Falkenburg,87.5,11.0,87.5,11.0,2,1,['Riesling'],Germany,Rheinhessen,[]
11693,Johann Haart,89.3,27.0,90.0,19.0,3,1,['Riesling'],Germany,Mosel-Saar-Ruwer,[]
11694,Johann Heinrich,88.0,20.0,88.0,20.0,1,1,['Red Blend'],Austria,Austria,[]
11695,Johann Heinrich,89.5,33.6,89.5,24.0,22,5,"['Blaufränkisch', 'Red Blend', 'Merlot-Cabernet Sauvignon', 'Austrian Red Blend', 'Zweigelt']",Austria,Burgenland,[]
11696,Johann Heinrich,90.0,32.7,90.0,30.0,7,2,"['Blaufränkisch', 'Red Blend']",Austria,Mittelburgenland,[]
11697,Johann Schwarz,89.0,45.0,89.0,45.0,1,1,['White Blend'],Austria,Neusiedlersee,[]
11698,Johannes Deppisch,86.5,17.0,86.5,17.0,2,1,['Rivaner'],Germany,Baden,[]
11699,Johannes Kunz,87.0,6.0,87.0,6.0,1,1,['Riesling'],Germany,Mosel,[]
11700,Johanneshof Reinisch,90.3,38.8,90.0,38.5,59,6,"['St. Laurent', 'Pinot Noir', 'Zweigelt', 'Rotgipfler', 'Zierfandler', 'Austrian white blend']",Austria,Thermenregion,[]
11701,Johannishof,90.2,43.8,90.0,40.0,44,1,['Riesling'],Germany,Rheingau,[]
11702,John Anthony,91.5,39.4,92.0,40.5,8,3,"['Syrah', 'Cabernet Sauvignon', 'Sauvignon Blanc']",US,California,"['Napa Valley', 'Napa']"
11703,John Duval Wines,91.7,55.8,92.0,40.0,24,5,"['Shiraz', 'Rhône-style Red Blend', 'G-S-M', 'Rhône-style White Blend', 'Grenache']",Australia,South Australia,['Barossa']
11704,John Forrest Collection,92.0,,92.0,,1,1,['Pinot Noir'],New Zealand,Waitaki Valley,[]
11705,John Robert Eppler,84.0,65.0,84.0,65.0,1,1,['Cabernet Sauvignon'],US,California,"['Rutherford', 'Napa']"
11706,John Tyler,87.6,42.7,88.0,42.0,9,3,"['Pinot Noir', 'Zinfandel', 'Petite Sirah']",US,California,"['Russian River Valley', 'Sonoma']"
11707,John's Blend,92.5,50.0,92.5,50.0,2,2,"['Shiraz', 'Cabernet Sauvignon']",Australia,South Australia,['South Australia']
11708,Johndrow Vineyards,91.0,26.0,91.0,26.0,2,2,"['Cabernet Sauvignon', 'Sauvignon Blanc']",US,California,"['Napa Valley', 'Napa']"
11709,Johnson Estate,85.0,26.5,85.0,26.5,2,2,"['Traminette', 'Chambourcin']",US,New York,"['Lake Erie', 'Finger Lakes']"
11710,Joie,89.0,22.0,89.0,22.0,1,1,['White Blend'],Canada,British Columbia,['Okanagan Valley']
11711,Joleté,88.7,23.7,88.0,25.0,3,2,"['Cabernet Sauvignon', 'Riesling']",US,California,"['Dry Creek Valley', 'Sonoma']"
11712,Joleté,88.2,24.8,88.0,25.0,6,2,"['Pinot Noir', 'Pinot Gris']",US,Oregon,"['Willamette Valley', 'Willamette Valley']"
11713,Joleté,87.0,30.0,87.0,30.0,1,1,['Cabernet Sauvignon'],US,Washington,"['Walla Walla Valley (WA)', 'Columbia Valley']"
11714,Joliesse,85.0,9.0,85.0,9.0,1,1,['Shiraz'],US,California,"['California', 'California Other']"
11715,Jon Nathaniel,83.0,50.0,83.0,50.0,1,1,['Red Blend'],US,California,"['Napa Valley', 'Napa']"
11716,Jonata,94.2,106.2,94.5,125.0,4,3,"['Bordeaux-style Red Blend', 'Rhône-style Red Blend', 'Red Blend']",US,California,"['Santa Ynez Valley', 'Central Coast']"
11717,Jones Family,91.3,73.3,90.0,75.0,3,1,['Cabernet Sauvignon'],US,California,"['Napa Valley', 'Napa']"
11718,Jones of Washington,87.0,15.4,87.0,15.0,25,8,"['Riesling', 'Pinot Gris', 'Sauvignon Blanc', 'Viognier', 'Merlot', 'Cabernet Sauvignon', 'Chardonnay', 'Cabernet Franc']",US,Washington,"['Columbia Valley (WA)', 'Columbia Valley']"
11719,Jones von Drehle,81.0,18.0,81.0,18.0,1,1,['Rosé'],US,North Carolina,['Yadkin Valley']
11720,Jonquille,87.0,26.0,87.0,26.0,1,1,['Red Blend'],US,California,"['Carmel Valley', 'Central Coast']"
11721,Jorche,86.0,29.3,86.5,32.0,4,2,"['Primitivo', 'Negroamaro']",Italy,Southern Italy,['Primitivo del Salento']
11722,Jordan,88.9,41.2,90.0,38.5,16,2,"['Cabernet Sauvignon', 'Chardonnay']",US,California,"['Alexander Valley', 'Sonoma']"
11723,Jordan Stellenbosch,90.8,,90.5,,4,2,"['Bordeaux-style Red Blend', 'Chardonnay']",South Africa,Stellenbosch,[]
11724,Jordi Miró,83.5,20.2,82.5,21.0,4,2,"['Red Blend', 'Garnacha']",Spain,Catalonia,['Terra Alta']
11725,Jorge Ordoñez & Co.,88.4,20.1,88.0,18.0,7,2,"['Muscat', 'Moscatel']",Spain,Andalucia,['Málaga']
11726,Jorge Ordóñez & Co.,89.3,38.3,90.0,19.0,14,4,"['Moscatel', 'Muscat', 'Moscato', 'Muscat of Alexandria']",Spain,Andalucia,[]
11727,Jorian Hill,87.8,29.4,87.0,30.0,10,5,"['Viognier', 'Rosé', 'Syrah', 'G-S-M', 'Rhône-style Red Blend']",US,California,"['Santa Ynez Valley', 'Central Coast']"
11728,Jose Maria Vieira,87.0,8.5,87.0,8.5,2,1,['Portuguese Red'],Portugal,Douro,[]
11729,Josef Bauer,91.0,16.3,92.0,17.0,3,1,['Grüner Veltliner'],Austria,Wagram,[]
11730,Josef Brigl,86.5,13.0,86.5,13.0,2,1,['Pinot Grigio'],Italy,Northeastern Italy,['Alto Adige']
11731,Josef Brigl,86.0,14.0,86.0,14.0,1,1,['Pinot Grigio'],Italy,Veneto,['Valdadige']
11732,Josef Chromy,87.8,34.5,87.0,33.5,4,1,['Pinot Noir'],Australia,Tasmania,['Tasmania']
11733,Josef Ehmoser,87.9,19.7,88.0,22.0,7,3,"['Grüner Veltliner', 'Pinot Blanc', 'Riesling']",Austria,Donauland,[]
11734,Josef Ehmoser,89.0,20.0,89.0,20.0,1,1,['Riesling'],Austria,Niederösterreich,[]
11735,Josef Ehmoser,90.0,20.8,90.0,21.5,4,2,"['Grüner Veltliner', 'Riesling']",Austria,Wagram,[]
11736,Josef Ehmoser,89.0,23.1,89.0,21.0,15,3,"['Grüner Veltliner', 'Weissburgunder', 'Riesling']",Austria,Wagram-Donauland,[]
11737,Josef Fritz,88.0,,88.0,,2,1,['Grüner Veltliner'],Austria,Wagram-Donauland,[]
11738,Josef Jamek,92.0,44.3,92.0,36.0,19,3,"['Riesling', 'Grüner Veltliner', 'Weissburgunder']",Austria,Wachau,[]
11739,Josef Leitz,89.0,15.0,89.0,15.0,2,1,['Riesling'],Germany,Rheingau,[]
11740,Josef Niedermayr,86.0,25.0,86.0,25.0,1,1,['Sauvignon'],Italy,Northeastern Italy,['Alto Adige']
11741,Josef Pöckl,85.7,25.7,84.0,22.0,3,2,"['Zweigelt', 'Austrian Red Blend']",Austria,Burgenland,[]
11742,Josef Rosch,86.2,23.2,86.5,22.0,4,1,['Riesling'],Germany,Mosel,[]
11743,Josef Rosch,87.0,33.0,87.0,33.0,1,1,['Riesling'],Germany,Mosel-Saar-Ruwer,[]
11744,Josef Schmid,91.5,30.7,92.0,30.0,8,2,"['Riesling', 'Grüner Veltliner']",Austria,Kremstal,[]
11745,Josef Schmid,90.0,18.0,90.0,18.0,1,1,['Grüner Veltliner'],Austria,Niederösterreich,[]
11746,Josef Weger,87.5,38.0,87.5,38.0,2,1,['White Blend'],Italy,Italy Other,['Vino da Tavola']
11747,Josef Weger,87.6,24.3,88.0,22.0,13,7,"['Pinot Nero', 'Lagrein', 'Rosé', 'Pinot Grigio', 'Pinot Bianco', 'Merlot', 'Gewürztraminer']",Italy,Northeastern Italy,['Alto Adige']
11748,Josep Grau Viticultor,86.0,28.0,87.0,23.5,4,1,['Red Blend'],Spain,Catalonia,['Montsant']
11749,Joseph,88.7,39.7,90.0,48.0,3,3,"['Cabernet Sauvignon-Merlot', 'Shiraz', 'Pinot Grigio']",Australia,South Australia,['McLaren Vale']
11750,Joseph Balland-Chapuis,87.0,15.0,87.0,15.0,1,1,['Sauvignon Blanc'],France,Loire Valley,['Sancerre']
11751,Joseph Burrier,87.5,,88.0,,6,1,['Chardonnay'],France,Burgundy,['Pouilly-Fuissé']
11752,Joseph Carr,89.4,24.1,90.0,20.0,15,5,"['Cabernet Sauvignon', 'Sauvignon Blanc', 'Chardonnay', 'Merlot', 'Red Blend']",US,California,"['Napa Valley', 'Napa']"
11753,Joseph Cattin,89.3,27.4,89.5,25.0,56,7,"['Pinot Noir', 'Pinot Gris', 'Pinot Blanc', 'Gewürztraminer', 'Riesling', 'Muscat', 'Sparkling Blend']",France,Alsace,['Alsace']
11754,Joseph Cellars,88.9,57.0,88.0,55.0,7,5,"['Petit Verdot', 'Cabernet Sauvignon', 'Chardonnay', 'Merlot', 'Pinot Noir']",US,California,"['Napa Valley', 'Napa']"
11755,Joseph Drouhin,88.2,19.4,88.5,22.0,12,1,['Gamay'],France,Beaujolais,['Beaujolais']
11756,Joseph Drouhin,90.3,79.2,90.0,51.0,144,3,"['Pinot Noir-Gamay', 'Chardonnay', 'Pinot Noir']",France,Burgundy,['Coteaux Bourguignons']
11757,Joseph Faiveley,88.7,68.1,89.5,70.0,22,2,"['Chardonnay', 'Pinot Noir']",France,Burgundy,['Puligny-Montrachet']
11758,Joseph Family,88.7,37.3,88.0,36.0,3,1,['Cabernet Sauvignon'],US,California,"['Alexander Valley', 'Sonoma']"
11759,Joseph Filippi,88.8,25.8,89.0,27.0,4,4,"['Zinfandel', 'Red Blend', 'Sherry', 'Chenin Blanc']",US,California,"['Cucamonga Valley', 'South Coast']"
11760,Joseph Fritsch,88.8,20.3,88.5,19.0,24,4,"['Riesling', 'Gewürztraminer', 'Pinot Blanc', 'Pinot Gris']",France,Alsace,['Alsace']
11761,Joseph Jewell,90.5,39.4,91.0,39.0,27,3,"['Pinot Noir', 'Zinfandel', 'Sauvignon Blanc']",US,California,"['Humboldt County', 'North Coast']"
11762,Joseph Mellot,87.7,30.7,87.0,26.0,63,5,"['Sauvignon Blanc', 'Pinot Noir-Gamay', 'Pinot Noir', 'Rosé', 'Cabernet Franc']",France,Loire Valley,['Sancerre']
11763,Joseph Perrier,90.3,75.5,89.0,60.0,19,3,"['Champagne Blend', 'Chardonnay', 'Pinot Noir']",France,Champagne,['Champagne']
11764,Joseph Phelps,92.0,86.4,93.0,55.0,76,12,"['Chardonnay', 'Pinot Noir', 'Syrah', 'Cabernet Sauvignon', 'Scheurebe', 'Bordeaux-style Red Blend', 'Sauvignon Blanc', 'Red Blend', 'Rhône-style Red Blend', 'White Blend', 'Viognier', 'Merlot']",US,California,"['Sonoma Coast', 'Sonoma']"
11765,Joseph Soggé,89.0,38.0,89.0,38.0,1,1,['Pinot Noir'],US,California,"['Russian River Valley', 'Sonoma']"
11766,Joseph Swan Vineyards,90.7,33.4,91.0,32.0,82,12,"['Syrah', 'Chardonnay', 'Pinot Noir', 'Petite Sirah', 'Pinot Gris', 'Zinfandel', 'Gewürztraminer', 'Viognier', 'Tannat', 'Roussanne-Marsanne', 'Marsanne-Roussanne', 'Grenache Blanc']",US,California,"['Russian River Valley', 'Sonoma']"
11767,Josetta Saffirio,90.2,69.7,88.0,70.0,9,1,['Nebbiolo'],Italy,Piedmont,['Barolo']
11768,Josh Cellars,86.6,15.0,87.0,15.0,17,8,"['Sauvignon Blanc', 'Cabernet Sauvignon', 'Chardonnay', 'Red Blend', 'Zinfandel', 'Rosé', 'Pinot Noir', 'Merlot']",US,California,"['Sonoma County', 'Sonoma']"
11769,Josmeyer,88.9,33.6,89.0,32.0,31,7,"['Pinot Auxerrois', 'Pinot Blanc', 'Alsace white blend', 'Riesling', 'Pinot Gris', 'White Blend', 'Gewürztraminer']",France,Alsace,['Alsace']
11770,José Dhondt,91.5,57.5,91.5,57.5,2,1,['Chardonnay'],France,Champagne,['Champagne']
11771,José Maria da Fonseca,90.4,17.3,89.0,16.0,7,1,['Portuguese Red'],Portugal,Alentejano,[]
11772,José Maria da Fonseca,91.3,25.6,91.0,17.0,11,1,['Portuguese Red'],Portugal,Douro,[]
11773,José Maria da Fonseca,90.5,13.0,90.5,13.0,2,1,['Moscatel'],Portugal,Moscatel de Setúbal,[]
11774,José Maria da Fonseca,87.1,15.5,87.0,13.5,24,6,"['Rosé', 'Portuguese Red', 'Moscatel Roxo', 'Verdelho', 'Portuguese White', 'Touriga Nacional Blend']",Portugal,Península de Setúbal,[]
11775,José Maria da Fonseca,87.5,13.6,87.0,15.0,10,4,"['Portuguese Red', 'Moscatel Roxo', 'Verdelho', 'Portuguese White']",Portugal,Setubal,[]
11776,José Maria da Fonseca,81.0,8.0,81.0,8.0,1,1,['Portuguese Red'],Portugal,Table wine,[]
11777,José Maria da Fonseca,87.4,13.5,86.0,10.5,7,3,"['Portuguese Red', 'Portuguese White', 'Touriga Nacional Blend']",Portugal,Terras do Sado,[]
11778,José Maria da Fonseca,85.0,8.2,85.0,8.0,6,1,['Portuguese White'],Portugal,Vinho Verde,[]
11779,José Pariente,86.3,23.0,86.0,23.0,3,1,['Verdejo'],Spain,Northern Spain,['Rueda']
11780,Joubert-Tradauw,90.0,40.0,90.0,40.0,1,1,['Syrah'],South Africa,Tradouw,[]
11781,Joullian,87.1,29.2,88.0,30.0,47,10,"['Syrah', 'Cabernet Sauvignon', 'Cabernet Franc', 'Chardonnay', 'Sauvignon Blanc', 'Zinfandel', 'Merlot', 'Muscat Hamburg', 'Red Blend', 'Sémillon']",US,California,"['Carmel Valley', 'Central Coast']"
11782,Jourdan & Pichard,86.0,20.0,86.0,20.0,1,1,['Rosé'],France,Loire Valley,['Chinon']
11783,Jovino,86.8,17.8,87.0,17.5,4,2,"['Pinot Noir', 'Pinot Gris']",US,Oregon,"['Oregon', 'Oregon Other']"
11784,Joyce,89.9,30.8,90.0,25.0,15,8,"['Grenache', 'Rosé', 'Chardonnay', 'Syrah', 'Riesling', 'Pinot Noir', 'Cabernet Sauvignon', 'Merlot']",US,California,"['Arroyo Seco', 'Central Coast']"
11785,Joyful Noise,87.0,38.0,87.0,38.0,1,1,['Pinot Noir'],US,Oregon,['Willamette Valley']
11786,João Pires,86.2,11.0,86.5,11.5,4,1,['Muscat'],Portugal,Terras do Sado,[]
11787,João Teodosio Matos Barbosa,87.0,17.0,88.0,17.0,3,2,"['Portuguese Red', 'Portuguese White']",Portugal,Tejo,[]
11788,Juan Carlos Sancha,82.5,38.0,82.5,39.0,4,2,"['Maturana', 'Tempranillo Blanco']",Spain,Northern Spain,['Rioja']
11789,Juan Gil,86.0,14.0,86.0,11.0,15,3,"['Monastrell', 'Muscat', 'Red Blend']",Spain,Levante,['Jumilla']
11790,Juan de Juanes,88.0,12.0,88.0,12.0,1,1,['Red Blend'],Spain,Levante,['Valencia']
11791,Judd,85.0,26.0,85.0,26.0,2,2,"['Petite Sirah', 'Syrah']",US,California,"['California', 'California Other']"
11792,Judd's Hill,88.6,45.9,88.0,42.0,27,11,"['Cabernet Blend', 'Cabernet Sauvignon', 'Chardonnay', 'Merlot', 'Petite Sirah', 'Pinot Noir', 'Charbono', 'Sauvignon Blanc', 'Roussanne', 'Meritage', 'Viognier']",US,California,"['Napa Valley', 'Napa']"
11793,Judeka,89.0,18.0,89.0,18.0,3,3,"['Frappato', 'Red Blend', ""Nero d'Avola""]",Italy,Sicily & Sardinia,['Vittoria']
11794,Judge Palmer,90.1,74.1,90.0,55.0,7,3,"['Sauvignon Blanc', 'Cabernet Sauvignon', 'Malbec']",US,California,"['Alexander Valley', 'Sonoma']"
11795,Judith Beck,89.3,38.9,89.0,37.0,27,8,"['Zweigelt', 'St. Laurent', 'Austrian Red Blend', 'Blaufränkisch', 'Pinot Noir', 'Neuburger', 'Weissburgunder', 'Chardonnay']",Austria,Burgenland,[]
11796,Judith Beck,91.0,,91.0,,1,1,['Austrian Red Blend'],Austria,Weinland Österreich,[]
11797,Judson Hale Winery,88.0,30.0,88.0,30.0,5,2,"['Pinot Noir', 'Chardonnay']",US,California,"['Yorkville Highlands', 'North Coast']"
11798,Jules,86.3,20.7,86.0,19.0,3,3,"['Rhône-style Red Blend', 'Cabernet Sauvignon', 'Rosé']",France,Provence,['Côtes de Provence']
11799,Jules Taylor,89.1,19.7,89.0,20.0,15,4,"['Pinot Noir', 'Pinot Gris', 'Sauvignon Blanc', 'Grüner Veltliner']",New Zealand,Marlborough,[]
11800,Julia James,89.0,15.0,89.0,15.0,1,1,['Pinot Noir'],US,California,"['California', 'California Other']"
11801,Julia Kemper Wines,88.8,25.2,88.0,22.0,5,3,"['Portuguese White', 'Touriga Nacional', 'Portuguese Red']",Portugal,Dão,[]
11802,Julia's Dazzle,88.6,16.6,88.0,16.0,5,3,"['Rosé', 'Pinot Grigio', 'Pinot Gris']",US,Washington,"['Horse Heaven Hills', 'Columbia Valley']"
11803,Julian Reynolds,88.5,44.0,88.0,34.0,10,2,"['Portuguese Red', 'Portuguese White']",Portugal,Alentejano,[]
11804,Julien Braud,87.5,,87.5,,2,1,['Melon'],France,Loire Valley,['Muscadet Sèvre et Maine']
11805,Julien Schaal,94.8,32.5,95.0,30.0,4,1,['Riesling'],France,Alsace,['Alsace']
11806,Juliet,86.0,50.0,86.0,50.0,1,1,['Cabernet Sauvignon'],US,California,"['Napa Valley', 'Napa']"
11807,Julietta,88.4,46.4,88.0,44.0,5,3,"['Cabernet Sauvignon', 'Chenin Blanc', 'Rosé']",US,California,"['Rutherford', 'Napa']"
11808,Juliusspital,82.3,23.7,82.0,25.0,3,1,['Silvaner'],Germany,Franken,[]
11809,Juniper,87.0,25.0,87.0,20.0,3,3,"['Shiraz', 'Cabernet Sauvignon', 'Semillon-Sauvignon Blanc']",Australia,Western Australia,['Margaret River']
11810,Juno,88.0,16.0,88.0,16.0,2,2,"['Chardonnay-Viognier', 'Shiraz-Mourvèdre']",South Africa,Coastal Region,[]
11811,Juno,85.7,10.0,85.0,10.0,3,3,"['Shiraz', 'Sauvignon Blanc', 'Pinotage']",South Africa,Robertson,[]
11812,Juno,86.4,10.6,87.0,10.0,9,7,"['Shiraz', 'White Blend', 'Red Blend', 'Chenin Blanc', 'Sauvignon Blanc', 'Chardonnay', 'Rosé']",South Africa,Western Cape,[]
11813,Junta,85.7,14.0,85.0,12.0,3,3,"['Sémillon', 'Pinot Noir', 'White Blend']",Chile,Central Valley,[]
11814,Junta,86.5,16.7,86.0,15.0,15,8,"['White Blend', 'Cabernet Sauvignon', 'Carmenère', 'Malbec', 'Sauvignon Blanc', 'Red Blend', 'Petit Verdot', 'Cabernet Franc']",Chile,Curicó Valley,[]
11815,Junta,83.0,11.0,83.0,11.0,1,1,['Pinot Noir'],Chile,Itata Valley,[]
11816,Juris,88.6,29.7,88.0,25.0,14,3,"['St. Laurent', 'Pinot Noir', 'Zweigelt']",Austria,Burgenland,[]
11817,Juris,90.0,89.0,90.0,89.0,1,1,['Austrian Red Blend'],Austria,Weinland Österreich,[]
11818,Jurtschitsch,91.3,37.7,92.0,34.0,28,3,"['Grüner Veltliner', 'Riesling', 'Zweigelt']",Austria,Kamptal,[]
11819,Jurtschitsch,89.0,14.5,89.0,14.5,2,1,['Grüner Veltliner'],Austria,Niederösterreich,[]
11820,Juslyn Vineyards,87.5,78.3,87.0,80.0,15,4,"['Cabernet Sauvignon', 'Bordeaux-style Red Blend', 'Sauvignon Blanc', 'Cabernet Blend']",US,California,['Napa']
11821,JustNat,83.5,28.5,83.5,28.5,2,2,"['Cabernet Sauvignon', 'Chardonnay']",US,California,"['Dry Creek Valley', 'Sonoma']"
11822,Justin,89.1,47.0,88.0,45.0,55,16,"['Bordeaux-style Red Blend', 'Red Blend', 'Rosé', 'Cabernet Sauvignon', 'Chardonnay', 'Sauvignon Blanc', 'Viognier', 'Syrah-Cabernet', 'Cabernet', 'Rhône-style Red Blend', 'Tempranillo', 'Port', 'Cabernet Franc-Merlot', 'Merlot', 'Syrah', 'Syrah-Cabernet Sauvignon']",US,California,"['Paso Robles', 'Central Coast']"
11823,Juvé y Camps,87.2,22.0,87.0,17.0,34,6,"['Sparkling Blend', 'Pinot Noir', 'White Blend', 'Xarel-lo', 'Champagne Blend', 'Cabernet Sauvignon']",Spain,Catalonia,['Cava']
11824,Juxtapoz,86.0,25.0,86.0,25.0,1,1,['Red Blend'],US,California,"['North Coast', 'North Coast']"
11825,Jäger,90.4,34.1,90.5,30.0,22,3,"['Grüner Veltliner', 'Riesling', 'Rosé']",Austria,Wachau,[]
11826,Jérémie Huchet,90.0,20.5,90.0,20.5,2,1,['Melon'],France,Loire Valley,['Muscadet Sèvre et Maine']
11827,Jérôme Gueneau,87.0,24.5,87.0,24.5,6,2,"['Rosé', 'Sauvignon Blanc']",France,Loire Valley,['Sancerre']
11828,K Cellars,89.5,12.0,89.5,11.5,8,6,"['Chardonnay', 'Sauvignon Blanc', 'Pinot Noir', 'Red Blend', 'Cabernet Sauvignon', 'Merlot']",Bulgaria,Thracian Valley,[]
11829,K Squared Cellars,90.5,30.0,90.5,30.0,2,2,"['Rosé', 'Pinot Noir']",US,California,"['Russian River Valley', 'Sonoma']"
11830,K Vintners,92.3,49.5,92.0,45.0,109,15,"['Merlot', 'Cabernet Sauvignon-Syrah', 'Syrah', 'Sangiovese', 'Viognier', 'Sangiovese-Syrah', 'Grenache', 'Tempranillo-Cabernet Sauvignon', 'Red Blend', 'Rosé', 'Cabernet Sauvignon', 'Rhône-style Red Blend', 'Sauvignon Blanc', 'Malbec', 'Bordeaux-style Red Blend']",US,Washington,"['Wahluke Slope', 'Columbia Valley']"
11831,K&K; Vasilikon,84.3,13.3,84.0,12.0,3,1,['Red Blend'],Cyprus,Kathikas,[]
11832,K&K; Vasilikon,85.0,16.0,85.0,16.0,1,1,['Xynisteri'],Cyprus,Pafos,[]
11833,K&M;,90.0,35.0,90.0,35.0,2,2,"['Chardonnay', 'Pinot Noir']",US,Oregon,"['Willamette Valley', 'Willamette Valley']"
11834,K. Furtado,93.0,29.0,93.0,29.0,1,1,['Chardonnay'],US,California,"['Santa Maria Valley', 'Central Coast']"
11835,K. Martini & Son,87.0,23.5,87.0,23.5,2,2,"['Pinot Nero', 'Lagrein']",Italy,Northeastern Italy,['Alto Adige']
11836,K5 Argiñano,89.0,25.0,89.0,25.0,2,1,['Hondarrabi Zuri'],Spain,Northern Spain,['Getariako Txakolina']
11837,KAAT,90.0,,90.0,,1,1,['Pinot Noir'],US,California,"['Santa Lucia Highlands', 'Central Coast']"
11838,KWV,86.8,16.3,86.5,17.0,8,4,"['Cabernet Sauvignon', 'Bordeaux-style Red Blend', 'Shiraz', 'Merlot']",South Africa,Coastal Region,[]
11839,KWV,85.0,72.0,85.0,72.0,1,1,['Chardonnay'],South Africa,Elgin,[]
11840,KWV,86.5,17.5,86.5,17.5,2,2,"['Cabernet Sauvignon', 'Sauvignon Blanc']",South Africa,Paarl,[]
11841,KWV,89.0,15.0,89.0,15.0,2,1,['Cabernet Sauvignon'],South Africa,Stellenbosch,[]
11842,KWV,85.9,14.2,85.0,11.0,23,11,"['Chenin Blanc', 'Steen', 'Chardonnay', 'Sauvignon Blanc', 'Merlot', 'Cabernet Blend', 'White Blend', 'Pinotage', 'Shiraz', 'Cabernet Sauvignon', 'Red Blend']",South Africa,Western Cape,[]
11843,Kaapzicht,90.8,19.0,90.0,19.0,5,4,"['Shiraz', 'Cabernet Sauvignon', 'Red Blend', 'Chenin Blanc']",South Africa,Stellenbosch,[]
11844,Kabaj,89.5,40.4,89.5,36.0,8,6,"['Bordeaux-style Red Blend', 'Merlot', 'Sauvignonasse', 'Rebula', 'Pinot Gris', 'White Blend']",Slovenia,Goriska Brda,[]
11845,Kadesh Barnea,83.6,27.2,84.0,28.0,5,3,"['Cabernet Sauvignon', 'Red Blend', 'Merlot']",Israel,Negev Hills,[]
11846,Kadiem,93.5,105.0,93.5,105.0,2,1,['Cabernet Sauvignon'],US,California,"['Napa Valley', 'Napa']"
11847,Kaella,89.0,26.9,88.5,26.5,8,5,"['Sangiovese', 'Meritage', 'Rosé', 'Cabernet Franc', 'Syrah']",US,Washington,"['Red Mountain', 'Columbia Valley']"
11848,Kaena,88.7,34.6,88.0,29.0,10,5,"['Riesling', 'Sauvignon Blanc', 'Grenache', 'Rhône-style White Blend', 'Grenache Blanc']",US,California,"['Santa Ynez Valley', 'Central Coast']"
11849,Kaesler,92.0,37.0,92.0,37.0,1,1,['Shiraz'],Australia,Australia Other,['South Eastern Australia']
11850,Kaesler,90.9,68.9,92.0,51.0,16,6,"['Shiraz', 'Red Blend', 'Sémillon', 'Cabernet Sauvignon', 'Rhône-style Red Blend', 'Grenache']",Australia,South Australia,['Barossa Valley']
11851,Kagan,88.5,53.2,88.0,54.0,4,3,"['Syrah', 'Pinot Noir', 'Chardonnay']",US,California,"['Santa Barbara County', 'Central Coast']"
11852,Kahn,82.7,16.3,82.0,16.0,3,2,"['Sauvignon Blanc', 'Merlot']",US,California,"['Santa Ynez Valley', 'Central Coast']"
11853,Kahurangi,88.3,20.7,89.0,20.0,3,2,"['Riesling', 'Chardonnay']",New Zealand,Moutere,[]
11854,Kahurangi,86.3,19.7,87.0,18.0,3,3,"['Chardonnay', 'Gewürztraminer', 'Sauvignon Blanc']",New Zealand,Nelson,[]
11855,Kaiken,87.9,23.1,88.0,17.0,47,6,"['Red Blend', 'Malbec', 'Cabernet Sauvignon', 'Rosé', 'Cabernet Franc', 'Cabernet Blend']",Argentina,Mendoza Province,['Mendoza']
11856,Kaiken,85.8,18.0,87.0,17.0,4,2,"['Torrontés', 'Sparkling Blend']",Argentina,Other,['Salta']
11857,Kalaris,88.4,48.6,88.0,55.0,5,3,"['Sauvignon Blanc', 'Pinot Noir', 'Chardonnay']",US,California,"['Napa Valley', 'Napa']"
11858,Kalbarri,83.5,7.8,83.0,7.0,4,4,"['Chardonnay', 'Shiraz', 'Merlot', 'Cabernet Sauvignon']",Australia,Australia Other,['South Eastern Australia']
11859,Kale,90.2,41.7,90.0,40.0,13,6,"['Rosé', 'Syrah', 'Rhône-style Red Blend', 'Syrah-Grenache', 'Syrah-Grenache-Viognier', 'Grenache Blanc']",US,California,"['Sonoma County', 'Sonoma']"
11860,Kaleidos,88.9,40.2,90.0,38.0,32,8,"['Syrah', 'Rhône-style Red Blend', 'Bordeaux-style Red Blend', 'Red Blend', 'Grenache', 'Rhône-style White Blend', 'Rosé', 'Grenache Blanc']",US,California,"['Paso Robles', 'Central Coast']"
11861,Kalfu,87.0,22.0,87.0,22.0,1,1,['Sauvignon Blanc'],Chile,Chile,[]
11862,Kalfu,86.8,19.8,87.0,19.0,4,3,"['Sauvignon Blanc', 'Pinot Noir', 'Chardonnay']",Chile,Leyda Valley,[]
11863,Kali Hart,89.5,19.0,89.5,19.0,2,1,['Chardonnay'],US,California,"['Monterey County', 'Central Coast']"
11864,Kalleske,91.7,34.7,92.0,34.0,3,2,"['Shiraz', 'Grenache-Shiraz']",Australia,South Australia,['Barossa Valley']
11865,Kamen Estate,87.0,50.0,87.0,50.0,1,1,['Cabernet Sauvignon'],US,California,"['Sonoma Valley', 'Sonoma']"
11866,Kamiak,86.8,14.8,87.0,15.0,11,6,"['Red Blend', 'White Blend', 'Syrah', 'Chardonnay', 'Cabernet Sauvignon', 'Merlot']",US,Washington,"['Washington', 'Washington Other']"
11867,Kamiak Cellar,88.0,10.0,88.0,10.0,1,1,['White Blend'],US,Washington,"['Columbia Valley (WA)', 'Columbia Valley']"
11868,Kana,85.8,19.8,85.0,20.0,20,6,"['Rhône-style Red Blend', 'Riesling', 'Tempranillo', 'Red Blend', 'Syrah', 'White Blend']",US,Washington,"['Columbia Valley (WA)', 'Columbia Valley']"
11869,Kandarian,87.0,23.8,86.5,22.5,4,1,['Sauvignon Blanc'],US,Oregon,"['Willamette Valley', 'Willamette Valley']"
11870,Kanga Reserve,84.0,6.0,84.0,6.0,1,1,['Chardonnay'],Australia,Australia Other,['South Eastern Australia']
11871,Kangarilla Road,88.2,25.4,88.0,25.0,19,6,"['Shiraz-Viognier', 'Cabernet Sauvignon', 'Zinfandel', 'Sangiovese', 'Shiraz', 'Chardonnay']",Australia,South Australia,['McLaren Vale']
11872,Kanonkop,90.2,53.4,90.0,39.5,20,3,"['Pinotage', 'Cabernet Sauvignon', 'Bordeaux-style Red Blend']",South Africa,Simonsberg-Stellenbosch,[]
11873,Kanonkop,88.5,26.2,88.0,28.0,11,5,"['Red Blend', 'Cabernet Sauvignon', 'Rosé', 'Bordeaux-style Red Blend', 'Pinotage']",South Africa,Stellenbosch,[]
11874,Kanov Vineyard,86.0,15.0,86.0,15.0,1,1,['Cabernet Sauvignon'],Bulgaria,Danube Hills Valley,[]
11875,Kanu,86.2,12.6,87.0,12.0,5,3,"['Chenin Blanc', 'Sauvignon Blanc', 'Chardonnay']",South Africa,Stellenbosch,[]
11876,Kanzler,91.2,53.5,91.5,50.0,4,2,"['Pinot Noir', 'Chardonnay']",US,California,"['Sonoma Coast', 'Sonoma']"
11877,Kapcsandy Family Winery,94.0,193.3,95.0,165.0,3,2,"['Bordeaux-style Red Blend', 'Cabernet Sauvignon']",US,California,"['Yountville', 'Napa']"
11878,Karah Estate,86.7,35.0,86.0,40.0,3,1,['Pinot Noir'],US,California,"['Sonoma Coast', 'Sonoma']"
11879,Karaman Winery,84.0,20.0,84.0,20.0,1,1,['Malvasia'],Croatia,Middle and South Dalmatia,[]
11880,Karine,89.0,31.0,89.0,31.0,1,1,['Syrah'],US,California,['Central Valley']
11881,Karipidis,89.0,22.0,89.0,22.0,1,1,['Cabernet Sauvignon'],Greece,Thessalikos,[]
11882,Karl Erbes,89.0,19.0,89.0,19.0,1,1,['Riesling'],Germany,Mosel,[]
11883,Karl Erbes,90.8,42.6,90.0,42.0,8,1,['Riesling'],Germany,Mosel-Saar-Ruwer,[]
11884,Karl Joh. Molitor,86.0,15.0,86.0,15.0,1,1,['Riesling'],Germany,Rheingau,[]
11885,Karl Josef,87.7,10.8,87.5,11.0,10,2,"['Riesling', 'White Blend']",Germany,Mosel,[]
11886,Karl Josef,85.5,11.0,85.5,11.0,2,1,['Dornfelder'],Germany,Rheinhessen,[]
11887,Karl Kaspar,88.3,13.0,88.0,13.0,3,1,['Riesling'],Germany,Mosel,[]
11888,Karl Lawrence,89.0,50.0,89.0,50.0,2,1,['Cabernet Sauvignon'],US,California,"['Napa Valley', 'Napa']"
11889,Karl Schaefer,90.6,39.3,90.5,35.5,10,2,"['Riesling', 'Grauburgunder']",Germany,Pfalz,[]
11890,Karlsmühle,88.0,25.0,88.0,25.0,1,1,['Riesling'],Germany,Mosel,[]
11891,Karly,85.9,22.6,85.0,23.0,8,3,"['Zinfandel', 'Mourvèdre', 'Marsanne']",US,California,"['Amador County', 'Sierra Foothills']"
11892,Karma,87.0,15.0,87.0,15.0,1,1,['Chardonnay'],US,California,"['North Coast', 'North Coast']"
11893,Karma Vineyards,87.2,55.0,87.0,55.0,4,1,['Sparkling Blend'],US,Washington,"['Lake Chelan', 'Columbia Valley']"
11894,Karmere,83.0,12.0,83.0,12.0,1,1,['Zinfandel'],US,California,"['Shenandoah Valley (CA)', 'Sierra Foothills']"
11895,Kasia,89.0,45.0,89.0,45.0,1,1,['Syrah'],US,Washington,"['Red Mountain', 'Columbia Valley']"
11896,Kason,86.5,32.3,86.0,28.0,13,2,"['Pinot Noir', 'Chardonnay']",US,Oregon,"['Willamette Valley', 'Willamette Valley']"
11897,Kastania,86.9,40.4,87.0,40.0,7,2,"['Pinot Noir', 'Bordeaux-style Red Blend']",US,California,"['Sonoma Coast', 'Sonoma']"
11898,Kasuari,87.0,46.8,87.0,44.0,6,4,"['Zinfandel', 'Cabernet Sauvignon', 'Pinot Noir', 'Syrah']",US,California,"['Napa Valley', 'Napa']"
11899,Katarzyna,89.0,13.5,89.0,13.5,4,4,"['Cabernet Sauvignon', 'Merlot', 'Red Blend', 'Mavrud']",Bulgaria,Thracian Valley,[]
11900,Kate Radburnd,85.5,16.0,86.0,16.0,4,3,"['Pinot Gris', 'Rosé', 'Sauvignon Blanc']",New Zealand,Hawke's Bay,[]
11901,Kate Radburnd,86.0,13.0,86.0,13.0,1,1,['Pinot Noir'],New Zealand,Martinborough,[]
11902,Kate Radburnd,86.0,13.0,86.0,13.0,1,1,['Sauvignon Blanc'],New Zealand,New Zealand,[]
11903,Katherine Goldschmidt,88.3,20.4,90.0,20.0,7,1,['Cabernet Sauvignon'],US,California,"['Alexander Valley', 'Sonoma']"
11904,Kathikac,87.0,18.0,87.0,18.0,1,1,['Red Blend'],Cyprus,Kathikas,[]
11905,Kathken Vineyards,84.5,20.5,84.5,20.5,2,2,"['Pinot Noir', 'Pinot Gris']",US,Oregon,"['Willamette Valley', 'Willamette Valley']"
11906,Kathryn Hall Vineyards,89.3,83.3,88.0,75.0,3,1,['Cabernet Sauvignon'],US,California,"['Diamond Mountain District', 'Napa']"
11907,Kathryn Kennedy,92.6,71.4,92.0,50.0,5,3,"['Cabernet Sauvignon', 'Chardonnay', 'Merlot']",US,California,"['Santa Cruz Mountains', 'Central Coast']"
11908,Kathy Lynskey,87.4,28.6,87.0,25.0,13,6,"['Gewürztraminer', 'Pinot Noir', 'Pinot Gris', 'Sauvignon Blanc', 'Merlot', 'Chardonnay']",New Zealand,Marlborough,[]
11909,Katlav,87.3,46.3,88.0,47.0,3,3,"['Cabernet Sauvignon', 'Red Blend', 'Bordeaux-style Red Blend']",Israel,Judean Hills,[]
11910,Katnook Estate,88.2,32.4,89.0,30.0,15,5,"['Cabernet Sauvignon', 'Chardonnay', 'Sauvignon Blanc', 'Riesling', 'Shiraz']",Australia,South Australia,['Coonawarra']
11911,Kato,87.0,13.0,87.0,13.0,2,1,['Sauvignon Blanc'],New Zealand,Marlborough,[]
11912,Katogi & Strofilia,84.0,24.0,84.0,24.0,1,1,['Traminer'],Greece,Ioannina,[]
11913,Katogi & Strofilia,87.0,17.0,87.0,17.0,1,1,['Xinomavro'],Greece,Macedonia,[]
11914,Katogi & Strofilia,83.5,21.0,83.5,21.0,2,2,"['Red Blend', 'Agiorgitiko']",Greece,Nemea,[]
11915,Katogi & Strofilia,89.0,10.0,89.0,10.0,1,1,['Agiorgitiko'],Greece,Peloponnese,[]
11916,Katunar,88.0,16.0,88.0,16.0,1,1,['Zlahtina'],Croatia,Krk,[]
11917,Kavaklidere,91.0,34.7,92.0,33.0,3,3,"['Okuzgozu', 'Boğazkere', 'Syrah']",Turkey,Aegean,[]
11918,Kavaklidere,90.5,40.0,90.5,40.0,2,1,['Kalecik Karasi'],Turkey,Ankara,[]
11919,Kavaklidere,89.0,30.0,89.0,30.0,1,1,['Narince'],Turkey,Cappadocia,[]
11920,Kavaklidere,90.0,16.0,90.0,16.0,1,1,['Red Blend'],Turkey,Turkey,[]
11921,Kavur,89.0,40.0,89.0,40.0,1,1,['Merlot-Cabernet Franc'],Turkey,Aegean,[]
11922,Kavur,86.0,25.0,86.0,25.0,1,1,['Bordeaux-style Red Blend'],Turkey,Turkey,[]
11923,Kawarau Estate,87.8,22.4,87.0,22.0,5,4,"['Chardonnay', 'Pinot Gris', 'Sauvignon Blanc', 'Pinot Noir']",New Zealand,Central Otago,[]
11924,Kay Brothers,92.5,69.1,93.0,60.0,11,3,"['Shiraz', 'Grenache', 'Cabernet Sauvignon']",Australia,South Australia,['McLaren Vale']
11925,Kayra,88.8,25.8,88.0,25.0,5,2,"['Okuzgozu', 'Red Blend']",Turkey,Elazığ,[]
11926,Kayra,86.0,25.0,86.0,25.0,1,1,['Red Blend'],Turkey,Elazığ-Diyarbakir,[]
11927,Kayra,88.0,25.0,88.0,25.0,1,1,['Cabernet Sauvignon'],Turkey,Urla-Thrace,[]
11928,Kazmer & Blaise,91.4,50.0,92.0,50.0,8,2,"['Chardonnay', 'Pinot Noir']",US,California,"['Carneros', 'Napa-Sonoma']"
11929,Keating,88.6,48.1,89.0,42.0,42,8,"['Cabernet Sauvignon', 'Zinfandel', 'Malbec', 'Merlot', 'Petite Sirah', 'Red Blend', 'Sauvignon Blanc', 'Bordeaux-style Red Blend']",US,California,"['Sonoma Valley', 'Sonoma']"
11930,Kechris,92.0,20.0,92.0,20.0,1,1,['Assyrtico'],Greece,Retsina,[]
11931,Kedar's K'orus,85.0,12.0,85.0,12.0,2,2,"['Cabernet Sauvignon', 'Chardonnay']",France,Languedoc-Roussillon,"[""Vin de Pays d'Oc""]"
11932,Keefer Ranch,86.0,42.0,86.0,42.0,2,1,['Pinot Noir'],US,California,"['Green Valley', 'Sonoma']"
11933,Keegan,89.0,33.0,89.0,33.0,2,2,"['Pinot Noir', 'Chardonnay']",US,California,"['Russian River Valley', 'Sonoma']"
11934,Keeler,87.7,21.7,88.0,20.0,3,2,"['Pinot Gris', 'Pinot Noir']",US,Oregon,"['Eola-Amity Hills', 'Willamette Valley']"
11935,Keenan,89.3,55.0,90.0,49.5,50,7,"['Merlot-Cabernet Sauvignon', 'Chardonnay', 'Cabernet Sauvignon', 'Merlot', 'Bordeaux-style Red Blend', 'Cabernet Franc', 'Red Blend']",US,California,"['Spring Mountain District', 'Napa']"
11936,Keermont,90.0,40.0,90.0,40.0,1,1,['Red Blend'],South Africa,Stellenbosch,[]
11937,Kees Kieren,90.0,17.0,90.0,17.0,1,1,['Riesling'],Germany,Mosel,[]
11938,Keever,89.0,50.2,89.0,52.5,4,4,"['Sauvignon Blanc', 'Syrah', 'Bordeaux-style Red Blend', 'Cabernet Sauvignon']",US,California,"['Napa Valley', 'Napa']"
11939,Keira,86.3,30.7,87.0,32.0,3,3,"['G-S-M', 'Merlot', 'Cabernet Sauvignon']",US,Washington,"['Columbia Valley (WA)', 'Columbia Valley']"
11940,Keith Tulloch,87.7,28.0,88.0,28.0,3,3,"['Shiraz', 'Chardonnay', 'Sémillon']",Australia,New South Wales,['Hunter Valley']
11941,Kelby James Russell,89.5,16.0,90.0,16.0,4,1,['Rosé'],US,New York,"['Finger Lakes', 'Finger Lakes']"
11942,Kelham,92.0,45.0,92.0,45.0,1,1,['Cabernet Sauvignon'],US,California,"['Oakville', 'Napa']"
11943,Kelleher,89.0,50.6,89.0,30.0,12,3,"['Sauvignon Blanc', 'Cabernet Sauvignon', 'Chardonnay']",US,California,"['Napa Valley', 'Napa']"
11944,Keller,87.0,33.0,87.0,33.0,1,1,['Riesling'],Germany,Rheinhessen,[]
11945,Keller,90.0,48.8,90.0,45.0,21,4,"['Pinot Noir', 'Chardonnay', 'Pinot Gris', 'Rhône-style Red Blend']",US,California,"['Sonoma Coast', 'Sonoma']"
11946,Keller Estate,89.5,48.0,90.0,38.0,41,7,"['Pinot Noir', 'Chardonnay', 'Syrah', 'Pinot Gris', 'Rhône-style Red Blend', 'Rosé', 'Syrah-Viognier']",US,California,"['Sonoma Coast', 'Sonoma']"
11947,Kellerei Kaltern Caldaro,88.5,22.2,88.0,22.0,35,14,"['Pinot Grigio', 'Pinot Bianco', 'Müller-Thurgau', 'Sauvignon', 'White Blend', 'Moscato Giallo', 'Chardonnay', 'Pinot Nero', 'Gewürztraminer', 'Rosé', 'Schiava', 'Sauvignon Blanc', 'Moscato', 'Rosato']",Italy,Northeastern Italy,['Alto Adige']
11948,Kelley Fox,91.8,49.5,92.0,50.0,13,1,['Pinot Noir'],US,Oregon,"['McMinnville', 'Willamette Valley']"
11949,Kelly Family Vineyards,85.0,48.0,85.0,48.0,1,1,['Bordeaux-style Red Blend'],US,California,"['Napa Valley', 'Napa']"
11950,Kelly Fleming,89.5,73.0,89.5,73.0,2,2,"['Cabernet Sauvignon', 'Sauvignon Blanc']",US,California,"['Napa Valley', 'Napa']"
11951,Kelly's Revenge,82.0,5.0,82.0,5.0,3,3,"['Shiraz', 'Chardonnay', 'Cabernet Sauvignon']",Australia,Australia Other,['South Eastern Australia']
11952,Kemblefield,86.4,15.6,87.0,14.0,9,8,"['Zinfandel', 'Sauvignon Blanc', 'Chardonnay', 'Malbec-Merlot', 'Merlot', 'Gewürztraminer', 'Sémillon', 'Cabernet Sauvignon-Merlot']",New Zealand,Hawke's Bay,[]
11953,Kempe,89.0,41.5,89.0,41.5,2,2,"['Rhône-style White Blend', 'Cabernet Sauvignon']",US,California,"['Santa Barbara County', 'Central Coast']"
11954,Ken Brown,90.3,46.2,90.0,45.0,17,3,"['Chardonnay', 'Pinot Noir', 'Syrah']",US,California,"['Santa Maria Valley', 'Central Coast']"
11955,Ken Forrester,88.4,32.4,88.0,22.0,14,6,"['Merlot', 'Sauvignon Blanc', 'Rosé', 'Chenin Blanc', 'Grenache-Syrah', 'G-S-M']",South Africa,Stellenbosch,[]
11956,Ken Forrester,87.6,24.9,87.0,12.0,9,6,"['Grenache-Syrah', 'Chenin Blanc', 'Shiraz-Grenache', 'Cabernet Sauvignon-Merlot', 'Pinotage', 'G-S-M']",South Africa,Western Cape,[]
11957,Ken Wright,92.1,54.5,92.0,50.0,59,2,"['Pinot Noir', 'Pinot Blanc']",US,Oregon,['Willamette Valley']
11958,Ken Wright,89.2,28.0,88.0,25.0,5,2,"['Chardonnay', 'Pinot Blanc']",US,Washington,"['Washington', 'Washington Other']"
11959,Ken Wright,90.0,30.0,90.0,30.0,1,1,['Chardonnay'],US,Washington-Oregon,[]
11960,Kendall-Jackson,88.4,26.7,88.0,19.0,198,16,"['Riesling', 'Merlot', 'Sauvignon Blanc', 'Chardonnay', 'Syrah', 'Zinfandel', 'Cabernet Sauvignon', 'Red Blend', 'Pinot Noir', 'Bordeaux-style Red Blend', 'Pinot Gris', 'White Blend', 'Cabernet Sauvignon-Merlot', 'Cabernet Sauvignon-Shiraz', 'Meritage', 'Rosé']",US,California,"['Monterey County', 'Central Coast']"
11961,Kendermanns,88.0,21.0,88.0,21.0,1,1,['Riesling'],Germany,Mosel-Saar-Ruwer,[]
11962,Kendermanns,85.0,21.0,85.0,21.0,1,1,['Riesling'],Germany,Pfalz,[]
11963,Kendric,87.8,30.2,88.5,31.5,10,3,"['Pinot Noir', 'Syrah', 'Sangiovese']",US,California,"['Marin County', 'North Coast']"
11964,Kendric Vineyards,89.0,24.0,89.0,24.0,1,1,['Viognier'],US,California,"['Marin County', 'North Coast']"
11965,Kenefick Ranch,89.3,49.5,89.5,50.0,34,7,"['Cabernet Franc', 'Bordeaux-style Red Blend', 'Sauvignon Blanc', 'Merlot', 'White Blend', 'Cabernet Sauvignon', 'Rhône-style White Blend']",US,California,"['Calistoga', 'Napa']"
11966,Kennedy Family,89.0,35.0,89.0,35.0,1,1,['Zinfandel'],US,California,"['Dry Creek Valley', 'Sonoma']"
11967,Kennedy Point,86.8,21.8,86.0,22.0,5,2,"['Pinot Noir', 'Sauvignon Blanc']",New Zealand,Marlborough,[]
11968,Kennedy Shah,85.6,25.6,86.0,20.0,11,7,"['Cabernet Sauvignon', 'Tempranillo', 'Red Blend', 'Syrah', 'Riesling', 'Merlot', 'White Blend']",US,Washington,"['Red Mountain', 'Columbia Valley']"
11969,Kenneth Volk,87.7,31.1,88.0,30.0,25,12,"['Merlot', 'Chardonnay', 'Pinot Noir', 'Cabernet Franc', 'Albariño', 'Cabernet Sauvignon', 'Verdelho', 'Zinfandel', 'Malvasia Bianca', 'Touriga Nacional', 'Grenache Noir', 'Tempranillo']",US,California,"['Paso Robles', 'Central Coast']"
11970,Kenneth-Crawford,91.3,43.3,92.0,45.0,3,1,['Pinot Noir'],US,California,"['Sta. Rita Hills', 'Central Coast']"
11971,Kenos,83.5,10.0,83.5,10.0,2,2,"['Cabernet Franc', 'Tempranillo']",Chile,Cachapoal Valley,[]
11972,Kenos,83.5,11.0,83.5,11.0,2,2,"['Carignan', 'Syrah']",Chile,Curicó Valley,[]
11973,Kent Rasmussen,91.6,39.0,92.0,40.0,5,4,"['Petite Sirah', 'Pinot Noir', 'Cabernet Franc', 'Chardonnay']",US,California,"['Rutherford', 'Napa']"
11974,Kentia,88.0,16.0,88.0,16.0,1,1,['Albariño'],Spain,Galicia,['Rías Baixas']
11975,Kenwood,86.8,22.7,87.0,18.5,168,13,"['Syrah', 'Zinfandel', 'Pinot Noir', 'Sauvignon Blanc', 'Merlot', 'Cabernet Sauvignon', 'Chardonnay', 'White Blend', 'Pinot Gris', 'Gewürztraminer', 'Rosé', 'Red Blend', 'Moscato']",US,California,"['Sonoma Mountain', 'Sonoma']"
11976,Kerloo,91.0,36.5,91.0,40.0,33,12,"['Syrah', 'Red Blend', 'Rosé', 'Mourvèdre', 'Grenache', 'Tempranillo', 'Grenache Blanc', 'Sauvignon Blanc', 'Malbec', 'Chardonnay', 'Rhône-style Red Blend', 'Cabernet Sauvignon']",US,Washington,"['Snipes Mountain', 'Columbia Valley']"
11977,Kershaw,91.0,60.0,91.0,60.0,2,2,"['Syrah', 'Chardonnay']",South Africa,Elgin,[]
11978,Kessler-Haak,89.4,34.8,89.0,35.0,35,5,"['Syrah', 'Pinot Noir', 'Riesling', 'Chardonnay', 'Sparkling Blend']",US,California,"['Sta. Rita Hills', 'Central Coast']"
11979,Kest Wines,85.0,22.0,85.0,22.0,1,1,['Bordeaux-style Red Blend'],Australia,South Australia,['Barossa']
11980,Kestrel,88.0,20.0,88.0,20.0,1,1,['Sauvignon Blanc'],US,Oregon,"['Columbia Valley (OR)', 'Oregon Other']"
11981,Kestrel,87.2,28.5,87.0,22.0,57,18,"['Syrah', 'Red Blend', 'Chardonnay', 'Merlot', 'Viognier', 'Mourvèdre', 'Cabernet Sauvignon', 'Cabernet Franc', 'Pinot Gris', 'Rosé', 'White Blend', 'Sangiovese', 'Pinot Grigio', 'Gewürztraminer', 'Sauvignon Blanc', 'Malbec', 'Bordeaux-style Red Blend', 'Petit Verdot']",US,Washington,"['Yakima Valley', 'Columbia Valley']"
11982,Keswick Vineyards,85.4,30.1,86.0,25.0,11,6,"['Verdejo', 'Merlot', 'Viognier', 'Cabernet Franc', 'Cabernet Sauvignon', 'Chardonnay']",US,Virginia,['Monticello']
11983,Ketcham Estate,87.3,41.3,87.0,38.0,3,1,['Pinot Noir'],US,California,"['Russian River Valley', 'Sonoma']"
11984,Kettle Valley,92.0,30.0,92.0,30.0,1,1,['Pinot Noir'],Canada,British Columbia,['Okanagan Valley']
11985,Kettmeir,87.9,21.0,88.0,21.0,8,3,"['Pinot Bianco', 'Müller-Thurgau', 'Pinot Grigio']",Italy,Northeastern Italy,['Alto Adige']
11986,Ketu Bay,85.5,12.5,85.5,12.5,2,1,['Sauvignon Blanc'],New Zealand,Marlborough,[]
11987,Keuka Lake Vineyards,88.3,20.3,88.0,18.0,24,3,"['Vignoles', 'Riesling', 'Cabernet Franc']",US,New York,"['Finger Lakes', 'Finger Lakes']"
11988,Keuka Spring,87.2,18.9,87.0,19.0,67,11,"['Bordeaux-style Red Blend', 'Riesling', 'Chardonnay', 'Merlot', 'Red Blend', 'Lemberger', 'Cabernet Franc', 'Cabernet Sauvignon', 'Gewürztraminer', 'Pinot Noir', 'Rosé']",US,New York,"['New York', 'New York Other']"
11989,Keum Hwa Winery,81.5,13.5,81.5,13.5,2,1,['Meoru'],South Korea,Jiri Valley,[]
11990,Kevin White,92.4,26.7,92.0,28.0,13,5,"['Syrah', 'Bordeaux-style Red Blend', 'Rhône-style Red Blend', 'G-S-M', 'Syrah-Grenache']",US,Washington,"['Yakima Valley', 'Columbia Valley']"
11991,Khroma,84.0,15.0,84.0,15.0,1,1,['Cabernet Sauvignon'],US,California,"['Alexander Valley', 'Sonoma']"
11992,Khárisma,89.0,19.0,89.0,19.0,2,2,"['Vermentino', 'Carignano']",Italy,Sicily & Sardinia,['Sardinia']
11993,Kiamie,88.7,34.2,88.0,38.0,9,5,"['Meritage', 'Rhône-style Red Blend', 'Red Blend', 'Viognier-Roussanne', 'Rhône-style White Blend']",US,California,"['Paso Robles', 'Central Coast']"
11994,Kicker Cane,88.0,20.0,88.0,20.0,1,1,['Cabernet Sauvignon'],US,California,"['Alexander Valley', 'Sonoma']"
11995,Kidder Family Wines,88.0,24.0,88.0,24.0,1,1,['Tempranillo Blend'],US,California,"['Lodi', 'Central Valley']"
11996,Kikelet,89.0,27.5,89.0,27.5,2,2,"['Furmint', 'Hárslevelü']",Hungary,Tokaj,[]
11997,Kilda,84.2,8.0,84.0,8.0,5,2,"['Shiraz', 'Chardonnay']",Australia,Australia Other,['South Eastern Australia']
11998,Kilikanoon,90.0,20.0,90.0,20.0,4,3,"['Shiraz-Grenache', 'Cabernet Sauvignon', 'Shiraz']",Australia,Australia Other,['Australia']
11999,Kilikanoon,90.5,45.8,91.0,35.0,65,8,"['Riesling', 'Cabernet Sauvignon', 'Shiraz', 'Shiraz-Grenache', 'Chardonnay', 'Grenache', 'G-S-M', 'Red Blend']",Australia,South Australia,['Clare Valley']
12000,Killer Juice,84.0,20.0,84.0,20.0,1,1,['Cabernet Sauvignon'],US,California,"['Central Coast', 'Central Coast']"
12001,Killerby,87.0,30.0,87.0,30.0,3,3,"['Cabernet Sauvignon', 'Semillon-Sauvignon Blanc', 'Chardonnay']",Australia,Western Australia,['Western Australia']
12002,Killian,88.5,26.0,88.5,26.0,2,1,['Chardonnay'],US,California,"['Russian River Valley', 'Sonoma']"
12003,Killibinbin,88.3,15.0,89.0,15.0,3,3,"['Red Blend', 'Shiraz', 'Cabernet Sauvignon']",Australia,South Australia,['Langhorne Creek']
12004,Kilroy Was Here!,87.0,20.0,87.0,20.0,2,2,"['Cabernet Sauvignon', 'Shiraz']",Australia,South Australia,['Barossa Valley']
12005,Kim Crawford,88.0,28.0,88.0,28.0,1,1,['Pinot Gris'],New Zealand,Awatere Valley,[]
12006,Kim Crawford,89.0,33.0,89.0,33.0,3,1,['Pinot Noir'],New Zealand,Central Otago,[]
12007,Kim Crawford,89.0,22.3,89.0,22.0,3,2,"['Gewürztraminer', 'Chardonnay']",New Zealand,Gisborne,[]
12008,Kim Crawford,89.2,27.2,89.5,30.0,6,5,"['Chardonnay', 'Cabernet Franc', 'Merlot', 'Pinot Noir', 'Bordeaux-style Red Blend']",New Zealand,Hawke's Bay,[]
12009,Kim Crawford,87.7,18.8,88.0,17.0,31,7,"['Sauvignon Blanc', 'Pinot Noir', 'Riesling', 'Chardonnay', 'Pinot Gris', 'Champagne Blend', 'Sparkling Blend']",New Zealand,Marlborough,[]
12010,Kim Crawford,86.0,17.0,86.0,17.0,1,1,['Chardonnay'],New Zealand,New Zealand,[]
12011,Kimmel,88.9,34.9,90.0,38.0,9,3,"['Cabernet Sauvignon', 'Merlot', 'Chardonnay']",US,California,"['Mendocino', 'Mendocino/Lake Counties']"
12012,Kimsey,92.2,60.0,93.0,60.0,5,3,"['Rhône-style White Blend', 'Grenache', 'Syrah']",US,California,"['Ballard Canyon', 'Central Coast']"
12013,Kindred,87.5,38.5,87.5,38.5,2,2,"['Pinot Noir', 'Rhône-style White Blend']",US,California,"['Russian River Valley', 'Sonoma']"
12014,Kindzmarauli Marani,88.8,15.0,89.0,15.0,6,5,"['Saperavi', 'Kisi', 'Rkatsiteli', 'Mtsvane', 'White Blend']",Georgia,Kakheti,[]
12015,King,82.0,14.5,82.0,14.5,2,2,"['Red Blend', 'Viognier']",US,California,"['California', 'California Other']"
12016,King Estate,89.7,35.2,90.0,27.5,78,4,"['Pinot Noir', 'Pinot Gris', 'Sauvignon Blanc', 'Chardonnay']",US,Oregon,"['Oregon', 'Oregon Other']"
12017,King Family,87.8,31.5,87.5,27.0,12,8,"['Viognier', 'Chardonnay', 'Petit Verdot', 'Red Blend', 'Merlot', 'Meritage', 'Petit Manseng', 'Rosé']",US,Virginia,['Monticello']
12018,King Fish,83.0,6.0,83.0,6.0,1,1,['Pinot Grigio'],US,California,"['California', 'California Other']"
12019,King Vintners,87.5,30.0,87.5,30.0,2,2,"['Pinot Noir', 'Pinot Gris']",US,Oregon,"['Oregon', 'Oregon Other']"
12020,King's Garden Vineyards,84.3,16.8,84.5,16.0,6,4,"['Cabernet Sauvignon', 'Merlot', 'Chardonnay', 'Cabernet Franc']",US,New York,"['Finger Lakes', 'Finger Lakes']"
12021,Kingman,87.5,16.5,87.5,16.5,2,1,['Cabernet Sauvignon'],US,Colorado,['Grand Valley']
12022,Kings Carey,90.0,26.0,89.0,29.0,3,2,"['Grenache', 'Rosé']",US,California,"['Sta. Rita Hills', 'Central Coast']"
12023,Kings Mountain,87.2,55.3,88.0,60.0,13,2,"['Meritage', 'Pinot Noir']",US,California,"['Santa Cruz Mountains', 'Central Coast']"
12024,Kings Ridge,87.3,14.5,87.0,14.0,17,3,"['Pinot Noir', 'Riesling', 'Pinot Gris']",US,Oregon,"['Oregon', 'Oregon Other']"
12025,Kingsley Estate,88.0,55.0,88.0,55.0,1,1,['Cabernet Sauvignon-Merlot'],New Zealand,Hawke's Bay,[]
12026,Kingston Estate,92.0,27.0,92.0,27.0,1,1,['Shiraz'],Australia,South Australia,['South Australia']
12027,Kingston Family,86.0,32.0,86.0,32.0,1,1,['Pinot Noir'],Chile,Casablanca & Leyda Valleys,[]
12028,Kingston Family,88.5,26.1,89.0,24.0,47,4,"['Chardonnay', 'Pinot Noir', 'Sauvignon Blanc', 'Syrah']",Chile,Casablanca Valley,[]
12029,Kinkead Ridge,87.0,16.0,87.0,16.0,1,1,['Viognier-Roussanne'],US,Ohio,['Ohio River Valley']
12030,Kinter Collins,85.8,19.0,84.5,18.0,4,1,['Chardonnay'],US,California,"['Carneros', 'Napa-Sonoma']"
12031,Kinton,87.0,18.0,87.0,18.0,1,1,['Syrah'],US,California,"['Santa Barbara County', 'Central Coast']"
12032,Kintonis,90.0,15.0,90.0,15.0,1,1,['Agiorgitiko'],Greece,Nemea,[]
12033,Kintonis,89.0,18.0,89.0,18.0,1,1,['Malagousia'],Greece,Peloponnese,[]
12034,Kiona,89.2,24.5,89.5,25.0,46,14,"['Riesling', 'Bordeaux-style Red Blend', 'Malbec', 'Chenin Blanc', 'Cabernet Sauvignon', 'Lemberger', 'Syrah', 'Rhône-style Red Blend', 'White Riesling', 'Merlot', 'Red Blend', 'Muscat', 'Cabernet Franc', 'Chardonnay']",US,Washington,"['Columbia Valley (WA)', 'Columbia Valley']"
12035,Kir-Yianni,85.0,11.0,85.0,11.0,1,1,['Xinomavro'],Greece,Amyndeon,[]
12036,Kir-Yianni,87.0,16.0,87.0,16.0,2,1,['White Blend'],Greece,Florina,[]
12037,Kir-Yianni,88.0,45.0,88.0,45.0,1,1,['Xinomavro'],Greece,Imathia,[]
12038,Kir-Yianni,88.0,20.0,88.0,20.0,1,1,['Red Blend'],Greece,Macedonia,[]
12039,Kir-Yianni,88.8,28.5,88.5,26.0,4,2,"['Xinomavro', 'Red Blend']",Greece,Naoussa,[]
12040,Kir-Yianni,85.5,32.5,85.5,32.5,2,2,"['Red Blend', 'Syrah']",Greece,Vin de Pays d'Imathia,[]
12041,Kir-Yianni,84.0,13.0,84.0,13.0,1,1,['Red Blend'],Greece,Vin de Pays de Macédoine,[]
12042,Kirchmayr,92.0,75.0,92.0,75.0,1,1,['Riesling'],Austria,Kamptal,[]
12043,Kirchmayr,89.0,110.0,89.0,110.0,1,1,['Austrian white blend'],Austria,Thermenregion,[]
12044,Kirchmayr,88.0,95.0,88.0,95.0,1,1,['Riesling'],Austria,Weinviertel,[]
12045,Kirkland Ranch,84.0,8.0,84.0,8.0,1,1,['Malbec'],Argentina,Mendoza Province,['Mendoza']
12046,Kirkland Ranch,89.0,28.3,89.0,30.0,6,3,"['Chardonnay', 'Cabernet Sauvignon', 'Merlot']",US,California,"['Napa Valley', 'Napa']"
12047,Kirkland Signature,86.7,11.7,86.0,8.0,3,1,['Malbec'],Argentina,Mendoza Province,['Mendoza']
12048,Kirkland Signature,85.0,19.0,85.0,19.0,1,1,['Cabernet Blend'],Chile,Aconcagua Valley,[]
12049,Kirkland Signature,85.9,10.9,85.0,9.0,8,1,['Bordeaux-style Red Blend'],France,Bordeaux,['Bordeaux Supérieur']
12050,Kirkland Signature,90.0,15.0,90.0,15.0,1,1,['Chardonnay'],France,Burgundy,['Chablis']
12051,Kirkland Signature,83.0,22.0,83.0,22.0,1,1,['Champagne Blend'],France,Champagne,['Champagne']
12052,Kirkland Signature,88.0,9.0,88.0,9.0,1,1,['Rosé'],France,Provence,['Côtes de Provence']
12053,Kirkland Signature,88.5,16.8,89.5,20.0,4,1,['Rhône-style Red Blend'],France,Rhône Valley,['Châteauneuf-du-Pape']
12054,Kirkland Signature,84.0,7.0,84.0,7.0,2,1,['Pinot Grigio'],Italy,Northeastern Italy,['Friuli Grave']
12055,Kirkland Signature,87.7,23.3,88.0,25.0,3,2,"['Sangiovese', 'Red Blend']",Italy,Tuscany,['Brunello di Montalcino']
12056,Kirkland Signature,85.2,8.8,85.5,8.5,4,1,['Sauvignon Blanc'],New Zealand,Marlborough,[]
12057,Kirkland Signature,88.0,7.0,88.0,7.0,1,1,['Tempranillo'],Spain,Northern Spain,['Rioja']
12058,Kirkland Signature,85.9,13.9,86.0,13.0,62,8,"['Zinfandel', 'Pinot Grigio', 'Cabernet Sauvignon', 'Meritage', 'Chardonnay', 'Merlot', 'Pinot Noir', 'Cabernet']",US,California,"['Sonoma County', 'Sonoma']"
12059,Kirkland Signature,87.2,12.1,87.0,9.0,11,4,"['Merlot', 'Red Blend', 'Cabernet Sauvignon', 'Merlot-Cabernet Sauvignon']",US,Washington,"['Columbia Valley (WA)', 'Columbia Valley']"
12060,Kirnbauer,86.0,12.0,86.0,12.0,1,1,['Welschriesling'],Austria,Austria,[]
12061,Kirnbauer,87.8,32.0,87.5,35.0,4,3,"['Blaufränkisch', 'Zweigelt', 'Red Blend']",Austria,Burgenland,[]
12062,Kirnbauer,86.3,14.0,86.0,14.0,3,1,['Blaufränkisch'],Austria,Mittelburgenland,[]
12063,Kirsten,90.6,30.1,90.0,25.0,7,3,"['Riesling', 'Sparkling Blend', 'Weissburgunder']",Germany,Mosel,[]
12064,Királyudvar,91.0,33.3,91.0,30.0,3,2,"['Tokaji', 'Furmint']",Hungary,Tokaj,[]
12065,Kiss Chasey,88.0,15.0,88.0,15.0,1,1,['Shiraz'],Australia,Western Australia,['Margaret River']
12066,Kissos,87.3,43.3,89.0,50.0,3,2,"['Sauvignon Blanc', 'Cabernet Sauvignon']",US,California,"['Napa Valley', 'Napa']"
12067,Kit Fox,82.8,13.4,83.0,14.0,5,5,"['Syrah', 'Cabernet Sauvignon', 'Cabernet Sauvignon-Syrah', 'Viognier', 'Fumé Blanc']",US,California,"['California', 'California Other']"
12068,Kitchen Sink,83.7,11.7,83.0,12.0,15,4,"['White Blend', 'Red Blend', 'Moscato', 'Chardonnay']",US,California,"['California', 'California Other']"
12069,Kitá,89.7,33.9,90.0,30.0,16,10,"['Rhône-style White Blend', 'Pinot Noir', 'Grenache Blanc', 'Bordeaux-style Red Blend', 'Syrah', 'Sauvignon Blanc', 'Grenache', 'Rhône-style Red Blend', 'Cabernet Sauvignon', 'Chardonnay']",US,California,"['Santa Ynez Valley', 'Central Coast']"
12070,Kivelstadt Cellars,89.8,31.2,90.5,30.0,4,4,"['Syrah', 'Sauvignon Blanc', 'Rhône-style Red Blend', 'White Blend']",US,California,"['Sonoma Valley', 'Sonoma']"
12071,Kiwi,84.5,14.5,84.5,14.5,2,2,"['Chardonnay', 'Pinot Noir']",New Zealand,New Zealand,[]
12072,Kiwi Cuvée,84.8,10.0,85.0,10.0,4,4,"['Chardonnay', 'Malbec', 'Sauvignon Blanc', 'Pinot Noir']",France,France Other,['Vin de France']
12073,Klabjan,87.0,27.0,87.0,27.0,2,2,"['Malvasia', 'Refosco']",Slovenia,Slovenska Istra,[]
12074,Klaus Lentsch,88.8,26.0,88.0,28.0,5,5,"['Veltliner', 'Gewürztraminer', 'Pinot Nero', 'Pinot Bianco', 'Pinot Grigio']",Italy,Northeastern Italy,['Alto Adige Valle Isarco']
12075,Klee,85.0,22.0,85.0,22.0,1,1,['Pinot Noir'],US,Oregon,"['Willamette Valley', 'Willamette Valley']"
12076,Klein Constantia,89.1,36.2,89.0,21.0,7,5,"['Muscat', 'Riesling', 'Cabernet Sauvignon', 'White Blend', 'Sauvignon Blanc']",South Africa,Constantia,[]
12077,Kleinood,92.0,40.0,92.0,40.0,1,1,['Syrah'],South Africa,Stellenbosch,[]
12078,Klinker Brick,88.5,24.6,89.0,20.0,38,10,"['Zinfandel', 'Syrah', 'Carignane', 'Dolcetto', 'Petite Sirah', 'Albariño', 'Red Blend', 'Rosé', 'Cabernet Sauvignon', 'Grenache Blanc']",US,California,"['Lodi', 'Central Valley']"
12079,Klipfel,88.2,22.8,88.0,23.5,10,4,"['Gewürztraminer', 'Riesling', 'Pinot Gris', 'Sparkling Blend']",France,Alsace,['Alsace']
12080,Kluge Estate,86.0,30.7,86.0,34.0,3,3,"['Chardonnay', 'Bordeaux-style Red Blend', 'Red Blend']",US,Virginia,['Albemarle County']
12081,Knapp,86.2,15.1,86.0,15.0,37,10,"['Cabernet Sauvignon', 'Cabernet Franc', 'Riesling', 'Chardonnay', 'Gewürztraminer', 'Rosé', 'Merlot', 'Lemberger', 'Seyval Blanc', 'Meritage']",US,New York,"['Finger Lakes', 'Finger Lakes']"
12082,Knappstein,89.0,27.5,89.0,27.5,2,2,"['Riesling', 'Cabernet Sauvignon']",Australia,South Australia,['Clare Valley']
12083,Knight Hill,88.7,25.3,88.0,25.0,3,3,"['Cabernet Sauvignon', 'Red Blend', 'Syrah']",US,Washington,"['Wahluke Slope', 'Columbia Valley']"
12084,Knights Bridge,92.1,90.6,92.5,80.0,18,3,"['Chardonnay', 'Cabernet Sauvignon', 'Sauvignon Blanc']",US,California,"['Knights Valley', 'Sonoma']"
12085,Knipser,87.1,31.0,87.0,26.0,19,7,"['Chardonnay Weissburgunder', 'White Blend', 'Spätburgunder', 'Riesling', 'Gewürztraminer-Riesling', 'Chardonnay-Pinot Blanc', 'Pinot Gris']",Germany,Pfalz,[]
12086,Knudsen,91.2,50.0,91.5,50.0,6,2,"['Chardonnay', 'Pinot Noir']",US,Oregon,"['Dundee Hills', 'Willamette Valley']"
12087,Kobler,89.2,37.3,90.0,37.0,18,7,"['Grenache', 'Viognier', 'Pinot Noir', 'Red Blend', 'Zinfandel', 'Chardonnay', 'Syrah']",US,California,"['Russian River Valley', 'Sonoma']"
12088,Koblevo,85.6,9.0,85.0,9.0,5,5,"['Merlot', 'Bastardo', 'Riesling', 'Chardonnay', 'Muscat Hamburg']",Ukraine,Ukraine,[]
12089,Koehler,88.3,26.6,88.5,25.0,38,13,"['Grenache', 'Syrah', 'Sangiovese', 'Chardonnay', 'Pinot Noir', 'Sauvignon Blanc', 'White Blend', 'Cabernet Sauvignon', 'Riesling', 'G-S-M', 'Viognier', 'Grenache Blanc', 'Mourvèdre']",US,California,"['Santa Ynez Valley', 'Central Coast']"
12090,Koenig,88.3,16.4,89.0,16.0,7,4,"['Gewürztraminer', 'Pinot Blanc', 'Riesling', 'Pinot Gris']",France,Alsace,['Alsace']
12091,Koenig Vineyards,86.3,27.0,86.0,20.0,22,12,"['Syrah', 'Bordeaux-style Red Blend', 'Riesling', 'Petite Sirah', 'Viognier', 'Sangiovese', 'Merlot', 'Cabernet Sauvignon', 'Meritage', 'Cabernet Sauvignon-Merlot', 'Rosé', 'Cabernet Sauvignon-Syrah']",US,Idaho,[]
12092,Kohl,88.0,22.2,88.0,22.0,8,4,"['Zweigelt', 'Gelber Muskateller', 'Riesling', 'Grüner Veltliner']",Austria,Niederösterreich,[]
12093,Kohl,88.3,22.5,89.0,22.5,3,1,['Grüner Veltliner'],Austria,Weinviertel,[]
12094,Koi Pond,86.0,19.0,86.0,19.0,1,1,['Red Blend'],US,Washington,"['Washington', 'Washington Other']"
12095,Kokomo,88.4,31.7,88.0,30.0,88,16,"['Zinfandel', 'Sauvignon Blanc', 'Pinot Noir', 'Muscat Blanc', 'Cabernet Sauvignon', 'Rosé', 'Malbec', 'Petite Sirah', 'Cabernet Franc', 'Chardonnay', 'Syrah', 'Red Blend', 'Claret', 'Grenache', 'Primitivo', 'Merlot']",US,California,"['Dry Creek Valley', 'Sonoma']"
12096,Kollwentz,91.0,44.9,91.0,38.0,14,6,"['Chardonnay', 'Blaufränkisch', 'Austrian Red Blend', 'Pinot Noir', 'Sauvignon Blanc', 'Zweigelt']",Austria,Burgenland,[]
12097,Kollwentz,93.0,83.0,93.0,83.0,1,1,['White Blend'],Austria,Neusiedlersee-Hügelland,[]
12098,Kon Tiki,84.0,13.0,84.5,13.0,6,4,"['Sauvignon Blanc', 'Merlot', 'Cabernet Sauvignon', 'Pinot Noir']",Chile,Central Valley,[]
12099,Kon Tiki,84.0,12.0,84.0,12.0,2,2,"['Cabernet Sauvignon', 'Sauvignon Blanc']",Chile,Curicó Valley,[]
12100,Kongsgaard,89.0,60.0,89.0,60.0,1,1,['Chardonnay'],US,California,"['Oakville', 'Napa']"
12101,Kono,86.0,14.6,86.0,15.0,7,3,"['Sauvignon Blanc', 'Chardonnay', 'Pinot Noir']",New Zealand,Marlborough,[]
12102,Kono,89.0,21.0,89.0,21.0,1,1,['Grüner Veltliner'],New Zealand,Nelson,[]
12103,Kono Barú,83.0,16.0,83.0,16.0,1,1,['Malbec'],Argentina,Mendoza Province,['Mendoza']
12104,Kono Barú,84.0,13.0,84.0,13.0,2,2,"['Riesling', 'Shiraz']",Australia,Australia Other,['South Eastern Australia']
12105,Kono Barú,82.0,13.0,82.0,13.0,2,2,"['Chardonnay', 'Sauvignon Blanc']",Chile,Central Valley,[]
12106,Konrad,86.3,18.9,86.0,18.0,7,2,"['Sauvignon Blanc', 'Pinot Noir']",New Zealand,Marlborough,[]
12107,Konrad & Conrad,90.0,15.0,90.0,15.0,1,1,['Sauvignon Blanc'],New Zealand,Marlborough,[]
12108,Konrad Hähn,88.0,12.0,88.0,12.0,1,1,['Riesling'],Germany,Mosel,[]
12109,Kontokosta,88.8,30.0,89.0,25.0,9,7,"['Rosé', 'White Blend', 'Chardonnay', 'Red Blend', 'Cabernet Franc', 'Sauvignon Blanc', 'Viognier']",US,New York,"['North Fork of Long Island', 'Long Island']"
12110,Kontos,89.9,35.8,90.0,36.0,36,7,"['Cabernet Sauvignon', 'Merlot', 'White Blend', 'Syrah', 'Malbec', 'Bordeaux-style Red Blend', 'Red Blend']",US,Washington,"['Walla Walla Valley (WA)', 'Columbia Valley']"
12111,Konzelmann,86.2,33.8,85.5,25.0,8,4,"['Gewürztraminer', 'Vidal Blanc', 'Cabernet Sauvignon', 'Riesling']",Canada,Ontario,['Niagara Peninsula']
12112,Koonara,86.0,25.0,86.0,25.0,1,1,['Rosé'],Australia,South Australia,[]
12113,Koonowla,88.0,25.1,88.0,29.0,7,3,"['Riesling', 'Cabernet Sauvignon', 'Shiraz']",Australia,South Australia,['Clare Valley']
12114,Kooyong,89.0,45.8,89.0,46.5,8,2,"['Pinot Noir', 'Chardonnay']",Australia,Victoria,['Mornington Peninsula']
12115,Kopke,87.6,17.8,88.0,17.0,8,2,"['Portuguese White', 'Portuguese Red']",Portugal,Douro,[]
12116,Kopke,89.3,145.1,89.0,68.0,37,1,['Port'],Portugal,Port,[]
12117,Kopriva,88.3,16.8,87.5,16.5,6,1,['Chardonnay'],US,California,"['Carneros', 'Napa-Sonoma']"
12118,Korbel,86.2,13.6,86.0,13.0,68,3,"['Sparkling Blend', 'Chardonnay', 'Champagne Blend']",US,California,"['California', 'California Other']"
12119,Korbin Kameron,89.1,48.8,89.0,47.5,12,4,"['Cabernet Sauvignon', 'Merlot', 'Red Blend', 'Bordeaux-style Red Blend']",US,California,"['Moon Mountain District Sonoma County', 'Sonoma']"
12120,Kori,94.0,38.0,94.0,38.0,1,1,['Pinot Noir'],US,California,"['Santa Lucia Highlands', 'Central Coast']"
12121,Kornell,87.0,25.0,87.0,25.0,2,2,"['Sauvignon', 'Pinot Bianco']",Italy,Northeastern Italy,['Alto Adige']
12122,Korta,86.0,12.5,86.5,10.5,6,5,"['White Blend', 'Syrah', 'Cabernet Sauvignon', 'Red Blend', 'Carmenère']",Chile,Lontué Valley,[]
12123,Korta Katarina,87.5,24.0,87.5,24.0,2,1,['Posip'],Croatia,Korčula,[]
12124,Korta Katarina,88.5,38.7,90.0,38.0,6,2,"['Rosé', 'Plavac Mali']",Croatia,Peljesac,[]
12125,Kosta Browne,92.0,48.0,92.0,48.0,1,1,['Pinot Noir'],US,California,"['Russian River Valley', 'Sonoma']"
12126,Kouros,85.0,11.3,84.0,12.0,7,2,"['Agiorgitiko', 'Roditis']",Greece,Nemea,[]
12127,Kouros,84.7,10.3,87.0,10.0,3,1,['Roditis'],Greece,Patras,[]
12128,Kourtaki,85.0,8.5,85.0,8.5,2,1,['Savatiano'],Greece,Attica,[]
12129,Kourtaki,84.7,10.7,86.0,10.0,7,3,"['Red Blend', 'Vilana', 'White Blend']",Greece,Crete,[]
12130,Kourtaki,86.0,15.0,86.0,15.0,1,1,['Moschofilero'],Greece,Mantinia,[]
12131,Kourtaki,86.0,10.0,86.0,10.0,1,1,['Mavrodaphne'],Greece,Mavrodaphne of Patras,[]
12132,Kourtaki,83.0,17.0,83.0,17.0,1,1,['Agiorgitiko'],Greece,Nemea,[]
12133,Kourtaki,84.0,17.0,84.0,17.0,1,1,['White Blend'],Greece,Peloponnese,[]
12134,Kourtaki,83.0,7.0,83.0,7.0,1,1,['White Blend'],Greece,Retsina,[]
12135,Kourtaki,86.5,11.8,86.5,12.0,4,1,['Muscat'],Greece,Samos,[]
12136,Koutsoyiannopoulos,85.5,20.0,85.5,20.0,2,2,"['Assyrtico', 'Red Blend']",Greece,Santorini,[]
12137,Koves-Newlan,86.8,27.5,86.5,27.5,4,4,"['Cabernet Sauvignon', 'Cabernet Franc', 'Zinfandel', 'Pinot Noir']",US,California,"['Napa Valley', 'Napa']"
12138,Kovács Nimród,89.1,33.4,89.0,25.0,8,5,"['Kekfrankos', 'Furmint', 'Chardonnay', 'Red Blend', 'Syrah']",Hungary,Eger,[]
12139,Koyle,85.3,27.3,84.0,25.0,3,2,"['Sauvignon Blanc', 'Pinot Noir']",Chile,Colchagua Costa,[]
12140,Koyle,89.2,28.9,89.0,25.0,32,8,"['Red Blend', 'Syrah', 'Cabernet Sauvignon', 'Sauvignon Blanc', 'Carmenère', 'Malbec', 'Tempranillo', 'Pinot Noir']",Chile,Colchagua Valley,[]
12141,Koyle,87.7,20.0,87.0,17.0,3,2,"['Syrah', 'Cabernet Sauvignon']",Chile,Maipo Valley,[]
12142,Koz,86.0,12.5,86.0,12.5,2,2,"['Chardonnay', 'Pinot Noir']",US,California,"['California', 'California Other']"
12143,Kozlović,90.0,18.0,90.0,18.0,2,2,"['Malvasia', 'Teran']",Croatia,Istria,[]
12144,Kracher,92.5,150.0,92.5,150.0,2,1,['Rosenmuskateller'],Austria,Austria,[]
12145,Kracher,93.3,70.6,93.0,86.0,47,9,"['Chardonnay', 'Scheurebe', 'Welschriesling', 'Traminer', 'White Blend', 'Zweigelt', 'Pinot Gris', 'Muskat Ottonel', 'Austrian white blend']",Austria,Burgenland,[]
12146,Kracher,90.4,56.2,90.0,50.5,5,3,"['Pinot Gris', 'White Blend', 'Red Blend']",Austria,Neusiedlersee,[]
12147,Kracher,82.0,,82.0,,1,1,['Grüner Veltliner'],Austria,Niederösterreich,[]
12148,Kraemer,87.0,13.0,87.0,13.0,1,1,['Sparkling Blend'],France,France Other,['Vin Mousseux']
12149,Kramer,86.5,26.1,86.0,22.0,12,6,"['Pinot Noir', 'Müller-Thurgau', 'Pinot Gris', 'Chardonnay', 'Merlot', 'Riesling']",US,Oregon,['Willamette Valley']
12150,Krasia May,89.0,95.0,89.0,95.0,1,1,['Merlot'],Argentina,Mendoza Province,['Mendoza']
12151,Krauthaker,83.3,,83.0,,3,3,"['Chardonnay', 'Pinot Gris', 'Sauvignon Blanc']",Croatia,Kutjevo,[]
12152,Kris,87.2,11.4,87.0,12.0,5,1,['Pinot Grigio'],Italy,Northeastern Italy,['Delle Venezie']
12153,Kris,87.0,14.0,87.0,14.0,1,1,['Merlot'],Italy,Sicily & Sardinia,['Sicilia']
12154,Kriselle,87.0,26.8,87.0,26.0,17,7,"['Cabernet Sauvignon', 'Viognier', 'Malbec', 'Red Blend', 'Cabernet Franc', 'Sauvignon Blanc', 'Tempranillo']",US,Oregon,"['Rogue Valley', 'Southern Oregon']"
12155,Kristodd,88.3,61.7,88.0,30.0,3,3,"['Rosé', 'Cabernet Sauvignon', 'Sauvignon Blanc']",US,California,"['Howell Mountain', 'Napa']"
12156,Kriter,83.9,11.3,84.0,11.0,7,3,"['Champagne Blend', 'Sparkling Blend', 'Chardonnay']",France,France Other,['France']
12157,Krohn,83.0,,83.0,,1,1,['Port'],Portugal,Port,[]
12158,Krow Shore,87.0,16.0,87.0,16.0,1,1,['Syrah'],US,California,"['Santa Barbara', 'Central Coast']"
12159,Krug,94.1,389.2,94.0,290.0,15,2,"['Chardonnay', 'Champagne Blend']",France,Champagne,['Champagne']
12160,Krupp Brothers,90.9,76.6,91.0,70.0,41,11,"['Cabernet Sauvignon', 'Syrah', 'Merlot', 'Port', 'Red Blend', 'Bordeaux-style Red Blend', 'Chardonnay', 'Marsanne-Viognier', 'Marsanne', 'Rhône-style White Blend', 'Rosé']",US,California,"['Napa Valley', 'Napa']"
12161,Krutz,90.2,43.5,91.0,38.0,35,7,"['Cabernet Sauvignon', 'Merlot', 'Chardonnay', 'Syrah', 'Pinot Noir', 'Malbec', 'Zinfandel']",US,California,"['Napa Valley', 'Napa']"
12162,Krutzler,92.7,,93.0,,3,1,['Blaufränkisch'],Austria,Burgenland,[]
12163,Krutzler,94.0,39.0,94.0,39.0,1,1,['Blaufränkisch'],Austria,Eisenberg,[]
12164,Krutzler,95.0,79.0,95.0,79.0,1,1,['Blaufränkisch'],Austria,Südburgenland,[]
12165,Ksana,86.4,28.2,86.0,26.0,5,2,"['Malbec', 'Bonarda']",Argentina,Mendoza Province,['Mendoza']
12166,Ktima Driopi,87.0,40.0,87.0,40.0,1,1,['Agiorgitiko'],Greece,Arcadia,[]
12167,Ktima Driopi,85.0,25.0,85.0,25.0,1,1,['Agiorgitiko'],Greece,Nemea,[]
12168,Ktima Pavlidis,88.3,22.0,87.0,20.0,3,3,"['Rosé', 'Sauvignon Blanc-Assyrtiko', 'Assyrtico']",Greece,Drama,[]
12169,Ktima Voyatzi,86.5,26.8,87.0,25.0,4,2,"['Red Blend', 'Xinomavro']",Greece,Vin de Pays de Velvendo,[]
12170,Ku Dé Ta,82.0,10.0,82.0,10.0,2,1,['Malbec'],Argentina,Mendoza Province,['Mendoza']
12171,Ku Dé Ta,87.5,10.0,87.5,10.0,2,2,"['Sauvignon', 'Sauvignon Blanc']",Chile,Casablanca Valley,[]
12172,Ku Dé Ta,85.0,10.0,85.0,10.0,1,1,['Riesling'],Germany,Mosel,[]
12173,Ku Dé Ta,83.0,10.0,83.0,10.0,1,1,['Tempranillo'],Spain,Central Spain,['La Mancha']
12174,Ku Dé Ta,85.0,15.0,85.0,15.0,1,1,['Cabernet Sauvignon'],US,California,"['Napa Valley', 'Napa']"
12175,Kudos,86.6,19.8,86.0,18.0,18,3,"['Pinot Gris', 'Pinot Noir', 'Riesling']",US,Oregon,"['Willamette Valley', 'Willamette Valley']"
12176,Kuehn,84.0,23.0,84.0,23.0,1,1,['Pinot Gris'],France,Alsace,['Alsace']
12177,Kuenhof,87.3,,87.0,,3,3,"['Grüner Veltliner', 'Silvaner', 'Riesling']",Italy,Northeastern Italy,['Alto Adige']
12178,Kuentz-Bas,89.1,28.8,89.0,25.0,93,13,"['Pinot Noir', 'Riesling', 'Sylvaner', 'Auxerrois', 'Pinot Blanc', 'Alsace white blend', 'Gewürztraminer', 'Pinot Auxerrois', 'Muscat', 'White Blend', 'Pinot Gris', 'Edelzwicker', 'Sparkling Blend']",France,Alsace,['Alsace']
12179,Kukeri,87.0,79.0,87.0,79.0,1,1,['Cabernet Sauvignon'],US,California,"['Napa Valley', 'Napa']"
12180,Kuleto Estate,88.1,50.5,87.0,45.0,41,7,"['Chardonnay', 'Cabernet Sauvignon', 'Zinfandel', 'Red Blend', 'Syrah', 'Sangiovese', 'Cabernet Franc']",US,California,"['Napa Valley', 'Napa']"
12181,Kumala,83.0,9.0,83.0,9.0,1,1,['Sauvignon Blanc'],South Africa,Western Cape,[]
12182,Kumbaya,83.0,9.0,83.5,9.0,6,2,"['White Blend', 'Red Blend']",US,California,"['California', 'California Other']"
12183,Kumeu River,89.4,34.4,90.0,34.0,53,5,"['Chardonnay', 'Pinot Gris', 'Sauvignon Blanc', 'Pinot Noir', 'Red Blend']",New Zealand,Kumeu,[]
12184,Kumeu River,85.7,19.3,87.0,19.0,3,1,['Sauvignon Blanc'],New Zealand,Marlborough,[]
12185,Kumkani,86.0,13.7,86.0,13.0,3,3,"['Shiraz', 'Shiraz-Cabernet Sauvignon', 'Sauvignon Blanc']",South Africa,Stellenbosch,[]
12186,Kunde,87.6,28.5,88.0,23.0,119,16,"['Chardonnay', 'Sauvignon Blanc', 'Bordeaux-style Red Blend', 'Syrah', 'Zinfandel', 'Viognier', 'Cabernet Sauvignon', 'Meritage', 'White Blend', 'Merlot', 'Petite Verdot', 'Malbec', 'Barbera', 'Red Blend', 'Cabernet Sauvignon-Syrah', 'Cabernet Franc']",US,California,"['Sonoma Valley', 'Sonoma']"
12187,Kungfu Girl,89.0,12.0,89.0,12.0,1,1,['Riesling'],US,Washington,"['Columbia Valley (WA)', 'Columbia Valley']"
12188,Kunin,85.0,28.0,85.0,28.0,1,1,['Syrah'],US,California,"['Paso Robles', 'Central Coast']"
12189,Kunza,83.0,23.0,83.0,23.0,1,1,['Sparkling Blend'],Argentina,Mendoza Province,['Mendoza']
12190,Kunza,84.4,14.6,83.0,16.0,5,4,"['Cabernet Sauvignon', 'Cabernet Sauvignon-Carmenère', 'Merlot', 'Carmenère']",Chile,Maule Valley,[]
12191,Kupel Wieser,87.5,17.0,87.5,17.0,2,2,"['Pinot Bianco', 'Pinot Grigio']",Italy,Northeastern Italy,['Alto Adige']
12192,Kupelwieser,87.0,15.7,87.0,15.5,6,3,"['Pinot Grigio', 'Pinot Bianco', 'Riesling']",Italy,Northeastern Italy,['Alto Adige']
12193,Kurmisti,82.5,12.5,82.5,12.5,2,1,['Hondarrabi Zuri'],Spain,Spain Other,['Spain']
12194,Kurt Angerer,90.3,27.0,90.0,27.0,3,1,['Grüner Veltliner'],Austria,Kamptal,[]
12195,Kurt Angerer,89.3,21.3,89.0,19.5,12,4,"['Grüner Veltliner', 'Pinot Noir', 'St. Laurent', 'Riesling']",Austria,Niederösterreich,[]
12196,Kurt Hain,92.0,38.0,92.0,38.0,2,1,['Riesling'],Germany,Mosel-Saar-Ruwer,[]
12197,Kurtz Family,89.9,33.8,90.0,22.0,13,4,"['Red Blend', 'Shiraz', 'G-S-M', 'Grenache']",Australia,South Australia,['Barossa Valley']
12198,Kusuda,87.0,,88.0,,3,2,"['Syrah', 'Pinot Noir']",New Zealand,Martinborough,[]
12199,Kutch,88.8,40.8,89.0,39.0,5,1,['Pinot Noir'],US,California,"['Anderson Valley', 'Mendocino/Lake Counties']"
12200,Kuyam,90.0,30.5,90.0,30.5,2,1,['Bordeaux-style Red Blend'],US,California,"['Santa Barbara County', 'Central Coast']"
12201,Kvaszinger,90.0,23.5,90.0,23.5,2,1,['Furmint'],Hungary,Tokaj,[]
12202,Kynsi,89.9,36.4,90.0,36.0,51,6,"['Pinot Noir', 'Red Blend', 'Rosé', 'Chardonnay', 'Syrah', 'Pinot Blanc']",US,California,"['Edna Valley', 'Central Coast']"
12203,Kyra,85.6,18.0,87.0,20.0,5,5,"['Pinot Noir', 'Red Blend', 'Dolcetto', 'Sangiovese', 'Chenin Blanc']",US,Washington,"['Washington', 'Washington Other']"
12204,Kössler,88.4,20.5,88.0,19.0,11,5,"['Sauvignon', 'Gewürztraminer', 'Pinot Grigio', 'Pinot Bianco', 'Lagrein']",Italy,Northeastern Italy,['Alto Adige']
12205,Köster-Wolf,84.4,12.8,85.0,12.0,5,3,"['Riesling', 'Spätburgunder', 'Müller-Thurgau']",Germany,Rheinhessen,[]
12206,Kühling-Gillot,89.9,35.0,90.5,33.0,8,3,"['Scheurebe', 'Riesling', 'Spätburgunder']",Germany,Rheinhessen,[]
12207,Künstler,88.0,21.5,88.0,21.5,2,1,['Riesling'],Germany,Rheingau,[]
12208,L de Lyeth,85.7,12.8,85.5,13.5,6,4,"['Merlot', 'Cabernet Sauvignon', 'Chardonnay', 'Malbec']",US,California,"['Sonoma County', 'Sonoma']"
12209,L'Aietta,92.0,52.5,92.0,52.5,2,1,['Sangiovese'],Italy,Tuscany,['Brunello di Montalcino']
12210,L'Amandine,91.5,21.5,91.5,21.5,2,1,['Rhône-style Red Blend'],France,Rhône Valley,[]
12211,L'Amphore de Provence,85.0,,85.0,,1,1,['Rosé'],France,Provence,['Côtes de Provence']
12212,L'Antica Fornace di Ridolfo,88.3,22.0,89.0,20.0,3,2,"['Sangiovese', 'Red Blend']",Italy,Tuscany,['Chianti Classico']
12213,L'Antica Quercia,86.5,19.0,86.0,20.0,11,2,"['Glera', 'Prosecco']",Italy,Veneto,['Prosecco']
12214,L'Arboc,88.0,13.0,88.0,13.0,1,1,['Sparkling Blend'],Spain,Catalonia,['Cava']
12215,L'Arbossar,88.0,112.0,88.0,112.0,1,1,['Red Blend'],Spain,Catalonia,['Priorat']
12216,L'Arco,86.5,58.8,87.0,54.5,6,2,"['Corvina, Rondinella, Molinara', 'Red Blend']",Italy,Veneto,['Amarone della Valpolicella Classico']
12217,L'Armangia,88.0,33.0,88.0,33.0,4,1,['Barbera'],Italy,Piedmont,"[""Barbera d'Asti Superiore Nizza""]"
12218,L'Arène des Anges,88.0,13.0,88.0,13.0,1,1,['Rhône-style Red Blend'],France,Rhône Valley,['Costières de Nîmes']
12219,L'Astore Masseria,86.9,16.0,87.0,16.0,7,4,"['White Blend', 'Primitivo', 'Rosé', 'Negroamaro']",Italy,Southern Italy,['Salento']
12220,L'Atzar,85.5,24.5,85.5,24.5,2,1,['Red Blend'],Spain,Catalonia,['Priorat']
12221,L'Avenir,90.0,25.0,90.0,25.0,1,1,['Bordeaux-style Red Blend'],South Africa,Stellenbosch,[]
12222,L'Aventure,90.9,62.0,92.0,67.5,11,5,"['Cabernet Sauvignon', 'G-S-M', 'Red Blend', 'Rosé', 'Syrah']",US,California,"['Paso Robles', 'Central Coast']"
12223,L'Avion,90.0,38.0,90.0,38.0,2,1,['Roussanne'],US,California,"['Central Coast', 'Central Coast']"
12224,L'Ecole No. 41,90.3,30.8,90.0,30.0,136,14,"['Bordeaux-style Red Blend', 'Syrah', 'Cabernet Sauvignon', 'Chenin Blanc', 'Merlot', 'Chardonnay', 'Sémillon', 'Bordeaux-style White Blend', 'Grenache', 'Rosé', 'Red Blend', 'White Blend', 'Semillon-Sauvignon Blanc', 'Cabernet Sauvignon-Merlot']",US,Washington,"['Walla Walla Valley (WA)', 'Columbia Valley']"
12225,L'Egrégoire,86.0,60.0,86.0,60.0,1,1,['Bordeaux-style Red Blend'],France,Bordeaux,['Bordeaux']
12226,L'Enclos des Braves,88.9,19.7,88.0,18.0,7,3,"['Red Blend', 'White Blend', 'Braucol']",France,Southwest France,['Gaillac']
12227,L'Esprit du Couvent,82.0,,82.0,,1,1,['Bordeaux-style Red Blend'],France,Bordeaux,['Bordeaux']
12228,L'Oca Ciuca,86.1,18.2,86.0,14.5,8,3,"['Sangiovese Grosso', 'Sangiovese', 'Red Blend']",Italy,Tuscany,['Brunello di Montalcino']
12229,L'Oliveto,88.7,25.3,89.0,26.0,3,3,"['Chardonnay', 'Cabernet Sauvignon', 'Pinot Noir']",US,California,"['Russian River Valley', 'Sonoma']"
12230,L'Orcio,84.0,30.0,84.0,30.0,1,1,['Red Blend'],Italy,Tuscany,['Chianti Classico']
12231,L'Ostal Cazes,88.5,19.8,89.0,16.0,6,2,"['Rhône-style Red Blend', 'Rosé']",France,Languedoc-Roussillon,['Minervois La Liviniere']
12232,L'Ptit Paysan,91.0,22.0,91.0,22.0,1,1,['Rhône-style Red Blend'],US,California,"['San Benito County', 'Central Coast']"
12233,L'original French Kiss,83.8,11.4,84.0,11.0,5,5,"['Chardonnay', 'Pinot Noir', 'Cabernet Sauvignon', 'Malbec', 'Sauvignon Blanc']",France,France Other,['Vin de France']
12234,L. Tramier & Fils,86.4,17.6,87.0,18.0,13,1,['Gamay'],France,Beaujolais,['Beaujolais-Villages']
12235,L. Tramier & Fils,86.9,59.9,87.0,37.0,49,4,"['Pinot Noir', 'Chardonnay', 'Pinot Noir-Gamay', 'White Blend']",France,Burgundy,['Corton']
12236,L. Tramier & Fils,85.2,10.5,85.0,10.0,12,7,"['Chardonnay', 'Pinot Noir', 'Rosé', 'Cabernet Sauvignon', 'Red Blend', 'White Blend', 'Sauvignon Blanc']",France,France Other,['Vin de France']
12237,L. Tramier & Fils,84.0,13.0,84.0,13.0,1,1,['Rhône-style Red Blend'],France,Rhône Valley,['Côtes du Rhône']
12238,L.A. Cetto,83.9,14.5,84.0,13.0,17,6,"['Chardonnay', 'Nebbiolo', 'Cabernet Sauvignon', 'Petite Sirah', 'Sauvignon Blanc', 'Chenin Blanc']",Mexico,Valle de Guadalupe,[]
12239,LAN,84.3,22.3,84.0,25.0,3,2,"['Tempranillo', 'Red Blend']",Spain,Northern Spain,['Rioja']
12240,LIV,86.0,12.0,86.0,12.0,1,1,['Portuguese White'],Portugal,Vinho Verde,[]
12241,LJ Crafted Wines,88.0,39.0,88.0,39.0,1,1,['Pinot Noir'],US,California,"['Russian River Valley', 'Sonoma']"
12242,LTU,93.2,65.0,93.5,65.0,4,1,['Malbec'],Argentina,Mendoza Province,['Uco Valley']
12243,LVE,91.0,85.0,91.0,85.0,1,1,['Cabernet Sauvignon'],US,California,"['Napa Valley', 'Napa']"
12244,LVVR,86.0,20.0,86.0,20.0,1,1,['Sparkling Blend'],US,California,"['Lodi', 'Central Valley']"
12245,LXV,86.8,44.0,87.0,40.0,12,6,"['Red Blend', 'Syrah', 'Cabernet Sauvignon', 'Chenin Blanc', 'Viognier', 'Rosé']",US,California,"['Paso Robles', 'Central Coast']"
12246,La Antigua,89.0,28.0,89.0,28.0,1,1,['Garnacha Blend'],Spain,Northern Spain,['Rioja']
12247,La Ballerina,88.5,,88.5,,2,1,['Barbera'],Italy,Piedmont,"[""Barbera d'Asti Superiore""]"
12248,La Bastide Blanche,91.0,25.8,91.5,25.5,4,3,"['Provence white blend', 'Rosé', 'Mourvèdre']",France,Provence,['Bandol']
12249,La Bastide Saint Dominique,90.5,,90.5,,2,1,['Rhône-style Red Blend'],France,Rhône Valley,['Châteauneuf-du-Pape']
12250,La Battagliola,84.0,18.3,84.0,18.0,3,2,"['Lambrusco', 'Lambrusco Grasparossa']",Italy,Central Italy,['Lambrusco Grasparossa di Castelvetro']
12251,La Battistina,88.0,,88.0,,1,1,['Cortese'],Italy,Piedmont,['Gavi']
12252,La Baume,82.0,7.0,82.0,7.0,1,1,['Syrah'],France,Languedoc-Roussillon,"[""Vin de Pays d'Oc""]"
12253,La Bellanotte,83.0,23.0,83.0,23.0,2,2,"['Turbiana', 'Pinot Grigio']",Italy,Northeastern Italy,['Collio']
12254,La Belle Amie,84.5,16.5,84.5,16.5,2,2,"['Cabernet Sauvignon', 'Pinot Noir']",Romania,Dealu Mare,[]
12255,La Belle Collection,85.5,15.0,85.5,15.0,2,1,['Rosé'],France,Provence,['Côtes de Provence']
12256,La Berrière,87.5,11.0,87.5,11.0,2,1,['Melon'],France,Loire Valley,['Muscadet Côtes de Grandlieu']
12257,La Bete,92.0,40.0,92.0,40.0,1,1,['Pinot Noir'],US,Oregon,"['Willamette Valley', 'Willamette Valley']"
12258,La Bioca,86.3,59.0,85.5,64.0,6,1,['Nebbiolo'],Italy,Piedmont,['Barbaresco']
12259,La Boatina,86.0,22.0,86.0,22.0,1,1,['Pinot Grigio'],Italy,Northeastern Italy,['Friuli Isonzo']
12260,La Bodega de Pinoso,84.8,12.2,85.5,13.0,6,4,"['Monastrell', 'White Blend', 'Red Blend', 'Rosado']",Spain,Levante,['Alicante']
12261,La Bollina,87.0,25.0,87.0,25.0,1,1,['Cortese'],Italy,Piedmont,['Gavi']
12262,La Bouvaude,88.0,12.0,88.0,12.0,2,1,['Rhône-style Red Blend'],France,Rhône Valley,['Côtes du Rhône']
12263,La Braccesca,89.1,26.9,89.0,23.5,14,4,"['Red Blend', 'Sangiovese', 'Syrah', 'Prugnolo Gentile']",Italy,Tuscany,['Vino Nobile di Montepulciano']
12264,La Ca' Nova,91.0,48.0,92.0,50.0,5,1,['Nebbiolo'],Italy,Piedmont,['Barbaresco']
12265,La Calonica,87.9,29.9,87.0,25.0,21,5,"['Red Blend', 'Sangiovese', 'Prugnolo Gentile', 'Sauvignon', 'Syrah']",Italy,Tuscany,['Rosso di Montepulciano']
12266,La Canosa,86.2,13.5,87.0,13.5,6,5,"['Sangiovese', 'Montepulciano', 'Passerina', 'Red Blend', 'Pecorino']",Italy,Central Italy,['Marche']
12267,La Capilla,84.2,40.5,84.5,40.0,4,3,"['Syrah', 'Cabernet Sauvignon', 'Red Blend']",US,California,"['Paso Robles', 'Central Coast']"
12268,La Cappuccina,87.4,18.6,87.0,18.0,14,3,"['White Blend', 'Garganega', 'Pinot Grigio']",Italy,Veneto,['Soave']
12269,La Capra Presented by Fairview,86.0,11.0,86.0,11.0,3,3,"['Chenin Blanc', 'Pinotage', 'Sauvignon Blanc']",South Africa,Coastal Region,[]
12270,La Capra Presented by Fairview,86.3,11.0,86.0,11.0,3,3,"['Chenin Blanc', 'Chardonnay', 'Pinotage']",South Africa,Western Cape,[]
12271,La Carraia,85.9,15.9,86.5,12.0,8,4,"['Sangiovese', 'Red Blend', 'Cabernet Sauvignon-Merlot', 'White Blend']",Italy,Central Italy,['Umbria']
12272,La Casa Dell'Orco,86.3,19.8,86.5,20.0,6,4,"['Aglianico', 'Fiano', 'Falanghina', 'Greco']",Italy,Southern Italy,['Irpinia']
12273,La Casa Maguila,83.5,12.5,83.5,12.5,2,1,['Tinta de Toro'],Spain,Northern Spain,['Toro']
12274,La Casaccia,86.0,17.0,86.0,17.0,2,1,['Barbera'],Italy,Piedmont,['Barbera del Monferrato']
12275,La Castellada,89.0,68.3,89.0,70.0,3,3,"['Pinot Grigio', 'Ribolla Gialla', 'White Blend']",Italy,Northeastern Italy,['Collio']
12276,La Castellina,86.6,31.8,87.0,35.0,13,2,"['Sangiovese', 'Red Blend']",Italy,Tuscany,['Chianti Classico']
12277,La Catrina,85.2,12.0,84.0,12.0,5,5,"['Pinot Grigio', 'Red Blend', 'Moscato', 'Chardonnay', 'Cabernet Sauvignon']",US,California,"['California', 'California Other']"
12278,La Cave de Pomerols,86.0,10.0,86.0,10.0,1,1,['Picpoul'],France,Languedoc-Roussillon,['Coteaux du Languedoc']
12279,La Cave des Vignerons de Pfaffenheim,87.4,21.6,88.5,17.0,24,8,"['White Blend', 'Pinot Blanc', 'Riesling', 'Rosé', 'Alsace white blend', 'Pinot Gris', 'Gewürztraminer', 'Pinot Noir']",France,Alsace,['Alsace']
12280,La Caña,88.0,22.3,88.0,18.0,10,1,['Albariño'],Spain,Galicia,['Rías Baixas']
12281,La Cerbaiola,92.0,171.0,92.0,171.0,2,1,['Sangiovese Grosso'],Italy,Tuscany,['Brunello di Montalcino']
12282,La Cereza,84.0,25.0,84.0,25.0,1,1,['Viognier'],US,California,"['Temecula', 'South Coast']"
12283,La Chablisienne,90.3,41.7,91.0,35.0,90,2,"['Chardonnay', 'Sauvignon Blanc']",France,Burgundy,['Chablis']
12284,La Chanterelle,88.0,40.0,88.0,40.0,2,2,"['Cabernet Sauvignon', 'Syrah']",US,Washington,"['Walla Walla Valley (WA)', 'Columbia Valley']"
12285,La Chapelle Gordonne,89.0,19.0,89.0,19.0,1,1,['Rhône-style White Blend'],France,Provence,['Côtes de Provence']
12286,La Chapelle de Potensac,87.0,,87.0,,1,1,['Bordeaux-style Red Blend'],France,Bordeaux,['Médoc']
12287,La Chapelle de la Mission Haut-Brion,91.0,,91.0,,2,1,['Bordeaux-style Red Blend'],France,Bordeaux,['Pessac-Léognan']
12288,La Chertosa,89.3,29.7,91.0,29.0,3,3,"['Chardonnay', 'Sangiovese', 'Zinfandel']",US,California,"['Sonoma Valley', 'Sonoma']"
12289,La Cheteau,83.0,14.0,83.0,14.0,1,1,['Sparkling Blend'],France,France Other,['Vin Mousseux']
12290,La Chiripada,84.3,24.6,85.0,22.0,12,5,"['Viognier', 'Red Blend', 'Cabernet Sauvignon', 'Dolcetto', 'White Blend']",US,New Mexico,['New Mexico']
12291,La Chouette,86.0,20.0,86.0,20.0,2,2,"['Pinot Noir', 'Pinot Gris']",US,Oregon,"['Willamette Valley', 'Willamette Valley']"
12292,La Châsse,86.0,11.0,86.0,11.0,2,2,"['Pinot Noir', 'Syrah']",France,France Other,['Vin de France']
12293,La Châsse,87.0,13.0,87.0,13.0,1,1,['Rosé'],France,Rhône Valley,['Côtes du Rhône']
12294,La Châsse du Pape,84.0,11.0,84.0,11.0,1,1,['Rhône-style White Blend'],France,Rhône Valley,['Côtes du Rhône']
12295,La Ciarliana,87.4,22.1,87.0,21.5,9,3,"['Red Blend', 'Prugnolo Gentile', 'Sangiovese']",Italy,Tuscany,['Vino Nobile di Montepulciano']
12296,La Cignozza,86.5,19.0,86.5,19.0,2,1,['Red Blend'],Italy,Tuscany,['Chianti']
12297,La Clarine Farm,89.6,22.4,90.0,22.0,17,6,"['White Blend', 'Red Blend', 'Mourvèdre', 'Syrah', 'Rhône-style Red Blend', 'Rosé']",US,California,"['Sierra Foothills', 'Sierra Foothills']"
12298,La Collina dei Ciliegi,87.2,45.8,87.0,35.0,5,2,"['Corvina, Rondinella, Molinara', 'Red Blend']",Italy,Veneto,['Amarone della Valpolicella']
12299,La Collina dei Lecci,89.4,43.8,89.0,40.0,13,2,"['Sangiovese', 'Sangiovese Grosso']",Italy,Tuscany,['Brunello di Montalcino']
12300,La Colombaia,84.0,,84.0,,1,1,['Sangiovese'],Italy,Tuscany,['Chianti Colli Fiorentini']
12301,La Colombina,88.9,41.3,89.0,45.0,13,3,"['Sangiovese', 'Sangiovese Grosso', 'Red Blend']",Italy,Tuscany,['Brunello di Montalcino']
12302,La Confrérie de Oisly et Thésée,86.0,11.0,86.0,11.0,2,1,['Sauvignon Blanc'],France,Loire Valley,['Touraine']
12303,La Conreria d'Scala Dei,89.3,31.7,89.0,35.0,3,1,['Red Blend'],Spain,Catalonia,['Priorat']
12304,La Contea,86.0,,86.0,,2,1,['Nebbiolo'],Italy,Piedmont,['Barbaresco']
12305,La Corsa,88.5,20.5,88.5,20.5,2,2,"['Red Blend', 'Vermentino']",Italy,Tuscany,['Maremma Toscana']
12306,La Corte,87.1,14.1,87.0,12.0,7,3,"['Red Blend', 'Negroamaro', 'Primitivo']",Italy,Southern Italy,['Salice Salentino']
12307,La Coterie,87.0,13.0,87.0,13.0,1,1,['Rhône-style Red Blend'],France,Rhône Valley,['Côtes du Rhône']
12308,La Courtade,83.0,14.0,83.0,14.0,1,1,['Rosé'],France,Provence,['Côtes de Provence']
12309,La Crema,88.2,33.1,88.0,30.0,79,5,"['Chardonnay', 'Pinot Noir', 'Pinot Gris', 'Viognier', 'Zinfandel']",US,California,"['Russian River Valley', 'Sonoma']"
12310,La Crema,88.8,32.5,88.5,30.0,4,2,"['Pinot Noir', 'Chardonnay']",US,Oregon,"['Willamette Valley', 'Willamette Valley']"
12311,La Croix,89.0,46.0,89.0,46.0,1,1,['Syrah-Grenache'],France,Languedoc-Roussillon,['Minervois La Liviniere']
12312,La Croix Martelle,84.0,24.0,84.0,24.0,1,1,['Pinot Noir'],France,Languedoc-Roussillon,"[""Vin de Pays d'Oc""]"
12313,La Croix de Beaucaillou,94.0,,94.0,,1,1,['Bordeaux-style Red Blend'],France,Bordeaux,['Saint-Julien']
12314,La Croix de Renaud,86.0,17.0,86.0,17.0,1,1,['Bordeaux-style Red Blend'],France,Bordeaux,['Bordeaux']
12315,La Croix du Pin,84.0,10.0,84.0,10.0,1,1,['Muscat'],France,Languedoc-Roussillon,"[""Pays d'Oc""]"
12316,La Croix du Prieur,88.0,16.0,88.0,16.0,1,1,['Rosé'],France,Provence,['Côtes de Provence']
12317,La Crusset,85.0,16.0,85.0,16.0,1,1,['Sparkling Blend'],Spain,Catalonia,['Cava']
12318,La Crusset,81.0,22.0,81.0,22.0,1,1,['Tempranillo Blanco'],Spain,Northern Spain,['Rioja']
12319,La Cruz,84.0,13.0,84.0,13.0,1,1,['Sauvignon Blanc'],Chile,Leyda Valley,[]
12320,La Cuna de la Poesia,83.0,10.0,83.0,10.0,1,1,['Tempranillo'],Spain,Northern Spain,['Rioja']
12321,La Cuvée Mythique,88.0,15.0,88.0,15.0,1,1,['Rhône-style Red Blend'],France,Languedoc-Roussillon,"[""Pays d'Oc""]"
12322,La Dama,88.4,31.0,88.0,31.0,7,2,"['Corvina, Rondinella, Molinara', 'Red Blend']",Italy,Veneto,['Amarone della Valpolicella Classico']
12323,La Diacceta,87.0,11.0,87.0,11.0,1,1,['Vernaccia'],Italy,Tuscany,['San Gimignano']
12324,La Diligence,91.0,48.0,91.0,48.0,2,1,['Syrah'],US,California,"['Napa Valley', 'Napa']"
12325,La Doga,87.0,19.0,87.0,19.0,1,1,['Red Blend'],Italy,Tuscany,['Morellino di Scansano']
12326,La Dolce Vita,83.0,20.0,83.0,20.0,1,1,['Pinot Noir'],US,Oregon,"['Willamette Valley', 'Willamette Valley']"
12327,La Escuelita,81.0,27.0,81.0,27.0,1,1,['Carignan'],Mexico,Valle de Guadalupe,[]
12328,La Face Cachée de la Pomme,90.0,35.0,90.0,35.0,1,1,['Apple'],Canada,Canada Other,['Quebec']
12329,La Famiglia,84.0,25.0,84.0,25.0,1,1,['Barbera'],US,California,"['Red Hills Lake County', 'Mendocino/Lake Counties']"
12330,La Famiglia di Robert Mondavi,88.0,13.5,88.0,13.5,2,2,"['Pinot Gris', 'Moscato']",US,California,"['Anderson Valley', 'Mendocino/Lake Counties']"
12331,La Farra,87.1,17.1,87.0,16.5,11,1,['Glera'],Italy,Veneto,['Conegliano Valdobbiadene Prosecco Superiore']
12332,La Fenêtre,89.5,38.4,90.0,36.0,47,6,"['Chardonnay', 'Pinot Noir', 'Syrah', 'Bordeaux-style Red Blend', 'Red Blend', 'Cabernet Sauvignon']",US,California,"['Santa Maria Valley', 'Central Coast']"
12333,La Ferme Martin,85.0,13.5,85.0,13.5,2,2,"['Merlot', 'Chardonnay']",US,New York,"['Long Island', 'Long Island']"
12334,La Ferme des Sept Lunes,89.0,50.0,89.0,50.0,1,1,['Syrah'],France,Rhône Valley,['Saint-Joseph']
12335,La Fiammenga,88.2,31.5,88.0,29.0,6,3,"['Nebbiolo', 'Red Blend', 'Barbera']",Italy,Piedmont,['Barolo']
12336,La Fiera,84.0,8.0,84.0,8.0,1,1,['Montepulciano'],Italy,Central Italy,"[""Montepulciano d'Abruzzo""]"
12337,La Filice,89.8,28.4,90.0,26.0,9,4,"['Petite Sirah', 'Syrah', 'Red Blend', 'Rhône-style Red Blend']",US,California,"['Paso Robles', 'Central Coast']"
12338,La Fiorita,89.9,50.5,90.0,57.5,7,2,"['Sangiovese', 'Sangiovese Grosso']",Italy,Tuscany,['Brunello di Montalcino']
12339,La Fleur Ribeyrolles,86.0,14.0,86.0,14.0,2,2,"['Bordeaux-style White Blend', 'Bordeaux-style Red Blend']",France,Bordeaux,['Entre-Deux-Mers']
12340,La Fleur de Boüard,90.5,,90.5,,2,1,['Bordeaux-style Red Blend'],France,Bordeaux,['Lalande de Pomerol']
12341,La Folia Winery,89.3,29.8,89.0,30.0,18,8,"['Red Blend', 'Pinot Grigio', 'Sangiovese', 'Dolcetto', 'Barbera', 'Vermentino', 'Fiano', 'Zinfandel']",US,California,"['Sierra Foothills', 'Sierra Foothills']"
12342,La Follette,91.4,38.8,91.0,40.0,35,3,"['Chardonnay', 'Pinot Noir', 'Pinot Meunier']",US,California,"['Russian River Valley', 'Sonoma']"
12343,La Font du Vent,89.5,16.8,90.0,16.5,4,1,['Rhône-style Red Blend'],France,Rhône Valley,['Côtes du Rhône Villages']
12344,La Forcine,85.0,18.0,85.0,18.0,1,1,['Sauvignon Blanc'],France,France Other,['Vin de France']
12345,La Forge Estate,85.8,12.5,86.0,13.0,12,6,"['Chardonnay', 'Cabernet Sauvignon', 'Pinot Noir', 'Merlot', 'Viognier', 'Rosé']",France,Languedoc-Roussillon,"[""Pays d'Oc""]"
12346,La Fornace,88.6,67.1,88.5,65.0,16,2,"['Sangiovese', 'Sangiovese Grosso']",Italy,Tuscany,['Brunello di Montalcino']
12347,La Fortuna,83.0,10.0,83.0,10.0,1,1,['Sauvignon Blanc'],Chile,Chile,[]
12348,La Fortuna,91.0,56.4,92.0,50.0,12,3,"['Sangiovese Grosso', 'Red Blend', 'Sangiovese']",Italy,Tuscany,['Brunello di Montalcino']
12349,La Francesca,83.5,5.5,83.5,5.5,2,1,['Pinot Grigio'],Italy,Veneto,['Veneto']
12350,La Fusina,87.9,37.9,88.0,34.0,7,3,"['Barbera', 'Dolcetto', 'Nebbiolo']",Italy,Piedmont,"[""Barbera d'Alba Superiore""]"
12351,La Galinière,85.0,15.0,85.0,15.0,1,1,['Cabernet Sauvignon'],France,Languedoc-Roussillon,['Vin de Pays des Coteaux de Peyriac']
12352,La Ganghija,90.8,,91.0,,5,1,['Nebbiolo'],Italy,Piedmont,['Barbaresco']
12353,La Gerla,90.6,54.3,90.5,50.0,26,2,"['Sangiovese', 'Sangiovese Grosso']",Italy,Tuscany,['Brunello di Montalcino']
12354,La Giaretta,87.2,35.1,88.0,38.0,12,1,"['Corvina, Rondinella, Molinara']",Italy,Veneto,['Amarone della Valpolicella Classico']
12355,La Gioiosa,86.6,15.7,87.0,18.0,5,2,"['Prosecco', 'Glera']",Italy,Veneto,['Prosecco Superiore di Cartizze']
12356,La Gironda di Galandrino,87.6,22.0,87.0,23.0,5,3,"['Moscato', 'Barbera', 'Brachetto']",Italy,Piedmont,"[""Moscato d'Asti""]"
12357,La Gitana,89.0,22.0,89.0,22.0,2,1,['Albariño'],Spain,Galicia,['Rías Baixas']
12358,La Gitana,89.2,38.8,89.5,42.5,4,3,"['White Blend', 'Tempranillo', 'Tempranillo Blend']",Spain,Northern Spain,['Rioja']
12359,La Grande Côte,92.0,20.0,92.0,20.0,1,1,['Rosé'],US,California,"['Paso Robles', 'Central Coast']"
12360,La Granja 360,84.0,7.0,84.0,7.0,1,1,['Sparkling Blend'],Spain,Catalonia,['Cava']
12361,La Greña,89.0,23.0,89.0,23.0,1,1,['Tempranillo'],Spain,Northern Spain,['Rioja']
12362,La Grille,86.8,13.5,87.0,14.0,4,4,"['Sauvignon Blanc', 'Melon', 'Rosé', 'Chenin Blanc']",France,Loire Valley,['Touraine']
12363,La Guardiense,84.0,10.0,84.0,10.0,1,1,['Greco'],Italy,Southern Italy,['Sannio']
12364,La Honda Winery,88.3,31.3,89.0,28.0,13,5,"['Cabernet Sauvignon', 'Pinot Noir', 'Chardonnay', 'Red Blend', 'Sauvignon Blanc']",US,California,"['Santa Cruz Mountains', 'Central Coast']"
12365,La Jara,84.2,14.7,84.5,14.0,6,1,['Glera'],Italy,Veneto,['Prosecco']
12366,La Jota Vineyard,92.2,67.8,92.0,65.0,17,4,"['Cabernet Sauvignon', 'Cabernet Franc', 'Petite Sirah', 'Merlot']",US,California,"['Howell Mountain', 'Napa']"
12367,La Lastra,87.4,21.6,87.0,18.0,8,3,"['Red Blend', 'Sangiovese', 'Vernaccia']",Italy,Tuscany,['Toscana']
12368,La Legua,86.4,17.4,86.0,16.0,5,1,['Tempranillo'],Spain,Northern Spain,['Cigales']
12369,La Lomita,87.0,32.5,87.0,32.5,2,2,"['Bordeaux-style Red Blend', 'Grenache']",Mexico,Valle de Guadalupe,[]
12370,La Luz,88.0,37.0,88.0,37.0,1,1,['Pinot Noir'],US,Oregon,"['Oregon', 'Oregon Other']"
12371,La Madonna,92.0,,92.0,,1,1,['Sangiovese Grosso'],Italy,Tuscany,['Brunello di Montalcino']
12372,La Madonnina,87.8,18.7,87.0,17.0,5,2,"['Sangiovese', 'Red Blend']",Italy,Tuscany,['Chianti Classico']
12373,La Magia,90.9,92.0,90.0,76.0,7,2,"['Sangiovese', 'Sangiovese Grosso']",Italy,Tuscany,['Brunello di Montalcino']
12374,La Mancina,84.0,15.0,84.0,15.0,1,1,['Pignoletto'],Italy,Central Italy,['Colli Bolognesi']
12375,La Mannella,90.8,78.0,91.0,72.0,20,2,"['Sangiovese', 'Sangiovese Grosso']",Italy,Tuscany,['Brunello di Montalcino']
12376,La Mano,85.4,10.8,87.0,8.0,5,1,['Mencía'],Spain,Northern Spain,['Bierzo']
12377,La Marca,86.4,14.1,87.0,13.0,7,2,"['Glera', 'Prosecco']",Italy,Veneto,['Prosecco']
12378,La Marcellina,90.0,,90.0,,1,1,['Sangiovese'],Italy,Tuscany,['Chianti Classico']
12379,La Marea,90.0,32.5,90.0,34.0,4,2,"['Albariño', 'Grenache']",US,California,"['Monterey County', 'Central Coast']"
12380,La Massa,92.0,47.0,92.0,37.0,3,1,['Sangiovese'],Italy,Tuscany,['Chianti Classico']
12381,La Masserie,88.0,25.0,88.0,25.0,1,1,['Casavecchia'],Italy,Southern Italy,['Terre del Volturno']
12382,La Mejorada,85.5,16.0,85.5,16.0,2,1,['Tempranillo'],Spain,Northern Spain,['Vino de la Tierra de Castilla y León']
12383,La Merika,85.0,14.2,85.0,15.0,9,4,"['Chardonnay', 'Pinot Noir', 'Cabernet Sauvignon', 'Pinot Grigio']",US,California,"['Central Coast', 'Central Coast']"
12384,La Monacesca,89.0,26.0,89.0,26.0,2,1,['Verdicchio'],Italy,Central Italy,['Verdicchio di Matelica']
12385,La Mondianese,87.0,21.0,87.0,21.0,1,1,['Ruché'],Italy,Piedmont,['Ruché di Castagnole Monferrato']
12386,La Mondotte,94.0,,94.0,,2,1,['Bordeaux-style Red Blend'],France,Bordeaux,['Saint-Émilion']
12387,La Montagne,88.4,45.7,88.0,48.0,9,4,"['Pinot Noir', 'Pinot Blanc', 'Tempranillo', 'Chardonnay']",US,California,"['Santa Barbara County', 'Central Coast']"
12388,La Montecchia,88.0,50.0,88.0,50.0,1,1,['Moscato Giallo'],Italy,Veneto,['Colli Euganei']
12389,La Montina,88.4,40.0,88.0,35.5,9,2,"['Sparkling Blend', 'Chardonnay']",Italy,Lombardy,['Franciacorta']
12390,La Mormoraia,87.0,15.0,87.0,15.0,3,1,['Vernaccia'],Italy,Tuscany,['Vernaccia di San Gimignano']
12391,La Motte,84.0,20.0,84.0,20.0,1,1,['Cabernet Sauvignon'],South Africa,Franschhoek,[]
12392,La Motte,84.0,23.0,84.0,23.0,1,1,['Cabernet Sauvignon'],South Africa,Stellenbosch,[]
12393,La Mozza,87.0,14.0,87.0,14.0,3,2,"['Sangiovese', 'Red Blend']",Italy,Tuscany,['Morellino di Scansano']
12394,La Ninota,85.0,15.0,85.0,15.0,1,1,['Red Blend'],Spain,Catalonia,['Priorat']
12395,La Noble,85.0,12.5,85.0,12.5,2,2,"['Merlot', 'Chardonnay']",France,Languedoc-Roussillon,"[""Vin de Pays d'Oc""]"
12396,La Palazzetta,88.8,50.6,88.5,50.0,8,2,"['Sangiovese Grosso', 'Sangiovese']",Italy,Tuscany,['Brunello di Montalcino']
12397,La Palma,84.8,8.0,85.0,8.0,5,5,"['Chardonnay', 'Merlot', 'Sauvignon Blanc', 'Cabernet Sauvignon-Merlot', 'Cabernet Sauvignon']",Chile,Cachapoal Valley,[]
12398,La Palma,84.3,10.3,84.0,10.0,7,3,"['Chardonnay', 'Merlot', 'Cabernet Sauvignon']",Chile,Rapel Valley,[]
12399,La Patache,85.3,12.0,85.0,12.0,3,2,"['Bordeaux-style Red Blend', 'Cabernet Sauvignon']",France,Bordeaux,['Médoc']
12400,La Perla Marco Triacca,91.0,29.5,91.0,29.5,2,1,['Nebbiolo'],Italy,Lombardy,['Valtellina Superiore']
12401,La Perla del Priorat,84.5,24.0,84.5,24.0,2,1,['Red Blend'],Spain,Catalonia,['Priorat']
12402,La Pescaia,90.0,,90.0,,1,1,['Sangiovese'],Italy,Tuscany,['Brunello di Montalcino']
12403,La Piasola,88.0,19.0,88.0,19.0,1,1,['Cortese'],Italy,Piedmont,['Gavi']
12404,La Pieve,88.0,55.0,87.0,55.0,3,2,"['Sangiovese', 'Sangiovese Grosso']",Italy,Tuscany,['Brunello di Montalcino']
12405,La Pineta,91.0,,91.0,,1,1,['Red Blend'],Italy,Tuscany,['Bolgheri']
12406,La Pisara,84.9,9.6,85.0,9.0,8,3,"['Primitivo', 'Red Blend', 'Negroamaro']",Italy,Southern Italy,['Salento']
12407,La Pitchoune,89.9,54.8,90.0,58.0,9,2,"['Chardonnay', 'Pinot Noir']",US,California,"['Sonoma Coast', 'Sonoma']"
12408,La Playa,85.0,11.0,85.0,11.0,1,1,['Pinot Noir'],Chile,Central Valley,[]
12409,La Playa,84.0,12.0,84.0,12.0,1,1,['Carmenère'],Chile,Colchagua Costa,[]
12410,La Playa,86.1,13.6,86.0,11.0,54,10,"['Viognier-Chardonnay', 'Merlot', 'Syrah', 'Sauvignon Blanc', 'Red Blend', 'Cabernet Sauvignon', 'Carmenère', 'Bordeaux-style Red Blend', 'Chardonnay', 'Cabernet Blend']",Chile,Colchagua Valley,[]
12411,La Playa,83.0,8.0,83.0,8.0,1,1,['Sauvignon Blanc'],Chile,Curicó Valley,[]
12412,La Playa,85.4,11.9,86.0,11.0,11,4,"['Sauvignon Blanc', 'Chardonnay', 'Pinot Noir', 'Syrah']",Chile,Limarí Valley,[]
12413,La Playa,84.8,15.5,84.5,15.5,4,4,"['Chardonnay', 'Bordeaux-style Red Blend', 'Red Blend', 'Cabernet Sauvignon']",Chile,Maipo Valley,[]
12414,La Pleïade II,90.0,24.0,90.0,24.0,1,1,['White Blend'],US,California,"['California', 'California Other']"
12415,La Poderina,91.4,65.2,92.0,65.0,19,4,"['Sangiovese', 'Red Blend', 'Sangiovese Grosso', 'Moscadello']",Italy,Tuscany,['Brunello di Montalcino']
12416,La Porta di Vertine,86.4,30.0,85.0,30.0,5,3,"['Rosé', 'Sangiovese', 'Red Blend']",Italy,Tuscany,['Toscana']
12417,La Posta,86.4,16.4,86.0,17.0,19,5,"['Bonarda', 'Malbec', 'Pinot Noir', 'Red Blend', 'White Blend']",Argentina,Mendoza Province,['Mendoza']
12418,La Poussie,85.0,27.0,85.0,27.0,2,1,['Sauvignon Blanc'],France,Loire Valley,['Sancerre']
12419,La Prevostura,91.2,33.4,91.0,30.0,5,2,"['Red Blend', 'Nebbiolo']",Italy,Piedmont,['Coste della Sesia']
12420,La Puerta,82.7,10.1,83.0,9.0,9,8,"['Syrah', 'Torrontés', 'Malbec', 'Bonarda', 'Chardonnay', 'Merlot', 'Shiraz', 'Cabernet Sauvignon']",Argentina,Other,['Famatina Valley']
12421,La Purísima,86.2,15.0,86.0,12.0,11,5,"['Monastrell-Syrah', 'Red Blend', 'Monastrell', 'Sauvignon Blanc', 'Macabeo']",Spain,Levante,['Yecla']
12422,La Querce,86.0,19.0,86.0,19.0,2,1,['Red Blend'],Italy,Tuscany,['Chianti Colli Fiorentini']
12423,La Quercia,89.0,19.0,89.0,19.0,1,1,['Montepulciano'],Italy,Central Italy,"[""Montepulciano d'Abruzzo""]"
12424,La Querciola,92.0,55.5,92.0,55.5,2,1,['Nebbiolo'],Italy,Piedmont,['Barolo']
12425,La Querciolina,86.0,20.0,86.0,20.0,1,1,['Red Blend'],Italy,Tuscany,['Montecucco']
12426,La Raia,88.0,,88.0,,1,1,['Cortese'],Italy,Piedmont,['Gavi']
12427,La Rajade,86.6,20.0,87.0,20.0,8,4,"['Ribolla Gialla', 'Sauvignon', 'Friulano', 'Pinot Grigio']",Italy,Northeastern Italy,['Collio']
12428,La Rasina,90.4,58.0,89.0,56.0,10,2,"['Sangiovese', 'Sangiovese Grosso']",Italy,Tuscany,['Brunello di Montalcino']
12429,La Rata,93.3,71.7,93.0,70.0,3,1,['Red Blend'],US,Washington,"['Walla Walla Valley (WA)', 'Columbia Valley']"
12430,La Regola,92.0,34.0,92.0,34.0,2,2,"['Cabernet Franc', 'Red Blend']",Italy,Tuscany,['Montescudaio']
12431,La Riada,81.0,10.0,81.0,10.0,1,1,['Garnacha'],Spain,Northern Spain,['Campo de Borja']
12432,La Rioja Alta,91.7,52.5,91.0,40.0,6,3,"['Red Blend', 'Tempranillo Blend', 'Tempranillo']",Spain,Northern Spain,['Rioja']
12433,La Riojana Coop,82.0,7.0,82.0,7.0,1,1,['Malbec'],Argentina,Other,['La Rioja']
12434,La Riva dei Frati,85.5,14.0,85.5,14.0,4,2,"['Glera', 'Prosecco']",Italy,Veneto,['Conegliano Valdobbiadene Prosecco Superiore']
12435,La Riviera,84.0,16.0,84.0,16.0,1,1,['Rosé'],France,Provence,['Côtes de Provence']
12436,La Rochelle,88.9,43.4,89.0,42.0,41,5,"['Pinot Noir', 'Pinot Gris', 'Chardonnay', 'Rosé', 'Pinot Meunier']",US,California,"['Russian River Valley', 'Sonoma']"
12437,La Roncaia,89.4,43.4,90.0,35.0,8,5,"['White Blend', 'Verduzzo Friulano ', 'Picolit', 'Friulano', 'Sauvignon']",Italy,Northeastern Italy,['Colli Orientali del Friuli']
12438,La Rose de Pauillac,84.0,30.0,84.0,30.0,1,1,['Bordeaux-style Red Blend'],France,Bordeaux,['Pauillac']
12439,La Rusticana d'Orsa,90.0,50.0,90.0,50.0,1,1,['Bordeaux-style Red Blend'],US,California,"['Santa Cruz Mountains', 'Central Coast']"
12440,La Sabbiona,87.0,25.0,87.0,25.0,1,1,['Albana'],Italy,Central Italy,['Romagna']
12441,La Sala,88.0,,88.0,,1,1,['Sangiovese'],Italy,Tuscany,['Chianti Classico']
12442,La Sansonina,87.0,30.0,87.0,30.0,1,1,['Turbiana'],Italy,Lombardy,['Lugana']
12443,La Sauvageonne,84.0,11.0,84.0,11.0,1,1,['Red Blend'],France,Languedoc-Roussillon,['Coteaux du Languedoc']
12444,La Scamuzza,89.0,,89.0,,1,1,['Barbera'],Italy,Piedmont,['Barbera del Monferrato Superiore']
12445,La Scolca,87.0,26.0,87.0,26.0,1,1,['Pinot Nero'],Italy,Lombardy,['Oltrepò Pavese']
12446,La Scolca,86.0,30.1,85.0,23.0,21,5,"['Cortese', 'Sparkling Blend', 'Pinot Nero', 'Red Blend', 'Rosé']",Italy,Piedmont,['Gavi']
12447,La Selva,87.5,24.5,88.0,26.0,11,4,"['Red Blend', 'Ciliegiolo', 'Sangiovese', 'Vermentino']",Italy,Tuscany,['Maremma Toscana']
12448,La Selvaccia,90.5,52.5,90.5,52.5,2,1,['Sangiovese'],Italy,Tuscany,['Brunello di Montalcino']
12449,La Sera,88.0,20.0,88.0,20.0,1,1,['Barbera'],Italy,Piedmont,"[""Barbera d'Alba""]"
12450,La Serena,91.3,85.4,92.0,65.0,9,2,"['Sangiovese', 'Sangiovese Grosso']",Italy,Tuscany,['Brunello di Montalcino']
12451,La Sibilla,88.6,35.0,88.0,30.0,5,2,"['Falanghina', 'Piedirosso']",Italy,Southern Italy,['Campi Flegrei']
12452,La Sirena,90.8,77.5,91.0,62.5,14,6,"['Syrah', 'Muscat Canelli', 'Cabernet Sauvignon', 'Red Blend', 'Moscato', 'Grenache']",US,California,"['Napa Valley', 'Napa']"
12453,La Soufrandière,87.7,39.7,87.0,35.0,3,1,['Chardonnay'],France,Burgundy,['Mâcon-Vinzelles']
12454,La Spinetta,89.0,92.2,89.0,100.0,18,3,"['Moscato', 'Barbera', 'Nebbiolo']",Italy,Piedmont,['Piedmont']
12455,La Spinona,89.9,34.0,89.0,38.0,9,2,"['Nebbiolo', 'Dolcetto']",Italy,Piedmont,['Barbaresco']
12456,La Spinosa Alta,89.0,,89.0,,1,1,['Barbera'],Italy,Piedmont,['Barbera del Monferrato Superiore']
12457,La Staffa,87.8,15.8,88.0,16.5,4,1,['Verdicchio'],Italy,Central Italy,['Verdicchio dei Castelli di Jesi Classico Superiore']
12458,La Stoppa,87.0,28.0,87.0,28.0,1,1,['Red Blend'],Italy,Central Italy,['Emilia']
12459,La Storia,85.4,27.1,85.0,25.0,11,5,"['Zinfandel', 'Petite Sirah', 'Cabernet Sauvignon', 'Red Blend', 'Merlot']",US,California,"['Alexander Valley', 'Sonoma']"
12460,La Storia by Trentadue,85.5,28.5,85.5,28.5,2,2,"['Petite Sirah', 'Bordeaux-style Red Blend']",US,California,"['Alexander Valley', 'Sonoma']"
12461,La Togata,88.4,71.2,89.0,67.5,12,2,"['Sangiovese', 'Sangiovese Grosso']",Italy,Tuscany,['Brunello di Montalcino']
12462,La Tordera,87.6,20.9,87.0,19.0,20,3,"['Glera', 'Prosecco', 'Sparkling Blend']",Italy,Veneto,['Conegliano Valdobbiadene Prosecco Superiore']
12463,La Torre,87.1,55.0,87.0,60.0,8,2,"['Sangiovese', 'Sangiovese Grosso']",Italy,Tuscany,['Brunello di Montalcino']
12464,La Torricella,91.0,50.0,91.0,50.0,2,1,['Nebbiolo'],Italy,Piedmont,['Barolo']
12465,La Tosa,88.0,39.0,88.0,39.0,2,2,"['Cabernet Sauvignon', 'Red Blend']",Italy,Central Italy,['Colli Piacentini']
12466,La Traiana,86.5,26.0,86.5,26.0,4,3,"['Chardonnay', 'Red Blend', 'Sangiovese']",Italy,Tuscany,['Toscana']
12467,La Travaglina,85.0,,85.0,,1,1,['Pinot Nero'],Italy,Lombardy,['Oltrepò Pavese']
12468,La Tunella,88.6,25.9,88.0,22.0,30,9,"['White Blend', 'Ribolla Gialla', 'Friulano', 'Sauvignon', 'Pinot Grigio', 'Picolit', 'Refosco', 'Verduzzo Friulano ', 'Tocai Friulano']",Italy,Northeastern Italy,['Colli Orientali del Friuli']
12469,La Universal,88.5,47.5,88.5,47.5,4,1,['Red Blend'],Spain,Catalonia,['Montsant']
12470,La Val,85.9,18.0,87.0,17.5,9,2,"['Albariño', 'White Blend']",Spain,Galicia,['Rías Baixas']
12471,La Valentina,88.1,20.5,87.0,17.5,11,3,"['Pecorino', 'Montepulciano', 'Rosé']",Italy,Central Italy,['Colline Pescaresi']
12472,La Valle,89.4,42.4,89.0,36.0,14,3,"['Chardonnay', 'Sparkling Blend', 'Pinot Nero']",Italy,Lombardy,['Franciacorta']
12473,La Velona,90.1,54.4,91.0,45.0,9,2,"['Sangiovese Grosso', 'Sangiovese']",Italy,Tuscany,['Brunello di Montalcino']
12474,La Viarte,87.4,23.4,87.0,20.0,7,5,"['White Blend', 'Friulano', 'Ribolla Gialla', 'Sauvignon Blanc', 'Pinot Grigio']",Italy,Northeastern Italy,['Delle Venezie']
12475,La Vida,85.0,14.0,85.0,14.0,1,1,['Garnacha'],Spain,Northern Spain,['Campo de Borja']
12476,La Vida al Camp,86.5,20.0,86.5,20.0,2,2,"['Sparkling Blend', 'Red Blend']",Spain,Catalonia,['Cava']
12477,La Vidaubanaise,86.0,14.0,86.0,14.0,1,1,['Rosé'],France,Provence,['Côtes de Provence']
12478,La Vieille Ferme,84.4,10.0,84.0,10.0,5,3,"['Rhône-style White Blend', 'Rosé', 'Rhône-style Red Blend']",France,France Other,['Vin de France']
12479,La Vieille Ferme,84.8,8.5,84.5,8.5,6,4,"['Rosé', 'Rhône-style White Blend', 'Red Blend', 'White Blend']",France,Rhône Valley,['Ventoux']
12480,La Vierge,84.0,28.0,84.0,28.0,1,1,['Red Blend'],South Africa,Walker Bay,[]
12481,La Vigna di Iseppo,88.0,18.0,88.0,18.0,1,1,['Glera'],Italy,Veneto,['Prosecco']
12482,La Villa,84.0,9.0,84.0,9.0,2,1,['Pinot Grigio'],Italy,Veneto,['Veneto']
12483,La Villa Veneta,83.0,8.0,83.0,8.0,1,1,['Pinot Grigio'],Italy,Veneto,['Veneto']
12484,La Vis,86.9,15.2,87.0,14.0,34,14,"['Incrocio Manzoni', 'Pinot Grigio', 'Riesling', 'Nosiola', 'White Blend', 'Merlot', 'Red Blend', 'Chardonnay', 'Sauvignon', 'Pinot Nero', 'Müller-Thurgau', 'Cabernet Sauvignon', 'Teroldego', 'Sauvignon Blanc']",Italy,Northeastern Italy,['Vigneti delle Dolomiti']
12485,La Voix,92.7,51.7,93.0,50.0,6,4,"['Pinot Noir', 'Syrah', 'Chardonnay', 'Cabernet Sauvignon']",US,California,"['Sta. Rita Hills', 'Central Coast']"
12486,La Vuelta,85.3,7.5,85.0,7.5,6,3,"['Malbec', 'Torrontés', 'Chardonnay']",Argentina,Mendoza Province,['Mendoza']
12487,La Xarmada,88.0,22.0,88.0,22.0,1,1,['Sparkling Blend'],Spain,Catalonia,['Cava']
12488,La Yunta,85.0,10.0,85.0,10.0,2,1,['Red Blend'],Argentina,Mendoza Province,['Mendoza']
12489,La Yunta,84.7,10.0,85.0,10.0,3,1,['Torrontés'],Argentina,Other,['La Rioja']
12490,La Zerba,86.5,18.0,86.5,18.0,2,1,['Cortese'],Italy,Piedmont,['Gavi']
12491,La Zorra,86.0,26.0,86.0,22.0,6,4,"['White Blend', 'Garnacha', 'Rufete', 'Red Blend']",Spain,Central Spain,['Sierra de Salamanca']
12492,La di Motte,84.0,13.0,84.0,13.0,1,1,['Pinot Grigio'],Italy,Northeastern Italy,['Venezie']
12493,La di Motte,86.0,14.5,86.0,14.5,3,2,"['Refosco', 'Pinot Grigio']",Italy,Veneto,['Veneto']
12494,LaLuca,86.0,14.0,86.0,14.0,1,1,['Glera'],Italy,Veneto,['Prosecco Treviso']
12495,LaStella,92.0,27.5,92.0,27.5,2,2,"['Moscato', 'Red Blend']",Canada,British Columbia,['Okanagan Valley']
12496,LaVelle,86.9,20.9,85.5,18.0,8,3,"['Riesling', 'Pinot Noir', 'Pinot Gris']",US,Oregon,"['Willamette Valley', 'Willamette Valley']"
12497,LaZarre,88.2,24.4,88.0,22.0,5,5,"['Sauvignon Blanc', 'Albariño', 'Pinot Noir', 'Merlot', 'Chardonnay']",US,California,"['Edna Valley', 'Central Coast']"
12498,Laberinto,84.7,12.0,85.0,13.0,3,1,['Malbec'],Argentina,Mendoza Province,['Mendoza']
12499,Laborie,84.0,11.0,84.0,11.0,1,1,['Chardonnay'],South Africa,Paarl,[]
12500,Labouré-Roi,83.0,11.7,82.0,11.0,3,1,['Gamay'],France,Beaujolais,['Beaujolais']
12501,Labouré-Roi,87.9,45.2,88.0,41.0,54,2,"['Pinot Noir', 'Chardonnay']",France,Burgundy,['Beaune']
12502,Labouré-Roi,85.0,12.0,85.0,12.0,1,1,['Pinot Noir'],France,Languedoc-Roussillon,"[""Pays d'Oc""]"
12503,Labyrinth,87.7,39.0,89.0,42.0,3,1,['Pinot Noir'],Australia,Victoria,['Yarra Valley']
12504,Labyrinth,88.8,40.5,88.5,42.5,4,1,['Pinot Noir'],US,California,"['Santa Maria Valley', 'Central Coast']"
12505,Lacatus,85.5,12.5,85.5,12.5,2,1,['White Blend'],Spain,Catalonia,['Cava']
12506,Lacheteau,83.0,,83.0,,1,1,['Pinot Noir'],France,France Other,['Vin de France']
12507,Lacheteau,85.5,13.6,85.0,12.5,11,4,"['Chenin Blanc', 'Melon', 'Rosé', 'Sauvignon Blanc']",France,Loire Valley,['Vouvray']
12508,Lachini,92.0,52.5,92.0,52.5,2,1,['Pinot Noir'],US,California,"['Sonoma Coast', 'Sonoma']"
12509,Lachini,90.3,47.3,91.0,48.0,29,4,"['Pinot Noir', 'Chardonnay', 'Pinot Gris', 'Muscat Canelli']",US,Oregon,"['Chehalem Mountains', 'Willamette Valley']"
12510,Lachini,90.6,49.2,91.0,49.0,9,3,"['Bordeaux-style Red Blend', 'Cabernet Sauvignon', 'Red Blend']",US,Washington,"['Red Mountain', 'Columbia Valley']"
12511,Lackner Tinnacher,88.9,25.4,89.5,23.5,8,4,"['Welschriesling', 'Sauvignon Blanc', 'Gelber Muskateller', 'Morillon']",Austria,Südsteiermark,[]
12512,Ladera,88.7,58.1,89.0,65.0,9,2,"['Cabernet Sauvignon', 'Sauvignon Blanc']",US,California,"['Napa Valley', 'Napa']"
12513,Ladoucette,86.0,30.0,86.0,30.0,1,1,['Sauvignon Blanc'],France,Loire Valley,['Pouilly-Fumé']
12514,Lady Grace,84.0,16.0,84.0,16.0,1,1,['Verdelho'],US,California,"['Lodi', 'Central Valley']"
12515,Lady Hill,86.0,28.0,86.0,28.0,1,1,['Pinot Noir'],US,Oregon,"['Willamette Valley', 'Willamette Valley']"
12516,Ladybug,84.5,12.8,84.5,13.0,4,2,"['White Blend', 'Red Blend']",US,California,"['Mendocino', 'Mendocino/Lake Counties']"
12517,Laelaps,90.5,35.8,90.5,33.0,4,2,"['Pinot Noir', 'Cabernet Sauvignon']",US,Oregon,"['Chehalem Mountains', 'Willamette Valley']"
12518,Laelaps,91.0,44.0,91.0,44.0,1,1,['Cabernet Sauvignon'],US,Washington,"['Walla Walla Valley (WA)', 'Columbia Valley']"
12519,Laely,84.0,35.0,84.0,35.0,1,1,['Cabernet Sauvignon'],US,California,"['Napa Valley', 'Napa']"
12520,Laetitia,90.2,38.4,90.0,35.0,90,7,"['Pinot Noir', 'Sparkling Blend', 'Chardonnay', 'Pinot Blanc', 'Pinot Gris', 'Champagne Blend', 'Syrah']",US,California,"['Arroyo Grande Valley', 'Central Coast']"
12521,Lafage,84.0,16.0,84.0,16.0,1,1,['Chardonnay'],France,France Other,['Vin de France']
12522,Lafage,91.0,50.0,91.0,50.0,1,1,['Rhône-style Red Blend'],France,Languedoc-Roussillon,['Côtes du Roussillon Les Aspres']
12523,Lafarga,83.3,33.7,83.0,35.0,3,3,"['Syrah', 'Nebbiolo', 'Chardonnay']",Mexico,Valle de Guadalupe,[]
12524,Lafazanis,85.0,10.0,85.0,10.0,1,1,['Moschofilero'],Greece,Mantinia,[]
12525,Lafazanis,86.5,11.8,87.0,11.5,4,3,"['St. George', 'Roditis', 'Agiorgitiko']",Greece,Peloponnese,[]
12526,Lafken,88.5,78.0,88.5,78.0,2,1,['Red Blend'],Chile,Maipo Valley,[]
12527,Lafond,88.4,31.6,88.0,28.0,49,5,"['Chardonnay', 'Pinot Noir', 'Syrah', 'Syrah-Grenache', 'Riesling']",US,California,"['Sta. Rita Hills', 'Central Coast']"
12528,Lafou,90.0,35.0,90.0,35.0,1,1,['Garnacha Blanca'],Spain,Catalonia,['Terra Alta']
12529,Lagana,86.7,26.7,87.0,30.0,7,4,"['Pinot Noir', 'Syrah', 'Riesling', 'Sauvignon Blanc']",US,Washington,"['Walla Walla Valley (WA)', 'Columbia Valley']"
12530,Lagar da Condesa,88.0,17.0,88.0,17.0,1,1,['Albariño'],Spain,Galicia,['Rías Baixas']
12531,Lagar de Besada,86.0,16.0,86.0,16.0,2,1,['Albariño'],Spain,Galicia,['Rías Baixas']
12532,Lagar de Besada,87.0,16.0,87.0,16.0,1,1,['Tempranillo'],Spain,Spain Other,['Spain']
12533,Lagar de Bezana,89.6,25.6,90.0,26.0,13,3,"['Syrah', 'Red Blend', 'Cabernet Sauvignon']",Chile,Cachapoal Valley,[]
12534,Lagar de Bouza,87.0,15.0,87.0,15.0,1,1,['Albariño'],Spain,Galicia,['Rías Baixas']
12535,Lagar de Cervera,82.0,26.0,82.0,26.0,1,1,['Albariño'],Spain,Galicia,['Rías Baixas']
12536,Lagar de Costa,85.0,15.5,85.0,15.5,2,1,['Albariño'],Spain,Galicia,['Rías Baixas']
12537,Lagar de Indra,87.8,15.2,87.0,14.0,5,1,['Albariño'],Spain,Galicia,['Rías Baixas']
12538,Lagar del Rey,85.0,25.0,85.0,25.0,1,1,['Verdejo'],Spain,Northern Spain,['Rueda']
12539,Lagarde,87.1,26.2,87.0,18.0,39,8,"['Malbec', 'Cabernet Sauvignon', 'Merlot', 'Cabernet Franc', 'Red Blend', 'Syrah', 'Viognier', 'Chardonnay']",Argentina,Mendoza Province,['Luján de Cuyo']
12540,Lagarde,85.0,13.0,85.0,13.0,1,1,['Bordeaux-style Red Blend'],France,Bordeaux,['Bordeaux']
12541,Lagaria,85.2,9.6,86.0,10.5,9,2,"['Chardonnay', 'Pinot Grigio']",Italy,Northeastern Italy,['Vigneti delle Dolomiti']
12542,Lagaria,84.0,10.0,84.0,10.0,1,1,['Merlot'],Italy,Sicily & Sardinia,['Sicilia']
12543,Lagler,93.2,33.7,93.0,30.0,5,3,"['Grüner Veltliner', 'Neuburger', 'Riesling']",Austria,Wachau,[]
12544,Lagniappe,87.5,55.0,87.5,55.0,2,1,['Pinot Noir'],US,California,"['Anderson Valley', 'Mendocino/Lake Counties']"
12545,Lago Cerqueira,84.0,,84.0,,2,2,"['Rosé', 'Portuguese White']",Portugal,Vinho Verde,[]
12546,Lago di Merlo,84.0,19.0,84.0,19.0,1,1,['Sangiovese'],US,California,"['Dry Creek Valley', 'Sonoma']"
12547,Lagoon Hill,87.0,20.0,87.0,20.0,1,1,['Pinot Noir'],New Zealand,Marlborough,[]
12548,Lagoon Hill,89.0,17.0,89.0,17.0,2,1,['Sauvignon Blanc'],New Zealand,Martinborough,[]
12549,Lagosta,82.7,5.0,82.0,5.0,3,2,"['Portuguese White', 'Rosé']",Portugal,Vinho Verde,[]
12550,Laguna,84.8,30.0,84.5,35.0,4,1,['Chardonnay'],US,California,"['Russian River Valley', 'Sonoma']"
12551,Laguna de la Nava,85.0,12.3,85.0,12.0,3,3,"['Tempranillo Blend', 'Tempranillo', 'Verdejo']",Spain,Central Spain,['Valdepeñas']
12552,Lail,90.8,71.6,90.0,55.0,11,4,"['Sauvignon Blanc', 'Cabernet Sauvignon', 'Bordeaux-style Red Blend', 'Cabernet Sauvignon-Merlot']",US,California,"['Napa Valley', 'Napa']"
12553,Laimburg,87.0,22.0,87.0,22.0,1,1,['Riesling'],Italy,Northeastern Italy,['Alto Adige']
12554,Laird,88.6,47.2,88.0,44.0,32,7,"['Red Blend', 'Cabernet Sauvignon', 'Pinot Noir', 'Sauvignon Blanc', 'Pinot Grigio', 'Chardonnay', 'Bordeaux-style Red Blend']",US,California,"['Napa Valley', 'Napa']"
12555,Laissez Faire,87.5,16.0,87.5,16.0,2,2,"['Sauvignon Blanc-Chenin Blanc', 'Red Blend']",US,Idaho,[]
12556,Lake Breeze,89.0,27.0,89.0,25.0,3,3,"['Shiraz-Cabernet Sauvignon', 'Cabernet Sauvignon', 'Shiraz']",Australia,South Australia,['Langhorne Creek']
12557,Lake Chalice,86.8,18.3,87.0,17.0,18,4,"['Riesling', 'Sauvignon Blanc', 'Pinot Noir', 'Pinot Gris']",New Zealand,Marlborough,[]
12558,Lake Chelan,84.8,28.1,84.0,28.0,9,6,"['Riesling', 'Red Blend', 'Pinot Noir', 'White Blend', 'Syrah', 'Malbec']",US,Washington,"['Lake Chelan', 'Columbia Valley']"
12559,Lake Missoula,89.0,40.0,89.0,40.0,2,2,"['Red Blend', 'Cabernet Blend']",US,Washington,"['Yakima Valley', 'Columbia Valley']"
12560,Lake Sonoma,86.3,19.5,87.0,17.0,35,6,"['Chardonnay', 'Sauvignon Blanc', 'Cabernet Sauvignon', 'Zinfandel', 'Fumé Blanc', 'Pinot Gris']",US,California,"['Russian River Valley', 'Sonoma']"
12561,Lake and Vine Cellars,89.0,28.3,89.0,25.0,4,3,"['Cabernet Sauvignon', 'Red Blend', 'Sauvignon Blanc']",US,California,"['Red Hills Lake County', 'Mendocino/Lake Counties']"
12562,Lakewood,86.7,16.1,87.0,14.0,45,9,"['Riesling', 'Pinot Gris', 'Gewürztraminer', 'Pinot Noir', 'Chardonnay', 'Cabernet Franc', 'Red Blend', 'Valvin Muscat', 'Lemberger']",US,New York,"['Finger Lakes', 'Finger Lakes']"
12563,Laleure-Piot,92.0,33.0,92.0,33.0,1,1,['Pinot Noir'],France,Burgundy,['Pernand-Vergelesses']
12564,Lalla Gully,87.0,20.0,87.0,20.0,1,1,['Riesling'],Australia,Tasmania,['Tasmania']
12565,Lallier,90.6,65.1,91.0,62.5,16,2,"['Champagne Blend', 'Chardonnay']",France,Champagne,['Champagne']
12566,Lamadrid,88.5,25.2,89.0,19.0,39,4,"['Cabernet Sauvignon', 'Malbec', 'Bonarda', 'Cabernet Franc']",Argentina,Mendoza Province,['Agrelo']
12567,Lambardi,90.0,63.0,90.0,69.0,9,2,"['Sangiovese', 'Sangiovese Grosso']",Italy,Tuscany,['Brunello di Montalcino']
12568,Lambert,89.5,35.2,90.0,29.0,4,3,"['Chardonnay', 'Shiraz', 'Champagne Blend']",Australia,South Australia,['Barossa Valley']
12569,Lambert Bridge,89.5,28.5,90.0,22.0,4,4,"['Chardonnay', 'Viognier', 'Merlot', 'Bordeaux-style Red Blend']",US,California,"['Sonoma County', 'Sonoma']"
12570,Lamberti,85.0,15.0,85.0,15.0,3,2,"['Sparkling Blend', 'Glera']",Italy,Veneto,['Veneto']
12571,Lamborghini,90.9,37.4,91.0,35.0,7,1,['Red Blend'],Italy,Central Italy,['Umbria']
12572,Lamborn Family Vineyards,91.1,80.4,91.5,100.0,8,2,"['Cabernet Sauvignon', 'Zinfandel']",US,California,"['Howell Mountain', 'Napa']"
12573,Lamiable,91.4,67.0,91.0,67.0,8,3,"['Pinot Noir', 'Champagne Blend', 'Chardonnay']",France,Champagne,['Champagne']
12574,Lamin,85.0,90.0,85.0,90.0,1,1,['Garnacha'],Spain,Northern Spain,['Calatayud']
12575,Lammershoek,86.0,28.0,86.0,28.0,1,1,['Red Blend'],South Africa,Coastal Region,[]
12576,Lammershoek,87.8,28.2,88.0,25.0,5,4,"['Rhône-style Red Blend', 'Red Blend', 'White Blend', 'Chenin Blanc']",South Africa,Swartland,[]
12577,Lamole di Lamole,89.4,27.1,88.5,25.0,10,2,"['Red Blend', 'Sangiovese']",Italy,Tuscany,['Chianti Classico']
12578,Lamont,85.0,28.0,85.0,28.0,1,1,['Riesling'],Australia,Victoria,['Bendigo']
12579,Lamont,87.3,35.0,90.0,32.0,3,3,"['Pinot Gris', 'Riesling', 'Pinot Noir']",New Zealand,Central Otago,[]
12580,Lamoreaux Landing,87.3,18.5,87.0,20.0,84,12,"['Cabernet Franc', 'Riesling', 'Chardonnay', 'Rosé', 'Bordeaux-style Red Blend', 'Gewürztraminer', 'White Blend', 'Grüner Veltliner', 'Pinot Noir', 'Vidal Blanc', 'Sparkling Blend', 'Merlot']",US,New York,"['Finger Lakes', 'Finger Lakes']"
12581,Lamoretti,87.7,27.0,88.0,30.0,3,1,['Red Blend'],Italy,Central Italy,['Emilia-Romagna']
12582,Lampyridae,89.0,82.5,89.0,82.5,2,2,"['Cabernet Sauvignon', 'Syrah']",US,California,"['Mount Veeder', 'Napa']"
12583,Lanari,91.0,47.0,91.0,47.0,1,1,['Red Blend'],Italy,Central Italy,['Rosso Conero']
12584,Lanark Lane,89.0,18.0,89.0,18.0,1,1,['Sauvignon Blanc'],New Zealand,Marlborough,[]
12585,Lancaster,91.3,65.7,91.0,65.0,22,5,"['Sauvignon Blanc', 'Bordeaux-style Red Blend', 'Cabernet Sauvignon', 'Cabernet Sauvignon-Malbec', 'Cabernet Blend']",US,California,"['Alexander Valley', 'Sonoma']"
12586,Lancelot-Pienne,90.0,35.0,90.0,35.0,1,1,['Chardonnay'],France,Champagne,['Champagne']
12587,Lanciola,87.9,34.8,89.0,35.0,9,3,"['Red Blend', 'Sangiovese', 'White Blend']",Italy,Tuscany,['Chianti Colli Fiorentini']
12588,Land of Hope,89.0,24.0,89.0,24.0,1,1,['Chenin Blanc'],South Africa,Stellenbosch,[]
12589,Lander-Jenkins,85.4,15.4,86.0,15.0,13,3,"['Cabernet Sauvignon', 'Chardonnay', 'Pinot Noir']",US,California,"['California', 'California Other']"
12590,Landhaus Mayer,87.7,16.0,88.0,16.0,7,2,"['Riesling', 'Grüner Veltliner']",Austria,Niederösterreich,[]
12591,Landmark,89.8,38.6,90.0,35.0,50,4,"['Pinot Noir', 'Chardonnay', 'Grenache', 'Pinot Gris']",US,California,"['Sonoma Coast', 'Sonoma']"
12592,Landshut,85.0,5.0,85.0,5.0,2,1,['Riesling'],Germany,Mosel,[]
12593,Landshut,82.0,5.0,82.0,5.0,1,1,['Riesling'],Germany,Mosel-Saar-Ruwer,[]
12594,Landshut,88.0,6.0,88.0,6.0,1,1,['Riesling'],Germany,Rheinhessen,[]
12595,Landskroon,86.9,15.4,87.0,16.0,7,5,"['Chenin Blanc', 'Cabernet Sauvignon', 'Port', 'Morio Muskat', 'Shiraz']",South Africa,Paarl,[]
12596,Landsman,88.0,40.0,88.0,40.0,1,1,['Zinfandel'],US,California,"['Lodi', 'Central Valley']"
12597,Landy Family Vineyards,87.0,51.0,87.0,51.0,2,2,"['Pinot Noir', 'Red Blend']",US,California,"['Russian River Valley', 'Sonoma']"
12598,Lane Tanner,88.9,28.3,87.0,28.0,9,1,['Pinot Noir'],US,California,"['Santa Maria Valley', 'Central Coast']"
12599,Lang,86.0,18.5,85.5,18.5,4,2,"['Barbera', 'Zinfandel']",US,California,"['Amador County', 'Sierra Foothills']"
12600,Lang & Reed,88.9,32.0,89.0,27.0,17,2,"['Chenin Blanc', 'Cabernet Franc']",US,California,"['Napa Valley', 'Napa']"
12601,Lange,90.1,39.4,90.0,36.5,54,3,"['Pinot Noir', 'Chardonnay', 'Pinot Gris']",US,Oregon,"['Dundee Hills', 'Willamette Valley']"
12602,LangeTwins,85.2,20.2,85.0,15.5,36,15,"['Zinfandel', 'Chardonnay', 'Malbec', 'Bordeaux-style Red Blend', 'Cabernet Sauvignon', 'Viognier', 'Red Blend', 'Merlot', 'Sauvignon Blanc', 'Moscato', 'Chenin Blanc', 'Gewürztraminer', 'Pinot Noir', 'Sangiovese', ""Nero d'Avola""]",US,California,"['Lodi', 'Central Valley']"
12603,Langhorne Crossing,86.0,12.0,86.0,12.0,1,1,['White Blend'],Australia,South Australia,['Langhorne Creek']
12604,Langlois-Chateau,86.7,25.1,87.0,25.0,19,5,"['Sauvignon Blanc', 'White Blend', 'Cabernet Franc', 'Sparkling Blend', 'Chenin Blanc']",France,Loire Valley,['Sancerre']
12605,Langmeil,91.1,56.1,92.0,50.0,22,7,"['Cabernet Sauvignon', 'Shiraz', 'Shiraz-Viognier', 'Rhône-style Red Blend', 'G-S-M', 'Grenache', 'Red Blend']",Australia,South Australia,['Barossa']
12606,Langtry,88.3,35.4,88.0,40.0,27,10,"['Red Blend', 'Bordeaux-style Red Blend', 'Sauvignon Blanc', 'Cabernet Sauvignon', 'Chardonnay', 'Petite Sirah', 'Merlot', 'Petite Verdot', 'Marsanne', 'Petit Verdot']",US,California,"['Lake County', 'Mendocino/Lake Counties']"
12607,Langwerth Von Simmern,92.0,36.0,92.0,36.0,1,1,['Riesling'],Germany,Rheingau,[]
12608,Lannac Saint-Jean,88.4,25.1,88.0,20.0,7,2,"['Malbec', 'Malbec-Merlot']",France,Southwest France,['Cahors']
12609,Lanson,92.1,105.8,93.0,115.0,27,2,"['Champagne Blend', 'Chardonnay']",France,Champagne,['Champagne']
12610,Lantides,92.0,20.0,92.0,20.0,1,1,['Moschofilero'],Greece,Peloponnese,[]
12611,Lantieri de Paratico,88.9,36.4,89.0,35.0,14,2,"['Sparkling Blend', 'Chardonnay']",Italy,Lombardy,['Franciacorta']
12612,Lantz,89.3,34.3,88.0,36.0,3,3,"['Grenache', 'Malbec', 'Syrah']",US,Washington,"['Walla Walla Valley (WA)', 'Columbia Valley']"
12613,Lanzerac,87.3,22.7,87.0,21.0,3,3,"['Sauvignon Blanc', 'Chardonnay', 'Cabernet Sauvignon']",South Africa,Stellenbosch,[]
12614,Lapeyre,90.0,18.0,90.0,18.0,1,1,['Gros Manseng'],France,Southwest France,['Jurançon Sec']
12615,Lapis Luna,83.3,13.8,83.5,14.0,6,3,"['Merlot', 'Zinfandel', 'Cabernet Sauvignon']",US,California,"['North Coast', 'North Coast']"
12616,Lapostolle,92.0,45.5,92.0,45.5,2,2,"['Red Blend', 'Mourvèdre']",Chile,Apalta,[]
12617,Lapostolle,89.4,25.2,90.0,25.0,5,2,"['Syrah', 'Sauvignon Blanc']",Chile,Cachapoal Valley,[]
12618,Lapostolle,86.1,19.2,85.0,24.0,13,2,"['Chardonnay', 'Syrah']",Chile,Casablanca Valley,[]
12619,Lapostolle,89.7,62.0,92.0,80.0,3,2,"['Red Blend', 'Rosé']",Chile,Chile,[]
12620,Lapostolle,90.4,37.6,90.5,24.5,34,5,"['Carmenère', 'Merlot', 'Syrah', 'Cabernet Sauvignon', 'Red Blend']",Chile,Colchagua Valley,[]
12621,Lapostolle,87.0,30.0,87.0,30.0,1,1,['Syrah'],Chile,Elqui Valley,[]
12622,Lapostolle,87.0,15.3,87.0,12.0,37,7,"['Red Blend', 'Merlot', 'Sauvignon Blanc', 'Cabernet Sauvignon', 'Carmenère', 'Chardonnay', 'Syrah']",Chile,Rapel Valley,[]
12623,Lapostolle,91.0,70.0,92.0,70.0,3,1,['Red Blend'],Chile,Rapel Valley-Casablanca Valley,[]
12624,Lapostolle,92.0,30.0,92.0,30.0,1,1,['Syrah'],Chile,San Antonio,[]
12625,Lar de Paula,84.7,22.5,84.0,22.5,3,2,"['Tempranillo', 'Tempranillo Blend']",Spain,Northern Spain,['Rioja']
12626,Lar de Sotomayor,83.5,17.2,84.0,18.0,4,2,"['Tempranillo', 'Tempranillo Blend']",Spain,Northern Spain,['Rioja']
12627,Laraine,86.5,18.0,86.5,18.0,2,2,"['Chardonnay', 'Syrah']",US,California,"['Sierra Foothills', 'Sierra Foothills']"
12628,Laraneta,85.0,25.0,85.0,25.0,1,1,['Red Blend'],US,California,"['Paso Robles', 'Central Coast']"
12629,Larchago,86.9,22.9,86.0,17.0,15,3,"['Tempranillo', 'Viura', 'Rosé']",Spain,Northern Spain,['Rioja']
12630,Larkspur,87.0,17.0,87.0,17.0,1,1,['Pinot Noir'],US,Oregon,"['Oregon', 'Oregon Other']"
12631,Larmandier-Bernier,92.7,65.6,92.0,62.0,10,1,['Chardonnay'],France,Champagne,['Champagne']
12632,Larner,89.8,40.2,90.0,37.0,16,8,"['Malvasia Bianca', 'G-S-M', 'Syrah', 'Mourvèdre', 'Viognier', 'Rosé', 'Grenache', 'Rhône-style Red Blend']",US,California,"['Ballard Canyon', 'Central Coast']"
12633,Laroche,87.0,15.5,87.0,15.5,2,2,"['Pinot Noir', 'Chardonnay']",Chile,Casablanca Valley,[]
12634,Laroche,86.0,11.0,86.0,11.0,1,1,['Carmenère'],Chile,Colchagua Valley,[]
12635,Laroche,87.0,11.0,87.0,11.0,2,1,['Cabernet Sauvignon'],Chile,Maipo Valley,[]
12636,Laroche,86.0,20.0,86.0,20.0,1,1,['Chardonnay'],France,Burgundy,['Chablis']
12637,Laroche,85.8,11.0,85.5,11.0,4,3,"['Sauvignon Blanc', 'Rosé', 'Chardonnay']",France,Languedoc-Roussillon,"[""Pays d'Oc""]"
12638,Laroche,87.7,20.0,87.0,20.0,3,2,"['Pinotage', 'Sauvignon Blanc']",South Africa,Stellenbosch,[]
12639,Laroche,85.0,13.0,85.0,13.0,1,1,['Pinotage'],South Africa,Western Cape,[]
12640,Laroque,85.0,13.5,85.0,13.5,2,2,"['Chardonnay', 'Pinot Noir']",France,Languedoc-Roussillon,['Vin de Pays Cité de Carcassonne']
12641,Laroze de Drouhin,88.0,,88.0,,1,1,['Pinot Noir'],France,Burgundy,['Nuits-St.-Georges']
12642,Larrea,88.3,20.7,88.0,18.0,3,1,['Malbec'],Argentina,Mendoza Province,['Mendoza']
12643,Larry Cherubino,85.8,22.4,85.0,17.0,8,6,"['Riesling', 'Sauvignon Blanc', 'Chardonnay', 'Cabernet Sauvignon-Merlot', 'Semillon-Sauvignon Blanc', 'Shiraz']",Australia,Western Australia,['Mount Barker']
12644,Larry Hyde and Sons,90.0,65.0,90.0,65.0,1,1,['Pinot Noir'],US,California,"['Carneros', 'Napa-Sonoma']"
12645,Las Capas,83.0,11.0,83.0,11.0,1,1,['Red Blend'],Spain,Northern Spain,['Calatayud']
12646,Las Casas de Vacquería,88.0,20.0,88.0,20.0,1,1,['Red Blend'],Chile,Maule Valley,[]
12647,Las Colinas Del Ebro,86.3,12.1,86.0,12.0,9,4,"['Garnacha Blanca', 'Syrah-Grenache', 'Grenache Blanc', 'Red Blend']",Spain,Catalonia,['Terra Alta']
12648,Las Hermanas,86.5,13.0,86.5,13.0,2,2,"['Monastrell', 'Monastrell-Syrah']",Spain,Levante,['Jumilla']
12649,Las Lomas,84.0,12.5,84.0,12.5,2,2,"['Malbec-Syrah', 'Carmenère']",Chile,Maule Valley,[]
12650,Las Moras,84.7,14.3,84.5,10.0,26,10,"['Sauvignon Blanc', 'Malbec', 'Bonarda', 'Tannat', 'Shiraz', 'Viognier', 'Red Blend', 'Cabernet Sauvignon-Cabernet Franc', 'Cabernet Sauvignon-Shiraz', 'Chardonnay']",Argentina,Other,['San Juan']
12651,Las Niñas,84.0,11.0,84.0,11.0,2,2,"['Chardonnay', 'Merlot']",Chile,Apalta,[]
12652,Las Palmeras,85.4,16.3,86.0,16.0,5,3,"['Cabernet Sauvignon', 'Red Blend', 'Chardonnay']",US,California,"['Monterey County', 'Central Coast']"
12653,Las Perdices,86.0,20.0,86.0,20.0,1,1,['Bonarda'],Argentina,Mendoza Province,['Luján de Cuyo']
12654,Las Positas,87.6,40.2,88.0,38.0,33,16,"['Pinot Blanc', 'White Blend', 'Barbera', 'Cabernet Sauvignon', 'Pinot Gris', 'Nebbiolo', 'Tempranillo', 'Pinot Grigio', 'Rosé', 'Chardonnay', 'Petite Sirah', 'Syrah', 'Red Blend', 'Malbec', 'Meritage', 'Muscat Canelli']",US,California,"['Livermore Valley', 'Central Coast']"
12655,Las Rocas de San Alejandro,85.0,14.0,85.0,14.0,1,1,['Garnacha'],Spain,Catalonia,['Catalunya']
12656,Las Rocas de San Alejandro,86.3,16.0,86.0,14.0,6,3,"['Rosé', 'Garnacha', 'Red Blend']",Spain,Northern Spain,['Calatayud']
12657,Las Valles,84.3,9.3,85.0,9.0,10,4,"['Red Blend', 'Macabeo-Chardonnay', 'Viura-Chardonnay', 'Tempranillo Blend']",Spain,Northern Spain,['Cariñena']
12658,Las Vertientes,88.8,37.5,91.0,37.5,5,2,"['Cabernet Sauvignon', 'Red Blend']",Argentina,Mendoza Province,['Mendoza']
12659,Las Vides,86.7,12.7,87.0,12.0,3,3,"['Malbec', 'Bonarda', 'Torrontés']",Argentina,Other,['Famatina Valley']
12660,Lasalde Elkartea,88.0,18.0,88.0,18.0,1,1,['Hondarrabi Zuri'],Spain,Northern Spain,['Getariako Txakolina']
12661,Lasseter,88.1,55.0,88.0,46.0,16,6,"['Zinfandel', 'Bordeaux-style Red Blend', 'Rhône-style Red Blend', 'Rosé', 'Sauvignon Blanc-Semillon', 'Semillon-Sauvignon Blanc']",US,California,"['Sonoma Valley', 'Sonoma']"
12662,Lassègue,91.0,50.0,91.0,50.0,1,1,['Bordeaux-style Red Blend'],France,Bordeaux,['Saint-Émilion']
12663,Last Judgment,85.0,23.0,85.0,23.0,1,1,['Red Blend'],US,California,"['California', 'California Other']"
12664,Last Light,89.7,33.0,90.0,34.0,7,2,"['Chardonnay', 'Pinot Noir']",US,California,"['San Luis Obispo County', 'Central Coast']"
12665,Last Summer,91.0,32.0,91.0,32.0,1,1,['Grenache'],US,California,"['San Luis Obispo', 'Central Coast']"
12666,Latah Creek,86.7,15.7,87.0,15.0,27,16,"['Red Blend', 'Cabernet-Syrah', 'Muscat', 'Riesling', 'Muscat Canelli', 'Pinot Gris', 'Chardonnay', 'Moscato', 'Zinfandel', 'Petite Sirah', 'Syrah', 'Merlot', 'White Blend', 'Malbec', 'Primitivo', 'Bordeaux-style Red Blend']",US,Washington,"['Washington', 'Washington Other']"
12667,Latcham,83.5,30.0,83.5,30.0,2,2,"['Barbera', 'Zinfandel']",US,California,"['Sierra Foothills', 'Sierra Foothills']"
12668,Lateral,88.5,40.0,88.5,40.0,2,1,['Merlot-Cabernet Franc'],US,California,"['Napa Valley', 'Napa']"
12669,Latitude 46° N,92.0,28.0,92.0,28.0,1,1,['Syrah'],US,Washington,"['Columbia Valley (WA)', 'Columbia Valley']"
12670,Latium di Morini,87.5,29.4,87.0,22.0,17,4,"['White Blend', 'Corvina, Rondinella, Molinara', 'Garganega', 'Red Blend']",Italy,Veneto,['Soave']
12671,Latta,92.5,41.2,92.5,42.5,4,3,"['Grenache', 'Roussanne', 'Malbec']",US,Washington,"['Snipes Mountain', 'Columbia Valley']"
12672,Laudet,86.0,12.8,85.5,13.0,4,3,"['Gros Manseng', 'White Blend', 'Chardonnay']",France,Southwest France,['Côtes de Gascogne']
12673,Laudun Chusclan,87.4,14.4,87.0,13.0,8,3,"['Rhône-style White Blend', 'Rhône-style Red Blend', 'Rosé']",France,Rhône Valley,['Côtes du Rhône Villages']
12674,Laughing Stock,92.0,27.5,92.0,27.5,4,2,"['Bordeaux-style Red Blend', 'Pinot Gris']",Canada,British Columbia,['Okanagan Valley']
12675,Launa,89.0,31.9,88.0,30.0,7,2,"['Tempranillo', 'Tempranillo Blend']",Spain,Northern Spain,['Rioja']
12676,Laura Michael,89.0,44.0,88.0,45.0,3,2,"['Cabernet Sauvignon', 'Zinfandel']",US,California,"['Calistoga', 'Napa']"
12677,Laura Zahtila,92.5,52.5,92.5,52.5,2,1,['Cabernet Sauvignon'],US,California,"['Rutherford', 'Napa']"
12678,Laura's Vineyard,84.0,25.0,84.0,25.0,1,1,['Cabernet Sauvignon'],US,California,"['Paso Robles', 'Central Coast']"
12679,Laurel Glen,87.0,24.0,87.0,24.0,2,1,['Malbec'],Argentina,Mendoza Province,['Mendoza']
12680,Laurel Glen,90.6,40.3,91.0,35.0,21,3,"['Cabernet Sauvignon', 'Red Blend', 'Zinfandel']",US,California,"['Sonoma Mountain', 'Sonoma']"
12681,Laurel Gray,85.0,21.0,85.0,21.0,1,1,['Cabernet Franc'],US,North Carolina,['Swan Creek']
12682,Laurel Lake,81.0,18.0,81.0,18.0,2,2,"['Cabernet Sauvignon', 'Chardonnay']",US,New York,"['North Fork of Long Island', 'Long Island']"
12683,Laurelwood,87.0,25.0,87.0,25.0,2,2,"['Pinot Gris', 'Pinot Noir']",US,Oregon,"['Willamette Valley', 'Willamette Valley']"
12684,Lauren Ashton Cellars,90.6,38.0,91.0,39.0,40,15,"['Rhône-style Red Blend', 'Sémillon', 'Syrah', 'Roussanne', 'Bordeaux-style Red Blend', 'Sauvignon Blanc-Semillon', 'Sangiovese', 'Chardonnay', 'Chenin Blanc', 'Riesling', 'Rosé', 'Cabernet Sauvignon', 'Malbec', 'G-S-M', 'Bordeaux-style White Blend']",US,Washington,"['Columbia Valley (WA)', 'Columbia Valley']"
12685,Laurence Féraud,87.5,22.8,87.5,22.5,4,2,"['Rosé', 'Rhône-style Red Blend']",France,France Other,['Vin de France']
12686,Laurens,89.0,15.0,89.0,15.0,1,1,['Chenin Blanc'],France,Languedoc-Roussillon,['Crémant de Limoux']
12687,Laurent Gauthier,89.6,24.4,90.5,25.0,14,2,"['Rosé', 'Gamay']",France,Beaujolais,['Beaujolais-Villages']
12688,Laurent Kraft,89.0,18.0,89.0,18.0,1,1,['Chenin Blanc'],France,Loire Valley,['Vouvray']
12689,Laurent Miquel,88.2,16.3,87.0,14.0,13,6,"['Viognier', 'Syrah', 'Rhône-style Red Blend', 'Rosé', 'Chardonnay-Viognier', 'Syrah-Grenache']",France,Languedoc-Roussillon,"[""Vin de Pays d'Oc""]"
12690,Laurent Perrachon,85.0,,85.0,,1,1,['Gamay'],France,Beaujolais,['Beaujolais-Villages']
12691,Laurent de Bescombes Singla,89.0,35.0,89.0,35.0,1,1,['White Blend'],France,Languedoc-Roussillon,['Rivesaltes']
12692,Laurent-Perrier,90.7,92.9,90.5,65.0,24,1,['Champagne Blend'],France,Champagne,['Champagne']
12693,Laurentide,85.0,20.0,85.0,20.0,1,1,['Riesling'],US,Michigan,['Leelanau Peninsula']
12694,Laurenz V.,86.0,13.0,86.0,13.0,1,1,['Grüner Veltliner'],Austria,Austria,[]
12695,Laurenz V.,89.5,25.2,90.0,27.5,11,1,['Grüner Veltliner'],Austria,Kamptal,[]
12696,Laurenz V.,88.2,23.1,88.0,16.0,10,1,['Grüner Veltliner'],Austria,Niederösterreich,[]
12697,Laurier,83.3,17.7,83.0,18.0,3,3,"['Pinot Noir', 'Chardonnay', 'Cabernet Sauvignon']",US,California,"['Carneros', 'Napa-Sonoma']"
12698,Laurona,89.0,33.3,90.0,28.0,3,1,['Red Blend'],Spain,Catalonia,['Montsant']
12699,Lava Cap,86.9,22.7,87.0,21.0,57,15,"['Sauvignon Blanc', 'Zinfandel', 'Chardonnay', 'Red Blend', 'Syrah', 'Petite Sirah', 'Cabernet Sauvignon', 'Barbera', 'Merlot', 'Sangiovese', 'Pinot Noir', 'Grenache', 'Cabernet Franc', 'Sémillon', 'Viognier']",US,California,"['El Dorado', 'Sierra Foothills']"
12700,Lavau,89.3,28.4,90.0,27.0,10,3,"['Rosé', 'Rhône-style White Blend', 'Rhône-style Red Blend']",France,Rhône Valley,['Tavel']
12701,Lavender Ridge,85.2,20.5,85.5,21.0,4,4,"['Mourvèdre', 'Rhône-style Red Blend', 'Rosé', 'Grenache']",US,California,"['Sierra Foothills', 'Sierra Foothills']"
12702,Lavinea,93.0,63.8,93.0,62.5,4,2,"['Pinot Noir', 'Chardonnay']",US,Oregon,"['Eola-Amity Hills', 'Willamette Valley']"
12703,Lavradores de Feitoria,88.4,22.9,88.0,19.0,20,2,"['Portuguese Red', 'Portuguese White']",Portugal,Douro,[]
12704,Lavradores de Feitoria,88.0,15.0,88.0,15.0,1,1,['Sauvignon Blanc'],Portugal,Duriense,[]
12705,Law,92.6,140.1,93.0,69.0,10,6,"['Syrah', 'Rhône-style Red Blend', 'Mourvèdre', 'Grenache', 'Red Blend', 'Grenache-Syrah']",US,California,"['Paso Robles', 'Central Coast']"
12706,Lawer,87.2,29.0,86.5,27.0,28,5,"['Syrah', 'Chardonnay', 'Cabernet Sauvignon', 'Petite Sirah', 'Viognier']",US,California,"['Knights Valley', 'Sonoma']"
12707,Lawrelin,91.3,45.0,91.0,45.0,6,2,"['Syrah', 'Cabernet Sauvignon']",US,Washington,"['Columbia Valley (WA)', 'Columbia Valley']"
12708,Lawson Ranch,84.0,8.0,84.0,8.0,1,1,['Chardonnay'],US,California,"['Monterey County', 'Central Coast']"
12709,Lawson's Dry Hills,87.7,18.4,88.0,18.0,12,4,"['Gewürztraminer', 'Pinot Noir', 'Sauvignon Blanc', 'Pinot Gris']",New Zealand,Marlborough,[]
12710,Layer Cake,81.7,15.7,82.0,16.0,3,2,"['Malbec', 'Red Blend']",Argentina,Mendoza Province,['Mendoza']
12711,Layer Cake,90.0,15.0,90.0,15.0,2,1,['Shiraz'],Australia,South Australia,['South Australia']
12712,Layer Cake,86.4,14.6,87.0,16.0,9,4,"['Pinot Noir', 'Chardonnay', 'Sauvignon Blanc', 'Cabernet Sauvignon']",US,California,"['Central Coast', 'Central Coast']"
12713,Layla,81.0,9.0,81.0,9.0,1,1,['Malbec'],Argentina,Mendoza Province,['Mendoza']
12714,Lazo,83.5,9.0,83.5,9.0,2,2,"['Chardonnay', 'Sauvignon Blanc']",Chile,Central Valley,[]
12715,Lazy Creek,92.6,38.2,92.5,32.0,8,3,"['Gewürztraminer', 'Rosé', 'Pinot Noir']",US,California,"['Anderson Valley', 'Mendocino/Lake Counties']"
12716,Lazy River,86.3,28.0,86.5,28.0,6,3,"['Pinot Noir', 'Riesling', 'Pinot Gris']",US,Oregon,['Willamette Valley']
12717,Lazy Susan Ranch,88.0,87.0,88.0,87.0,1,1,['Cabernet Sauvignon'],US,California,"['Diamond Mountain District', 'Napa']"
12718,Lazzeretti,89.4,77.4,89.5,80.0,14,2,"['Sangiovese', 'Sangiovese Grosso']",Italy,Tuscany,['Brunello di Montalcino']
12719,Le 7 Camicie,87.0,12.0,87.0,12.0,1,1,['Sangiovese'],Italy,Tuscany,['Rosso di Montalcino']
12720,Le Albare,87.0,19.0,87.0,19.0,3,1,['Garganega'],Italy,Veneto,['Soave Classico']
12721,Le Battistelle,87.4,20.9,87.0,20.0,9,1,['Garganega'],Italy,Veneto,['Soave Classico']
12722,Le Bellerive,85.0,33.0,85.0,33.0,2,1,['Prosecco'],Italy,Veneto,['Prosecco di Valdobbiadene']
12723,Le Bertarole,87.7,28.1,88.0,25.0,17,2,"['Corvina, Rondinella, Molinara', 'Red Blend']",Italy,Veneto,['Amarone della Valpolicella Classico']
12724,Le Bertille,86.7,21.8,87.0,18.5,6,1,['Red Blend'],Italy,Tuscany,['Vino Nobile di Montepulciano']
12725,Le Bertole,87.0,,87.0,,1,1,['Prosecco'],Italy,Veneto,['Prosecco di Conegliano e Valdobbiadene']
12726,Le Bignele,86.0,,86.0,,1,1,"['Corvina, Rondinella, Molinara']",Italy,Veneto,['Valpolicella Superiore Ripasso']
12727,Le Bocce,88.8,19.0,89.0,17.0,5,2,"['Sangiovese', 'Red Blend']",Italy,Tuscany,['Chianti Classico']
12728,Le Bonheur,86.0,18.0,86.0,18.0,1,1,['Rosé'],France,Provence,['Côtes de Provence']
12729,Le Bonheur,86.7,14.9,86.0,12.0,7,3,"['Sauvignon Blanc', 'Cabernet Sauvignon', 'Chardonnay']",South Africa,Simonsberg-Stellenbosch,[]
12730,Le Bonheur,84.0,13.0,84.0,13.0,2,1,['Sauvignon Blanc'],South Africa,Stellenbosch,[]
12731,Le Bord'eau du Clos des Moiselles,88.0,14.0,88.0,14.0,1,1,['Bordeaux-style Red Blend'],France,Bordeaux,['Bordeaux']
12732,Le Brun de Neuville,91.3,71.7,92.0,67.0,11,2,"['Chardonnay', 'Champagne Blend']",France,Champagne,['Champagne']
12733,Le Buche,88.8,35.1,88.5,37.0,8,4,"['Red Blend', 'Pugnitello', 'White Blend', 'Verdicchio']",Italy,Tuscany,['Toscana']
12734,Le Bèrne,88.6,29.4,89.0,25.0,9,3,"['Red Blend', 'Sangiovese', 'Prugnolo Gentile']",Italy,Tuscany,['Vino Nobile di Montepulciano']
12735,Le Cadeau,90.9,53.1,91.0,48.0,41,2,"['Pinot Noir', 'Sparkling Blend']",US,Oregon,"['Willamette Valley', 'Willamette Valley']"
12736,Le Calle,85.5,,85.5,,2,1,['Sangiovese'],Italy,Tuscany,['Montecucco']
12737,Le Caniette,87.5,31.0,87.5,29.0,10,3,"['Pecorino', 'Red Blend', 'Passerina']",Italy,Central Italy,['Offida Pecorino']
12738,Le Carillon de Rouget,88.0,85.0,88.0,85.0,1,1,['Bordeaux-style Red Blend'],France,Bordeaux,['Pomerol']
12739,Le Carré,91.8,118.6,92.0,135.0,13,1,['Bordeaux-style Red Blend'],France,Bordeaux,['Saint-Émilion']
12740,Le Casalte,88.1,35.8,87.0,33.0,8,3,"['Sangiovese', 'Prugnolo Gentile', 'Red Blend']",Italy,Tuscany,['Vino Nobile di Montepulciano']
12741,Le Casematte,91.1,22.7,92.0,20.0,9,5,"['Rosato', 'Red Blend', 'White Blend', ""Nero d'Avola"", 'Nerello Mascalese']",Italy,Sicily & Sardinia,['Terre Siciliane']
12742,Le Casque,89.2,27.2,89.0,28.0,4,3,"['Petite Sirah', 'Rhône-style Red Blend', 'Red Blend']",US,California,"['Sierra Foothills', 'Sierra Foothills']"
12743,Le Cecche,89.0,,89.0,,2,1,['Nebbiolo'],Italy,Piedmont,['Barolo']
12744,Le Cercle des Vignerons Saint-Louis,86.5,13.0,86.5,13.0,2,1,['Rosé'],France,Provence,['Coteaux Varois en Provence']
12745,Le Cercle des Vignerons de Saint-Louis,83.0,15.0,83.0,15.0,1,1,['Rosé'],France,Provence,['Coteaux Varois']
12746,Le Chanceux,90.0,65.0,90.0,65.0,1,1,['Cabernet Sauvignon'],US,California,"['Napa Valley', 'Napa']"
12747,Le Charmel,85.0,12.0,85.0,12.0,1,1,['Melon'],France,Loire Valley,['Muscadet Sèvre et Maine']
12748,Le Charmel,86.0,13.0,86.0,13.0,2,1,['Rosé'],France,Provence,['Côtes de Provence']
12749,Le Chateau,87.0,28.8,87.0,27.0,5,4,"['Petit Verdot', 'Chardonnay', 'Barbera', 'Cabernet Sauvignon']",US,Washington,"['Columbia Valley (WA)', 'Columbia Valley']"
12750,Le Chiuse,90.7,61.4,90.0,55.0,15,2,"['Sangiovese', 'Sangiovese Grosso']",Italy,Tuscany,['Brunello di Montalcino']
12751,Le Cimate,87.0,42.0,87.0,42.0,1,1,['Sagrantino'],Italy,Central Italy,['Montefalco Sagrantino']
12752,Le Cinciole,88.7,24.3,89.0,25.0,3,1,['Sangiovese'],Italy,Tuscany,['Chianti Classico']
12753,Le Cirque,85.8,15.3,85.5,15.0,6,2,"['Rhône-style Red Blend', 'Rosé']",France,Languedoc-Roussillon,['Vin de Pays des Côtes Catalanes']
12754,Le Clarence de Haut-Brion,91.0,,91.0,,1,1,['Bordeaux-style Red Blend'],France,Bordeaux,['Pessac-Léognan']
12755,Le Classique from the 3 Springs Vineyard,87.7,19.0,88.0,20.0,3,2,"['White Blend', 'Red Blend']",France,Provence,"[""Coteaux d'Aix-en-Provence""]"
12756,Le Clos d'un Jour,92.0,,92.0,,1,1,['Malbec'],France,Southwest France,['Cahors']
12757,Le Clos de Beau-Père,90.0,60.0,90.0,60.0,1,1,['Bordeaux-style Red Blend'],France,Bordeaux,['Pomerol']
12758,Le Colture,87.8,21.9,88.0,19.0,33,3,"['Glera', 'Sparkling Blend', 'Prosecco']",Italy,Veneto,['Prosecco']
12759,Le Contesse,88.0,15.0,88.0,15.0,1,1,['Glera'],Italy,Veneto,['Prosecco']
12760,Le Corti dei Farfensi,85.0,13.0,85.0,13.0,3,3,"['Passerina', 'Red Blend', 'Pecorino']",Italy,Central Italy,['Marche']
12761,Le Crosare,84.0,,84.0,,1,1,['Garganega'],Italy,Veneto,['Soave Classico']
12762,Le Defi de Fontenil,90.0,,90.0,,1,1,['Bordeaux-style Red Blend'],France,Bordeaux,['Pomerol']
12763,Le Drunk Rooster,85.0,12.0,84.0,12.0,3,2,"['Pinot Noir', 'Chardonnay']",France,Languedoc-Roussillon,"[""Pays d'Oc""]"
12764,Le Due Terre,89.3,47.0,90.0,44.0,3,1,['White Blend'],Italy,Northeastern Italy,['Colli Orientali del Friuli']
12765,Le Dôme,94.1,220.9,94.0,235.0,14,1,['Bordeaux-style Red Blend'],France,Bordeaux,['Saint-Émilion']
12766,Le Farnete,88.5,15.0,88.5,15.0,2,1,['Red Blend'],Italy,Tuscany,['Carmignano']
12767,Le Fervent,90.0,22.0,90.0,22.0,1,1,['Syrah'],France,Rhône Valley,['Costières de Nîmes']
12768,Le Filigare,86.0,19.0,86.0,19.0,2,1,['Sangiovese'],Italy,Tuscany,['Chianti Classico']
12769,Le Fleuron,82.0,14.0,82.0,14.0,1,1,['Red Blend'],Lebanon,Bekaa Valley,[]
12770,Le Fonti,87.5,30.0,87.5,30.0,4,1,['Red Blend'],Italy,Tuscany,['Chianti Classico']
12771,Le Fonti a San Giorgio,86.5,15.5,86.5,15.5,2,1,['Red Blend'],Italy,Tuscany,['Chianti Montespertoli']
12772,Le Fornaci,86.0,,86.0,,2,1,['Vernaccia'],Italy,Tuscany,['Vernaccia di San Gimignano']
12773,Le Fraghe,91.3,17.7,90.0,17.0,3,1,['Red Blend'],Italy,Veneto,['Bardolino']
12774,Le Frères Couillaud,84.0,,84.0,,1,1,['Chardonnay'],France,Loire Valley,['Val de Loire']
12775,Le Ginestre,88.8,40.5,88.5,45.0,4,2,"['Nebbiolo', 'Dolcetto']",Italy,Piedmont,['Barolo']
12776,Le Gode,91.7,81.0,91.5,80.0,6,2,"['Sangiovese', 'Sangiovese Grosso']",Italy,Tuscany,['Brunello di Montalcino']
12777,Le Grand Courtage,83.5,20.0,83.5,20.0,2,1,['Sparkling Blend'],France,France Other,['Vin Mousseux']
12778,Le Grand Noir,85.8,11.4,86.0,12.0,5,3,"['Pinot Noir', 'G-S-M', 'Rosé']",France,Languedoc-Roussillon,"[""Pays d'Oc""]"
12779,Le Grand Vallat,87.5,19.5,87.5,19.5,2,1,['Rhône-style Red Blend'],France,Rhône Valley,['Ventoux']
12780,Le Grascete,87.6,34.2,87.0,35.0,8,2,"['Red Blend', 'Merlot']",Italy,Tuscany,['Bolgheri']
12781,Le Grix de la Salle,88.0,45.0,88.0,45.0,1,1,['Champagne Blend'],France,Champagne,['Champagne']
12782,Le Guaite,86.7,,87.0,,3,1,"['Corvina, Rondinella, Molinara']",Italy,Veneto,['Amarone della Valpolicella']
12783,Le Haut Païs,83.5,,83.5,,2,2,"['Bordeaux-style Red Blend', 'Merlot']",France,Southwest France,['Périgord']
12784,Le Jaja de Jau,86.0,10.0,86.0,10.0,2,2,"['Sauvignon Blanc', 'Syrah']",France,Languedoc-Roussillon,"[""Vin de Pays d'Oc""]"
12785,Le Jardin d'Eolie,86.5,,86.5,,2,2,"['Pinot Noir', 'Sauvignon Blanc']",France,France Other,['Vin de France']
12786,Le Macchiole,93.0,146.2,92.0,127.5,37,6,"['Merlot', 'Cabernet Franc', 'Red Blend', 'Syrah', 'White Blend', 'Cabernet Blend']",Italy,Tuscany,['Toscana']
12787,Le Macioche,90.0,59.6,90.0,65.0,7,2,"['Sangiovese', 'Sangiovese Grosso']",Italy,Tuscany,['Brunello di Montalcino']
12788,Le Mandolare,87.4,20.3,86.0,22.0,5,1,['Garganega'],Italy,Veneto,['Soave Classico']
12789,Le Manzane,86.6,12.5,87.0,12.0,12,2,"['Glera', 'Prosecco']",Italy,Veneto,['Conegliano Valdobbiadene Prosecco Superiore']
12790,Le Marchesine,89.2,39.2,89.0,40.0,14,3,"['Sparkling Blend', 'Chardonnay', 'Pinot Nero']",Italy,Lombardy,['Franciacorta']
12791,Le Marognole,86.7,47.5,87.0,47.5,3,2,"['Red Blend', 'Corvina, Rondinella, Molinara']",Italy,Veneto,['Valpolicella Classico Superiore Ripasso']
12792,Le Mas de Bertrand,86.0,22.0,86.0,22.0,1,1,['Rhône-style Red Blend'],France,Languedoc-Roussillon,['Coteaux du Languedoc']
12793,Le Mas de l'Ecriture,89.3,29.3,90.0,30.0,3,1,['Rhône-style Red Blend'],France,Languedoc-Roussillon,['Coteaux du Languedoc']
12794,Le Masciare,89.3,27.0,90.0,27.0,3,3,"['Fiano', 'Greco', 'Aglianico']",Italy,Southern Italy,['Fiano di Avellino']
12795,Le Miccine,88.3,32.8,88.0,40.0,7,1,['Sangiovese'],Italy,Tuscany,['Chianti Classico']
12796,Le Mistral,86.4,39.0,87.0,40.0,5,4,"['Rhône-style Red Blend', 'Viognier', 'Grenache', 'Red Blend']",US,California,"['Monterey County', 'Central Coast']"
12797,Le Morette,90.2,24.3,90.5,25.0,8,1,['Turbiana'],Italy,Lombardy,['Lugana']
12798,Le Mulet Rouge,90.7,24.0,92.0,24.0,3,3,"['Sauvignon Blanc', 'Barbera', 'Viognier']",US,California,"['Fiddletown', 'Sierra Foothills']"
12799,Le Muraglie,84.0,,84.0,,1,1,['Rosé'],Italy,Veneto,['Bardolino Chiaretto']
12800,Le Nardian,89.3,69.0,89.0,65.0,13,1,['Bordeaux-style White Blend'],France,Bordeaux,['Bordeaux Blanc']
12801,Le P'tit Paysan,89.5,20.8,90.0,22.0,6,4,"['Chardonnay', 'Mourvèdre', 'Petite Sirah', 'G-S-M']",US,California,"['Monterey County', 'Central Coast']"
12802,Le Palaie,86.3,44.0,87.0,36.0,3,2,"['Red Blend', 'White Blend']",Italy,Tuscany,['Toscana']
12803,Le Paradou,86.0,10.0,86.0,10.0,1,1,['Grenache'],France,France Other,['Vin de France']
12804,Le Petit Cheval,92.0,,92.0,,1,1,['Bordeaux-style Red Blend'],France,Bordeaux,['Saint-Émilion']
12805,Le Petit Cochonnet,84.0,10.0,84.0,10.0,2,2,"['Chardonnay', 'Malbec']",France,France Other,['Vin de France']
12806,Le Petit Cochonnet,84.7,10.3,84.0,10.0,3,3,"['Cabernet Sauvignon', 'Merlot', 'Pinot Noir']",France,Languedoc-Roussillon,"[""Pays d'Oc""]"
12807,Le Petit Mouton de Mouton-Rothschild,88.0,,88.0,,1,1,['Bordeaux-style Red Blend'],France,Bordeaux,['Pauillac']
12808,Le Petit Panier,84.5,12.2,84.5,12.0,4,4,"['Merlot', 'Cabernet Sauvignon', 'Pinot Noir', 'Chardonnay']",France,France Other,['Vin de France']
12809,Le Petite Coquerel,92.0,35.0,92.0,35.0,1,1,['Sauvignon Blanc'],US,California,"['Napa Valley', 'Napa']"
12810,Le Piane,94.0,55.0,94.0,55.0,2,1,['Red Blend'],Italy,Piedmont,['Boca']
12811,Le Pianelle,90.8,38.5,90.0,39.0,4,2,"['Red Blend', 'Rosato']",Italy,Piedmont,['Coste della Sesia']
12812,Le Potazzine,90.8,63.8,90.0,70.0,13,2,"['Sangiovese', 'Sangiovese Grosso']",Italy,Tuscany,['Brunello di Montalcino']
12813,Le Prince,84.0,19.0,84.0,19.0,1,1,['Rhône-style Red Blend'],France,Rhône Valley,['Côtes du Rhône']
12814,Le Pépin,84.8,6.2,85.0,6.0,5,5,"['Sauvignon Blanc', 'Pinot Noir', 'Cabernet Sauvignon-Merlot', 'Moscato', 'Chardonnay']",France,France Other,['Vin de France']
12815,Le Ragnaie,91.0,63.1,91.0,50.0,8,2,"['Sangiovese Grosso', 'Sangiovese']",Italy,Tuscany,['Brunello di Montalcino']
12816,Le Ragose,89.8,63.9,90.0,55.0,13,3,"['Cabernet Sauvignon', 'Corvina, Rondinella, Molinara', 'Red Blend']",Italy,Veneto,['Rosso del Veronese']
12817,Le Regge,84.5,24.0,84.5,24.0,2,1,['Red Blend'],Italy,Tuscany,['Chianti Classico']
12818,Le Riche,89.0,33.3,89.5,30.0,4,1,['Cabernet Sauvignon'],South Africa,Stellenbosch,[]
12819,Le Roc,87.0,17.0,87.0,17.0,2,2,"['Negrette', 'Rosé']",France,Southwest France,['Fronton']
12820,Le Roi des Pierres,87.5,29.3,87.5,30.0,4,2,"['Rosé', 'Sauvignon Blanc']",France,Loire Valley,['Sancerre']
12821,Le Rose,90.0,45.0,90.0,45.0,1,1,['Fiano'],Italy,Central Italy,['Lazio']
12822,Le Rouge de Saint-Louis,88.0,11.0,88.0,11.0,1,1,['Red Blend'],France,Provence,['Côtes de Provence']
12823,Le Saint-André,84.0,,84.0,,1,1,['Rosé'],France,Provence,['Vin de Pays Var']
12824,Le Salette,90.8,79.6,91.0,73.0,32,2,"['Corvina, Rondinella, Molinara', 'Red Blend']",Italy,Veneto,['Amarone della Valpolicella Classico']
12825,Le Senate,88.5,22.0,88.5,22.0,2,1,['Red Blend'],Italy,Central Italy,['Marche']
12826,Le Solive,85.3,12.0,86.0,12.0,3,1,['Vernaccia'],Italy,Tuscany,['Vernaccia di San Gimignano']
12827,Le Strette,89.9,60.0,90.0,60.0,9,1,['Nebbiolo'],Italy,Piedmont,['Barolo']
12828,Le Strie,89.0,54.0,89.0,54.0,1,1,['Nebbiolo'],Italy,Lombardy,['Sforzato di Valtellina']
12829,Le Torri,84.0,10.0,84.0,10.0,1,1,['Sangiovese'],Italy,Tuscany,['Chianti Colli Fiorentini']
12830,Le Torri di Campiglioni,89.0,47.5,89.0,47.5,2,1,['Red Blend'],Italy,Tuscany,['Chianti Colli Fiorentini']
12831,Le Tre Stelle,87.3,,87.0,,3,3,"['Merlot', 'Red Blend', 'Sangiovese']",Italy,Tuscany,['San Gimignano']
12832,Le Val,84.0,10.0,85.0,10.0,3,3,"['Sauvignon Blanc', 'Cabernet Sauvignon', 'Rosé']",France,France Other,['Vin de France']
12833,Le Vieux Donjon,94.0,30.0,94.0,30.0,1,1,['Rhône-style Red Blend'],France,Rhône Valley,['Châteauneuf-du-Pape']
12834,Le Vieux Pin,92.4,54.8,93.0,45.0,5,3,"['Rosé', 'Syrah', 'Rhône-style White Blend']",Canada,British Columbia,['Okanagan Valley']
12835,Le Vigne,87.0,,87.0,,1,1,['Sangiovese'],Italy,Tuscany,['Montecucco']
12836,Le Vigne,89.5,35.7,89.0,37.0,25,12,"['Red Blend', 'Sangiovese', 'Cabernet Franc', 'Bordeaux-style Red Blend', 'Cabernet Sauvignon', 'Syrah', 'Merlot', 'Rhône-style Red Blend', 'Petite Sirah', 'White Blend', 'Tannat', 'Grenache']",US,California,"['Paso Robles', 'Central Coast']"
12837,Le Vigne di Alice,84.2,26.6,84.0,25.0,10,3,"['Glera', 'Prosecco', 'Sparkling Blend']",Italy,Veneto,['Conegliano Valdobbiadene Prosecco Superiore']
12838,Le Vigne di Ca' Nova,88.3,22.7,90.0,19.0,3,2,"['Barbera', 'Chardonnay']",Italy,Piedmont,"[""Barbera d'Alba Superiore""]"
12839,Le Vigne di Domenico,86.2,32.5,87.0,32.5,4,3,"['Merlot', 'Red Blend', 'Petite Sirah']",US,California,"['Paso Robles', 'Central Coast']"
12840,Le Vigne di Eli,89.5,37.0,89.5,36.5,4,2,"['Carricante', 'Red Blend']",Italy,Sicily & Sardinia,['Etna']
12841,Le Vigne di Zamò,87.4,20.7,87.0,20.0,7,5,"['Picolit', 'Pinot Grigio', 'White Blend', 'Friulano', 'Ribolla Gialla']",Italy,Northeastern Italy,['Colli Orientali del Friuli']
12842,Le Vin,90.0,27.5,90.0,27.5,2,2,"['Cabernet Sauvignon', 'Chardonnay']",US,California,"['Mendocino County', 'Mendocino/Lake Counties']"
12843,LeGrys,83.0,26.0,83.0,26.0,1,1,['Pinot Noir'],New Zealand,Marlborough,[]
12844,LePlan-Vermeersch,89.8,44.6,90.0,37.0,5,4,"['Rhône-style Red Blend', 'Grenache', 'White Blend', 'Syrah']",France,Rhône Valley,['Côtes du Rhône']
12845,LeSaffre,88.0,50.0,88.0,50.0,1,1,['Chardonnay'],US,California,"['Sonoma Coast', 'Sonoma']"
12846,Lea,90.0,32.0,90.0,32.0,1,1,['Chardonnay'],US,California,"['Santa Barbara County', 'Central Coast']"
12847,Leacock's,88.7,53.7,88.0,36.0,3,2,"['Bual', 'Tinta Negra Mole']",Portugal,Madeira,[]
12848,League of Rogues,87.0,30.0,87.0,30.0,1,1,['Zinfandel'],US,California,"['Paso Robles', 'Central Coast']"
12849,Leah Jørgensen Cellars,89.7,29.3,89.0,25.0,7,4,"['Cabernet Franc', 'Sauvignon Blanc', 'Malbec', 'Red Blend']",US,Oregon,"['Southern Oregon', 'Southern Oregon']"
12850,Leal Vineyards,85.7,26.0,85.5,26.0,6,6,"['Chardonnay', 'Rhône-style Red Blend', 'Cabernet Blend', 'Cabernet Franc', 'Petite Sirah', 'Malbec']",US,California,"['San Benito County', 'Central Coast']"
12851,Lealtanza,85.8,38.5,86.0,24.5,8,1,['Tempranillo'],Spain,Northern Spain,['Rioja']
12852,Leaping Horse,84.8,8.5,85.0,10.0,19,5,"['Chardonnay', 'Cabernet Sauvignon', 'Shiraz', 'Merlot', 'Red Blend']",US,California,"['California', 'California Other']"
12853,Leaping Lizard,85.5,12.1,85.0,12.0,13,5,"['Chardonnay', 'Cabernet Sauvignon', 'Sauvignon Blanc', 'Merlot', 'Zinfandel']",US,California,"['Napa Valley', 'Napa']"
12854,Leasingham,88.2,21.0,88.0,15.5,16,4,"['Shiraz', 'Riesling', 'Shiraz-Cabernet Sauvignon', 'Cabernet Sauvignon']",Australia,South Australia,['Clare Valley']
12855,Leatherwood,87.0,14.0,87.0,14.0,2,2,"['Cabernet Sauvignon', 'Shiraz-Viognier']",South Africa,Western Cape,[]
12856,Lecci e Brocchi,89.5,32.0,89.5,32.0,2,1,['Red Blend'],Italy,Tuscany,['Chianti Classico']
12857,Lecco,89.4,28.2,90.0,27.0,5,1,['Tempranillo'],Spain,Northern Spain,['Ribera del Duero']
12858,Lechthaler,85.1,14.4,85.0,15.0,12,7,"['Teroldego Rotaliano', 'Sauvignon', 'Pinot Grigio', 'Cabernet', 'Pinot Nero', 'Lagrein', 'Riesling']",Italy,Northeastern Italy,['Trentino']
12859,Lechère,85.0,45.0,85.0,45.0,1,1,['Champagne Blend'],France,Champagne,['Champagne']
12860,Leconfield,91.0,30.0,91.0,30.0,1,1,['Cabernet Sauvignon'],Australia,South Australia,['Coonawarra']
12861,Leda,92.0,45.0,92.0,45.0,1,1,['Tempranillo'],Spain,Northern Spain,['Vino de la Tierra de Castilla y León']
12862,Ledger David,87.6,28.6,87.0,30.0,12,8,"['Sangiovese', 'Syrah', 'Tempranillo', 'Malbec', 'Red Blend', 'Sauvignon Blanc', 'Chenin Blanc', 'Cabernet Franc']",US,Oregon,"['Rogue Valley', 'Southern Oregon']"
12863,Ledgewood Creek,85.1,14.6,84.0,16.0,9,7,"['Cabernet Sauvignon', 'Fumé Blanc', 'Syrah', 'Chardonnay', 'Viognier', 'Sauvignon Blanc', 'G-S-M']",US,California,"['Napa Valley', 'Napa']"
12864,Ledson,88.7,45.0,88.0,40.0,41,13,"['Zinfandel', 'Cabernet Sauvignon', 'Cabernet Franc', 'Chardonnay', 'Merlot', 'Red Blend', 'Petite Sirah', 'Sangiovese', 'Sauvignon Blanc', 'Rhône-style Red Blend', 'Bordeaux-style Red Blend', 'Barbera', 'Pinot Noir']",US,California,"['Russian River Valley', 'Sonoma']"
12865,Lee Family Farm,87.7,16.3,88.0,16.0,6,4,"['Verdelho', 'Tempranillo Blend', 'Red Blend', 'Tempranillo']",US,California,"['Alta Mesa', 'Central Valley']"
12866,Leese-Fitch,85.9,12.2,86.0,12.0,24,7,"['Pinot Noir', 'Merlot', 'Zinfandel', 'Cabernet Sauvignon', 'Chardonnay', 'Sauvignon Blanc', 'Red Blend']",US,California,"['California', 'California Other']"
12867,Leeuwin Estate,89.4,41.0,89.0,35.0,50,7,"['Chardonnay', 'Cabernet Sauvignon', 'Cabernet Merlot', 'Riesling', 'Sauvignon Blanc-Semillon', 'Shiraz', 'Cabernet Sauvignon-Merlot']",Australia,Western Australia,['Margaret River']
12868,Left Bend,89.0,45.0,89.0,45.0,1,1,['Cabernet Sauvignon'],Chile,Santa Cruz,[]
12869,Left Bend,90.1,40.2,91.0,38.0,17,9,"['Cabernet Franc', 'Bordeaux-style Red Blend', 'Cabernet Sauvignon', 'Pinot Noir', 'Syrah', 'Cabernet Sauvignon-Syrah', 'Red Blend', 'Viognier', 'Syrah-Cabernet Sauvignon']",US,California,"['Santa Cruz Mountains', 'Central Coast']"
12870,Left Coast Cellars,87.7,27.6,87.0,24.0,42,4,"['Chardonnay', 'Pinot Noir', 'Pinot Gris', 'Pinot Blanc']",US,Oregon,"['Willamette Valley', 'Willamette Valley']"
12871,Left Foot Charley,88.0,18.0,88.0,18.0,1,1,['Riesling'],US,Michigan,['Michigan']
12872,Legacy,92.0,77.5,92.0,75.0,4,1,['Bordeaux-style Red Blend'],US,California,"['Alexander Valley', 'Sonoma']"
12873,Legado Muñoz,83.7,10.7,84.0,10.0,7,4,"['Tempranillo', 'Garnacha', 'Tempranillo-Merlot', 'Merlot']",Spain,Central Spain,['Vino de la Tierra de Castilla']
12874,Legado del Moncayo,86.2,12.0,86.0,13.0,5,2,"['Garnacha', 'Garnacha Blanca']",Spain,Northern Spain,['Campo de Borja']
12875,Legaris,88.7,36.0,89.0,36.0,9,4,"['Tempranillo', 'Tinta Fina', 'Verdejo', 'Tinto Fino']",Spain,Northern Spain,['Ribera del Duero']
12876,Legendre,87.2,23.6,88.0,24.0,5,2,"['Rhône-style Red Blend', 'Viognier']",US,California,"['Amador County', 'Sierra Foothills']"
12877,Legras & Haas,89.3,52.7,89.0,53.0,3,2,"['Champagne Blend', 'Chardonnay']",France,Champagne,['Champagne']
12878,Legón,85.0,15.0,85.0,14.0,3,1,['Tempranillo'],Spain,Northern Spain,['Ribera del Duero']
12879,Leidersburg,86.0,21.0,86.0,21.0,2,1,['Sauvignon Blanc'],South Africa,Coastal Region,[]
12880,Leidersburg,84.0,15.0,84.0,15.0,1,1,['Sauvignon Blanc'],South Africa,Walker Bay,[]
12881,Leindl,90.0,41.0,90.0,43.0,3,2,"['Grüner Veltliner', 'Riesling']",Austria,Kamptal,[]
12882,Leira,90.0,15.0,90.0,15.0,1,1,['Albariño'],Spain,Galicia,['Rías Baixas']
12883,Lelarge-Pugeot,91.6,49.9,92.0,49.5,9,2,"['Pinot Noir', 'Champagne Blend']",France,Champagne,['Champagne']
12884,Lelia,84.6,12.0,84.0,14.0,7,1,['Garnacha'],Spain,Northern Spain,['Cariñena']
12885,Lemelson,90.0,37.0,90.0,40.0,44,4,"['Pinot Noir', 'Pinot Gris', 'Chardonnay', 'Riesling']",US,Oregon,"['Willamette Valley', 'Willamette Valley']"
12886,Lemos & Van Zeller,89.4,37.8,89.0,30.0,10,2,"['Portuguese White', 'Portuguese Red']",Portugal,Douro,[]
12887,Lemos & Van Zeller,88.0,,88.0,,1,1,['Port'],Portugal,Port,[]
12888,Lenikus,89.0,,90.0,,4,3,"['Grüner Veltliner', 'Austrian white blend', 'Riesling']",Austria,Vienna,[]
12889,Lenikus,90.0,,90.0,,1,1,['Austrian white blend'],Austria,Wiener Gemischter Satz,[]
12890,Lenné Estate,90.9,49.3,91.0,50.0,14,1,['Pinot Noir'],US,Oregon,['Willamette Valley']
12891,Lenz,87.9,26.0,87.5,25.0,8,6,"['Merlot', 'Champagne Blend', 'Cabernet Sauvignon', 'Gewürztraminer', 'Chardonnay', 'Pinot Gris']",US,New York,"['North Fork of Long Island', 'Long Island']"
12892,Lenz Moser,85.0,16.0,85.0,16.0,1,1,['Grüner Veltliner'],Austria,Austria,[]
12893,Lenz Moser,86.9,13.0,86.0,11.0,7,4,"['Weissburgunder', 'Red Blend', 'Cabernet Sauvignon-Merlot', 'Blaufränkisch']",Austria,Burgenland,[]
12894,Lenz Moser,87.0,10.0,87.0,10.0,3,1,['Grüner Veltliner'],Austria,Niederösterreich,[]
12895,Leo,86.6,24.0,87.0,22.0,5,4,"['Pinot Noir', 'White Blend', 'Red Blend', 'Riesling']",Germany,Pfalz,[]
12896,Leo Steen Wines,91.0,27.5,91.0,28.0,4,2,"['Chenin Blanc', 'Chardonnay']",US,California,"['Dry Creek Valley', 'Sonoma']"
12897,Leon Beyer,89.7,36.8,89.0,30.0,25,7,"['Sylvaner', 'Pinot Blanc', 'Muscat', 'Gewürztraminer', 'Riesling', 'Pinot Gris', 'Sparkling Blend']",France,Alsace,['Alsace']
12898,Leonard Kreusch,87.7,15.4,87.5,15.0,40,1,['Riesling'],Germany,Mosel,[]
12899,Leonard Kreusch,86.9,14.2,87.0,13.0,17,5,"['Gewürztraminer', 'Riesling', 'Dornfelder', 'White Blend', 'Pinot Noir']",Germany,Rheinhessen,[]
12900,Leonard Oakes,85.8,30.4,86.0,20.0,5,3,"['Chardonnay', 'Vidal Blanc', 'Sauvignon Blanc']",US,New York,"['New York', 'New York Other']"
12901,Leonard Wine Company,90.0,50.0,90.0,50.0,1,1,['Zinfandel'],US,California,"['Russian River Valley', 'Sonoma']"
12902,Leonardo Family Vineyards,85.0,13.0,85.0,13.0,2,2,"['Cabernet Sauvignon-Syrah', 'Cabernet Sauvignon']",US,California,"['Lodi', 'Central Valley']"
12903,Leone de Castris,87.8,18.4,88.0,16.0,26,6,"['Negroamaro', 'Red Blend', 'Primitivo', 'Verdeca', 'Rosé', 'Syrah']",Italy,Southern Italy,['Salento']
12904,Leoness,90.3,59.9,91.0,49.0,16,7,"['Rhône-style Red Blend', 'Syrah', 'Cabernet Franc-Merlot', 'Meritage', 'Zinfandel', 'Red Blend', 'Merlot']",US,California,"['Temecula Valley', 'South Coast']"
12905,Leonesse Cellars,85.2,39.6,84.0,35.0,20,11,"['Syrah', 'Rhône-style Red Blend', 'Meritage', 'Bordeaux-style Red Blend', 'Cabernet Sauvignon', 'Syrah-Cabernet', 'Merlot', 'Red Blend', 'Sauvignon Blanc', 'Zinfandel', 'Viognier']",US,California,"['Temecula Valley', 'South Coast']"
12906,Leonetti Cellar,93.3,84.6,93.0,75.0,53,6,"['Bordeaux-style Red Blend', 'Cabernet Sauvignon', 'Sangiovese', 'Merlot', 'Red Blend', 'Cabernet Blend']",US,Washington,"['Walla Walla Valley (WA)', 'Columbia Valley']"
12907,Leonhardt,87.0,48.0,87.0,48.0,1,1,['Zinfandel'],US,California,"['Dry Creek Valley', 'Sonoma']"
12908,Leopard Frog,88.0,31.0,88.0,31.0,1,1,['Chenin Blanc'],South Africa,Stellenbosch,[]
12909,Leopard's Leap,86.0,13.7,86.0,14.0,3,3,"['Red Blend', 'Chardonnay', 'Chenin Blanc']",South Africa,Western Cape,[]
12910,Leoplold & Silvane Sommer,86.5,17.0,86.5,17.0,2,1,['Grüner Veltliner'],Austria,Neusiedlersee-Hügelland,[]
12911,Leopoldo I di Toscana,87.6,26.3,88.0,24.0,7,2,"['Red Blend', 'Syrah']",Italy,Tuscany,['Toscana']
12912,Lepe,92.0,25.0,92.0,25.0,1,1,['Chardonnay'],US,California,"['Arroyo Seco', 'Central Coast']"
12913,Les Alliés,84.0,12.5,84.0,12.5,2,2,"['Cabernet Sauvignon', 'Sauvignon Blanc']",France,France Other,['Vin de France']
12914,Les Amants,88.0,,88.0,,1,1,['Merlot'],France,Bordeaux,['Bordeaux']
12915,Les Astéries,92.9,163.8,93.0,172.5,14,1,['Bordeaux-style Red Blend'],France,Bordeaux,['Saint-Émilion']
12916,Les Belles Collines,91.9,58.8,92.0,65.0,17,5,"['Cabernet Sauvignon', 'Pinot Gris', 'Bordeaux-style Red Blend', 'Pinot Noir', 'Chardonnay']",US,California,"['Napa Valley', 'Napa']"
12917,Les Bourgeois,82.8,12.0,83.0,9.0,11,7,"['Chambourcin', 'Red Blend', 'Rosé', 'White Blend', 'Vidal Blanc', 'Chardonel', 'Norton']",US,Missouri,['Missouri']
12918,Les Caves Joseph,85.0,,85.0,,1,1,['Bordeaux-style Red Blend'],France,Bordeaux,['Bordeaux']
12919,Les Caves Richemer,88.0,,88.0,,1,1,['Terret Blanc'],France,Languedoc-Roussillon,['Vin de Pays des Côtes de Thau']
12920,Les Caves Roties de Pente,87.5,42.5,87.5,42.5,2,1,['Syrah'],US,California,"['Mendocino County', 'Mendocino/Lake Counties']"
12921,Les Caves de Bailly,84.5,13.0,84.5,13.0,2,2,"['Champagne Blend', 'Sparkling Blend']",France,France Other,['Vin Mousseux']
12922,Les Celliers Jean d'Alibert,83.0,,83.0,,1,1,['Rhône-style Red Blend'],France,Languedoc-Roussillon,['Minervois']
12923,Les Chemins de Bassac,86.0,16.0,86.0,16.0,1,1,['Pinot Noir'],France,Languedoc-Roussillon,['Vin de Pays des Côtes de Thongue']
12924,Les Clos de Paulilles,85.2,21.2,85.0,22.0,4,3,"['Grenache', 'Red Blend', 'Rosé']",France,Languedoc-Roussillon,['Banyuls']
12925,Les Collines,86.0,12.0,86.0,12.0,1,1,['Rhône-style Red Blend'],France,Rhône Valley,['Côtes du Rhône']
12926,Les Collines du Bourdic,87.5,13.0,87.5,13.0,2,2,"['Rosé', 'Chardonnay']",France,Languedoc-Roussillon,"[""Pays d'Oc""]"
12927,Les Costières de Pomerols,86.0,11.0,86.0,10.0,3,2,"['Chardonnay', 'Rosé']",France,Languedoc-Roussillon,"[""Pays d'Oc""]"
12928,Les Crêtes,88.0,38.0,88.0,38.0,1,1,['Chardonnay'],Italy,Northwestern Italy,"[""Valle d'Aosta""]"
12929,Les Dauphins,87.0,14.0,87.0,14.0,1,1,['Rosé'],France,Rhône Valley,['Côtes du Rhône']
12930,Les Deux Rives,86.2,12.0,86.0,11.5,6,3,"['Rhône-style Red Blend', 'Rhône-style White Blend', 'Rosé']",France,Languedoc-Roussillon,['Corbières']
12931,Les Domaines Auriol,86.0,7.0,86.0,7.0,1,1,['Malbec'],France,France Other,['Vin de France']
12932,Les Domaines Auriol,86.0,12.0,86.0,12.0,2,2,"['Marselan', 'Rhône-style White Blend']",France,Languedoc-Roussillon,"[""Pays d'Oc""]"
12933,Les Domaines Auriol,88.0,11.0,88.0,11.0,1,1,['Rhône-style Red Blend'],France,Rhône Valley,['Côtes du Rhône']
12934,Les Douves de LaTour Carnet,84.0,29.0,84.0,29.0,1,1,['Bordeaux-style Red Blend'],France,Bordeaux,['Haut-Médoc']
12935,Les Fontenilles,85.0,20.0,85.0,20.0,1,1,['Bordeaux-style Red Blend'],France,Bordeaux,['Bordeaux Clairet']
12936,Les Frères Couillaud,88.2,17.4,89.0,16.0,5,3,"['Melon', 'Sauvignon Blanc', 'Chardonnay']",France,Loire Valley,['Muscadet Sèvre et Maine']
12937,Les Frères Perroud,88.0,23.2,87.0,22.0,5,1,['Gamay'],France,Beaujolais,['Brouilly']
12938,Les Fusionels,87.0,27.5,87.0,27.5,2,1,['Rhône-style Red Blend'],France,Languedoc-Roussillon,['Faugères']
12939,Les Galets de Sauveterre,87.0,17.0,87.0,17.0,1,1,['Rhône-style Red Blend'],France,Rhône Valley,['Côtes du Rhône']
12940,Les Hauts de Croix de Labrie,87.0,45.0,87.0,45.0,1,1,['Bordeaux-style Red Blend'],France,Bordeaux,['Saint-Émilion']
12941,Les Hauts de Lagarde,85.4,12.9,85.0,13.0,10,3,"['Bordeaux-style White Blend', 'Rosé', 'Bordeaux-style Red Blend']",France,Bordeaux,['Bordeaux Blanc']
12942,Les Hauts de Tousquiron,86.6,24.0,87.0,24.0,7,1,['Bordeaux-style Red Blend'],France,Bordeaux,['Médoc']
12943,Les Héritiers du Comte Lafon,89.3,32.5,90.0,32.5,7,1,['Chardonnay'],France,Burgundy,['Mâcon-Chardonnay']
12944,Les Jamelles,87.0,21.0,87.0,21.0,1,1,['Champagne Blend'],France,France Other,['France']
12945,Les Jamelles,84.7,10.0,85.0,10.0,24,9,"['Sauvignon Blanc', 'Cabernet Sauvignon', 'Pinot Noir', 'Viognier', 'Chardonnay', 'Rosé', 'Cinsault', 'Merlot', 'Syrah']",France,Languedoc-Roussillon,"[""Vin de Pays d'Oc""]"
12946,Les Marionettes,83.0,,83.0,,1,1,['Syrah'],France,Languedoc-Roussillon,"[""Vin de Pays d'Oc""]"
12947,Les Maîtres Vignerons de Saint-Louis,84.0,,84.0,,1,1,['Sparkling Blend'],France,France Other,['Vin Mousseux']
12948,Les Maîtres Vignerons de Saint-Louis,86.5,12.0,86.5,12.0,6,1,['Rosé'],France,Provence,['Côtes de Provence']
12949,Les Maîtres Vignerons de la Presqu'île de Saint-Tropez,85.0,,85.0,,1,1,['Rosé'],France,France Other,['Mediterranée']
12950,Les Maîtres Vignerons de la Presqu'île de Saint-Tropez,86.7,18.7,87.0,17.0,25,1,['Rosé'],France,Provence,['Côtes de Provence']
12951,Les Mines,87.0,20.0,87.0,20.0,1,1,['Red Blend'],Spain,Catalonia,['Priorat']
12952,Les Parcelles de Stéphane Derenoncourt,86.4,17.0,87.0,15.0,5,2,"['Bordeaux-style Red Blend', 'Bordeaux-style White Blend']",France,Bordeaux,['Haut-Médoc']
12953,Les Portes de Bordeaux,84.0,,84.0,,1,1,['Bordeaux-style Red Blend'],France,Bordeaux,['Bordeaux']
12954,Les Quatre Tours,88.7,16.4,89.0,15.0,6,1,['Rosé'],France,Provence,"[""Coteaux d'Aix-en-Provence""]"
12955,Les Rocailles,86.8,19.6,86.0,19.0,20,8,"['Rosé', 'Pinot Noir', 'Altesse', 'Mondeuse', 'Gamay', 'Jacquère', 'Sparkling Blend', 'Champagne Blend']",France,France Other,['Vin de Savoie']
12956,Les Rochettes,85.0,16.0,85.0,16.0,1,1,['Sauvignon Blanc'],France,Loire Valley,['Sancerre']
12957,Les Trois Couronnes,87.0,20.0,86.5,18.0,12,3,"['Rhône-style Red Blend', 'Rosé', 'Grenache-Syrah']",France,Rhône Valley,['Châteauneuf-du-Pape']
12958,Les Trouvés,91.0,22.7,91.0,25.0,3,2,"['Rhône-style Red Blend', 'Rhône-style White Blend']",US,Washington,"['Columbia Valley (WA)', 'Columbia Valley']"
12959,Les Useres,85.8,17.8,86.0,14.5,4,3,"['Tempranillo-Cabernet Sauvignon', 'Red Blend', 'White Blend']",Spain,Levante,['Vino de la Tierra de Castelló']
12960,Les Vignerons D'Estezargues,86.3,15.3,86.0,15.0,3,1,['Rhône-style Red Blend'],France,Rhône Valley,['Côtes du Rhône']
12961,Les Vignerons Réunis de Monségur,85.9,15.1,86.0,15.0,16,3,"['Bordeaux-style Red Blend', 'Rosé', 'Bordeaux-style White Blend']",France,Bordeaux,['Bordeaux']
12962,Les Vignerons de Cases de Péne,84.0,9.0,84.0,9.0,1,1,['Rhône-style Red Blend'],France,Southwest France,['Vin de Pays des Pyrénees Orientales']
12963,Les Vignerons de Chusclan,86.5,13.0,86.5,13.0,2,1,['Rhône-style Red Blend'],France,Rhône Valley,['Côtes du Rhône Villages']
12964,Les Vignerons de Florensac,88.0,13.0,88.0,13.0,1,1,['Rosé'],France,Languedoc-Roussillon,['Côtes de Thau']
12965,Les Vignerons de Grimaud,83.7,10.0,83.0,10.0,3,1,['Rosé'],France,Provence,['Côtes de Provence']
12966,Les Vignerons de Tautavel Vingrau,89.0,26.4,89.0,28.0,5,1,['Rhône-style Red Blend'],France,Languedoc-Roussillon,['Côtes du Roussillon Villages']
12967,Les Vignerons de Tavel,90.2,15.5,90.0,15.5,9,1,['Rosé'],France,Rhône Valley,['Tavel']
12968,Les Vignerons de Tutiac,87.9,31.0,86.5,40.0,8,6,"['Bordeaux-style Red Blend', 'Sauvignon Blanc', 'Bordeaux-style White Blend', 'Merlot', 'Malbec', 'Petit Verdot']",France,Bordeaux,['Blaye Côtes de Bordeaux']
12969,Les Vignerons de la Méditerranée,85.3,12.4,85.0,9.0,21,11,"['Sauvignon Blanc', 'Chardonnay', 'Pinot Noir', 'Merlot', 'Muscat', 'Rosé', 'Cabernet Sauvignon', 'Muscat Blanc à Petit Grain', 'Rhône-style Red Blend', 'Red Blend', 'Syrah']",France,Languedoc-Roussillon,"[""Vin de Pays d'Oc""]"
12970,Les Vignerons des Coteaux Romanais,86.4,20.0,87.0,20.0,5,1,['Sauvignon Blanc'],France,Loire Valley,['Touraine']
12971,Les Vignerons des Côtes d'Agly,85.0,24.0,85.0,24.0,1,1,['Rhône-style Red Blend'],France,Languedoc-Roussillon,['Côtes du Roussillon Villages']
12972,Les Vignerons des Terroirs de la Noëlle,86.4,14.0,86.5,12.5,8,2,"['Melon', 'Rosé']",France,Loire Valley,['Muscadet Sèvre et Maine']
12973,Les Vignerons du Mont-Ventoux,88.0,10.0,88.0,10.0,1,1,['Rhône-style Red Blend'],France,Rhône Valley,['Côtes-du-Ventoux']
12974,Les Vignerons du Pallet,84.0,9.5,84.0,9.5,2,1,['Melon'],France,Loire Valley,['Muscadet Sèvre et Maine']
12975,Les Vignerons du Vendômois,86.5,,86.5,,2,1,"[""Pineau d'Aunis""]",France,Loire Valley,['Coteaux du Vendômois']
12976,Les Vignes d'Alexandre,91.0,45.0,91.0,45.0,1,1,['Rhône-style Red Blend'],France,Rhône Valley,['Châteauneuf-du-Pape']
12977,Les Vignes des Prêcheurs,89.0,21.0,89.0,21.0,2,1,['Rosé'],France,Rhône Valley,['Tavel']
12978,Les Vignobles Foncalieu,87.2,17.8,88.0,13.0,5,4,"['Syrah', 'Red Blend', 'Rhône-style Red Blend', 'Rosé']",France,Languedoc-Roussillon,['Minervois']
12979,Les Vignobles Foncalieu,86.2,12.6,86.0,11.0,5,2,"['Grenache-Syrah', 'Rhône-style Red Blend']",France,Rhône Valley,['Côtes du Rhône']
12980,Les Vignobles Gueissard,85.0,12.0,85.0,12.0,1,1,['Rosé'],France,France Other,['Vin de Pays de la Méditerranée']
12981,Les Vignobles Gueissard,88.8,19.1,89.0,18.0,28,7,"['Rosé', 'Rhône-style White Blend', 'Red Blend', 'Rhône-style Red Blend', 'Mourvèdre', 'Provence red blend', 'Provence white blend']",France,Provence,['Bandol']
12982,Les Villages de Terroir Catalan,90.0,24.0,90.0,24.0,1,1,['Rhône-style Red Blend'],France,Languedoc-Roussillon,['Côtes du Roussillon Villages Caramany']
12983,Les Vins Aujoux,86.0,15.0,86.0,15.0,1,1,['Gamay'],France,Beaujolais,['Beaujolais-Villages']
12984,Les Vins Bréban,86.5,14.0,86.5,14.0,2,1,['Rosé'],France,France Other,['Ile de Beauté']
12985,Les Vins Bréban,86.5,15.1,86.0,15.0,14,1,['Rosé'],France,Provence,"[""Coteaux d'Aix-en-Provence""]"
12986,Les Vins Skalli,83.0,15.0,83.0,15.0,1,1,['Pinot Noir'],France,France Other,"[""Vin de Pays de l'Ile de Beauté""]"
12987,Les Vins de Vienne,90.0,42.5,90.0,42.5,2,2,"['Viognier', 'Syrah']",France,France Other,['Vin de France']
12988,Les Vins de Vienne,90.1,51.7,90.0,42.0,37,5,"['Syrah', 'Viognier', 'Rhône-style Red Blend', 'Rhône-style White Blend', 'Marsanne']",France,Rhône Valley,['Hermitage']
12989,Les Vins de l'Herré,84.0,11.0,84.0,11.0,1,1,['Sauvignon Blanc'],France,Southwest France,['Côtes de Gascogne']
12990,Les Voleurs,90.6,35.1,90.0,32.0,7,2,"['Pinot Noir', 'Chardonnay']",US,California,"['Sonoma Coast', 'Sonoma']"
12991,Lestonnat,84.0,16.0,84.0,16.0,1,1,['Bordeaux-style Red Blend'],France,Bordeaux,['Bordeaux Supérieur']
12992,Leth,89.0,39.0,89.0,39.0,2,2,"['Zweigelt', 'Pinot Noir']",Austria,Donauland,[]
12993,Leth,90.2,20.8,90.0,19.0,10,4,"['Grüner Veltliner', 'Roter Veltliner', 'Riesling', 'Zweigelt']",Austria,Wagram,[]
12994,Leth,89.7,35.6,90.0,37.5,16,6,"['Riesling', 'Roter Veltliner', 'Grüner Veltliner', 'Weissburgunder', 'Zweigelt', 'Pinot Noir']",Austria,Wagram-Donauland,[]
12995,Leto,88.3,45.0,87.0,34.0,7,3,"['Cabernet Sauvignon', 'Chardonnay', 'Sauvignon Blanc']",US,California,"['St. Helena', 'Napa']"
12996,Letrari,91.0,19.0,91.0,19.0,1,1,['Champagne Blend'],Italy,Northeastern Italy,['Trento']
12997,Leucadia,85.5,10.5,85.5,10.5,2,2,"['Chenin Blanc', 'Red Blend']",US,California,"['Paso Robles', 'Central Coast']"
12998,Leuta,87.3,38.3,87.0,35.0,3,3,"['Syrah', 'Sangiovese', 'Merlot']",Italy,Tuscany,['Cortona']
12999,Levendi,90.0,50.0,90.5,50.0,10,3,"['Cabernet Sauvignon', 'Chardonnay', 'Pinot Noir']",US,California,"['Napa Valley', 'Napa']"
13000,Leverage,90.0,50.0,90.0,50.0,2,1,['Rhône-style Red Blend'],US,California,"['Paso Robles', 'Central Coast']"
13001,Leveroni,85.2,17.6,84.0,18.0,5,4,"['Merlot', 'Chardonnay', 'Pinot Noir', 'Syrah']",US,California,"['Sonoma Valley', 'Sonoma']"
13002,Levo,89.0,36.0,89.0,36.0,2,2,"['Rhône-style White Blend', 'Syrah']",US,California,"['Santa Barbara County', 'Central Coast']"
13003,Lewelling,85.0,50.0,85.0,50.0,1,1,['Cabernet Sauvignon'],US,California,"['St. Helena', 'Napa']"
13004,Lewis,93.0,54.0,93.0,54.0,2,2,"['Chardonnay', 'Cabernet Sauvignon']",US,California,"['Napa Valley', 'Napa']"
13005,Lexicon,85.3,12.0,84.0,13.0,3,2,"['Malbec', 'Cabernet Sauvignon']",Argentina,Mendoza Province,['Mendoza']
13006,Lexicon,85.0,13.0,85.0,13.0,1,1,['Chardonnay'],US,California,"['California', 'California Other']"
13007,Lexington,91.4,60.0,92.5,50.0,8,5,"['Cabernet Sauvignon', 'Bordeaux-style Red Blend', 'Cabernet Franc', 'Merlot', 'Malbec']",US,California,"['Santa Cruz Mountains', 'Central Coast']"
13008,Leyda,87.1,24.4,87.0,21.5,56,6,"['Riesling', 'Sauvignon Blanc', 'Syrah', 'Chardonnay', 'Pinot Noir', 'Sauvignon Gris']",Chile,Leyda Valley,[]
13009,Leyda,85.7,11.0,87.0,11.0,3,2,"['Pinot Noir', 'Sauvignon Blanc']",Chile,San Antonio,[]
13010,Leyendas de Familia,87.0,25.8,87.0,14.0,5,4,"['Bordeaux-style Red Blend', 'Cabernet Sauvignon', 'Carmenère', 'Sauvignon Blanc']",Chile,Maule Valley,[]
13011,Li Veli,85.2,11.5,86.0,11.5,4,4,"['Primitivo', 'Negroamaro', 'Rosé', 'Red Blend']",Italy,Southern Italy,['Salento']
13012,Liana Estates,90.0,32.0,90.0,32.0,1,1,['Viognier'],US,California,['Mendocino']
13013,Liberalia,89.4,45.4,90.0,24.0,5,3,"['Tinta de Toro', 'Tempranillo', 'Verdejo']",Spain,Northern Spain,['Toro']
13014,Liberated,88.2,18.2,89.0,17.0,5,3,"['Pinot Noir', 'Sauvignon Blanc', 'Cabernet Sauvignon']",US,California,"['Monterey County', 'Central Coast']"
13015,Liberty Lake,87.2,29.6,87.0,28.0,15,7,"['Riesling', 'Merlot', 'Tempranillo', 'Red Blend', 'Petit Verdot', 'Cabernet Sauvignon', 'Syrah']",US,Washington,"['Columbia Valley (WA)', 'Columbia Valley']"
13016,Liberty School,85.9,13.1,85.5,12.0,22,5,"['Cabernet Sauvignon', 'Merlot', 'Chardonnay', 'Red Blend', 'Syrah']",US,California,"['Paso Robles', 'Central Coast']"
13017,Libra,88.3,26.7,88.0,25.0,3,1,['Pinot Noir'],US,Oregon,"['McMinnville', 'Willamette Valley']"
13018,Librandi,87.9,22.0,88.0,24.5,32,8,"['Gaglioppo', 'Mantonico', 'Magliocco', 'Red Blend', 'White Blend', 'Greco Bianco', 'Rosé', 'Rosato']",Italy,Southern Italy,['Cirò']
13019,Licenciado,91.0,60.0,91.0,60.0,1,1,['Tempranillo'],Spain,Northern Spain,['Rioja']
13020,Lichen Estate,89.2,45.0,90.0,50.0,5,2,"['Pinot Noir', 'Pinot Gris']",US,California,"['Anderson Valley', 'Mendocino/Lake Counties']"
13021,Licia,88.0,16.0,88.0,16.0,3,1,['Albariño'],Spain,Galicia,['Rías Baixas']
13022,Licinia,90.0,52.0,90.0,52.0,1,1,['Red Blend'],Spain,Central Spain,['Vinos de Madrid']
13023,Lidio Carraro,85.8,14.8,86.0,15.0,5,3,"['Merlot', 'Tannat', 'Chardonnay']",Brazil,Serra Gaúcha,[]
13024,Lidio Carraro,82.0,15.0,82.0,15.0,1,1,['Merlot'],Brazil,Serra do Sudeste,[]
13025,Lidio Carraro,80.0,20.0,80.0,20.0,1,1,['Chardonnay'],Brazil,Vale dos Vinhedos,[]
13026,Lieb,87.1,23.5,87.0,20.0,27,10,"['Chardonnay', 'Bordeaux-style Red Blend', 'Rosé', 'Merlot', 'Champagne Blend', 'Pinot Blanc', 'Cabernet Franc', 'Sparkling Blend', 'Petit Verdot', 'Sauvignon Blanc']",US,New York,"['North Fork of Long Island', 'Long Island']"
13027,Liebart-Régnier,88.8,51.2,88.0,51.0,10,2,"['Chardonnay', 'Champagne Blend']",France,Champagne,['Champagne']
13028,Lieff,89.5,52.5,89.0,55.0,4,2,"['Cabernet Sauvignon', 'Sauvignon Blanc']",US,California,"['Rutherford', 'Napa']"
13029,Lieubeau,88.4,20.4,88.0,16.0,11,5,"['Melon', 'Gros Plant', 'Chardonnay', 'White Blend', 'Folle Blanche']",France,Loire Valley,['Muscadet Sèvre et Maine']
13030,Lighthouse,88.5,15.5,88.5,15.5,2,2,"['Merlot', 'Chardonnay']",US,California,"['Central Coast', 'Central Coast']"
13031,Lil Rippa,85.0,20.0,85.0,20.0,1,1,['Pinot Noir'],New Zealand,Central Otago,[]
13032,Lil Rippa,88.0,15.0,88.0,15.0,1,1,['Sauvignon Blanc'],New Zealand,Marlborough,[]
13033,Lilbert-Fils,88.0,65.0,88.0,65.0,1,1,['Chardonnay'],France,Champagne,['Champagne']
13034,Lily,83.0,16.0,83.0,16.0,1,1,['Chardonnay'],US,California,"['Sonoma County', 'Sonoma']"
13035,Lima Smith,88.0,34.5,88.0,34.5,2,2,"['Touriga Nacional', 'Portuguese Red']",Portugal,Douro,[]
13036,Limb,87.0,40.0,87.0,40.0,1,1,['Cabernet Sauvignon'],Australia,South Australia,['Barossa Valley']
13037,Lime Road,87.0,12.0,87.0,12.0,2,2,"['Rosé', 'Sauvignon Blanc']",South Africa,Western Cape,[]
13038,Lime Rock,89.0,,89.0,,1,1,['Pinot Noir'],New Zealand,Hawke's Bay,[]
13039,Limerick Lane,92.0,45.2,93.0,48.0,23,7,"['Zinfandel', 'Pinot Noir', 'Syrah-Grenache', 'Syrah', 'Red Blend', 'Rosé', 'Rhône-style Red Blend']",US,California,"['Russian River Valley', 'Sonoma']"
13040,Limited by Cambridge Cellars,85.2,16.5,84.5,16.0,4,2,"['Cabernet Sauvignon', 'Chardonnay']",US,California,"['Central Coast', 'Central Coast']"
13041,Limnos Wines,85.0,16.5,85.0,16.5,2,1,['Muscat of Alexandria'],Greece,Limnos,[]
13042,Linaje Garsea,88.5,35.0,88.5,35.0,2,1,['Tempranillo'],Spain,Northern Spain,['Ribera del Duero']
13043,Linard-Gontier,88.0,40.0,88.0,40.0,1,1,['Champagne Blend'],France,Champagne,['Champagne']
13044,Lincourt,88.3,28.1,88.0,27.0,43,6,"['Syrah', 'Pinot Noir', 'Chardonnay', 'Sauvignon Blanc', 'Cabernet Sauvignon', 'Grüner Veltliner']",US,California,"['Sta. Rita Hills', 'Central Coast']"
13045,Lindemans,84.5,8.1,84.0,8.0,10,6,"['Chardonnay', 'Moscato', 'Cabernet Sauvignon', 'Riesling', 'Sauvignon Blanc', 'Shiraz']",Australia,Australia Other,['South Eastern Australia']
13046,Lindemans,86.0,16.7,85.5,11.5,10,7,"['Shiraz', 'Chardonnay', 'Merlot', 'Shiraz-Cabernet Sauvignon', 'Cabernet Sauvignon', 'Bordeaux-style Red Blend', 'Pinot Noir']",Australia,South Australia,['South Australia']
13047,Linden,88.1,32.0,89.5,32.5,10,6,"['Sauvignon Blanc', 'Bordeaux-style Red Blend', 'Petit Manseng', 'Chardonnay', 'Cabernet Sauvignon-Merlot', 'Petit Verdot']",US,Virginia,['Virginia']
13048,Lindhorst,89.0,32.5,89.0,32.5,2,2,"['Pinotage', 'Shiraz']",South Africa,Coastal Region,[]
13049,Line 39,85.9,10.3,86.0,10.0,24,7,"['Cabernet Sauvignon', 'Sauvignon Blanc', 'Petite Sirah', 'Chardonnay', 'Pinot Noir', 'Merlot', 'Pinot Grigio']",US,California,"['California', 'California Other']"
13050,Lineage,93.6,141.0,94.0,145.0,5,2,"['Bordeaux-style Red Blend', 'Red Blend']",US,California,"['Livermore Valley', 'Central Coast']"
13051,Lingenfelder,87.0,29.7,86.0,23.0,3,3,"['Spätburgunder', 'Gewürztraminer', 'Riesling']",Germany,Pfalz,[]
13052,Linked,91.5,120.0,91.5,120.0,2,1,['Cabernet Sauvignon'],US,California,"['Knights Valley', 'Sonoma']"
13053,Linne Calodo,93.0,46.8,93.0,42.0,5,2,"['Rhône-style White Blend', 'Rhône-style Red Blend']",US,California,"['Paso Robles', 'Central Coast']"
13054,Lioco,92.2,50.5,92.0,51.0,4,2,"['Pinot Noir', 'Chardonnay']",US,California,"['Sonoma Coast', 'Sonoma']"
13055,Lion Ranch,86.7,25.0,87.0,25.0,3,3,"['Grenache Blanc', 'Rhône-style White Blend', 'Viognier']",US,California,"['Santa Clara Valley', 'Central Coast']"
13056,Lion Valley,83.0,14.0,83.0,14.0,1,1,['Pinot Gris'],US,Oregon,"['Willamette Valley', 'Willamette Valley']"
13057,Lion des Aubrots,88.0,19.0,88.0,19.0,1,1,['Bordeaux-style Red Blend'],France,Bordeaux,['Côtes de Bourg']
13058,Lion-Gri,85.6,12.5,86.0,9.0,13,8,"['Chardonnay', 'Muscat', 'Cabernet Sauvignon', 'Pinot Gris', 'Saperavi', 'Riesling', 'Red Blend', 'Merlot']",Moldova,Moldova,[]
13059,Lionel Osmin & Cie,86.3,13.0,86.0,11.0,30,9,"['Malbec', 'White Blend', 'Negrette', 'Red Blend', 'Petit Manseng', 'Ekigaïna', 'Rosé', 'Malbec-Merlot', 'Sauvignon Blanc']",France,France Other,['Vin de France']
13060,Lionel Osmin & Cie,88.9,17.5,89.0,16.0,45,14,"['Gros and Petit Manseng', 'Semillon-Sauvignon Blanc', 'Tannat', 'White Blend', 'Pied de Perdrix', 'Red Blend', 'Mansois', 'Malbec', 'Bordeaux-style Red Blend', 'Bordeaux-style White Blend', 'Merlot-Cabernet Sauvignon', 'Mauzac', 'Ondenc', 'Abouriou']",France,Southwest France,['Jurançon Sec']
13061,Lionheart,85.9,37.7,84.0,35.0,7,6,"['Marsanne-Roussanne', 'Rhône-style White Blend', 'Syrah', 'Cabernet Sauvignon', 'Pinot Noir', 'Roussanne']",US,California,"['Russian River Valley', 'Sonoma']"
13062,Lions Drift,88.5,16.5,88.5,16.5,2,1,['Pinotage'],South Africa,Breedekloof,[]
13063,Lions Peak,83.0,25.8,84.0,19.0,5,4,"['Port', 'Cabernet Sauvignon', 'Petite Sirah', 'Viognier']",US,California,"['California', 'California Other']"
13064,Liparita,89.6,43.1,88.5,47.5,18,4,"['Merlot', 'Cabernet Sauvignon', 'Chardonnay', 'Sauvignon Blanc']",US,California,"['Napa Valley', 'Napa']"
13065,Liquid Farm,91.5,46.2,92.0,42.0,13,2,"['Chardonnay', 'Rosé']",US,California,"['Sta. Rita Hills', 'Central Coast']"
13066,Lirica,84.0,16.0,84.0,16.0,1,1,['Plavac Mali'],Croatia,Peljesac,[]
13067,Lis Neris,89.7,36.9,89.0,28.0,35,7,"['Sauvignon', 'Sauvignon Blanc', 'Chardonnay', 'Friulano', 'White Blend', 'Pinot Grigio', 'Verduzzo']",Italy,Northeastern Italy,['Isonzo del Friuli']
13068,Lisabella,84.0,12.0,84.0,12.0,1,1,['Prosecco'],Italy,Northeastern Italy,['Colli Trevigiani']
13069,Lisini,91.0,85.7,91.0,80.0,16,2,"['Sangiovese', 'Sangiovese Grosso']",Italy,Tuscany,['Brunello di Montalcino']
13070,Lismore Range,87.0,12.0,87.0,12.0,1,1,['Chardonnay'],Australia,Australia Other,['South Eastern Australia']
13071,Listel,86.0,10.0,86.0,10.0,1,1,['Rosé'],France,Languedoc-Roussillon,['Sable de Camargue']
13072,Little Black Dress,84.0,10.0,84.0,10.0,1,1,['Pinot Noir'],France,Languedoc-Roussillon,"[""Vin de Pays d'Oc""]"
13073,Little Black Dress,84.5,10.8,84.5,10.5,14,8,"['Chardonnay', 'Sauvignon Blanc', 'Pinot Grigio', 'Merlot', 'Rosé', 'Riesling', 'Moscato', 'Cabernet Sauvignon']",US,California,"['California', 'California Other']"
13074,Little Chica,82.0,11.0,82.0,11.0,1,1,['Malbec'],Argentina,Mendoza Province,['Mendoza']
13075,Little Chica,83.0,11.0,83.0,11.0,1,1,['Tempranillo-Garnacha'],Spain,Central Spain,['Tierra de Castilla']
13076,Little Giant,91.5,42.5,91.5,42.5,2,2,"['Sauvignon Blanc', 'Cabernet Sauvignon']",US,California,"['Napa Valley', 'Napa']"
13077,Little Penguin,83.0,7.7,82.0,8.0,3,3,"['Pinot Noir', 'Merlot', 'Shiraz']",Australia,Australia Other,['South Eastern Australia']
13078,Little Rascal's,81.0,10.0,81.0,10.0,2,2,"['Sauvignon Blanc', 'Pinot Grigio']",US,California,"['Napa Valley', 'Napa']"
13079,Little Rebel,87.0,15.0,87.0,15.0,1,1,['Cabernet Sauvignon-Merlot'],Australia,Victoria,['Yarra Valley']
13080,Little Stone Vineyard,83.7,14.3,84.0,13.0,3,3,"['Cabernet Sauvignon', 'Sauvignon Blanc', 'Petite Sirah']",US,California,"['Napa Valley', 'Napa']"
13081,Little Vineyards,85.0,35.0,85.0,35.0,2,2,"['Syrah', 'Zinfandel']",US,California,"['Sonoma Valley', 'Sonoma']"
13082,Littorai,93.5,65.0,93.5,65.0,2,1,['Pinot Noir'],US,California,"['Sonoma Coast', 'Sonoma']"
13083,Littore,88.0,30.0,88.0,30.0,2,2,"['Chardonnay', 'Shiraz']",Australia,Australia Other,['South Eastern Australia']
13084,Livernano,88.3,37.0,88.0,40.0,10,3,"['Red Blend', 'White Blend', 'Sangiovese']",Italy,Tuscany,['Chianti Classico']
13085,Livia Fontana,91.0,65.0,91.0,70.0,3,1,['Nebbiolo'],Italy,Piedmont,['Barolo']
13086,Livingston Moffett,90.5,63.8,90.0,60.0,4,4,"['Chardonnay', 'Cabernet Sauvignon', 'Syrah', 'Bordeaux-style Red Blend']",US,California,"['Napa Valley', 'Napa']"
13087,Livio Felluga,89.8,43.9,89.0,30.0,47,8,"['Friulano', 'Sauvignon', 'Pinot Grigio', 'Picolit', 'White Blend', 'Tocai Friulano', 'Red Blend', 'Tocai']",Italy,Northeastern Italy,['Colli Orientali del Friuli']
13088,Livio Sassetti,89.9,74.3,89.0,55.0,10,2,"['Sangiovese Grosso', 'Sangiovese']",Italy,Tuscany,['Brunello di Montalcino']
13089,Livio Voghera,88.8,37.4,89.5,37.0,10,2,"['Barbera', 'Nebbiolo']",Italy,Piedmont,"[""Barbera d'Alba Superiore""]"
13090,Livius,88.7,75.0,87.0,75.0,3,3,"['Graciano', 'Tempranillo', 'Garnacha']",Spain,Northern Spain,['Rioja']
13091,Livon,88.0,30.2,88.0,26.0,10,6,"['White Blend', 'Friulano', 'Pinot Grigio', 'Malvasia Istriana', 'Malvasia', 'Sauvignon']",Italy,Northeastern Italy,['Delle Venezie']
13092,Llai Llai,85.2,12.5,85.0,13.0,6,3,"['Sauvignon Blanc', 'Pinot Noir', 'Chardonnay']",Chile,Bío Bío Valley,[]
13093,Llama,86.0,15.0,86.0,15.0,1,1,['Malbec'],Argentina,Mendoza Province,['Mendoza']
13094,Llano Estacado,86.3,15.8,86.0,14.0,11,9,"['Chardonnay', 'Cabernet Sauvignon', 'Red Blend', 'Sauvignon Blanc', 'Rhône-style Red Blend', 'Rosé', 'White Blend', 'Viognier', 'Cabernet Sauvignon-Sangiovese']",US,Texas,['Texas']
13095,Lleiroso,91.7,50.7,92.0,59.0,3,1,['Tempranillo'],Spain,Northern Spain,['Ribera del Duero']
13096,Llicorella Vins,86.0,39.0,86.0,39.0,1,1,['Red Blend'],Spain,Catalonia,['Priorat']
13097,Llopart,88.9,25.8,89.0,25.0,19,1,['Sparkling Blend'],Spain,Catalonia,['Cava']
13098,Lloyd of Calcareous,84.0,50.5,84.0,50.5,2,1,['Cabernet Sauvignon'],US,California,"['Paso Robles', 'Central Coast']"
13099,Lo Domeni,86.7,,87.0,,3,2,"['Malbec', 'Rosé']",France,Southwest France,['Cahors']
13100,Lo Nuevo,84.7,15.3,84.0,15.0,3,1,['Albariño'],Spain,Galicia,['Rías Baixas']
13101,Lo Nuevo,85.0,12.5,85.0,12.5,2,1,['Monastrell-Syrah'],Spain,Levante,['Jumilla']
13102,Lo Nuevo,84.4,11.8,84.0,12.0,5,3,"['Verdejo', 'Garnacha', 'Tempranillo']",Spain,Northern Spain,['Rueda']
13103,Lo Sparviere,86.5,35.0,86.5,35.0,2,1,['Chardonnay'],Italy,Lombardy,['Franciacorta']
13104,Loacker,87.2,21.6,87.0,19.0,9,7,"['Sauvignon Blanc', 'Gewürztraminer', 'Chardonnay', 'Pinot Nero', 'Sauvignon', 'Red Blend', 'Lagrein']",Italy,Northeastern Italy,['Vigneti delle Dolomiti']
13105,Loacker,86.7,16.0,87.0,16.0,3,1,['Red Blend'],Italy,Tuscany,['Toscana']
13106,Loacker Corte Pavone,89.0,55.0,89.0,55.0,2,2,"['Sangiovese', 'Sangiovese Grosso']",Italy,Tuscany,['Rosso di Montalcino']
13107,Lobo,94.0,,94.0,,1,1,['Moscatel Roxo'],Portugal,Moscatel de Setúbal,[]
13108,Lobo,90.0,,90.0,,1,1,['Portuguese Red'],Portugal,Palmela,[]
13109,Lobo,88.8,34.5,88.0,37.5,5,1,['Portuguese Red'],Portugal,Península de Setúbal,[]
13110,Lobo,89.3,60.3,90.0,62.0,12,5,"['Cabernet Sauvignon', 'Chardonnay', 'Pinot Noir', 'Red Blend', 'Syrah-Cabernet Sauvignon']",US,California,"['Atlas Peak', 'Napa']"
13111,Lobo Hills,90.0,28.4,90.0,30.0,7,6,"['Chenin Blanc', 'Syrah', 'Auxerrois', 'Syrah-Cabernet Sauvignon', 'Bordeaux-style Red Blend', 'Cabernet Sauvignon']",US,Washington,"['Yakima Valley', 'Columbia Valley']"
13112,Lobster Key,82.0,14.0,82.0,14.0,1,1,['Pinot Noir'],New Zealand,East Coast,[]
13113,Lobster Reef,84.8,10.8,85.0,10.0,5,4,"['Pinot Gris', 'Riesling', 'Pinot Noir', 'Sauvignon Blanc']",New Zealand,Marlborough,[]
13114,Loca,87.0,12.0,87.0,12.0,1,1,['Tempranillo'],Spain,Northern Spain,['Cariñena']
13115,Loca,85.0,12.0,85.0,12.0,1,1,['Verdejo'],Spain,Spain Other,['Spain']
13116,Locatelli,82.8,27.8,83.0,28.0,4,4,"['Merlot', 'Petite Sirah', 'Red Blend', 'Muscat Canelli']",US,California,"['Paso Robles', 'Central Coast']"
13117,Locati Cellars,84.7,23.8,85.0,25.0,11,5,"['Pinot Grigio', 'Sangiovese', 'Barbera', 'Red Blend', 'Orange Muscat']",US,Washington,"['Walla Walla Valley (WA)', 'Columbia Valley']"
13118,Locations,89.5,20.0,89.5,20.0,2,2,"['Rhône-style Red Blend', 'White Blend']",US,California,"['California', 'California Other']"
13119,Locations,88.0,20.0,88.0,20.0,1,1,['Red Blend'],US,Washington,"['Washington', 'Washington Other']"
13120,Lockwood,85.2,16.7,85.0,15.0,43,11,"['Sauvignon Blanc', 'Cabernet Sauvignon', 'Merlot', 'Chardonnay', 'Red Blend', 'Malbec', 'Syrah', 'Meritage', 'Pinot Blanc', 'Pinot Noir', 'Bordeaux-style Red Blend']",US,California,"['Monterey', 'Central Coast']"
13121,Locus,87.3,21.0,88.0,23.0,3,3,"['Syrah', 'Sémillon', 'Syrah-Grenache']",US,Washington,"['Wahluke Slope', 'Columbia Valley']"
13122,Lodi Estates,86.5,22.0,86.5,22.0,2,1,['Cabernet Sauvignon'],US,California,"['Lodi', 'Central Valley']"
13123,Lodmell Cellars,82.0,28.0,82.0,28.0,1,1,['Syrah'],US,Washington,"['Columbia Valley (WA)', 'Columbia Valley']"
13124,Lodola Nuova,85.7,26.7,86.0,23.0,3,2,"['Prugnolo Gentile', 'Sangiovese']",Italy,Tuscany,['Vino Nobile di Montepulciano']
13125,Loel,87.5,16.5,88.0,17.5,4,1,['Red Blend'],Cyprus,Commandaria,[]
13126,Loess,88.2,33.2,89.0,30.0,4,2,"['Verdejo', 'Tempranillo']",Spain,Northern Spain,['Rueda']
13127,Loft,83.9,27.5,83.0,27.5,8,4,"['Cabernet Sauvignon', 'Sauvignon Blanc', 'Chardonnay', 'Merlot']",US,California,"['Lodi', 'Central Valley']"
13128,Logan,88.5,20.0,88.5,20.0,2,2,"['Chardonnay', 'Pinot Noir']",US,California,"['Monterey County', 'Central Coast']"
13129,Logan Australia,85.0,19.0,85.0,19.0,2,1,['Chardonnay'],Australia,New South Wales,['Orange']
13130,Logan Ridge,87.0,9.0,87.0,9.0,1,1,['Riesling'],US,New York,"['Finger Lakes', 'Finger Lakes']"
13131,Logodaj,89.0,19.0,89.0,19.0,1,1,['White Blend'],Bulgaria,Thracian Valley,[]
13132,Logos,84.0,10.0,84.0,10.0,1,1,['Rosado'],Spain,Northern Spain,['Navarra']
13133,Logowines,86.0,,86.0,,3,1,['Portuguese Red'],Portugal,Alentejano,[]
13134,Lohsa,88.0,18.0,88.0,18.0,1,1,['Sangiovese'],Italy,Tuscany,['Morellino di Scansano']
13135,Loica,84.0,15.0,84.0,15.0,1,1,['Sauvignon Blanc'],Chile,Leyda Valley,[]
13136,Loica,82.0,12.0,82.0,12.0,1,1,['Sauvignon Blanc'],Chile,Maule Valley,[]
13137,Loimer,91.1,39.0,91.0,25.0,50,3,"['Grüner Veltliner', 'Riesling', 'Pinot Noir']",Austria,Kamptal,[]
13138,Loimer,84.0,17.0,84.0,17.0,1,1,['Riesling'],Austria,Langenlois,[]
13139,Loimer,89.2,29.5,90.0,30.0,15,5,"['Austrian Red Blend', 'Pinot Noir', 'Grüner Veltliner', 'Riesling', 'Sparkling Blend']",Austria,Niederösterreich,[]
13140,Loimer,90.2,35.0,90.0,24.0,5,3,"['Austrian white blend', 'Austrian Red Blend', 'Pinot Noir']",Austria,Thermenregion,[]
13141,Lois Rae,88.0,35.0,88.0,35.0,1,1,['Syrah'],US,California,"['Carneros', 'Napa-Sonoma']"
13142,Loken Cellars,82.5,21.8,82.5,21.5,4,3,"['Rosé', 'Zinfandel', 'Cabernet Sauvignon']",US,California,"['California', 'California Other']"
13143,Lokoya,94.0,350.0,94.0,350.0,4,1,['Cabernet Sauvignon'],US,California,"['Howell Mountain', 'Napa']"
13144,Lola,83.0,24.0,83.0,24.0,2,1,['Pinot Noir'],US,California,"['North Coast', 'North Coast']"
13145,Lola Kay,86.3,17.3,86.0,16.0,3,2,"['Red Blend', 'Sauvignon Blanc']",US,California,"['Napa Valley', 'Napa']"
13146,Lolonis,86.1,24.5,85.5,26.0,24,8,"['Syrah', 'Zinfandel', 'Merlot', 'Chardonnay', 'Cabernet Sauvignon', 'Viognier', 'Petite Sirah', 'Fumé Blanc']",US,California,"['Redwood Valley', 'Mendocino/Lake Counties']"
13147,Loma Larga,85.7,24.3,86.0,25.0,23,8,"['Syrah', 'Cabernet Franc', 'Sauvignon Blanc', 'Malbec', 'Red Blend', 'Chardonnay', 'Pinot Noir', 'Merlot']",Chile,Casablanca Valley,[]
13148,Loma Prieta,89.5,47.5,89.5,47.5,2,2,"['Pinotage', 'Pinot Noir']",US,California,"['Lodi', 'Central Valley']"
13149,Lomas del Valle,85.6,16.4,85.0,16.5,26,9,"['Sauvignon Blanc', 'Chardonnay', 'Rosé', 'Cabernet Franc', 'Red Blend', 'Merlot', 'Syrah', 'Malbec', 'Pinot Noir']",Chile,Casablanca Valley,[]
13150,Lombard et Cie,91.0,65.4,92.0,60.0,23,3,"['Champagne Blend', 'Chardonnay', 'Pinot Noir']",France,Champagne,['Champagne']
13151,Lombardi,92.0,40.0,92.0,40.0,7,2,"['Chardonnay', 'Pinot Noir']",US,California,"['Sonoma Coast', 'Sonoma']"
13152,Lombardo,88.0,19.0,88.0,19.0,1,1,['Catarratto'],Italy,Sicily & Sardinia,['Sicilia']
13153,Lomond,88.5,25.0,88.5,25.0,2,1,['Sauvignon Blanc'],South Africa,Cape Agulhas,[]
13154,Londer,87.8,35.8,88.0,30.0,13,3,"['Gewürztraminer', 'Pinot Noir', 'Chardonnay']",US,California,"['Anderson Valley', 'Mendocino/Lake Counties']"
13155,Lone Birch,87.0,12.6,87.0,13.0,20,9,"['Riesling', 'Red Blend', 'Pinot Gris', 'Chardonnay', 'Gewürztraminer', 'Cabernet Sauvignon', 'Bordeaux-style Red Blend', 'Syrah', 'Rosé']",US,Washington,"['Yakima Valley', 'Columbia Valley']"
13156,Lone Canary,86.7,17.0,87.5,15.0,14,9,"['Sauvignon Blanc', 'Sangiovese', 'Cabernet Franc', 'Merlot', 'Barbera', 'Bordeaux-style Red Blend', 'Red Blend', 'Pinot Grigio', 'Syrah']",US,Washington,"['Columbia Valley (WA)', 'Columbia Valley']"
13157,Lone Madrone,89.5,41.6,90.0,40.0,40,13,"['Zinfandel', 'Cabernet Sauvignon', 'Rhône-style Red Blend', 'Rhône-style White Blend', 'Nebbiolo', 'Red Blend', 'Syrah', 'Barbera', 'Tannat', 'Grenache Blend', 'Roussanne', 'White Blend', 'Picpoul']",US,California,"['Paso Robles', 'Central Coast']"
13158,Long Boat,88.0,20.0,88.0,20.0,1,1,['Sauvignon Blanc'],New Zealand,Marlborough,[]
13159,Long Flat,86.8,14.5,87.0,14.5,6,4,"['Cabernet Sauvignon', 'Shiraz', 'Riesling', 'Sauvignon Blanc']",Australia,South Australia,['Coonawarra']
13160,Long Flat,85.5,14.5,85.5,14.5,2,2,"['Chardonnay', 'Pinot Noir']",Australia,Victoria,['Yarra Valley']
13161,Long Gamma,84.0,11.0,84.0,11.0,2,2,"['Red Blend', 'White Blend']",US,California,"['Sonoma County', 'Sonoma']"
13162,Long Island Merlot Alliance,86.7,35.0,86.0,35.0,3,1,['Merlot'],US,New York,"['Long Island', 'Long Island']"
13163,Long Meadow Ranch,90.2,35.1,90.0,40.0,17,4,"['Cabernet Sauvignon', 'Sauvignon Blanc', 'Chardonnay', 'Pinot Noir']",US,California,"['Rutherford', 'Napa']"
13164,Long Neck,85.0,10.0,85.0,10.0,1,1,['Sauvignon Blanc'],South Africa,Western Cape,[]
13165,Long Point,84.3,15.7,85.0,14.0,3,3,"['Rosé', 'Cabernet Sauvignon', 'Riesling']",US,New York,"['New York', 'New York Other']"
13166,Longboard,89.4,37.9,90.0,35.5,72,11,"['Merlot', 'Cabernet Sauvignon', 'Syrah', 'Pinot Noir', 'Sauvignon Blanc', 'Sémillon', 'Red Blend', 'Pinotage', 'Chardonnay', 'Sparkling Blend', 'Carignan']",US,California,"['Russian River Valley', 'Sonoma']"
13167,Longevity,86.8,27.7,88.0,28.0,29,16,"['Mourvèdre', 'Tempranillo', 'Pinot Blanc', 'Zinfandel', 'Rosé', 'Chardonnay', 'Viognier', 'Merlot', 'Pinot Grigio', 'Red Blend', 'Cabernet Sauvignon', 'Muscat Canelli', 'Rhône-style Red Blend', 'Sangiovese', 'Petit Verdot', 'Grenache']",US,California,"['Livermore Valley', 'Central Coast']"
13168,Longfellow,86.9,40.4,87.0,35.0,9,3,"['Cabernet Sauvignon', 'Pinot Noir', 'Syrah']",US,California,"['Napa Valley', 'Napa']"
13169,Longoria,89.8,38.2,90.0,36.0,92,11,"['Tempranillo', 'Pinot Noir', 'Chardonnay', 'Pinot Grigio', 'Syrah', 'Albariño', 'Rosé', 'Bordeaux-style Red Blend', 'Red Blend', 'Merlot', 'Grenache']",US,California,"['Santa Ynez Valley', 'Central Coast']"
13170,Longplay,88.1,30.2,87.5,28.5,14,2,"['Pinot Noir', 'Chardonnay']",US,Oregon,"['Chehalem Mountains', 'Willamette Valley']"
13171,Longridge,81.0,10.0,81.0,10.0,1,1,['Chardonnay'],New Zealand,Hawke's Bay,[]
13172,Longridge,86.0,10.0,86.0,10.0,1,1,['Pinotage'],South Africa,South Africa,[]
13173,Longridge,84.5,15.0,85.5,15.0,4,3,"['Merlot', 'Pinotage', 'Syrah']",South Africa,Stellenbosch,[]
13174,Longridge (S.Af),87.0,19.0,87.0,19.0,1,1,['Chardonnay'],South Africa,Stellenbosch,[]
13175,Longridge Bay View,87.0,10.0,87.0,10.0,1,1,['Merlot'],South Africa,Stellenbosch,[]
13176,Longship,86.6,30.0,87.0,32.0,5,5,"['Chardonnay', 'Rosé', 'Syrah', 'Cabernet Sauvignon', 'Red Blend']",US,Washington,"['Columbia Valley (WA)', 'Columbia Valley']"
13177,Longview,87.9,19.1,88.0,19.5,16,9,"['Shiraz-Cabernet Sauvignon', 'Sauvignon Blanc', 'Riesling', 'Chardonnay', 'Shiraz', 'Viognier', 'Cabernet Sauvignon', 'Nebbiolo', 'Semillon-Sauvignon Blanc']",Australia,South Australia,['South Australia']
13178,Longwood,89.7,26.1,90.0,28.0,7,2,"['Shiraz', 'Shiraz-Grenache']",Australia,South Australia,['McLaren Vale']
13179,Longwood,85.0,35.0,85.0,35.0,1,1,['Chardonnay'],US,California,"['Napa Valley', 'Napa']"
13180,Lonia,88.0,16.0,88.0,16.0,1,1,['Sparkling Blend'],Spain,Catalonia,['Cava']
13181,Lonsdale Ridge,85.0,8.0,85.0,8.0,1,1,['Merlot'],Australia,Victoria,['Victoria']
13182,Lookout Point,89.0,21.6,89.0,24.0,5,3,"['Malbec', 'Red Blend', 'Grenache']",US,Washington,"['Columbia Valley (WA)', 'Columbia Valley']"
13183,Lookout Ridge,90.9,80.0,92.0,100.0,9,5,"['Pinot Noir', 'Syrah', 'Cabernet Sauvignon', 'Sangiovese', 'Chardonnay']",US,California,"['Sonoma Mountain', 'Sonoma']"
13184,Loom,90.5,23.5,90.5,23.5,2,2,"['Shiraz', 'Pinot Noir']",Australia,South Australia,['McLaren Vale']
13185,Loomis,85.0,24.7,84.0,24.0,3,3,"['Grenache Blanc', 'Rhône-style Red Blend', 'Rosé']",US,California,"['Napa Valley', 'Napa']"
13186,Loose End,86.9,18.9,87.0,18.0,7,4,"['Grenache', 'Shiraz', 'G-S-M', 'Shiraz-Viognier']",Australia,South Australia,['Barossa']
13187,Loosen Bros.,91.0,16.0,91.0,16.0,1,1,['Riesling'],Germany,Germany,[]
13188,Loosen Bros.,89.0,12.0,89.0,12.0,6,1,['Riesling'],Germany,Mosel,[]
13189,Loosen Bros.,84.0,12.0,84.0,12.0,1,1,['Riesling'],Germany,Mosel-Saar-Ruwer,[]
13190,Lopez Noceti,85.0,12.0,85.0,12.0,1,1,['Cabernet Sauvignon'],Argentina,Mendoza Province,['Mendoza']
13191,Lorca,86.5,13.0,86.5,13.0,2,1,['Monastrell'],Spain,Levante,['Bullas']
13192,Loredan Gasparini,87.0,21.0,87.0,21.0,1,1,['Sparkling Blend'],Italy,Italy Other,['Vino Spumante']
13193,Loredan Gasparini,87.0,16.0,87.0,16.0,1,1,['Pinot Grigio'],Italy,Northeastern Italy,['Delle Venezie']
13194,Loredan Gasparini,87.3,22.0,89.0,22.0,3,1,['Glera'],Italy,Veneto,['Asolo Prosecco Superiore']
13195,Loredona,85.8,11.2,86.0,11.0,5,3,"['Pinot Grigio', 'Riesling', 'Viognier']",US,California,"['Monterey', 'Central Coast']"
13196,Lorena Garcia,84.7,16.0,83.0,16.0,3,3,"['Chardonnay', 'Pinot Grigio', 'Merlot']",US,California,"['Monterey', 'Central Coast']"
13197,Lorenz Martini,90.0,42.5,90.0,42.5,2,2,"['Sparkling Blend', 'White Blend']",Italy,Northeastern Italy,['Alto Adige']
13198,Lorenzi Estate,88.6,48.5,88.0,46.0,37,11,"['Zinfandel', 'Chardonnay', 'Grenache', 'Syrah', 'Red Blend', 'Bordeaux-style Red Blend', 'Rosé', 'Cabernet Sauvignon', 'Petite Sirah', 'Cabernet Franc-Merlot', 'Cabernet Franc']",US,California,"['Temecula Valley', 'South Coast']"
13199,Lorenzo Negro,87.0,,87.0,,1,1,['Nebbiolo'],Italy,Piedmont,['Roero']
13200,Lorenzon,87.0,16.0,87.0,16.0,1,1,['Pinot Grigio'],Italy,Northeastern Italy,['Friuli Isonzo']
13201,Lorgeril,85.3,13.3,86.0,13.0,3,3,"['Red Blend', 'Cabernet Franc', 'Syrah-Viognier']",France,Languedoc-Roussillon,['Corbières']
13202,Loring Wine Company,90.0,45.7,91.0,50.0,87,4,"['Chardonnay', 'Pinot Noir', 'Mourvèdre', 'Dornfelder']",US,California,"['Santa Lucia Highlands', 'Central Coast']"
13203,Loring Wine Company,85.0,50.0,85.0,50.0,1,1,['Pinot Noir'],US,Oregon,"['Willamette Valley', 'Willamette Valley']"
13204,Loriñon,85.3,14.2,86.0,13.0,9,4,"['Tempranillo', 'Tempranillo Blend', 'Viura', 'White Blend']",Spain,Northern Spain,['Rioja']
13205,Lornano,88.6,42.2,88.0,37.5,11,3,"['Sangiovese', 'Red Blend', 'White Blend']",Italy,Tuscany,['Chianti Classico']
13206,Loron et Fils,86.9,21.3,87.0,19.0,7,1,['Gamay'],France,Beaujolais,['Morgon']
13207,Loron et Fils,87.8,25.0,88.0,24.0,6,1,['Chardonnay'],France,Burgundy,['Pouilly-Fuissé']
13208,Los 3 Bandidos,84.0,10.0,84.0,10.0,1,1,['Syrah'],France,Languedoc-Roussillon,"[""Vin de Pays d'Oc""]"
13209,Los 800,86.7,22.7,86.0,23.0,3,1,['Red Blend'],Spain,Catalonia,['Priorat']
13210,Los Alisos,82.5,16.0,82.5,16.0,2,2,"['Syrah', 'Chardonnay']",US,California,"['Santa Barbara County', 'Central Coast']"
13211,Los Andes,87.0,12.0,87.0,12.0,1,1,['Malbec'],Argentina,Mendoza Province,['Mendoza']
13212,Los Andicos,85.0,15.0,85.0,15.0,1,1,['Malbec'],Argentina,Mendoza Province,['Mendoza']
13213,Los Cerros de San Juan,82.0,40.0,82.0,40.0,1,1,['Chardonnay'],Uruguay,Colonia,[]
13214,Los Cerros de San Juan,81.0,18.0,81.0,18.0,1,1,['Tannat'],Uruguay,Uruguay,[]
13215,Los Cielos,83.3,9.0,83.0,9.0,3,3,"['White Blend', 'Cabernet Sauvignon-Malbec', 'Trebbiano']",Argentina,Mendoza Province,['Mendoza']
13216,Los Clop,83.5,14.5,83.0,14.5,4,4,"['Chardonnay', 'Pinot Noir', 'Malbec', 'Cabernet Sauvignon']",Argentina,Mendoza Province,['Mendoza']
13217,Los Cucos de la Alberquilla,88.0,12.0,88.0,12.0,1,1,['Cabernet Sauvignon'],Spain,Levante,['Jumilla']
13218,Los Dos,86.5,8.0,86.5,8.0,2,2,"['Grenache-Syrah', 'White Blend']",Spain,Northern Spain,['Campo de Borja']
13219,Los Haroldos,86.7,19.0,87.0,20.0,3,2,"['Cabernet Sauvignon', 'Malbec']",Argentina,Mendoza Province,['Mendoza']
13220,Los Molles,86.0,16.0,85.0,14.0,7,6,"['Muscat', 'Sauvignon Blanc', 'Syrah', 'Chardonnay', 'Pinot Noir', 'Viognier']",Chile,Limarí Valley,[]
13221,Los Monteros,86.0,13.0,86.0,13.0,1,1,['Macabeo'],Spain,Catalonia,['Cava']
13222,Los Monteros,83.0,10.0,83.0,10.0,1,1,['Red Blend'],Spain,Levante,['Valencia']
13223,Los Navales de Martúe,87.0,12.0,87.0,12.0,1,1,['Verdejo'],Spain,Northern Spain,['Rueda']
13224,Los Nevados,83.5,10.0,83.5,10.0,2,2,"['Chardonnay', 'Malbec']",Argentina,Mendoza Province,['Mendoza']
13225,Los Padres,91.0,22.0,91.0,22.0,1,1,['Red Blend'],US,California,"['Central Coast', 'Central Coast']"
13226,Los Pinos Ranch,84.0,21.5,84.0,22.0,4,4,"['Red Blend', 'Viognier', 'Blanc du Bois', 'Vermentino']",US,Texas,['Texas High Plains']
13227,Los Portales,88.0,21.3,89.0,20.0,3,3,"['Tempranillo', 'Garnacha', 'Monastrell']",US,California,"['Shenandoah Valley (CA)', 'Sierra Foothills']"
13228,Los Vencejos,89.3,23.7,89.0,24.0,3,2,"['Red Blend', 'Malbec']",Argentina,Mendoza Province,['Uco Valley']
13229,Losada,90.4,29.9,91.0,25.0,15,2,"['Mencía', 'Godello']",Spain,Northern Spain,['Bierzo']
13230,Loscano,87.0,18.2,88.0,17.0,4,3,"['Cabernet Sauvignon', 'Red Blend', 'Malbec']",Argentina,Mendoza Province,['Luján de Cuyo']
13231,Loscano,88.5,17.0,88.5,17.0,2,1,['Torrontés'],Argentina,Other,['Cafayate']
13232,Losi,90.0,40.0,90.0,40.0,1,1,['Red Blend'],Italy,Tuscany,['Chianti Classico']
13233,Losi Querciavalle,90.8,37.0,91.0,35.0,5,2,"['White Blend', 'Red Blend']",Italy,Tuscany,['Vin Santo del Chianti Classico']
13234,Lost Angel,84.1,10.1,84.5,10.0,12,7,"['Red Blend', 'Moscato', 'Merlot', 'Cabernet Sauvignon', 'White Blend', 'Chardonnay', 'Pinot Noir']",US,California,"['California', 'California Other']"
13235,Lost Blues,91.0,42.0,92.0,42.0,3,3,"['Syrah-Grenache', 'Grenache-Syrah', 'Syrah']",US,California,"['Santa Maria Valley', 'Central Coast']"
13236,Lost Canyon,89.8,40.2,90.0,42.0,41,4,"['Pinot Noir', 'Syrah', 'Viognier', 'Chardonnay']",US,California,"['Russian River Valley', 'Sonoma']"
13237,Lost Creek,83.3,26.7,84.0,29.0,3,3,"['Vidal Blanc', 'Red Blend', 'Cabernet Franc']",US,Virginia,['Virginia']
13238,Lost Oak,83.0,24.0,84.0,25.0,3,3,"['Red Blend', 'Viognier', 'Tempranillo']",US,Texas,['Texas High Plains']
13239,Lost River,86.9,20.8,87.0,22.0,10,7,"['Pinot Gris', 'Syrah', 'White Blend', 'Cabernet Sauvignon', 'Merlot', 'Bordeaux-style Red Blend', 'Red Blend']",US,Washington,"['Columbia Valley (WA)', 'Columbia Valley']"
13240,Lost Summer,82.0,10.0,82.0,10.0,1,1,['Rosé'],US,California,"['California', 'California Other']"
13241,Lost Vineyards,82.0,8.0,82.0,8.0,1,1,['Malbec-Bonarda'],Argentina,Other,['Argentina']
13242,Lost and Found Winery,93.0,49.0,93.0,49.0,1,1,['Pinot Noir'],US,California,"['Russian River Valley', 'Sonoma']"
13243,Lot 205,82.8,10.0,82.0,10.0,6,5,"['Red Blend', 'Chardonnay', 'Petite Sirah', 'Cabernet Sauvignon', 'Merlot']",US,California,"['California', 'California Other']"
13244,Loteta,82.5,10.0,82.5,10.0,2,1,['Red Blend'],Spain,Northern Spain,['Campo de Borja']
13245,Lothian Vineyards,89.0,23.0,89.0,23.0,1,1,['Pinot Noir'],South Africa,Elgin,[]
13246,Loubud,90.0,25.0,90.0,25.0,1,1,['Pinot Noir'],US,California,"['Santa Ynez Valley', 'Central Coast']"
13247,Louis Barthélémy,89.3,,88.5,,6,1,['Champagne Blend'],France,Champagne,['Champagne']
13248,Louis Bernard,85.0,19.0,85.0,19.0,1,1,['Rosé'],France,Provence,['Côtes de Provence']
13249,Louis Bernard,87.2,21.3,87.0,15.0,33,5,"['Rhône-style White Blend', 'Rhône-style Red Blend', 'Rosé', 'Grenache-Syrah', 'Syrah']",France,Rhône Valley,['Côtes du Rhône']
13250,Louis Bouillot,86.9,20.1,87.0,17.0,16,4,"['Champagne Blend', 'Pinot Noir', 'Sparkling Blend', 'Chardonnay']",France,Burgundy,['Bourgogne']
13251,Louis Bouillot,87.0,15.0,87.0,15.0,1,1,['Sparkling Blend'],France,France Other,['France']
13252,Louis Chalvon,87.0,46.0,87.0,46.0,1,1,['Champagne Blend'],France,Champagne,['Champagne']
13253,Louis Changarnier,86.0,13.0,86.0,13.0,1,1,['Chardonnay'],France,Languedoc-Roussillon,"[""Vin de Pays d'Oc""]"
13254,Louis Chavy,85.0,20.0,85.0,20.0,2,1,['Pinot Noir'],France,Burgundy,['Bourgogne']
13255,Louis Chevallier,84.0,13.0,84.0,13.0,1,1,['Gamay'],France,Beaujolais,['Beaujolais-Villages']
13256,Louis Chevallier,85.6,28.1,85.0,17.0,9,2,"['Pinot Noir', 'Chardonnay']",France,Burgundy,['Nuits-St.-Georges']
13257,Louis Drescher,84.0,15.0,84.0,15.0,1,1,['Sparkling Blend'],Spain,Catalonia,['Cava']
13258,Louis Galud,88.0,,88.0,,1,1,['Chardonnay'],France,Burgundy,['Pouilly-Fuissé']
13259,Louis Guntrum,86.5,13.0,86.5,13.0,2,1,['Riesling'],Germany,Germany,[]
13260,Louis Guntrum,86.8,24.6,88.0,20.0,23,5,"['Silvaner', 'Scheurebe', 'Riesling', 'Spätburgunder', 'Pinot Noir']",Germany,Rheinhessen,[]
13261,Louis Jadot,86.6,13.0,86.0,14.0,9,1,['Gamay'],France,Beaujolais,['Beaujolais-Villages']
13262,Louis Jadot,92.2,108.3,93.0,75.0,129,3,"['Chardonnay', 'Pinot Noir', 'Aligoté']",France,Burgundy,['Mâcon-Villages']
13263,Louis Latour,90.3,124.9,90.0,78.5,244,3,"['Chardonnay', 'Pinot Noir', 'Gamay']",France,Burgundy,['Montrachet']
13264,Louis Latour,86.0,12.0,86.0,12.0,1,1,['Pinot Noir'],France,Provence,['Vin de Pays Var']
13265,Louis M. Martini,88.1,53.5,88.0,35.0,57,8,"['Cabernet Sauvignon', 'Red Blend', 'Zinfandel', 'Meritage', 'Chardonnay', 'Gewürztraminer', 'Merlot', 'Malbec']",US,California,"['Napa Valley', 'Napa']"
13266,Louis Max,87.9,41.6,88.0,32.0,46,3,"['Chardonnay', 'Pinot Noir', 'Pinot Noir-Gamay']",France,Burgundy,['Chablis']
13267,Louis Mousset,80.0,10.0,80.0,10.0,1,1,['Syrah'],France,Rhône Valley,['Côtes du Rhône']
13268,Louis Métaireau,89.0,23.7,89.0,26.0,3,1,['Melon'],France,Loire Valley,['Muscadet Sèvre et Maine']
13269,Louis Nel,90.5,,90.5,,2,1,['Cabernet Sauvignon-Shiraz'],South Africa,Stellenbosch,[]
13270,Louis Perdrier,84.0,8.4,84.0,8.0,5,1,['Sparkling Blend'],France,France Other,['Vin Mousseux']
13271,Louis Pommery,90.0,22.0,90.0,22.0,1,1,['Sparkling Blend'],US,California,"['California', 'California Other']"
13272,Louis Roederer,93.2,129.6,93.0,74.0,62,2,"['Champagne Blend', 'Chardonnay']",France,Champagne,['Champagne']
13273,Louis Sipp,88.1,23.5,88.5,22.5,14,5,"['Pinot Blanc', 'Riesling', 'Gewürztraminer', 'Sparkling Blend', 'Pinot Noir']",France,Alsace,['Alsace']
13274,Louis Tête,86.3,16.7,86.5,17.5,10,1,['Gamay'],France,Beaujolais,['Moulin-à-Vent']
13275,Louis Tête,83.5,18.5,83.5,18.5,2,1,['Gamay'],France,Burgundy,['Coteaux Bourguignons']
13276,Louis and David Luneau,84.0,,84.0,,1,1,['Melon'],France,Loire Valley,['Muscadet Sèvre et Maine']
13277,Louis d'Armont,82.0,,82.0,,1,1,['Pinot Noir'],France,Burgundy,['Bourgogne']
13278,Louis de Camponac,85.0,10.0,85.0,10.0,1,1,['White Blend'],France,France Other,['Vin de France']
13279,Louis de Grenelle,88.3,22.3,88.0,22.0,3,1,['Sparkling Blend'],France,Loire Valley,['Crémant de Loire']
13280,Louis de Sacy,88.5,39.2,89.5,37.0,6,2,"['Champagne Blend', 'Chardonnay']",France,Champagne,['Champagne']
13281,Louise Brison,92.0,45.0,92.0,45.0,2,2,"['Champagne Blend', 'Chardonnay']",France,Champagne,['Champagne']
13282,Loukatos,85.0,11.0,85.0,11.0,2,1,['Mavrodaphne'],Greece,Mavrodaphne of Patras,[]
13283,Loukatos,86.0,11.0,86.0,11.0,1,1,['Muscat'],Greece,Muscat of Patras,[]
13284,Loukatos,90.0,13.0,90.0,13.0,1,1,['Muscat'],Greece,Patras,[]
13285,Louloute,88.0,20.0,88.0,20.0,2,2,"['Viognier', 'Pinot Noir']",US,Oregon,"['Oregon', 'Oregon Other']"
13286,Loup Blanc,88.5,22.5,88.5,22.5,2,1,['Rhône-style Red Blend'],France,Languedoc-Roussillon,['Minervois']
13287,Lourensford,90.0,20.0,90.0,20.0,1,1,['Chardonnay'],South Africa,Stellenbosch,[]
13288,Love,80.4,9.0,80.0,9.0,5,5,"['Tempranillo', 'Cabernet Sauvignon', 'Merlot', 'Moscato', 'Chardonnay']",Spain,Central Spain,['Vino de la Tierra de Castilla']
13289,Love & Hope,87.5,20.0,87.5,20.0,2,1,['Rosé'],US,California,"['Paso Robles', 'Central Coast']"
13290,Love & Squalor,90.6,32.2,91.0,28.0,12,2,"['Pinot Noir', 'Riesling']",US,Oregon,"['Willamette Valley', 'Willamette Valley']"
13291,Love Noir,87.0,13.0,87.0,13.0,1,1,['Pinot Noir'],US,California,"['California', 'California Other']"
13292,Love That Red,88.7,36.1,88.0,36.0,7,4,"['Syrah', 'Rosé', 'Cabernet Sauvignon', 'Bordeaux-style Red Blend']",US,Washington,"['Columbia Valley (WA)', 'Columbia Valley']"
13293,Love and Meritage,84.0,28.0,84.0,28.0,1,1,['Meritage'],US,California,"['Napa Valley', 'Napa']"
13294,LoveThisLife,83.5,13.0,83.5,13.0,2,2,"['White Blend', 'Red Blend']",US,California,"['California', 'California Other']"
13295,Loveblock,91.0,34.7,91.0,37.0,3,1,['Pinot Noir'],New Zealand,Central Otago,[]
13296,Loveblock,90.0,23.3,90.0,24.0,3,1,['Sauvignon Blanc'],New Zealand,Marlborough,[]
13297,Lovingston,87.0,21.0,87.0,20.0,31,7,"['Pinotage', 'Chardonnay', 'Cabernet Franc', 'Bordeaux-style Red Blend', 'Merlot', 'Red Blend', 'Petit Manseng']",US,Virginia,['Monticello']
13298,Lovo,85.0,15.0,85.0,15.0,1,1,['Glera'],Italy,Veneto,['Prosecco']
13299,Lowden Hills,90.0,36.0,90.0,36.0,1,1,['Red Blend'],US,Washington,"['Columbia Valley (WA)', 'Columbia Valley']"
13300,Loxarel,84.8,14.7,84.5,15.0,6,2,"['Sparkling Blend', 'Red Blend']",Spain,Catalonia,['Cava']
13301,Loxton,90.0,26.0,90.0,26.0,1,1,['Syrah'],US,California,"['Russian River Valley', 'Sonoma']"
13302,Lozano,84.0,10.0,84.0,10.0,1,1,['Tempranillo Blend'],Spain,Central Spain,['La Mancha']
13303,Loïc Mahe,93.5,35.0,93.5,35.0,2,1,['Chenin Blanc'],France,Loire Valley,['Savennières']
13304,Luberri,86.5,26.8,87.0,16.5,4,2,"['Tempranillo', 'Tempranillo Blend']",Spain,Northern Spain,['Rioja']
13305,Luc Mérat,85.0,60.0,85.0,60.0,2,1,['Champagne Blend'],France,Champagne,['Champagne']
13306,Luca,88.1,30.2,88.0,32.0,10,4,"['Malbec', 'Pinot Noir', 'Syrah', 'Chardonnay']",Argentina,Mendoza Province,['Uco Valley']
13307,Luca Bosio,87.0,41.0,87.0,41.0,4,1,['Nebbiolo'],Italy,Piedmont,['Barbaresco']
13308,Luca Faccinelli,85.0,20.0,85.0,20.0,1,1,['Nebbiolo'],Italy,Lombardy,['Valtellina']
13309,Lucania,88.4,20.7,88.0,19.0,13,1,['Aglianico'],Italy,Southern Italy,['Aglianico del Vulture']
13310,Lucas & Lewellen,86.0,25.2,86.0,24.0,77,15,"['Viognier', 'Merlot', 'Malbec', 'Pinot Noir', 'Chardonnay', 'Cabernet Sauvignon', 'Cabernet Franc', 'Petit Verdot', 'Chenin Blanc', 'Petite Sirah', 'Syrah', 'Gewürztraminer', 'Sauvignon Blanc', 'Riesling', 'Sparkling Blend']",US,California,"['Santa Barbara County', 'Central Coast']"
13311,Lucas Carton,84.0,11.0,84.0,11.0,1,1,['Rhône-style Red Blend'],France,Rhône Valley,['Côtes du Rhône']
13312,Lucas Vineyards,85.7,15.5,86.0,14.0,37,9,"['Chardonnay', 'Riesling', 'Gewürztraminer', 'Cabernet Franc', 'Rosé', 'White Blend', 'Vidal Blanc', 'Syrah', 'Vignoles']",US,New York,"['Finger Lakes', 'Finger Lakes']"
13313,Lucatoni,92.0,20.0,92.0,20.0,1,1,['Cabernet Sauvignon'],Chile,Colchagua Valley,[]
13314,Lucca,86.0,10.0,86.0,10.0,1,1,['Sangiovese'],US,California,"['California', 'California Other']"
13315,Luccarelli,86.8,21.5,87.0,15.5,4,3,"['Malvasia Nera', 'Primitivo', 'Verdeca']",Italy,Southern Italy,['Salento']
13316,Lucchetta,85.5,,85.5,,2,1,['Glera'],Italy,Veneto,['Conegliano Valdobbiadene Prosecco Superiore']
13317,Lucchetti,87.0,12.0,87.0,12.0,1,1,['Verdicchio'],Italy,Central Italy,['Verdicchio dei Castelli di Jesi Classico']
13318,Luccio,85.0,10.0,85.0,10.0,1,1,['Moscato'],Italy,Piedmont,"[""Moscato d'Asti""]"
13319,Luccío,87.0,9.0,87.0,9.0,1,1,['Moscato'],Italy,Piedmont,"[""Moscato d'Asti""]"
13320,Luce,92.0,75.0,92.0,75.0,1,1,['Sangiovese'],Italy,Tuscany,['Toscana']
13321,Luce della Vite,91.7,73.9,92.0,91.0,9,3,"['Sangiovese Grosso', 'Red Blend', 'Sangiovese']",Italy,Tuscany,['Brunello di Montalcino']
13322,Lucente,88.0,27.3,89.0,28.0,3,1,['Sangiovese'],Italy,Tuscany,['Toscana']
13323,Lucia,89.3,43.7,89.0,45.0,13,3,"['Chardonnay', 'Pinot Noir', 'Syrah']",US,California,"['Santa Lucia Highlands', 'Central Coast']"
13324,Luciana Cordioli,87.1,31.0,87.0,25.0,7,3,"['Corvina, Rondinella, Molinara', 'Corvina', 'Red Blend']",Italy,Veneto,['Amarone della Valpolicella Classico']
13325,Luciano Sandrone,94.1,165.5,94.0,160.0,8,1,['Nebbiolo'],Italy,Piedmont,['Barolo']
13326,Lucie,92.3,58.0,92.5,60.0,10,2,"['Pinot Noir', 'Chardonnay']",US,California,"['Russian River Valley', 'Sonoma']"
13327,Lucien Albrecht,87.4,29.0,87.0,22.0,76,7,"['Pinot Blanc', 'Pinot Noir', 'Gewürztraminer', 'Riesling', 'Pinot Gris', 'Sparkling Blend', 'Champagne Blend']",France,Alsace,['Alsace']
13328,Lucien Crochet,90.7,24.0,90.0,23.0,3,1,['Sauvignon Blanc'],France,Loire Valley,['Sancerre']
13329,Lucien Lardy,90.6,27.6,91.0,22.0,20,3,"['Gamay', 'Rosé', 'Chardonnay']",France,Beaujolais,['Moulin-à-Vent']
13330,Lucien Le Moine,91.9,116.2,92.0,115.0,8,2,"['Pinot Noir', 'Chardonnay']",France,Burgundy,['Chambolle-Musigny']
13331,Lucienne,91.0,46.8,91.0,50.0,26,2,"['Pinot Noir', 'Chardonnay']",US,California,"['Santa Lucia Highlands', 'Central Coast']"
13332,Lucky,84.0,24.0,84.0,24.0,1,1,['Red Blend'],US,California,"['North Coast', 'North Coast']"
13333,Lucky Frog,86.0,10.0,86.0,10.0,1,1,['Sauvignon Blanc'],Argentina,Mendoza Province,['Mendoza']
13334,Lucky Neko,88.0,12.0,88.0,12.0,2,2,"['Pinot Grigio', 'Riesling']",Germany,Rheinhessen,[]
13335,Lucky Rock Wine Co.,85.5,20.0,85.5,20.0,2,1,['Pinot Noir'],US,California,"['Sonoma County', 'Sonoma']"
13336,Lucky Star,84.7,10.1,84.5,9.0,14,4,"['Chardonnay', 'Pinot Noir', 'Petite Sirah', 'Cabernet Sauvignon']",US,California,"['California', 'California Other']"
13337,Lucky7,85.0,10.0,85.0,10.0,1,1,['Sauvignon Blanc'],Chile,Maule Valley,[]
13338,Lucky7,85.3,10.0,86.0,10.0,3,3,"['Carmenère', 'Cabernet Sauvignon', 'Rosé']",Chile,Rapel Valley,[]
13339,Lucy,85.0,18.0,85.0,18.0,3,1,['Rosé'],US,California,"['Santa Lucia Highlands', 'Central Coast']"
13340,Luddite,88.0,,88.0,,1,1,['Red Blend'],South Africa,Bot River,[]
13341,Luddite,88.0,45.0,88.0,45.0,1,1,['Chenin Blanc'],South Africa,Overberg,[]
13342,Luddite,92.0,,92.0,,1,1,['Shiraz-Cabernet Sauvignon'],South Africa,Walker Bay,[]
13343,Ludwig,86.6,16.4,87.0,14.0,8,3,"['Red Blend', 'Riesling', 'Gewürztraminer']",US,California,"['Santa Lucia Highlands', 'Central Coast']"
13344,Ludwig Ehn,89.0,22.0,89.0,22.0,1,1,['Riesling'],Austria,Kamptal,[]
13345,Luianico,85.0,8.0,85.0,8.0,1,1,['Sangiovese'],Italy,Tuscany,['Toscana']
13346,Luiano,88.8,25.8,89.0,22.5,12,2,"['Sangiovese', 'Red Blend']",Italy,Tuscany,['Chianti Classico']
13347,Luigi Baudana,92.2,64.0,92.0,69.0,9,2,"['Nebbiolo', 'Barbera']",Italy,Piedmont,['Barolo']
13348,Luigi Bosca,86.7,30.3,87.0,21.5,93,20,"['Cabernet Blend', 'Malbec Blend', 'Malbec', 'Pinot Noir', 'Cabernet Sauvignon', 'White Blend', 'Red Blend', 'Bonarda', 'Syrah', 'Bordeaux-style Red Blend', 'Rosé', 'Viognier', 'Riesling', 'Sauvignon Blanc', 'Chardonnay', 'Tempranillo', 'Merlot', 'Cabernet Franc-Malbec', 'Malbec-Cabernet', 'Malbec-Cabernet Sauvignon']",Argentina,Mendoza Province,['Mendoza']
13349,Luigi Bosca,89.0,70.0,89.0,70.0,1,1,['Red Blend'],Argentina,Other,['Argentina']
13350,Luigi Giordano,89.0,,89.0,,1,1,['Nebbiolo'],Italy,Piedmont,['Barbaresco']
13351,Luigi Maffini,87.5,33.5,87.5,33.5,2,1,['Fiano'],Italy,Southern Italy,['Cilento']
13352,Luigi Oddero & Figli,91.8,95.7,92.0,99.5,16,1,['Nebbiolo'],Italy,Piedmont,['Barolo']
13353,Luigi Pira,91.0,53.7,90.0,56.0,4,1,['Nebbiolo'],Italy,Piedmont,['Barolo']
13354,Luigi Righetti,86.9,40.7,87.0,25.5,18,3,"['Corvina, Rondinella, Molinara', 'Red Blend', 'Corvina']",Italy,Veneto,['Valpolicella Classico Superiore Ripasso']
13355,Luigi Tecce,89.0,60.0,89.0,60.0,2,1,['Aglianico'],Italy,Southern Italy,['Taurasi']
13356,Luigi Voghera,88.6,53.3,88.0,50.0,5,2,"['Barbera', 'Nebbiolo']",Italy,Piedmont,"[""Barbera d'Alba""]"
13357,Luigino Grimaldi,90.3,,91.0,,3,1,['Nebbiolo'],Italy,Piedmont,['Barolo']
13358,Luis Alegre,88.5,35.3,89.0,31.5,6,2,"['Tempranillo', 'Tempranillo Blend']",Spain,Northern Spain,['Rioja']
13359,Luis Cañas,89.0,32.2,89.0,22.0,12,3,"['Tempranillo', 'Tempranillo Blend', 'Viura']",Spain,Northern Spain,['Rioja']
13360,Luis Duarte,91.7,25.2,92.0,25.0,33,3,"['Portuguese Red', 'Portuguese White', 'Rosé']",Portugal,Alentejano,[]
13361,Luis Felipe Edwards,86.0,12.3,86.0,12.0,3,2,"['Chardonnay', 'Sauvignon Blanc']",Chile,Casablanca Valley,[]
13362,Luis Felipe Edwards,84.5,9.8,85.5,9.5,4,3,"['Pinot Noir', 'Sauvignon Blanc', 'Cabernet Sauvignon']",Chile,Central Valley,[]
13363,Luis Felipe Edwards,85.8,18.3,85.5,14.0,38,8,"['Malbec', 'Cabernet Sauvignon', 'Merlot', 'Red Blend', 'Carmenère', 'Shiraz', 'Chardonnay', 'White Blend']",Chile,Colchagua Valley,[]
13364,Luis Felipe Edwards,87.4,24.3,88.5,25.0,10,4,"['Pinot Noir', 'Sauvignon Blanc', 'Chardonnay', 'Syrah']",Chile,Leyda Valley,[]
13365,Luis Felipe Edwards,89.0,35.0,89.0,35.0,1,1,['Carignan'],Chile,Maule Valley,[]
13366,Luis Pato,90.0,18.0,90.0,18.0,1,1,['Portuguese White'],Portugal,Bairrada,[]
13367,Luis Pato,90.0,13.5,90.0,13.5,2,2,"['Maria Gomes', 'Portuguese White']",Portugal,Beira Atlantico,[]
13368,Luis Pato,89.5,40.0,89.5,40.0,6,3,"['Baga', 'Portuguese Sparkling', 'Portuguese White']",Portugal,Beiras,[]
13369,Luis Pato,88.0,,88.0,,1,1,['Baga'],Portugal,Vinho Espumante de Qualidade,[]
13370,Luis Seabra,90.0,45.0,90.0,45.0,1,1,['Alvarinho'],Portugal,Vinho Verde,[]
13371,Luis Segundo Correas,83.1,14.8,84.0,14.0,8,3,"['Malbec', 'Cabernet Sauvignon', 'Chardonnay']",Argentina,Mendoza Province,['Mendoza']
13372,Luis Soares Duarte,91.0,33.5,91.0,33.5,2,1,['Portuguese Red'],Portugal,Douro,[]
13373,Luiz Barichello,89.5,45.0,89.5,45.0,2,2,"['Sangiovese', 'Red Blend']",Italy,Tuscany,['Chianti Classico']
13374,Lujon,88.9,17.1,88.0,15.0,15,7,"['Riesling', 'Pinot Gris', 'Cabernet Sauvignon', 'Syrah', 'Chardonnay', 'White Riesling', 'Pinot Noir']",US,Oregon,"['Willamette Valley', 'Willamette Valley']"
13375,Lujon,87.0,25.0,87.0,25.0,1,1,['Cabernet Sauvignon'],US,Washington,"['Walla Walla Valley (WA)', 'Columbia Valley']"
13376,Luke,88.0,25.0,88.0,25.0,4,1,['Cabernet Sauvignon'],US,Washington,"['Wahluke Slope', 'Columbia Valley']"
13377,Luke Donald,87.1,35.5,87.0,35.0,8,3,"['Bordeaux-style Red Blend', 'Chardonnay', 'Red Blend']",US,California,"['Napa Valley', 'Napa']"
13378,Luko,91.0,42.0,91.0,42.0,2,2,"['Syrah', 'Rhône-style White Blend']",US,California,"['Santa Barbara County', 'Central Coast']"
13379,Lula,90.0,39.5,90.0,42.0,4,2,"['Zinfandel', 'Pinot Noir']",US,California,"['Mendocino County', 'Mendocino/Lake Counties']"
13380,Luli,86.0,17.7,84.0,18.0,3,3,"['Sauvignon Blanc', 'Pinot Noir', 'Rosé']",US,California,"['Central Coast', 'Central Coast']"
13381,Lullaby,88.9,29.0,89.0,28.0,7,5,"['Merlot-Cabernet Sauvignon', 'Sauvignon Blanc', 'Red Blend', 'Viognier', 'Rosé']",US,Washington,"['Walla Walla Valley (WA)', 'Columbia Valley']"
13382,Lulu B.,83.7,10.0,84.0,10.0,3,3,"['Syrah', 'Pinot Noir', 'Chardonnay']",France,Languedoc-Roussillon,"[""Vin de Pays d'Oc""]"
13383,Lulu B.,83.0,7.0,83.0,7.0,1,1,['Cabernet Sauvignon'],US,California,"['California', 'California Other']"
13384,Luma Chequén,85.7,15.0,86.0,15.0,3,2,"['Carmenère', 'Cabernet Sauvignon']",Chile,Maule Valley,[]
13385,Lumen,91.4,29.2,92.0,25.0,8,4,"['Chardonnay', 'Grenache', 'Pinot Noir', 'Grenache Blanc']",US,California,"['Santa Barbara County', 'Central Coast']"
13386,Luminary,90.0,45.0,90.0,45.0,1,1,['Red Blend'],US,America,[]
13387,Luminis,82.0,21.7,83.0,25.0,3,2,"['Malbec', 'Cabernet Sauvignon']",Argentina,Mendoza Province,['Mendoza']
13388,Luminous Hills,88.0,32.0,88.0,35.0,7,1,['Pinot Noir'],US,Oregon,"['Yamhill-Carlton District', 'Willamette Valley']"
13389,Lumos,88.3,24.3,88.0,21.0,22,5,"['Pinot Gris', 'Rosé', 'Pinot Noir', 'Gewürztraminer', 'Chardonnay']",US,Oregon,"['Willamette Valley', 'Willamette Valley']"
13390,Luna,87.7,43.8,88.0,40.0,23,9,"['Sangiovese', 'Cabernet Sauvignon', 'Merlot', 'Pinot Grigio', 'White Blend', 'Rosé', 'Sparkling Blend', 'Chardonnay', 'Red Blend']",US,California,"['Napa Valley', 'Napa']"
13391,Luna Beberide,87.9,26.5,88.0,22.0,27,3,"['Mencía', 'Godello', 'Red Blend']",Spain,Northern Spain,['Bierzo']
13392,Luna Di Luna,82.5,11.0,82.5,11.0,2,1,['White Blend'],Italy,Veneto,['Veneto']
13393,Luna Hart,89.7,26.0,90.0,23.0,3,3,"['Sauvignon Blanc', 'White Blend', 'Cabernet Franc']",US,California,['Central Coast']
13394,Luna Nuda,85.0,13.0,85.0,13.0,1,1,['Pinot Grigio'],Italy,Northeastern Italy,['Delle Venezie']
13395,Lunadoro,87.6,42.4,88.0,48.0,11,2,"['Sangiovese', 'Red Blend']",Italy,Tuscany,['Vino Nobile di Montepulciano']
13396,Lunar Wines,90.0,47.0,90.0,47.0,1,1,['Cabernet Sauvignon'],Australia,South Australia,['Barossa Valley']
13397,Lundeen,88.7,31.9,88.0,30.0,17,5,"['Sparkling Blend', 'Pinot Noir', 'Pinot Gris', 'Chardonnay', 'Riesling']",US,Oregon,"['Willamette Valley', 'Willamette Valley']"
13398,Lungarotti,88.6,37.0,89.0,38.0,50,5,"['White Blend', 'Red Blend', 'Sagrantino', 'Pinot Grigio', 'Chardonnay']",Italy,Central Italy,['Torgiano']
13399,Lupé-Cholet,85.3,17.5,85.0,17.5,3,1,['Chardonnay'],France,Burgundy,['Chablis']
13400,Luretta,85.0,18.2,85.5,19.0,4,4,"['Pinot Nero', 'Chardonnay', 'Malvasia', 'Sauvignon']",Italy,Central Italy,['Colli Piacentini']
13401,Luretta,86.3,31.7,86.0,35.0,3,3,"['Chardonnay', 'Sparkling Blend', 'Pinot Nero']",Italy,Italy Other,['Vino Spumante']
13402,Lurra,85.0,11.0,85.0,11.0,1,1,['Garnacha'],Spain,Northern Spain,['Navarra']
13403,Lusco,87.5,24.2,87.0,24.0,15,1,['Albariño'],Spain,Galicia,['Rías Baixas']
13404,Lusovini,90.0,,90.0,,1,1,['Portuguese Red'],Portugal,Alentejano,[]
13405,Lusovini,88.0,,88.0,,1,1,['Portuguese Red'],Portugal,Bairrada,[]
13406,Lusso Della Terra,89.5,30.8,89.0,30.0,6,5,"['Sangiovese', 'Merlot', 'Chardonnay', 'Zinfandel', 'Pinot Noir']",US,California,"['Paso Robles', 'Central Coast']"
13407,Lustau,90.8,26.6,90.0,25.0,9,1,['Sherry'],Spain,Andalucia,['Jerez']
13408,Lustig,85.0,,85.0,,1,1,['Grüner Veltliner'],Austria,Weinland Österreich,[]
13409,Lutea,87.8,36.2,87.0,35.0,4,1,['Pinot Noir'],US,California,"['Carneros', 'Napa-Sonoma']"
13410,Lutum,92.0,53.1,92.0,50.0,13,2,"['Pinot Noir', 'Chardonnay']",US,California,"['Sonoma Coast', 'Sonoma']"
13411,Lyeth,87.0,17.3,87.0,15.0,28,9,"['Cabernet Sauvignon', 'Merlot', 'Meritage', 'Pinot Noir', 'Chardonnay', 'Cabernet Blend', 'Red Blend', 'Cabernet Sauvignon-Merlot', 'Malbec']",US,California,"['North Coast', 'North Coast']"
13412,Lynch,91.0,62.5,91.0,62.5,2,2,"['Cabernet Sauvignon', 'Syrah']",US,California,"['Napa Valley', 'Napa']"
13413,Lynch Wines,91.3,23.7,91.0,25.0,3,2,"['Syrah', 'Red Blend']",US,California,"['Sierra Foothills', 'Sierra Foothills']"
13414,Lynmar,92.4,57.7,93.0,60.0,143,4,"['Chardonnay', 'Pinot Noir', 'Rosé', 'Syrah']",US,California,"['Russian River Valley', 'Sonoma']"
13415,Lynskeys Wairau Peaks,85.2,22.8,85.5,18.5,6,4,"['Gewürztraminer', 'Chardonnay', 'Sauvignon Blanc', 'Pinot Noir']",New Zealand,Marlborough,[]
13416,Lynx,88.3,20.0,88.0,20.0,3,3,"['Cabernet Sauvignon', 'Shiraz', 'Bordeaux-style Red Blend']",South Africa,Franschhoek,[]
13417,Lyrarakis,87.9,22.9,88.0,19.0,17,13,"['Red Blend', 'Rosé', 'White Blend', 'Dafni', 'Malvasia', 'Vilana', 'Assyrtiko', 'Assyrtico', 'Thrapsathiri', 'Cabernet Sauvignon-Merlot', 'Plyto', 'Kotsifali', 'Mandilaria']",Greece,Crete,[]
13418,Lyric by Etude,86.5,25.0,86.5,25.0,2,2,"['Pinot Noir', 'Chardonnay']",US,California,"['Santa Barbara County', 'Central Coast']"
13419,Lágrimas de Maria,85.6,13.0,86.0,12.0,5,2,"['Tempranillo', 'Viura']",Spain,Northern Spain,['Rioja']
13420,Légende,87.0,18.0,87.0,18.0,1,1,['Bordeaux-style Red Blend'],France,Bordeaux,['Bordeaux']
13421,Léo de la Gaffelière,83.0,12.0,83.0,12.0,1,1,['Bordeaux-style Red Blend'],France,Bordeaux,['Bordeaux']
13422,Léon Manbach,88.0,,88.0,,1,1,['Auxerrois'],France,Alsace,['Alsace']
13423,Léon Perdigal,87.5,15.5,87.5,15.5,2,2,"['Rhône-style Red Blend', 'Rhône-style White Blend']",France,Rhône Valley,['Côtes du Rhône']
13424,Léonce Bocquet,88.3,17.3,88.0,17.0,3,2,"['Champagne Blend', 'Sparkling Blend']",France,Burgundy,['Crémant de Bourgogne']
13425,Lété-Vautrain,88.4,31.8,88.0,32.0,5,1,['Champagne Blend'],France,Champagne,['Champagne']
13426,Lícia,86.0,14.7,87.0,14.5,6,1,['Albariño'],Spain,Galicia,['Rías Baixas']
13427,López Hermanos,94.0,,94.0,,1,1,['Pedro Ximénez'],Spain,Andalucia,['Málaga']
13428,M by Martellotto,87.0,36.0,87.0,36.0,1,1,['Cabernet Sauvignon'],US,California,"['Napa Valley', 'Napa']"
13429,M by Michael Mondavi,91.7,198.3,91.0,200.0,3,1,['Cabernet Sauvignon'],US,California,"['Napa Valley', 'Napa']"
13430,M'Hudi,86.0,17.0,86.0,17.0,1,1,['Sauvignon Blanc'],South Africa,Elgin,[]
13431,M. & J-F Bertrand,84.3,15.0,84.0,15.0,3,3,"['Sauvignon Blanc', 'Merlot', 'Chardonnay']",France,France Other,['Vin de France']
13432,M. Autumn,87.0,32.0,87.0,32.0,2,2,"['Merlot', 'Pinot Noir']",US,California,"['Napa Valley', 'Napa']"
13433,M. Chapoutier,88.0,22.1,89.0,26.0,8,3,"['Rhône-style Red Blend', 'Grenache', 'Rosé']",France,Languedoc-Roussillon,['Banyuls']
13434,M. Chapoutier,90.5,20.0,90.5,20.0,2,1,['Rosé'],France,Provence,['Côtes de Provence']
13435,M. Chapoutier,90.0,98.1,90.0,78.5,53,8,"['Grenache-Syrah', 'Syrah', 'Viognier', 'Rosé', 'Muscat Blanc à Petit Grain', 'Marsanne', 'Rhône-style Red Blend', 'Rhône-style White Blend']",France,Rhône Valley,['Côtes du Rhône']
13436,M. Chapoutier,91.0,,91.0,,1,1,['Portuguese Red'],Portugal,Douro,[]
13437,M. Cosentino,86.9,36.4,87.0,27.0,38,20,"['White Blend', 'Red Blend', 'Dolcetto', 'Sangiovese', 'Cabernet Sauvignon', 'Petite Sirah', 'Chardonnay', 'Syrah', 'Merlot', 'Pinot Grigio', 'Bordeaux-style Red Blend', 'Meritage', 'Cabernet Blend', 'Pinot Noir', 'Sauvignon Blanc', 'Gewürztraminer', 'Zinfandel', 'Semillon-Sauvignon Blanc', 'Viognier', 'Cabernet Franc']",US,California,"['California', 'California Other']"
13438,M. Trinchero,87.6,22.8,87.0,19.0,5,4,"['Chardonnay', 'Merlot', 'Cabernet Sauvignon', 'Sauvignon Blanc']",US,California,"['Napa Valley', 'Napa']"
13439,M2,88.4,29.6,89.0,29.0,8,5,"['Zinfandel', 'White Blend', 'Viognier', 'Syrah', 'Red Blend']",US,California,"['Lodi', 'Central Valley']"
13440,MAD Wines,85.7,24.7,85.0,22.0,3,3,"['Cabernet Sauvignon', 'Chardonnay', 'Pinot Noir']",US,California,"['Chalk Hill', 'Sonoma']"
13441,MAN Family Wines,85.8,11.0,86.0,11.0,4,3,"['Chenin Blanc', 'Pinotage', 'Cabernet Sauvignon']",South Africa,Coastal Region,[]
13442,MAN Vintners,86.3,10.7,86.0,11.0,26,6,"['Shiraz', 'Cabernet Sauvignon', 'Chenin Blanc', 'Pinotage', 'Chardonnay', 'Sauvignon Blanc']",South Africa,Coastal Region,[]
13443,MAN Vintners,83.8,10.6,84.0,11.0,5,2,"['Sauvignon Blanc', 'Pinotage']",South Africa,Western Cape,[]
13444,MC Wines,90.0,38.0,90.0,38.0,1,1,['Red Blend'],US,California,"['Napa Valley', 'Napa']"
13445,MC2,86.0,14.0,86.0,14.0,1,1,['Zinfandel'],US,California,"['California', 'California Other']"
13446,MCV,89.7,36.7,90.0,40.0,21,7,"['Red Blend', 'Rosé', 'Petite Sirah', 'White Blend', 'Syrah', 'Grenache', 'Viognier']",US,California,"['Paso Robles', 'Central Coast']"
13447,MICA Cellars,85.8,30.0,86.0,30.0,4,4,"['Cabernet Franc', 'Charbono', 'Red Blend', 'Pinot Noir']",US,California,"['Suisun Valley', 'North Coast']"
13448,MJ Galliard,81.0,16.0,81.0,16.0,1,1,['Cabernet Sauvignon'],Argentina,Mendoza Province,['Mendoza']
13449,Ma Verité,91.0,70.0,91.0,70.0,1,1,['Bordeaux-style Red Blend'],France,Bordeaux,['Haut-Médoc']
13450,Ma(i)sonry,88.0,40.0,88.0,40.0,1,1,['Sauvignon Blanc'],US,California,"['Napa Valley', 'Napa']"
13451,Maal,88.5,28.2,89.5,24.0,4,1,['Malbec'],Argentina,Mendoza Province,['Mendoza']
13452,MacCallum,92.0,35.0,92.0,35.0,1,1,['Pinot Noir'],US,Oregon,"['Willamette Valley', 'Willamette Valley']"
13453,MacCallum,90.0,28.0,90.0,28.0,1,1,['Malbec'],US,Washington,"['Columbia Valley (WA)', 'Columbia Valley']"
13454,MacLaren,90.8,39.1,91.0,40.0,26,3,"['Syrah', 'Sauvignon Blanc', 'Pinot Noir']",US,California,"['Bennett Valley', 'Sonoma']"
13455,MacLeod,89.7,27.3,90.0,28.0,3,2,"['Zinfandel', 'Sauvignon Blanc']",US,California,"['Sonoma Valley', 'Sonoma']"
13456,MacMurray Estate Vineyards,88.6,33.8,88.0,29.0,14,3,"['Pinot Gris', 'Chardonnay', 'Pinot Noir']",US,California,"['Russian River Valley', 'Sonoma']"
13457,MacMurray Ranch,87.3,31.7,87.0,27.5,30,3,"['Pinot Noir', 'Pinot Gris', 'Chardonnay']",US,California,"['Central Coast', 'Central Coast']"
13458,MacMurray Ranch,86.0,,86.0,,1,1,['Pinot Noir'],US,Oregon,"['Willamette Valley', 'Willamette Valley']"
13459,MacPhail,90.5,51.0,90.5,49.0,88,3,"['Pinot Noir', 'Chardonnay', 'Rosé']",US,California,"['Russian River Valley', 'Sonoma']"
13460,MacPhail,91.5,49.0,91.5,49.0,2,1,['Pinot Noir'],US,Oregon,"['Eola-Amity Hills', 'Willamette Valley']"
13461,MacRostie,89.9,37.7,90.0,35.0,60,4,"['Pinot Noir', 'Syrah', 'Chardonnay', 'Merlot']",US,California,"['Sonoma Coast', 'Sonoma']"
13462,Macari,86.6,27.3,87.0,23.5,52,12,"['Sauvignon Blanc', 'Merlot', 'Riesling', 'Cabernet Franc', 'Red Blend', 'Cabernet Merlot', 'Bordeaux-style Red Blend', 'Chardonnay', 'Syrah', 'Rosé', 'Sparkling Blend', 'White Blend']",US,New York,"['North Fork of Long Island', 'Long Island']"
13463,Macarico,89.0,,89.0,,2,1,['Aglianico'],Italy,Southern Italy,['Aglianico del Vulture']
13464,Macaron,87.0,15.0,87.0,15.0,1,1,['Glera'],Italy,Veneto,['Prosecco']
13465,Macauley,94.0,87.4,93.0,72.0,11,4,"['Sauvignon Blanc', 'Cabernet Sauvignon', 'Zinfandel', 'Sémillon']",US,California,"['Knights Valley', 'Sonoma']"
13466,Macaw Creek,86.0,17.0,86.0,17.0,1,1,['Grenache-Shiraz'],Australia,South Australia,['South Australia']
13467,Maccari Spumanti,86.2,,86.0,,6,2,"['Glera', 'Prosecco']",Italy,Veneto,['Valdobbiadene Superiore di Cartizze']
13468,Macchia,86.2,26.4,86.5,24.0,12,5,"['Primitivo', 'Zinfandel', 'Petite Sirah', 'Barbera', 'Sangiovese']",US,California,"['Lodi', 'Central Valley']"
13469,Macchialupa,85.0,26.0,85.0,26.0,2,2,"['Greco', 'Aglianico']",Italy,Southern Italy,['Greco di Tufo']
13470,Macedon,84.0,15.0,84.0,15.0,1,1,['Pinot Noir'],Macedonia,Tikves,[]
13471,Machherndl,88.2,21.6,88.0,20.0,21,4,"['Riesling', 'Grüner Veltliner', 'Pinot Blanc', 'Chardonnay']",Austria,Wachau,[]
13472,Machiavelli,87.4,28.3,88.0,27.5,9,3,"['Red Blend', 'Sangiovese', 'Cabernet Sauvignon']",Italy,Tuscany,['Chianti Classico']
13473,Machine Breaker,88.0,23.0,88.0,23.0,1,1,['Pinot Noir'],US,Oregon,"['Willamette Valley', 'Willamette Valley']"
13474,Macindoe,85.5,23.7,85.5,24.0,6,3,"['Roussanne', 'Pinot Noir', 'Melon']",US,Oregon,"['Columbia Valley (OR)', 'Oregon Other']"
13475,Mackey Vineyards,89.3,26.3,90.0,32.0,3,3,"['Syrah', 'Cabernet Sauvignon', 'Riesling']",US,Washington,"['Walla Walla Valley (WA)', 'Columbia Valley']"
13476,Mackinaw Trail,85.3,38.3,86.0,24.0,7,6,"['Cabernet Merlot', 'White Blend', 'Cabernet Franc', 'Chardonnay', 'Riesling', 'Syrah']",US,Michigan,['Michigan']
13477,Maclean,84.5,31.5,84.5,31.5,2,2,"['Cabernet Sauvignon', 'Sauvignon Blanc']",US,California,"['Napa Valley', 'Napa']"
13478,Macquariedale,83.0,22.0,83.0,22.0,1,1,['Shiraz'],Australia,New South Wales,['Hunter Valley']
13479,Maculan,88.4,28.7,87.0,18.0,15,6,"['Red Blend', 'White Blend', 'Sauvignon', 'Vespaiolo', 'Moscato', 'Cabernet Sauvignon']",Italy,Veneto,['Veneto']
13480,Mad Crush,84.5,10.0,84.5,10.0,2,1,['Red Blend'],US,California,"['California', 'California Other']"
13481,Mad Dogs & Englishmen,85.0,13.0,85.0,13.0,1,1,['Red Blend'],Spain,Central Spain,['Extremadura']
13482,Mad Dogs & Englishmen,85.0,10.2,84.5,10.0,4,1,['Red Blend'],Spain,Levante,['Jumilla']
13483,Mad Duck,84.0,18.0,84.0,18.0,1,1,['Zinfandel'],US,California,"['Lodi', 'Central Valley']"
13484,Mad Fish,87.2,17.4,87.5,15.0,6,5,"['Cabernet Sauvignon-Shiraz', 'Sauvignon Blanc', 'Riesling', 'Chardonnay', 'Sparkling Blend']",Australia,Western Australia,['Western Australia']
13485,Mad Hatter,92.0,58.0,92.0,58.0,1,1,['Bordeaux-style Red Blend'],US,California,"['Napa Valley', 'Napa']"
13486,Mad Housewife,86.0,10.0,86.0,10.0,1,1,['Merlot'],US,California,"['California', 'California Other']"
13487,Maddalena,85.5,15.3,86.0,15.0,59,8,"['Zinfandel', 'Cabernet Sauvignon', 'Chardonnay', 'Pinot Grigio', 'Muscat Canelli', 'Sauvignon Blanc', 'Riesling', 'Merlot']",US,California,"['Paso Robles', 'Central Coast']"
13488,Mademoiselle Comédie,87.0,13.5,87.0,13.5,2,2,"['Rosé', 'Bordeaux-style White Blend']",France,Bordeaux,['Bordeaux Rosé']
13489,Madison Chase Vineyards,85.0,45.0,85.0,45.0,1,1,['Cabernet Sauvignon'],US,California,"['Napa Valley', 'Napa']"
13490,Madison Ridge,84.8,11.2,84.5,11.0,6,4,"['Chardonnay', 'Cabernet Sauvignon', 'Merlot', 'Shiraz']",Australia,Australia Other,['South Eastern Australia']
13491,Madison Ridge,87.0,10.0,87.0,10.0,1,1,['Shiraz'],Australia,New South Wales,['New South Wales']
13492,Madmon,92.0,30.0,92.0,30.0,1,1,['Cabernet Sauvignon'],Israel,Shomron,[]
13493,Madonna Alta,88.0,28.7,88.0,25.0,3,2,"['Sagrantino', 'Red Blend']",Italy,Central Italy,['Sagrantino di Montefalco']
13494,Madonna Alta,87.0,16.0,87.0,16.0,1,1,['Red Blend'],Italy,Tuscany,['Toscana']
13495,Madonna Estate,88.0,28.0,88.0,28.0,1,1,['Chardonnay'],US,California,"['Carneros-Napa Valley', 'Napa']"
13496,Madonna Nera,88.0,47.0,87.0,41.5,4,2,"['Sangiovese', 'Red Blend']",Italy,Tuscany,['Brunello di Montalcino']
13497,Madonna delle Grazie,91.0,,91.0,,1,1,['Sangiovese'],Italy,Tuscany,['Brunello di Montalcino']
13498,Madorom,89.2,54.7,89.0,50.0,6,3,"['Red Blend', 'Merlot', 'Cabernet Sauvignon']",US,California,"['Napa Valley', 'Napa']"
13499,Madrigal,88.0,48.6,88.0,40.0,41,9,"['Petite Sirah', 'Bordeaux-style Red Blend', 'Zinfandel', 'Sauvignon Blanc', 'Cabernet Sauvignon', 'Cabernet Franc', 'Merlot', 'Tempranillo', 'Gewürztraminer']",US,California,"['Calistoga', 'Napa']"
13500,Madrone Mountain,89.0,31.0,89.0,31.0,2,2,"['Red Blend', 'White Blend']",US,Oregon,"['Oregon', 'Oregon Other']"
13501,Madroña,86.1,20.6,86.0,18.0,14,8,"['Riesling', 'Marsanne', 'Malbec', 'Zinfandel', 'Bordeaux-style Red Blend', 'Cabernet Sauvignon', 'Gewürztraminer', 'Port']",US,California,"['El Dorado', 'Sierra Foothills']"
13502,Maestral,87.0,40.0,87.0,40.0,1,1,['Riesling'],US,California,"['Santa Lucia Highlands', 'Central Coast']"
13503,Maestro Sanguineti,86.0,16.0,86.0,16.0,1,1,['Red Blend'],Italy,Tuscany,['Toscana']
13504,Maestro di Antichi Castelli,88.0,34.0,88.0,34.0,1,1,['Sangiovese'],Italy,Tuscany,['Brunello di Montalcino']
13505,Maetierra Dominum,90.0,23.5,90.0,23.5,2,1,['Tempranillo Blend'],Spain,Northern Spain,['Rioja']
13506,Magali,87.5,60.0,87.5,60.0,2,1,['Syrah'],US,California,"['Santa Ynez Valley', 'Central Coast']"
13507,Maggio,86.0,9.0,86.0,9.0,1,1,['Zinfandel'],US,California,"['Lodi', 'Central Valley']"
13508,Maggio Vini,84.0,23.0,84.0,23.0,1,1,['Moscato'],Italy,Sicily & Sardinia,['Sicilia']
13509,Maggiovini,85.0,13.5,84.5,14.0,6,4,"['Red Blend', 'Cabernet Sauvignon', ""Nero d'Avola"", 'Insolia']",Italy,Sicily & Sardinia,['Sicilia']
13510,Maggy Hawk,90.3,66.0,91.0,66.0,11,1,['Pinot Noir'],US,California,"['Anderson Valley', 'Mendocino/Lake Counties']"
13511,Magic Door,86.5,30.5,86.5,30.5,2,2,"['Sauvignon Blanc', 'Cabernet Sauvignon']",US,California,"['Oakville', 'Napa']"
13512,Magic Maker,86.0,15.0,86.0,15.0,1,1,['Rosé'],US,California,"['California', 'California Other']"
13513,Magistrate,85.5,17.9,85.0,17.0,17,6,"['Chardonnay', 'Merlot', 'Pinot Noir', 'Cabernet Sauvignon', 'Meritage', 'Red Blend']",US,California,"['Santa Barbara County', 'Central Coast']"
13514,Magito,85.8,18.0,86.5,18.0,4,4,"['Sauvignon Blanc', 'Bordeaux-style Red Blend', 'Zinfandel', 'Cabernet Blend']",US,California,"['North Coast', 'North Coast']"
13515,Magna Mater,89.5,28.0,89.5,28.0,2,1,['Sauvignon Blanc'],US,California,"['Happy Canyon of Santa Barbara', 'Central Coast']"
13516,Magness,86.5,20.6,87.0,20.0,17,5,"['Cabernet Sauvignon', 'Red Blend', 'Merlot', 'Chardonnay', 'Pinot Noir']",US,California,"['Napa Valley', 'Napa']"
13517,Magnificent Wine Company,87.3,13.5,87.0,12.0,15,8,"['Red Blend', 'Syrah', 'Pinot Noir', 'White Blend', 'Sauvignon Blanc', 'Cabernet Sauvignon', 'Riesling', 'Chardonnay']",US,Washington,"['Columbia Valley (WA)', 'Columbia Valley']"
13518,Magnitude,88.0,50.0,88.0,50.0,1,1,['Cabernet Franc'],US,California,"['Oakville', 'Napa']"
13519,Magnolia Court,83.7,14.0,84.0,14.0,7,4,"['Pinot Noir', 'Chardonnay', 'Cabernet Sauvignon', 'Sauvignon Blanc']",US,California,"['Central Coast', 'Central Coast']"
13520,Magnum Vinhos,88.2,20.3,89.0,10.0,12,2,"['Portuguese Red', 'Portuguese White']",Portugal,Alentejano,[]
13521,Magnum Vinhos,89.0,22.8,89.0,18.0,8,2,"['Portuguese White', 'Portuguese Red']",Portugal,Douro,[]
13522,Magnum Vinhos,90.0,20.9,90.0,19.0,22,4,"['Portuguese Red', 'Touriga Nacional', 'Encruzado', 'Portuguese White']",Portugal,Dão,[]
13523,Magnífico,85.0,10.0,85.0,10.0,1,1,['Grenache'],Spain,Northern Spain,['Cariñena']
13524,Magpie Estate,90.0,17.0,90.0,17.0,1,1,['Shiraz-Grenache'],Australia,South Australia,['Barossa Valley']
13525,Mahi,89.0,26.7,90.0,30.0,3,2,"['Sauvignon Blanc', 'Pinot Noir']",New Zealand,Marlborough,[]
13526,Mahoney,87.9,25.4,87.0,24.0,21,8,"['Chardonnay', 'Pinot Noir', 'Montepulciano', 'Syrah', 'Tempranillo', 'Vermentino', 'Albariño', 'Riesling']",US,California,"['Carneros', 'Napa-Sonoma']"
13527,Mahonia,86.5,18.5,86.5,17.0,4,4,"['Chardonnay', 'Pinot Gris', 'Rosé', 'Pinot Noir']",US,Oregon,"['Willamette Valley', 'Willamette Valley']"
13528,MaidenStoen,90.0,22.0,90.0,22.0,5,1,['Riesling'],US,California,"['Monterey County', 'Central Coast']"
13529,Mailly Grand Cru,90.4,71.8,91.0,55.0,51,3,"['Champagne Blend', 'Pinot Noir', 'Chardonnay']",France,Champagne,['Champagne']
13530,Maimai,87.0,19.5,87.0,20.0,4,3,"['Sauvignon Blanc', 'Syrah', 'Merlot-Malbec']",New Zealand,Hawke's Bay,[]
13531,Main & Geary,83.9,17.3,83.0,18.0,11,5,"['Cabernet Sauvignon', 'Chardonnay', 'Petite Sirah', 'Pinot Grigio', 'Zinfandel']",US,California,"['Napa Valley', 'Napa']"
13532,Main Divide,86.0,25.0,86.0,25.0,1,1,['Pinot Noir'],New Zealand,Canterbury,[]
13533,Main Divide,85.0,23.5,85.0,23.5,2,2,"['Sauvignon Blanc', 'Pinot Noir']",New Zealand,Marlborough,[]
13534,Main Divide,88.0,18.0,88.0,18.0,1,1,['Riesling'],New Zealand,New Zealand,[]
13535,Main Divide,88.0,20.5,88.0,20.5,2,2,"['Pinot Noir', 'Chardonnay']",New Zealand,Waipara Valley,[]
13536,Main Street,84.3,10.4,84.0,10.0,7,5,"['Merlot', 'Sauvignon Blanc', 'Cabernet Sauvignon', 'Pinot Noir', 'Chardonnay']",US,California,"['Monterey County', 'Central Coast']"
13537,Maior de Mendoza,88.1,22.7,88.0,20.0,7,1,['Albariño'],Spain,Galicia,['Rías Baixas']
13538,Maipe,86.3,13.4,86.0,13.0,14,5,"['Cabernet Sauvignon', 'Bonarda', 'Malbec', 'Rosé', 'Sauvignon Blanc']",Argentina,Mendoza Province,['Mendoza']
13539,Maipe,86.0,13.0,86.0,13.0,1,1,['Torrontés'],Argentina,Other,['Salta']
13540,Mairena,86.0,18.0,86.0,18.0,1,1,['Malbec'],Argentina,Mendoza Province,['Mendoza']
13541,Maison Ambroise,89.0,39.0,89.0,39.0,1,1,['Pinot Noir'],France,Burgundy,['Côte de Nuits-Villages']
13542,Maison Angelvin,89.7,29.0,90.0,29.0,3,1,['Rosé'],France,Provence,['Côtes de Provence']
13543,Maison Basque,82.0,24.0,82.0,24.0,1,1,['Zinfandel'],US,California,"['California', 'California Other']"
13544,Maison Belle Claire,84.5,16.5,84.5,16.5,2,1,['Rosé'],France,Provence,['Côtes de Provence']
13545,Maison Bertrand Ravache,88.0,13.0,88.0,13.0,1,1,['Bordeaux-style White Blend'],France,Bordeaux,['Bordeaux Blanc']
13546,Maison Bleue,91.4,33.6,92.0,35.0,40,11,"['Syrah', 'Grenache', 'Viognier', 'Rhône-style Red Blend', 'Chardonnay', 'Marsanne', 'Roussanne', 'White Blend', 'Rhône-style White Blend', 'Red Blend', 'Cabernet Sauvignon']",US,Washington,"['Walla Walla Valley (WA)', 'Columbia Valley']"
13547,Maison Bouachon,86.8,36.0,87.0,28.5,4,1,['Rhône-style Red Blend'],France,Rhône Valley,['Côtes du Rhône']
13548,Maison Bouey,85.9,15.2,86.0,15.0,20,3,"['Bordeaux-style Red Blend', 'Rosé', 'Bordeaux-style White Blend']",France,Bordeaux,['Haut-Médoc']
13549,Maison Champy,89.0,67.2,89.0,54.0,70,2,"['Pinot Noir', 'Chardonnay']",France,Burgundy,['Mazis-Chambertin']
13550,Maison Charles Père et Fils,86.7,,87.0,,3,2,"['Chardonnay', 'Gamay']",France,Burgundy,['Bourgogne']
13551,Maison Denuzière,83.0,18.0,83.0,18.0,1,1,['Rosé'],France,Provence,['Côtes de Provence']
13552,Maison Denuzière,90.0,14.0,90.0,14.0,1,1,['Rosé'],France,Rhône Valley,['Luberon']
13553,Maison Duhard,84.0,10.0,84.0,10.0,1,1,['Bordeaux-style Red Blend'],France,Bordeaux,['Bordeaux']
13554,Maison Ginestet,87.0,20.0,87.0,20.0,1,1,['Bordeaux-style Red Blend'],France,Bordeaux,['Bordeaux Clairet']
13555,Maison Givas,87.3,17.0,88.0,18.0,3,1,['Bordeaux-style Red Blend'],France,Bordeaux,['Bordeaux']
13556,Maison Hebrard,85.7,11.7,85.0,11.0,3,1,['Bordeaux-style Red Blend'],France,Bordeaux,['Cadillac Côtes de Bordeaux']
13557,Maison Jean-Baptiste Béjot,84.0,15.0,84.0,15.0,1,1,['Gamay'],France,Beaujolais,['Beaujolais-Villages']
13558,Maison Jean-Baptiste Béjot,87.2,13.0,87.0,13.0,4,2,"['Chardonnay', 'Pinot Noir']",France,Burgundy,['Puligny-Montrachet']
13559,Maison Jessiaume,91.3,118.2,92.5,105.0,28,2,"['Pinot Noir', 'Chardonnay']",France,Burgundy,['Clos de Vougeot']
13560,Maison L'Envoyé,91.0,30.0,91.0,30.0,1,1,['Pinot Noir'],Australia,Tasmania,['Tasmania']
13561,Maison L'Envoyé,86.0,20.0,86.0,20.0,1,1,['Chardonnay'],France,Burgundy,['Bourgogne']
13562,Maison L'Envoyé,87.1,33.3,87.0,30.0,9,1,['Pinot Noir'],US,Oregon,"['Willamette Valley', 'Willamette Valley']"
13563,Maison Malet Roquefort,87.3,15.4,87.0,14.0,6,2,"['Bordeaux-style White Blend', 'Bordeaux-style Red Blend']",France,Bordeaux,['Bordeaux Blanc']
13564,Maison Marcel,85.0,12.0,85.0,12.0,1,1,['Rosé'],France,France Other,['Mediterranée']
13565,Maison Matisco,86.5,30.0,87.0,30.0,4,1,['Chardonnay'],France,Burgundy,['Pouilly-Fuissé']
13566,Maison Nicolas,84.5,9.0,84.5,9.0,2,2,"['Rosé', 'Pinot Noir']",France,Languedoc-Roussillon,['Gard']
13567,Maison Nicolas,85.0,10.0,85.0,10.0,1,1,['Sauvignon Blanc'],France,Southwest France,['Côtes de Gascogne']
13568,Maison Nicolas Perrin,88.0,17.0,88.0,17.0,1,1,['Syrah'],France,France Other,['Vin de France']
13569,Maison Nicolas Perrin,90.7,65.6,90.0,71.0,15,5,"['Syrah', 'Rhône-style Red Blend', 'Viognier', 'Marsanne-Roussanne', 'Rhône-style White Blend']",France,Rhône Valley,['Hermitage']
13570,Maison Saint Aix,89.7,19.7,90.0,20.0,3,1,['Rosé'],France,Provence,"[""Coteaux d'Aix-en-Provence""]"
13571,Maison Sichel,86.5,12.3,86.5,12.0,6,2,"['Bordeaux-style White Blend', 'Bordeaux-style Red Blend']",France,Bordeaux,['Bordeaux Blanc']
13572,Maison Stéphane Brocard,88.2,27.9,88.0,20.5,12,3,"['Pinot Noir', 'Chardonnay', 'Aligoté']",France,Burgundy,['Gevrey-Chambertin']
13573,Maison de la Villette,85.8,9.8,86.5,10.0,6,4,"['Pinot Noir', 'Chardonnay', 'Viognier', 'Rhône-style Red Blend']",France,France Other,['Vin de France']
13574,Maison des 3 Ponts,84.5,12.0,84.5,12.0,2,2,"['Chardonnay', 'Sauvignon Blanc']",France,France Other,['Charentais']
13575,Maison des Bulliats,86.0,,86.0,,1,1,['Gamay'],France,Beaujolais,['Régnié']
13576,Maison du Midi,89.0,23.0,89.0,23.0,1,1,['Rhône-style Red Blend'],France,Rhône Valley,['Côtes du Rhône Villages']
13577,Maisonry,87.3,36.0,88.0,38.0,7,4,"['Marsanne', 'Tempranillo', 'Sauvignon Blanc', 'Chardonnay']",US,California,"['Napa Valley', 'Napa']"
13578,Maitea,85.7,13.0,85.0,12.0,3,2,"['Tempranillo', 'Verdejo']",Spain,Northern Spain,['Ribera del Duero']
13579,Majolini,89.3,39.8,89.0,41.0,13,3,"['Sparkling Blend', 'Chardonnay', 'Pinot Nero']",Italy,Lombardy,['Franciacorta']
13580,Mak,87.0,17.0,87.0,17.0,2,2,"['Shiraz', 'Chardonnay']",Australia,South Australia,['Clare Valley']
13581,Makana,90.0,77.5,90.0,77.5,2,2,"['Cabernet Franc', 'Cabernet Sauvignon']",US,California,"['Diamond Mountain District', 'Napa']"
13582,Makara,88.0,12.0,88.0,12.0,1,1,['Sauvignon Blanc'],New Zealand,Marlborough,[]
13583,Makulu,84.2,6.2,84.0,6.0,4,4,"['Sauvignon Blanc', 'Cabernet Sauvignon', 'Moscato', 'Shiraz']",South Africa,Western Cape,[]
13584,Makura Estate,91.5,75.0,91.5,75.0,2,2,"['Red Blend', 'Cabernet Sauvignon']",Israel,Upper Galilee,[]
13585,Malabaila,87.5,30.3,88.0,22.0,6,2,"['Nebbiolo', 'Arneis']",Italy,Piedmont,['Roero']
13586,Malacari,86.0,18.0,86.0,18.0,1,1,['Montepulciano'],Italy,Central Italy,['Rosso Conero']
13587,Malan,86.0,8.0,86.0,8.0,1,1,['Chardonnay'],South Africa,Stellenbosch,[]
13588,Malat,86.0,36.0,86.0,36.0,1,1,['Sauvignon Blanc'],Austria,Austria,[]
13589,Malat,89.5,35.5,89.5,35.5,2,1,['Grüner Veltliner'],Austria,Kamptal,[]
13590,Malat,91.6,37.4,92.0,36.0,34,6,"['Riesling', 'Grüner Veltliner', 'Cabernet Sauvignon', 'Pinot Noir', 'St. Laurent', 'Sauvignon Blanc']",Austria,Kremstal,[]
13591,Malat,92.0,41.0,92.0,48.0,3,2,"['Pinot Noir', 'Sparkling Blend']",Austria,Niederösterreich,[]
13592,Malat,88.0,24.5,88.0,24.5,2,1,['Pinot Blanc'],Austria,Wachau,[]
13593,Malat,91.5,44.0,91.5,44.0,2,1,['Sparkling Blend'],Austria,Österreichischer Sekt,[]
13594,Malatinszky,85.0,75.0,85.0,75.0,2,1,['Cabernet Franc'],Hungary,Villány,[]
13595,Malavasi Daniele,88.0,19.3,88.0,19.0,3,1,['Turbiana'],Italy,Lombardy,['Lugana']
13596,Maldonado,89.5,43.8,90.0,42.0,12,6,"['Chardonnay', 'Cabernet Sauvignon', 'Pinot Noir', 'Pinot Gris', 'Syrah', 'Red Blend']",US,California,"['Napa Valley', 'Napa']"
13597,Malene Wines,91.0,22.0,91.0,22.0,2,1,['Rosé'],US,California,"['Central Coast', 'Central Coast']"
13598,Malesan,85.2,11.0,85.0,10.0,6,2,"['Bordeaux-style Red Blend', 'Bordeaux-style White Blend']",France,Bordeaux,['Bordeaux']
13599,Maley Brothers Vineyards,91.0,32.5,91.0,32.5,2,1,['Zinfandel'],US,California,"['Mokelumne River', 'Central Valley']"
13600,Malgra,87.0,20.0,87.0,17.0,3,2,"['Barbera', 'Moscato']",Italy,Piedmont,"[""Barbera d'Asti Superiore Nizza""]"
13601,Malgrà,88.0,39.0,88.0,39.0,1,1,['Nebbiolo'],Italy,Piedmont,['Barolo']
13602,Malibràn,86.7,22.1,87.0,20.0,14,2,"['Glera', 'Prosecco']",Italy,Veneto,['Conegliano Valdobbiadene Prosecco Superiore']
13603,Malibu,83.3,33.6,83.0,30.0,11,6,"['Cabernet Sauvignon-Cabernet Franc', 'Cabernet Franc', 'Bordeaux-style Red Blend', 'Syrah', 'Sangiovese', 'Meritage']",US,California,"['California', 'California Other']"
13604,Malibu Rocky Oaks,88.0,24.4,88.0,26.0,9,5,"['Syrah', 'Cabernet Franc', 'Cabernet Sauvignon', 'Chardonnay', 'Pinot Noir']",US,California,['South Coast']
13605,Malk,89.0,60.6,90.0,70.0,10,3,"['Pinot Noir', 'Sauvignon Blanc', 'Cabernet Sauvignon']",US,California,"['Sonoma Coast', 'Sonoma']"
13606,Mallea,89.7,26.7,89.0,25.0,3,3,"['Cabernet Sauvignon', 'Merlot', 'Syrah']",US,California,"['Santa Barbara County', 'Central Coast']"
13607,Malm,86.0,26.0,86.0,26.0,1,1,['Pinot Noir'],US,California,"['Anderson Valley', 'Mendocino/Lake Counties']"
13608,Malondro,85.5,21.5,85.5,21.5,2,1,['Red Blend'],Spain,Catalonia,['Montsant']
13609,Maloney,91.3,65.0,91.0,65.0,3,1,['Cabernet Sauvignon'],US,Washington,"['Columbia Valley (WA)', 'Columbia Valley']"
13610,Malumbres,85.5,14.5,85.5,14.5,2,2,"['Tempranillo Blend', 'Garnacha']",Spain,Northern Spain,['Navarra']
13611,Malvirà,86.3,32.9,86.0,25.0,11,2,"['Nebbiolo', 'Arneis']",Italy,Piedmont,['Barolo']
13612,Malvolio,92.0,48.0,92.0,48.0,2,1,['Pinot Noir'],US,California,"['Arroyo Grande Valley', 'Central Coast']"
13613,Mamarracho,85.0,11.0,85.0,11.0,1,1,['Red Blend'],Spain,Levante,['Valencia']
13614,Mamete Prevostini,86.7,50.7,86.0,42.0,3,1,['Nebbiolo'],Italy,Lombardy,['Valtellina Superiore']
13615,Man O' War,89.3,35.3,90.0,35.0,7,5,"['Bordeaux-style Red Blend', 'Syrah', 'Merlot-Cabernet', 'Chardonnay', 'Sauvignon Blanc-Semillon']",New Zealand,Waiheke Island,[]
13616,Mana,84.5,16.0,85.0,16.0,4,1,['Pinot Noir'],New Zealand,Marlborough,[]
13617,Manara,88.5,31.1,88.0,29.5,12,2,"['Corvina, Rondinella, Molinara', 'Red Blend']",Italy,Veneto,['Valpolicella Classico Superiore Ripasso']
13618,Manaresi,89.0,30.0,89.0,30.0,1,1,['Red Blend'],Italy,Central Italy,['Colli Bolognesi']
13619,Manastira,87.3,15.3,87.5,16.0,6,5,"['Cabernet Sauvignon', 'Mavrud', 'Muskat Ottonel', 'Chardonnay', 'Rosé']",Bulgaria,Thracian Valley,[]
13620,Mancan,85.3,5.0,85.0,5.0,3,3,"['Red Blend', 'White Blend', 'Sparkling Blend']",US,California,"['California', 'California Other']"
13621,Manciat-Poncet,84.0,24.0,84.0,24.0,3,1,['Chardonnay'],France,Burgundy,['Saint-Véran']
13622,Mancura,83.3,12.7,82.0,12.0,3,3,"['Viognier', 'Red Blend', 'Chardonnay']",Chile,Casablanca Valley,[]
13623,Mancura,86.0,12.6,86.0,12.0,5,4,"['Bordeaux-style Red Blend', 'Carmenère', 'Cabernet Sauvignon', 'Red Blend']",Chile,Maipo Valley,[]
13624,Mancura,86.0,12.3,87.0,12.0,3,1,['Carignan'],Chile,Maule Valley,[]
13625,Mandois,93.0,100.0,93.0,100.0,1,1,['Champagne Blend'],France,Champagne,['Champagne']
13626,Mandolin,85.6,10.2,85.0,10.0,8,5,"['Chardonnay', 'Riesling', 'Cabernet Sauvignon', 'Merlot', 'Syrah']",US,California,"['Monterey', 'Central Coast']"
13627,Mandolina,84.4,19.7,84.0,18.0,7,5,"['Pinot Grigio', 'Red Blend', 'Nebbiolo', 'Malvasia Bianca', 'Sangiovese']",US,California,"['Santa Barbara County', 'Central Coast']"
13628,MandraRossa,86.2,11.8,86.0,10.0,36,15,"['Rosé', 'Zibibbo', 'Grecanico', 'Sauvignon', 'Grillo', 'Red Blend', 'Syrah', ""Nero d'Avola"", 'Fiano', 'White Blend', 'Pinot Grigio', 'Viognier', 'Chardonnay', 'Shiraz', 'Cabernet Sauvignon-Shiraz']",Italy,Sicily & Sardinia,['Terre Siciliane']
13629,Mandu,85.0,13.0,85.0,13.0,2,1,['Cabernet Sauvignon'],Australia,Western Australia,['Margaret River']
13630,Manenti,87.0,,87.0,,1,1,['Red Blend'],Italy,Sicily & Sardinia,['Cerasuolo di Vittoria']
13631,Manfred Tement,90.2,,90.0,,4,2,"['Sauvignon Blanc', 'Weissburgunder']",Austria,Südoststeiermark,[]
13632,Manfred Tement,90.3,55.0,90.5,55.0,10,2,"['Sauvignon Blanc', 'White Blend']",Austria,Südsteiermark,[]
13633,Manfred Weiss,84.0,,84.0,,1,1,['Grüner Veltliner'],Austria,Neusiedlersee,[]
13634,Manfried,84.0,20.0,84.0,20.0,1,1,['Riesling'],Germany,Franken,[]
13635,Mangiacane,88.0,30.0,88.0,30.0,2,1,['Red Blend'],Italy,Tuscany,['Chianti Classico']
13636,Mania,86.0,15.0,86.0,15.0,1,1,['Verdejo'],Spain,Northern Spain,['Rueda']
13637,Manifesto!,86.6,15.7,87.0,15.0,7,4,"['Zinfandel', 'Cabernet Sauvignon', 'Sauvignon Blanc', 'Chardonnay']",US,California,"['California', 'California Other']"
13638,Manilow,86.5,15.0,86.5,15.0,2,2,"['Pinot Grigio', 'Merlot']",Italy,Central Italy,['Terre di Chieti']
13639,Manimurci,87.5,,86.5,,4,2,"['Aglianico', 'Greco Bianco']",Italy,Southern Italy,['Taurasi']
13640,Manincor,88.8,31.7,88.5,32.0,16,6,"['Pinot Bianco', 'Chardonnay', 'Pinot Nero', 'Sauvignon', 'White Blend', 'Moscato Giallo']",Italy,Northeastern Italy,['Alto Adige Terlano']
13641,Maniña,83.4,13.0,83.0,13.0,5,2,"['Sauvignon Blanc', 'Cabernet Sauvignon']",Chile,Central Valley,[]
13642,Mannina Cellars,88.2,22.8,88.0,22.0,21,6,"['Syrah', 'Cabernet Sauvignon', 'Merlot', 'Red Blend', 'Sangiovese', 'Bordeaux-style Red Blend']",US,Washington,"['Walla Walla Valley (WA)', 'Columbia Valley']"
13643,Mannucci Droandi,86.2,25.8,86.5,27.5,4,1,['Red Blend'],Italy,Tuscany,['Chianti Classico']
13644,Mano A Mano,86.8,14.2,87.0,11.5,14,3,"['Tempranillo', 'Syrah', 'Red Blend']",Spain,Central Spain,['Vino de la Tierra de Castilla']
13645,Manoir de la Tête Rouge,87.7,26.0,89.0,25.0,3,2,"['Chenin Blanc', 'Cabernet Franc']",France,Loire Valley,['Saumur']
13646,Manoir du Capucin,87.7,27.3,87.0,32.0,3,1,['Chardonnay'],France,Burgundy,['Pouilly-Fuissé']
13647,Manoir du Carra,86.0,16.0,86.0,16.0,1,1,['Gamay'],France,Beaujolais,['Beaujolais-Villages']
13648,Manolesaki,86.7,19.0,86.0,19.0,3,3,"['Malagousia', 'Cabernet Blend', 'Syrah']",Greece,Drama,[]
13649,Manookian,87.0,50.0,87.0,50.0,1,1,['Cabernet Sauvignon'],US,California,"['Howell Mountain', 'Napa']"
13650,Manos Negras,84.8,18.4,85.0,16.5,8,2,"['Malbec', 'Chardonnay']",Argentina,Mendoza Province,['Mendoza']
13651,Manos Negras,84.8,15.5,85.5,15.0,4,1,['Pinot Noir'],Argentina,Other,['Patagonia']
13652,Manousakis,89.0,19.0,89.0,19.0,1,1,['Rhône-style Red Blend'],Greece,Crete,[]
13653,Manross,89.5,56.0,89.5,56.0,2,1,['Pinot Noir'],US,California,['Anderson Valley']
13654,Mansard,85.0,,85.0,,1,1,['Champagne Blend'],France,Champagne,['Champagne']
13655,Mansfield-Dunne,90.9,42.9,91.0,48.0,7,1,['Pinot Noir'],US,California,"['Santa Lucia Highlands', 'Central Coast']"
13656,Mansion Creek,83.0,24.0,83.0,24.0,1,1,['Cabernet Sauvignon'],US,Washington,"['Walla Walla Valley (WA)', 'Columbia Valley']"
13657,Manta,86.0,6.0,86.0,6.0,1,1,['Sauvignon Blanc'],Chile,Central Valley,[]
13658,Mantel Blanco,85.0,16.0,85.0,16.0,1,1,['Verdejo'],Spain,Northern Spain,['Rueda']
13659,Manteo,87.0,18.0,87.0,18.0,1,1,['Red Blend'],US,California,"['Sonoma County', 'Sonoma']"
13660,Mantlerhof,90.3,28.2,90.0,30.0,6,2,"['Riesling', 'Grüner Veltliner']",Austria,Kremstal,[]
13661,Mantra,84.5,35.5,85.5,30.0,6,4,"['Cabernet Sauvignon', 'Syrah', 'Zinfandel', 'Primitivo']",US,California,"['Alexander Valley', 'Sonoma']"
13662,Manu Propria,89.7,35.0,89.0,35.0,3,1,['Cabernet Sauvignon'],US,Washington,"['Yakima Valley', 'Columbia Valley']"
13663,Manuel Carvalho Martins,90.2,16.6,90.0,15.0,5,2,"['Portuguese White', 'Portuguese Red']",Portugal,Douro,[]
13664,Manuel Manzaneque,84.5,30.0,84.5,30.0,2,1,['Red Blend'],Spain,Central Spain,['Finca Élez']
13665,Manuel Manzaneque Suárez,88.0,21.0,88.0,21.0,2,1,['Tempranillo'],Spain,Central Spain,['La Mancha']
13666,Manuel Olivier,88.3,45.5,88.0,39.0,85,5,"['Pinot Noir', 'Aligoté', 'Chardonnay', 'Rosé', 'Sparkling Blend']",France,Burgundy,['Vosne-Romanée']
13667,Manuel Seguin,87.0,26.2,88.5,22.0,6,2,"['Chardonnay', 'Pinot Noir']",France,Burgundy,['Pouilly-Fuissé']
13668,Manyana,84.0,8.8,84.5,9.0,4,2,"['Tempranillo', 'Garnacha']",Spain,Northern Spain,['Cariñena']
13669,Manzanita Creek,85.8,33.5,85.0,32.0,17,4,"['Syrah', 'Chardonnay', 'Pinot Noir', 'Zinfandel']",US,California,"['Alexander Valley', 'Sonoma']"
13670,Manzini,87.5,,87.5,,2,1,"['Corvina, Rondinella, Molinara']",Italy,Veneto,['Amarone della Valpolicella Classico']
13671,Manzone,89.5,30.8,88.0,26.5,4,2,"['Barbera', 'Nebbiolo']",Italy,Piedmont,"[""Barbera d'Alba""]"
13672,Manzone Fratelli,90.0,41.0,90.0,39.0,3,1,['Nebbiolo'],Italy,Piedmont,['Barolo']
13673,Manzoni,86.8,31.3,87.0,28.0,31,4,"['Chardonnay', 'Pinot Noir', 'Pinot Gris', 'Syrah']",US,California,"['Santa Lucia Highlands', 'Central Coast']"
13674,Manzwine,89.0,19.0,89.0,19.0,1,1,['Portuguese Red'],Portugal,Douro,[]
13675,Manzwine,88.2,17.3,88.0,14.0,6,3,"['Portuguese Red', 'Rosé', 'Jampal']",Portugal,Lisboa,[]
13676,Manzwine,91.0,16.0,91.0,16.0,1,1,['Portuguese Red'],Portugal,Península de Setúbal,[]
13677,Mapema,87.3,38.0,87.0,31.0,3,3,"['Bordeaux-style Red Blend', 'Sauvignon Blanc', 'Malbec']",Argentina,Mendoza Province,['Mendoza']
13678,Maple Creek,91.0,36.0,91.0,36.0,1,1,['Chardonnay'],US,California,"['Yorkville Highlands', 'North Coast']"
13679,Maple Lane,86.0,50.0,86.0,50.0,1,1,['Cabernet Sauvignon'],US,California,"['Napa Valley', 'Napa']"
13680,Maple Ridge,86.0,8.0,86.0,8.0,1,1,['Chardonnay'],US,California,"['California', 'California Other']"
13681,Mapreco,82.3,8.0,83.0,8.0,3,2,"['Rosé', 'Portuguese White']",Portugal,Vinho Verde,[]
13682,Maquis,88.6,27.2,88.5,20.0,22,5,"['Cabernet Sauvignon', 'Red Blend', 'Carmenère', 'Cabernet Franc-Carmenère', 'Cabernet Franc']",Chile,Colchagua Valley,[]
13683,Mar de Castilla,82.0,9.0,82.0,9.0,2,2,"['Tempranillo Blend', 'Verdejo']",Spain,Northern Spain,['Vino de la Tierra de Castilla y León']
13684,Mar de Envero,87.0,22.0,87.0,22.0,1,1,['Albariño'],Spain,Galicia,['Rías Baixas']
13685,Mar de Frades,86.9,23.6,88.0,25.0,10,1,['Albariño'],Spain,Galicia,['Rías Baixas']
13686,Mar de León,81.0,7.0,81.0,7.0,1,1,['Tempranillo'],Spain,Northern Spain,['Vino de la Tierra de Castilla y León']
13687,Mar de Viñas,87.0,17.5,87.5,17.0,6,1,['Albariño'],Spain,Galicia,['Rías Baixas']
13688,Mara,85.2,31.8,84.5,28.0,4,4,"['Sauvignon Blanc', 'Pinot Noir', 'Red Blend', 'Zinfandel']",US,California,"['Sonoma County', 'Sonoma']"
13689,Marabino,87.3,33.8,87.0,34.0,7,4,"[""Nero d'Avola"", 'Moscato', 'White Blend', 'Chardonnay']",Italy,Sicily & Sardinia,['Noto']
13690,Maragas,85.5,24.0,85.5,24.0,2,2,"['Tempranillo', 'Red Blend']",US,Oregon,"['Applegate Valley', 'Southern Oregon']"
13691,Maragas,82.0,20.0,82.0,20.0,1,1,['Pinot Gris'],US,Washington,"['Yakima Valley', 'Columbia Valley']"
13692,Marangona,90.3,19.0,91.0,18.0,9,1,['Turbiana'],Italy,Lombardy,['Lugana']
13693,Marani,88.0,15.0,88.5,14.5,6,4,"['Saperavi', 'Rkatsiteli', 'White Blend', 'Saperavi-Merlot']",Georgia,Kakheti,[]
13694,Maray,85.1,17.1,86.0,17.0,9,6,"['Red Blend', 'Muscat', 'Chardonnay', 'Sauvignon Blanc', 'Pinot Noir', 'Syrah']",Chile,Limarí Valley,[]
13695,Marc Bredif,86.5,20.0,86.5,20.0,2,2,"['Cabernet Franc', 'Chenin Blanc']",France,Loire Valley,['Chinon']
13696,Marc Deschamps,85.0,19.0,85.0,19.0,1,1,['Sauvignon Blanc'],France,Loire Valley,['Pouilly-Fumé']
13697,Marc Dupas,84.0,12.0,84.0,12.0,1,1,['Melon'],France,Loire Valley,['Muscadet Sèvre et Maine']
13698,Marc Hebrart,85.0,,85.0,,1,1,['Champagne Blend'],France,Champagne,['Champagne']
13699,Marc Kreydenweiss,88.1,43.2,88.0,38.0,29,5,"['Pinot Gris', 'Pinot Blanc', 'Gewürztraminer', 'Alsace white blend', 'Riesling']",France,Alsace,['Alsace']
13700,Marc Sorrel,91.9,108.8,91.0,107.5,8,2,"['Marsanne', 'Syrah']",France,Rhône Valley,['Hermitage']
13701,Marcarini,90.0,41.9,91.0,50.0,23,4,"['Dolcetto', 'Barbera', 'Nebbiolo', 'Moscato']",Italy,Piedmont,"[""Dolcetto d'Alba""]"
13702,Marcato,86.3,15.7,86.0,15.0,7,1,['Garganega'],Italy,Veneto,['Soave Classico']
13703,Marcaurelio,86.0,,86.0,,1,1,['Barbera'],Italy,Piedmont,"[""Barbera d'Asti""]"
13704,Marcel Couturier,88.7,31.4,89.5,30.5,10,1,['Chardonnay'],France,Burgundy,['Mâcon-Loché']
13705,Marcel Hemard,86.0,,86.0,,1,1,['Champagne Blend'],France,Champagne,['Champagne']
13706,Marcel Hugg,88.0,17.0,88.0,17.0,1,1,['Riesling'],France,Alsace,['Alsace']
13707,Marcel Lapierre,89.5,26.0,89.5,26.0,2,1,['Gamay'],France,Beaujolais,['Morgon']
13708,Marcel Lapierre,84.0,,84.0,,1,1,['Gamay'],France,France Other,['Vin de Table Francais']
13709,Marcel Martin,84.0,8.0,84.0,8.0,1,1,['Sparkling Blend'],France,France Other,['Vin Mousseux']
13710,Marcel Martin,85.0,,85.0,,1,1,['Sauvignon Blanc'],France,Loire Valley,['Touraine']
13711,Marcel Moineaux,88.0,50.0,88.0,50.0,1,1,['Chardonnay'],France,Champagne,['Champagne']
13712,Marcella Giuliani,88.0,26.5,88.0,26.5,2,1,"[""Cesanese d'Affile""]",Italy,Central Italy,['Cesanese del Piglio']
13713,Marcello Turra,86.0,,86.0,,2,1,['Garganega'],Italy,Veneto,['Soave']
13714,March,87.0,32.0,87.0,32.0,4,4,"['Cabernet Sauvignon', 'Chardonnay', 'Cabernet Sauvignon-Cabernet Franc', 'Petit Verdot']",US,Washington,"['Columbia Valley (WA)', 'Columbia Valley']"
13715,Marchand & Burch,89.0,37.0,89.0,37.0,1,1,['Chardonnay'],Australia,Western Australia,['Western Australia']
13716,Marchesato degli Aleramici,90.0,58.7,90.0,55.0,15,2,"['Sangiovese', 'Sangiovese Grosso']",Italy,Tuscany,['Brunello di Montalcino']
13717,Marchese Carlo Guerrieri Gonzaga,89.5,22.0,89.5,22.0,2,1,['Red Blend'],Italy,Northeastern Italy,['Vigneti delle Dolomiti']
13718,Marchese de Petri,87.0,15.0,87.0,15.0,1,1,['Sangiovese'],Italy,Tuscany,['Chianti']
13719,Marchese dell'Elsa,86.0,15.0,86.0,15.0,1,1,['Moscato'],Italy,Piedmont,"[""Moscato d'Asti""]"
13720,Marchesi Alfieri,90.0,44.0,90.0,44.0,2,1,['Barbera'],Italy,Piedmont,"[""Barbera d'Asti Superiore""]"
13721,Marchesi Antinori,90.2,124.2,90.5,51.0,6,2,"['White Blend', 'Chardonnay']",Italy,Central Italy,['Umbria']
13722,Marchesi Antinori,86.0,,86.0,,1,1,['Sparkling Blend'],Italy,Italy Other,['Italy']
13723,Marchesi Antinori,92.1,101.3,92.0,80.0,55,6,"['Sangiovese', 'Red Blend', 'Sangiovese Grosso', 'Vermentino', 'Cabernet Blend', 'White Blend']",Italy,Tuscany,['Chianti Classico']
13724,Marchesi Cattaneo di Belforte,88.7,34.3,89.0,40.0,3,1,['Sangiovese'],Italy,Tuscany,['Brunello di Montalcino']
13725,Marchesi De Gregorio,87.3,20.0,87.0,20.0,3,3,"['Catarratto', 'Inzolia', 'Grillo']",Italy,Sicily & Sardinia,['Terre Siciliane']
13726,Marchesi Fumanelli,88.3,61.9,89.0,50.5,9,2,"['Corvina, Rondinella, Molinara', 'White Blend']",Italy,Veneto,['Amarone della Valpolicella Classico']
13727,Marchesi Ginori Lisci,87.6,23.1,87.5,16.0,8,5,"['Merlot', 'Cabernet Sauvignon', 'Red Blend', 'Rosato', 'Vermentino']",Italy,Tuscany,['Montescudaio']
13728,Marchesi Gondi,88.0,36.4,88.0,39.0,7,2,"['Red Blend', 'Cabernet Sauvignon']",Italy,Tuscany,['Chianti Rufina']
13729,Marchesi Incisa della Rocchetta,90.0,24.3,90.0,20.0,3,2,"['Barbera', 'Moscato']",Italy,Piedmont,"[""Barbera d'Asti""]"
13730,Marchesi Torrigiani,88.3,28.0,87.0,25.0,3,1,['Red Blend'],Italy,Tuscany,['Toscana']
13731,Marchesi de' Frescobaldi,89.3,37.4,89.0,27.0,53,11,"['Sangiovese', 'Red Blend', 'Pinot Nero', 'White Blend', 'Chardonnay', 'Sangiovese Grosso', 'Vermentino', 'Merlot', 'Sparkling Blend', 'Syrah', 'Rosé']",Italy,Tuscany,['Toscana']
13732,Marchesi di Barolo,89.3,63.5,89.5,55.0,70,7,"['Nebbiolo', 'Barbera', 'Dolcetto', 'Moscato', 'Cortese', 'Red Blend', 'Arneis']",Italy,Piedmont,['Barolo']
13733,Marchesini,85.5,14.5,85.5,14.5,2,2,"['Rosé', 'Red Blend']",Italy,Veneto,['Bardolino Classico']
13734,Marchetti,86.6,17.8,87.0,15.0,7,3,"['Verdicchio', 'Red Blend', 'Montepulciano']",Italy,Central Italy,['Verdicchio dei Castelli di Jesi']
13735,Marchetti,81.0,9.0,81.0,9.0,1,1,['Red Blend'],Italy,Northeastern Italy,['Venezie']
13736,Marchiori,90.5,22.5,90.5,22.5,2,1,['Glera'],Italy,Northeastern Italy,['Colli Trevigiani']
13737,Marchiori,89.5,22.5,89.5,22.5,2,1,['Glera'],Italy,Veneto,['Valdobbiadene Prosecco Superiore']
13738,Marchiori & Barraud,89.4,27.3,89.5,22.0,10,2,"['Malbec', 'Cabernet Sauvignon']",Argentina,Mendoza Province,['Perdriel']
13739,Marco Abella,90.8,117.5,91.0,50.0,15,4,"['Carignan', 'Red Blend', 'White Blend', 'Garnacha']",Spain,Catalonia,['Priorat']
13740,Marco Bonfante,86.0,23.5,86.0,23.5,2,2,"['Dolcetto', 'Nebbiolo']",Italy,Piedmont,"[""Dolcetto d'Alba""]"
13741,Marco Canato,88.5,,88.5,,2,1,['Barbera'],Italy,Piedmont,['Barbera del Monferrato Superiore']
13742,Marco Cecchini,87.2,18.2,87.0,16.0,11,5,"['Pinot Grigio', 'White Blend', 'Picolit', 'Verduzzo', 'Riesling']",Italy,Northeastern Italy,['Venezia Giulia']
13743,Marco Cottini,86.5,,86.5,,2,1,"['Corvina, Rondinella, Molinara']",Italy,Veneto,['Valpolicella Superiore Ripasso']
13744,Marco Felluga,87.9,24.2,88.0,23.0,23,6,"['Moscato', 'White Blend', 'Pinot Grigio', 'Ribolla Gialla', 'Friulano', 'Chardonnay']",Italy,Northeastern Italy,['Delle Venezie']
13745,Marco Negri,86.5,17.0,86.5,17.0,2,1,['Moscato'],Italy,Piedmont,"[""Moscato d'Asti""]"
13746,Marco Porello,85.7,15.3,85.0,15.0,3,2,"['Nebbiolo', 'Arneis']",Italy,Piedmont,['Roero']
13747,Marco Real,87.5,18.0,87.5,15.0,4,3,"['Tempranillo-Cabernet Sauvignon', 'Tempranillo Blend', 'Rosé']",Spain,Northern Spain,['Navarra']
13748,Marco Scolaris,85.5,15.0,85.5,15.0,2,2,"['Pinot Grigio', 'Friulano']",Italy,Northeastern Italy,['Collio']
13749,Marco Zunino,83.7,12.0,84.0,13.0,3,3,"['Malbec', 'Rosé', 'Chardonnay']",Argentina,Mendoza Province,['Mendoza']
13750,Marco de Bartoli,89.0,37.0,89.0,37.0,2,1,['Grillo'],Italy,Sicily & Sardinia,['Sicilia']
13751,Marcolino Sebo,86.3,12.3,86.0,12.0,3,3,"['Syrah', 'Touriga Nacional', 'Portuguese Red']",Portugal,Alentejano,[]
13752,Marcolino Sebo,84.7,11.6,84.0,10.0,7,2,"['Portuguese Red', 'Portuguese White']",Portugal,Alentejo,[]
13753,Marcus James,80.0,11.0,80.0,11.0,1,1,['Chardonnay'],Argentina,Mendoza Province,['Mendoza']
13754,Marea,87.0,10.0,87.0,10.0,1,1,['Pinot Grigio'],Italy,Northeastern Italy,['Delle Venezie']
13755,Marega,87.3,17.5,87.0,17.5,9,7,"['Malvasia Istriana', 'Red Blend', 'White Blend', 'Chardonnay', 'Sauvignon', 'Tocai Friulano', 'Pinot Grigio']",Italy,Northeastern Italy,['Collio']
13756,Marenco,89.0,42.0,89.0,42.0,2,1,['Moscato'],Italy,Piedmont,['Strevi']
13757,Marengo,82.5,10.0,82.5,10.0,4,1,['Sparkling Blend'],Ukraine,Ukraine,[]
13758,Maretima,91.0,16.0,91.0,16.0,1,1,['Sangiovese'],Italy,Tuscany,['Tuscany']
13759,Margalit,88.0,75.0,88.0,75.0,1,1,['Cabernet Sauvignon'],Israel,Galilee,[]
13760,Margan,86.7,17.7,87.0,17.0,10,5,"['Shiraz', 'Sémillon', 'Cabernet Sauvignon', 'Merlot', 'Chardonnay']",Australia,New South Wales,['Hunter Valley']
13761,Margarethenhof,89.0,22.0,89.0,22.0,1,1,['Riesling'],Germany,Mosel,[]
13762,Margerum,89.0,19.5,89.0,19.5,2,1,['Pinot Gris'],US,America,[]
13763,Margerum,90.0,33.1,90.0,36.0,50,10,"['Sauvignon Blanc', 'Syrah', 'Grenache', 'Rosé', 'Rhône-style Red Blend', 'Grenache Blanc', 'Chenin Blanc', 'Riesling', 'Red Blend', 'Rhône-style White Blend']",US,California,"['Happy Canyon of Santa Barbara', 'Central Coast']"
13764,Margrain,87.0,29.0,87.0,27.0,3,1,['Pinot Noir'],New Zealand,Martinborough,[]
13765,Marguerite-Ryan,91.0,46.5,91.0,46.5,2,1,['Pinot Noir'],US,California,"['Santa Lucia Highlands', 'Central Coast']"
13766,Mari,88.7,37.0,89.0,34.0,6,4,"['Grüner Veltliner', 'Cabernet Franc', 'Red Blend', 'Bordeaux-style Red Blend']",US,Michigan,['Old Mission Peninsula']
13767,Maria Casanovas,85.8,32.5,86.0,31.0,11,2,"['Sparkling Blend', 'Pinot Noir']",Spain,Catalonia,['Cava']
13768,Mariah,89.8,29.8,90.0,30.0,6,1,['Zinfandel'],US,California,"['Mendocino County', 'Mendocino/Lake Counties']"
13769,Mariana,84.0,10.0,84.0,10.0,1,1,['Malbec'],Argentina,Mendoza Province,['Mendoza']
13770,Mariana,84.0,10.0,84.0,10.0,1,1,['Pinot Grigio'],Italy,Northeastern Italy,['Delle Venezie']
13771,Marianello,88.0,38.0,88.0,38.0,2,2,"['Red Blend', 'White Blend']",US,California,"['Santa Barbara County', 'Central Coast']"
13772,Marichal,83.5,24.1,84.0,20.0,8,6,"['Rosé', 'Tannat', 'Pinot Noir', 'Red Blend', 'Chardonnay', 'Merlot']",Uruguay,Canelones,[]
13773,Marie Copinet,89.8,43.8,90.0,42.0,5,2,"['Champagne Blend', 'Chardonnay']",France,Champagne,['Champagne']
13774,Mariell,88.5,17.0,88.5,17.0,2,2,"['Blaufränkisch', 'Chardonnay']",Austria,Leithaberg,[]
13775,Marietta Cellars,90.3,25.1,90.5,23.5,10,6,"['Red Blend', 'Zinfandel', 'Syrah', 'Cabernet Sauvignon', 'Rosé', 'Rhône-style Red Blend']",US,California,"['North Coast', 'North Coast']"
13776,Marilena Barbera,87.0,20.8,87.0,18.5,10,5,"[""Nero d'Avola"", 'Grillo', 'Red Blend', 'Inzolia', 'Alicante']",Italy,Sicily & Sardinia,['Sicilia']
13777,Marilyn,86.7,31.2,86.5,29.5,6,3,"['Meritage', 'Merlot', 'Sauvignon Blanc']",US,California,"['Napa Valley', 'Napa']"
13778,Marilyn Merlot,86.0,27.7,87.0,27.0,3,1,['Merlot'],US,California,"['Napa Valley', 'Napa']"
13779,Marilyn Remark,87.5,30.8,87.0,28.0,4,4,"['Grenache', 'Rosé', 'Marsanne', 'Petite Sirah']",US,California,"['Monterey County', 'Central Coast']"
13780,Marilyn Sauvignon Blonde,86.0,16.0,86.0,16.0,2,1,['Sauvignon Blanc'],US,California,"['Lake County', 'Mendocino/Lake Counties']"
13781,Marimar Estate,91.2,42.6,92.0,44.0,107,8,"['Pinot Noir', 'Albariño', 'Syrah', 'Syrah-Tempranillo', 'Chardonnay', 'Chardonnay-Albariño', 'Red Blend', 'Tempranillo']",US,California,"['Russian River Valley', 'Sonoma']"
13782,Marimar Torres,90.3,34.3,90.0,30.0,3,2,"['Chardonnay', 'Pinot Noir']",US,California,"['Russian River Valley', 'Sonoma']"
13783,Maringer-Reif,88.0,17.0,88.0,17.0,2,1,['Riesling'],Germany,Mosel,[]
13784,Mario Bazán,87.0,42.0,86.0,50.0,5,2,"['Sauvignon Blanc', 'Cabernet Sauvignon']",US,California,"['Napa Valley', 'Napa']"
13785,Mario Gagliasso,88.7,56.5,88.5,55.0,18,2,"['Nebbiolo', 'Dolcetto']",Italy,Piedmont,['Barolo']
13786,Mario Garrone,84.5,,84.5,,2,1,['Barbera'],Italy,Piedmont,['Barbera del Monferrato Superiore']
13787,Mario Marengo,91.0,53.2,91.5,54.0,6,1,['Nebbiolo'],Italy,Piedmont,['Barolo']
13788,Mario Perelli-Minetti,89.2,53.2,89.5,55.0,6,2,"['Cabernet Sauvignon', 'Pinot Noir']",US,California,"['Napa Valley', 'Napa']"
13789,Mario Schiopetto,88.7,31.9,88.5,30.0,24,8,"['White Blend', 'Friulano', 'Sauvignon', 'Pinot Grigio', 'Pinot Bianco', 'Tocai Friulano', 'Red Blend', 'Tocai']",Italy,Northeastern Italy,['Collio']
13790,Marion,90.0,52.2,89.0,70.0,9,2,"['Corvina, Rondinella, Molinara', 'Red Blend']",Italy,Veneto,['Amarone della Valpolicella']
13791,Marion-Bosser,88.5,50.5,88.5,50.5,2,1,['Champagne Blend'],France,Champagne,['Champagne']
13792,Marion-Field,90.0,,90.0,,1,1,['Pinot Noir'],US,Oregon,"['Willamette Valley', 'Willamette Valley']"
13793,Marionette,85.0,13.0,85.0,13.0,1,1,['Monastrell-Syrah'],Spain,Levante,['Jumilla']
13794,Mariposa,86.0,8.0,86.0,8.0,1,1,['Chardonnay'],Argentina,Other,['San Juan']
13795,Mariposa,88.0,22.7,87.0,23.0,3,3,"['Rosé', 'Albariño', 'Tempranillo']",US,California,"['Central Coast', 'Central Coast']"
13796,Marisa Cuomo,87.8,50.7,87.5,60.0,6,2,"['Red Blend', 'White Blend']",Italy,Southern Italy,"[""Costa d'Amalfi""]"
13797,Marisco Vineyards,88.3,23.0,88.0,18.0,13,5,"['Pinot Noir', 'Pinot Gris', 'Chardonnay', 'Sauvignon Blanc', 'Rosé']",New Zealand,Marlborough,[]
13798,Marita's Vineyard,93.7,118.0,93.0,118.0,6,1,['Cabernet Sauvignon'],US,California,"['Napa Valley', 'Napa']"
13799,Maritávora,90.0,34.0,90.0,23.0,7,2,"['Portuguese Red', 'Portuguese White']",Portugal,Douro,[]
13800,Maritávora,87.0,22.0,87.0,22.0,1,1,['Port'],Portugal,Port,[]
13801,Marius,87.0,12.5,87.0,12.5,2,1,['Grenache-Syrah'],France,Languedoc-Roussillon,"[""Pays d'Oc""]"
13802,Mark David,93.0,34.0,93.0,34.0,1,1,['Sauvignon Blanc'],US,California,"['Rutherford', 'Napa']"
13803,Mark Moretti,91.0,38.0,91.0,38.0,1,1,['Syrah'],US,California,"['Santa Barbara County', 'Central Coast']"
13804,Mark Ryan,91.5,50.0,91.5,50.0,2,1,['Pinot Noir'],US,Oregon,"['Willamette Valley', 'Willamette Valley']"
13805,Mark Ryan,91.4,45.0,91.0,45.0,72,8,"['Cabernet Sauvignon', 'Syrah', 'Bordeaux-style Red Blend', 'Chardonnay', 'Red Blend', 'Viognier', 'Mourvèdre', 'Sémillon']",US,Washington,"['Red Mountain', 'Columbia Valley']"
13806,Mark West,84.1,14.0,84.0,12.0,7,3,"['Gewürztraminer', 'Pinot Noir', 'Chardonnay']",US,California,"['Sonoma County', 'Sonoma']"
13807,Market Vineyards,89.3,36.5,90.0,35.0,33,8,"['Merlot', 'Syrah', 'Cabernet Sauvignon', 'Rhône-style White Blend', 'Bordeaux-style Red Blend', 'Red Blend', 'Malbec', 'White Blend']",US,Washington,"['Columbia Valley (WA)', 'Columbia Valley']"
13808,Markham,87.0,32.4,87.0,25.0,48,10,"['Red Blend', 'Pinot Noir', 'Cabernet Sauvignon', 'Sauvignon Blanc', 'Merlot', 'Chardonnay', 'Cabernet Franc', 'Zinfandel', 'Petite Sirah', 'Bordeaux-style Red Blend']",US,California,"['Napa Valley', 'Napa']"
13809,Marklew,88.0,40.0,88.0,40.0,1,1,['Red Blend'],South Africa,Simonsberg-Stellenbosch,[]
13810,Marko,86.0,22.0,86.0,22.0,1,1,['Hondarrabi Zuri'],Spain,Northern Spain,['Bizkaiko Txakolina']
13811,Markowitsch,90.0,31.5,90.0,23.5,34,8,"['Pinot Noir', 'Zweigelt', 'Red Blend', 'Blaufränkisch', 'Austrian Red Blend', 'St. Laurent', 'Grüner Veltliner', 'Chardonnay']",Austria,Carnuntum,[]
13812,Marktree,83.0,9.0,83.0,9.0,1,1,['Chardonnay'],Australia,Australia Other,['Australia']
13813,Markus Altenburger,90.4,15.0,90.0,15.0,5,4,"['Blaufränkisch', 'Chardonnay', 'Zweigelt', 'Rosé']",Austria,Burgenland,[]
13814,Markus Altenburger,86.0,11.0,86.0,11.0,2,1,['Rosé'],Austria,Weinland Österreich,[]
13815,Markus Huber,87.2,19.6,87.0,13.0,13,4,"['Grüner Veltliner', 'Gelber Muskateller', 'Riesling', 'Sauvignon Blanc']",Austria,Niederösterreich,[]
13816,Markus Huber,91.3,32.8,92.0,25.0,41,2,"['Grüner Veltliner', 'Riesling']",Austria,Traisental,[]
13817,Markus Huber,88.5,18.0,88.5,18.0,2,2,"['Rosé', 'Zweigelt']",Austria,Weinland Österreich,[]
13818,Markus Huber,86.0,15.0,86.0,15.0,1,1,['Sparkling Blend'],Austria,Österreichischer Sekt,[]
13819,Markus Molitor,90.0,31.5,90.0,29.0,25,1,['Riesling'],Germany,Mosel,[]
13820,Markus Wine Co,90.0,21.4,90.0,22.0,7,4,"['Gewürztraminer', 'White Blend', 'Rosé', 'Torrontés']",US,California,"['Lodi', 'Central Valley']"
13821,Marland,86.0,19.0,86.0,19.0,1,1,['Cabernet Franc'],US,Michigan,['Lake Michigan Shore']
13822,Marlargo,87.6,15.6,88.0,16.0,5,5,"['Red Blend', 'Riesling', 'Rosé', 'Pinot Grigio', 'Shiraz']",Australia,South Australia,['South Australia']
13823,Marlargo,87.0,18.0,87.0,18.0,2,2,"['Cabernet Sauvignon', 'Chardonnay']",Australia,Victoria,['Heathcote']
13824,Marlborough Estate Reserve,86.0,18.0,86.0,18.0,1,1,['Pinot Noir'],New Zealand,Marlborough,[]
13825,Marlborough Wines,86.0,16.0,86.0,16.0,2,1,['Sauvignon Blanc'],New Zealand,Marlborough,[]
13826,Marojallia,90.7,,90.0,,3,1,['Bordeaux-style Red Blend'],France,Bordeaux,['Margaux']
13827,Maroon,88.5,51.0,87.5,51.0,4,2,"['Cabernet Sauvignon', 'Sauvignon Blanc']",US,California,"['Napa Valley', 'Napa']"
13828,Marotti Campi,87.5,17.0,87.5,17.5,4,1,['Verdicchio'],Italy,Central Italy,['Verdicchio dei Castelli di Jesi Classico']
13829,Marq,83.5,14.0,83.5,14.0,2,2,"['Chardonnay', 'Pinot Noir']",US,California,"['Monterey County', 'Central Coast']"
13830,Marquee,84.8,14.2,84.5,11.0,4,3,"['Merlot', 'Chardonnay', 'G-S-M']",Australia,Australia Other,['South Eastern Australia']
13831,Marquee,87.8,20.0,88.0,20.0,6,3,"['Shiraz', 'Sauvignon Blanc', 'Cabernet Sauvignon']",Australia,South Australia,['McLaren Vale']
13832,Marquee,85.2,13.2,85.5,12.0,8,4,"['Chardonnay', 'Shiraz', 'Riesling', 'Pinot Noir']",Australia,Victoria,['Victoria']
13833,Marquee,87.0,13.0,87.0,13.0,1,1,['Riesling'],Australia,Western Australia,['Western Australia']
13834,Marques Escriba,82.0,10.0,82.0,10.0,1,1,['Red Blend'],Spain,Levante,['Jumilla']
13835,Marques de Arienzo,85.3,17.8,85.0,15.5,6,1,['Tempranillo'],Spain,Northern Spain,['Rioja']
13836,Marques de Griñon,90.1,58.7,91.0,40.0,38,8,"['Cabernet Blend', 'Graciano', 'Red Blend', 'Cabernet Sauvignon', 'Petite Verdot', 'Petit Verdot', 'Syrah', 'Syrah-Grenache']",Spain,Central Spain,['Dominio de Valdepusa']
13837,Marques de Griñon,85.0,11.0,85.0,11.0,1,1,['Tempranillo'],Spain,Northern Spain,['Rioja']
13838,Marques de Monistrol,87.0,12.4,87.0,12.0,5,1,['Sparkling Blend'],Spain,Catalonia,['Cava']
13839,Marques de Moral,82.0,12.0,82.0,12.0,2,1,['Tempranillo'],Spain,Central Spain,['Valdepeñas']
13840,Marques de Toledo,84.0,10.0,84.0,10.0,1,1,['Verdejo'],Spain,Central Spain,['La Mancha']
13841,Marques de Tomares,85.2,22.4,85.0,19.0,9,2,"['Tempranillo Blend', 'Tempranillo']",Spain,Northern Spain,['Rioja']
13842,Marques de Ulia,87.0,15.0,87.0,15.0,1,1,['Tempranillo'],Spain,Northern Spain,['Rioja']
13843,Marques de la Musa,85.7,12.3,86.0,10.0,3,1,['Garnacha'],Spain,Northern Spain,['Cariñena']
13844,Marquis Philips,93.0,15.0,93.0,15.0,1,1,['Red Blend'],Australia,Australia Other,['South Eastern Australia']
13845,Marquis de Belon,86.0,20.0,86.0,20.0,1,1,['Sémillon'],France,Bordeaux,['Crémant de Bordeaux']
13846,Marquis de Chasse,85.0,9.5,85.0,9.5,2,2,"['Bordeaux-style White Blend', 'Bordeaux-style Red Blend']",France,Bordeaux,['Bordeaux Blanc']
13847,Marquis de Goulaine,85.5,15.2,86.0,13.5,10,5,"['Melon', 'Chenin Blanc', 'Rosé', 'Sauvignon Blanc', 'Sparkling Blend']",France,Loire Valley,['Muscadet Sèvre et Maine']
13848,Marquis de Perlade,84.0,13.0,84.0,13.0,1,1,['Sparkling Blend'],France,France Other,['Vin Mousseux']
13849,Marquis de la Tour,84.1,10.8,84.0,10.0,11,4,"['Sparkling Blend', 'White Blend', 'Chenin Blanc-Chardonnay', 'Red Blend']",France,France Other,['Vin Mousseux']
13850,Marqués de Alella,85.0,12.2,86.5,12.0,6,2,"['Pansa Blanca', 'White Blend']",Spain,Catalonia,['Alella']
13851,Marqués de Almonacid,86.0,10.0,86.0,10.0,2,2,"['Garnacha-Tempranillo', 'Tempranillo-Garnacha']",Spain,Northern Spain,['Cariñena']
13852,Marqués de Arviza,89.0,30.0,89.0,30.0,1,1,['Tempranillo Blend'],Spain,Northern Spain,['Rioja']
13853,Marqués de Campo Nuble,87.5,17.5,88.0,17.5,4,1,['Tempranillo'],Spain,Northern Spain,['Rioja']
13854,Marqués de Caro,86.5,13.0,86.5,13.0,2,2,"['White Blend', 'Red Blend']",Spain,Levante,['Valencia']
13855,Marqués de Castilla,85.0,10.0,85.0,10.0,1,1,['Sauvignon Blanc-Chardonnay'],Spain,Central Spain,['La Mancha']
13856,Marqués de Chivé,86.0,11.0,86.0,11.0,1,1,['Tempranillo'],Spain,Levante,['Utiel-Requena']
13857,Marqués de Cáceres,88.0,16.0,88.0,16.0,2,1,['Albariño'],Spain,Galicia,['Rías Baixas']
13858,Marqués de Cáceres,86.8,19.8,87.0,12.0,72,10,"['Tempranillo Blend', 'Rosado', 'Tempranillo-Cabernet Sauvignon', 'Rosé', 'White Blend', 'Tempranillo', 'Malvasia-Viura', 'Verdejo', 'Viura', 'Red Blend']",Spain,Northern Spain,['Rioja']
13859,Marqués de Elciego,88.6,46.2,89.0,45.0,5,1,['Tempranillo'],Spain,Northern Spain,['Rioja']
13860,Marqués de Gelida,87.2,16.9,88.0,17.5,27,3,"['Sparkling Blend', 'Xarel-lo', 'Pinot Noir']",Spain,Catalonia,['Cava']
13861,Marqués de Irún,86.8,13.0,87.0,13.0,4,1,['Verdejo'],Spain,Northern Spain,['Rueda']
13862,Marqués de Legarda,85.0,16.0,85.0,16.0,1,1,['Tempranillo Blend'],Spain,Northern Spain,['Rioja']
13863,Marqués de Montañana,85.8,13.2,86.0,12.0,5,1,['Garnacha'],Spain,Northern Spain,['Calatayud']
13864,Marqués de Murrieta,87.0,20.0,87.0,20.0,1,1,['Albariño'],Spain,Galicia,['Rías Baixas']
13865,Marqués de Murrieta,90.2,55.9,90.5,28.0,28,5,"['White Blend', 'Tempranillo Blend', 'Tempranillo', 'Red Blend', 'Viura']",Spain,Northern Spain,['Rioja']
13866,Marqués de Olivara,83.5,11.5,83.5,11.5,2,1,['Tinta de Toro'],Spain,Northern Spain,['Toro']
13867,Marqués de Reala,83.8,8.2,84.0,9.0,5,1,['Grenache'],Spain,Northern Spain,['Campo de Borja']
13868,Marqués de Riscal,87.3,23.7,87.0,17.0,19,7,"['Tempranillo Blend', 'Sauvignon Blanc', 'Rosé', 'White Blend', 'Red Blend', 'Verdejo', 'Tempranillo']",Spain,Northern Spain,['Rioja']
13869,Marqués de Terán,86.5,18.0,86.5,18.0,2,1,['Tempranillo'],Spain,Northern Spain,['Rioja']
13870,Marqués de Valdueza,85.3,26.7,85.0,24.0,3,1,['Red Blend'],Spain,Central Spain,['Extremadura']
13871,Marqués de Valparaíso,85.0,24.0,85.0,24.0,1,1,['Tempranillo'],Spain,Northern Spain,['Ribera del Duero']
13872,Marqués de Vargas,88.2,53.7,88.0,42.5,16,3,"['Tempranillo Blend', 'Tempranillo', 'Red Blend']",Spain,Northern Spain,['Rioja']
13873,Marqués de Vitoria,88.5,26.8,88.5,28.0,6,1,['Tempranillo'],Spain,Northern Spain,['Rioja']
13874,Marqués de Vizhoja,86.5,21.3,86.0,19.0,11,2,"['White Blend', 'Albariño']",Spain,Galicia,['Rías Baixas']
13875,Marqués de la Concordia,86.3,12.0,86.5,11.0,6,1,['Sparkling Blend'],Spain,Catalonia,['Cava']
13876,Marqués de la Concordia,87.9,22.2,88.0,16.0,41,6,"['Tempranillo Blend', 'Tempranillo', 'Verdejo', 'Syrah', 'Red Blend', 'Viura']",Spain,Northern Spain,['Rioja']
13877,Marqués del Campo,85.0,16.0,85.0,16.0,1,1,['Tempranillo'],Spain,Northern Spain,['Ribera del Duero']
13878,Marqués del Puerto,89.3,35.0,89.5,37.0,6,1,['Tempranillo Blend'],Spain,Northern Spain,['Rioja']
13879,Marr,86.6,23.3,86.0,23.0,9,5,"['Petite Sirah', 'Syrah', 'Zinfandel', 'Rhône-style Red Blend', 'Grenache']",US,California,"['Lake County', 'Mendocino/Lake Counties']"
13880,Marrenon,87.1,10.5,86.5,10.0,8,4,"['Merlot', 'Rosé', 'Chardonnay', 'Chardonnay-Viognier']",France,France Other,['Mediterranée']
13881,Marrenon,84.0,17.0,84.0,17.0,1,1,['Rosé'],France,Provence,['Côtes de Provence Sainte-Victoire']
13882,Marrenon,87.1,14.1,87.0,14.0,16,7,"['Rosé', 'Rhône-style White Blend', 'Rhône-style Red Blend', 'Chardonnay', 'Grenache', 'White Blend', 'Syrah-Grenache']",France,Rhône Valley,['Luberon']
13883,Marsaglia,87.0,,87.0,,1,1,['Nebbiolo'],Italy,Piedmont,['Roero']
13884,Marshall,82.5,20.5,82.5,20.5,2,2,"['Barbera', 'Cabernet Franc']",US,California,"['Placer County', 'Sierra Foothills']"
13885,Marshall Davis,89.6,36.0,90.0,36.0,5,2,"['Pinot Noir', 'Cabernet Sauvignon']",US,Oregon,['Willamette Valley']
13886,Marshall Davis,88.0,29.0,88.0,29.0,1,1,['Chardonnay'],US,Washington,"['Columbia Valley (WA)', 'Columbia Valley']"
13887,Marshall Family Wines,83.0,42.5,83.0,42.5,2,1,['Pinot Noir'],US,California,"['Carneros', 'Napa-Sonoma']"
13888,Marsiliana,88.3,,88.0,,3,1,['Red Blend'],Italy,Tuscany,['Toscana']
13889,Marston Family,91.0,90.0,91.0,90.0,1,1,['Cabernet Sauvignon'],US,California,['Napa']
13890,Marsuret,87.4,20.6,87.0,19.0,11,2,"['Glera', 'Prosecco']",Italy,Veneto,['Prosecco']
13891,Martella,85.8,35.3,85.5,31.5,12,4,"['Zinfandel', 'Syrah', 'Grenache', 'Petite Sirah']",US,California,"['Mendocino County', 'Mendocino/Lake Counties']"
13892,Martellotto,87.6,33.4,87.0,29.0,5,4,"['Merlot', 'Cabernet Sauvignon', 'Pinot Noir', 'Rosé']",US,California,"['Santa Ynez Valley', 'Central Coast']"
13893,Martellozzo,84.0,24.0,84.0,24.0,1,1,['Prosecco'],Italy,Veneto,['Prosecco del Veneto']
13894,Martha Clara,85.7,22.2,86.0,22.0,33,15,"['Sparkling Blend', 'Riesling', 'Semillon-Chardonnay', 'Chardonnay', 'Viognier', 'Red Blend', 'Bordeaux-style Red Blend', 'Merlot', 'Gewürztraminer', 'Sauvignon Blanc', 'Syrah', 'Cabernet Franc', 'Malbec-Merlot', 'Rosé', 'Pinot Grigio']",US,New York,"['North Fork of Long Island', 'Long Island']"
13895,Martha's Wines,89.0,29.5,89.5,22.5,4,1,['Port'],Portugal,Port,[]
13896,Martin & Weyrich,85.2,20.7,85.0,18.0,38,17,"['Moscato', 'Sangiovese', 'Nebbiolo', 'Red Blend', 'Chardonnay', 'Pinot Noir', 'Merlot', 'Petite Verdot', 'Cabernet Sauvignon', 'Tempranillo', 'Zinfandel', 'Rosé', 'Riesling', 'White Blend', 'Bordeaux-style Red Blend', 'Pinot Grigio', 'Muscat Canelli']",US,California,"['California', 'California Other']"
13897,Martin Alfaro,83.9,31.3,84.0,33.0,7,2,"['Pinot Noir', 'Chardonnay']",US,California,"['Santa Cruz Mountains', 'Central Coast']"
13898,Martin Estate,87.4,87.9,85.0,100.0,9,3,"['Cabernet Sauvignon', 'Bordeaux-style Red Blend', 'Semillon-Sauvignon Blanc']",US,California,"['Rutherford', 'Napa']"
13899,Martin Family Vineyards,83.5,27.0,83.5,27.0,2,2,"['Zinfandel', 'Pinot Noir']",US,California,"['Dry Creek Valley', 'Sonoma']"
13900,Martin Lane Winery,87.7,28.2,88.5,28.0,10,5,"['Syrah', 'Cabernet Sauvignon', 'Chardonnay', 'Primitivo', 'Sangiovese']",US,California,"['Sierra Foothills', 'Sierra Foothills']"
13901,Martin Ranch,87.0,30.7,87.0,29.0,67,16,"['Syrah', 'Sauvignon Blanc', 'Viognier', 'Cabernet Sauvignon', 'Carignane', 'Pinot Noir', 'Sangiovese', 'Malbec', 'Merlot', 'Petite Sirah', 'Rosé', 'Zinfandel', 'Nebbiolo', 'Chardonnay', 'Cabernet Franc', 'Grenache']",US,California,"['Santa Cruz Mountains', 'Central Coast']"
13902,Martin Ray,88.6,34.0,89.0,30.0,147,15,"['Chardonnay', 'Cabernet Sauvignon', 'Sauvignon Blanc', 'Pinot Noir', 'Red Blend', 'Merlot', 'Bordeaux-style Red Blend', 'Pinot Gris', 'Rosé', 'Zinfandel', 'Syrah', 'White Blend', 'Cabernet Franc', 'Viognier', 'Malbec']",US,California,"['Green Valley', 'Sonoma']"
13903,Martin Schaetzel,90.5,37.4,91.0,40.0,15,4,"['Gewürztraminer', 'Riesling', 'Pinot Gris', 'Pinot Blanc']",France,Alsace,['Alsace']
13904,Martin Woods,89.5,34.2,89.5,35.0,6,4,"['Pinot Noir', 'Chardonnay', 'Riesling', 'Gamay']",US,Oregon,"['Eola-Amity Hills', 'Willamette Valley']"
13905,Martin's Rake,85.0,18.5,85.5,16.0,4,2,"['Pinot Noir', 'Sauvignon Blanc']",New Zealand,Marlborough,[]
13906,Martinborough Vineyard,87.7,36.9,87.5,26.5,12,4,"['Pinot Noir', 'Sauvignon Blanc', 'Riesling', 'Chardonnay']",New Zealand,Martinborough,[]
13907,Martinelle,90.0,18.0,90.0,18.0,1,1,['Rhône-style Red Blend'],France,Rhône Valley,['Ventoux']
13908,Martinelli,84.5,40.0,84.5,40.0,2,1,['Sagrantino'],Italy,Central Italy,['Sagrantino di Montefalco']
13909,Martinelli,92.8,57.8,92.5,60.0,4,2,"['Pinot Noir', 'Chardonnay']",US,California,"['Sonoma Coast', 'Sonoma']"
13910,Martinez & Martinez,84.5,23.6,85.0,20.0,14,9,"['Pinot Grigio', 'Sauvignon Blanc', 'Bordeaux-style Red Blend', 'Cabernet Sauvignon', 'Petit Verdot', 'Viognier', 'Red Blend', 'Rosé', 'Carmenère']",US,Washington,"['Yakima Valley', 'Columbia Valley']"
13911,Martinez Bujanda,88.0,24.5,88.0,24.5,2,2,"['Tempranillo Blend', 'Tempranillo']",Spain,Northern Spain,['Rioja']
13912,Martinez Gassiot,88.5,19.5,88.5,19.5,4,1,['Port'],Portugal,Port,[]
13913,Martini & Rossi,85.0,13.0,85.0,13.0,1,1,['Prosecco'],Italy,Italy Other,['Italy']
13914,Martini & Rossi,85.2,12.0,85.5,12.5,4,2,"['Moscato', 'Brachetto']",Italy,Piedmont,['Asti']
13915,Martini & Rossi,85.0,13.0,85.0,13.0,1,1,['Prosecco'],Italy,Veneto,['Prosecco del Veneto']
13916,Martino,88.8,27.6,90.0,19.0,5,2,"['Malbec', 'Pedro Ximénez']",Argentina,Mendoza Province,['Agrelo']
13917,Martinsancho,86.5,16.3,86.5,16.5,6,1,['Verdejo'],Spain,Northern Spain,['Rueda']
13918,Martinshof,88.6,18.8,89.0,14.0,16,8,"['White Blend', 'Weissburgunder', 'Riesling', 'Grüner Veltliner', 'Rosé', 'Roter Traminer', 'Zweigelt', 'Pinot Noir']",Austria,Niederösterreich,[]
13919,Martinshof,86.0,15.0,86.0,15.0,1,1,['Zweigelt'],Austria,Weinland Österreich,[]
13920,Martinshof,88.0,,88.0,,2,1,['Grüner Veltliner'],Austria,Weinviertel,[]
13921,Martinus Estate,83.0,40.0,83.0,40.0,1,1,['Pinot Noir'],New Zealand,Martinborough,[]
13922,Martorana,87.3,37.3,88.0,34.0,3,2,"['Cabernet Sauvignon', 'Merlot']",US,California,"['Dry Creek Valley', 'Sonoma']"
13923,Martí Fabra,89.3,28.0,89.0,23.0,3,1,['Red Blend'],Spain,Northern Spain,['Empordà']
13924,Martín Berdugo,87.2,19.5,88.0,17.0,13,3,"['Tempranillo', 'Tempranillo Blend', 'Verdejo']",Spain,Northern Spain,['Ribera del Duero']
13925,Martín Códax,88.2,15.7,88.5,15.0,6,1,['Albariño'],Spain,Galicia,['Rías Baixas']
13926,Martín Códax,86.0,15.0,86.0,15.0,1,1,['Tempranillo'],Spain,Northern Spain,['Rioja']
13927,Marulli,88.0,15.0,88.0,15.0,1,1,['Rosato'],Italy,Southern Italy,['Copertino']
13928,Mary Elke,87.0,26.0,87.0,26.0,1,1,['Pinot Noir'],US,California,"['Anderson Valley', 'Mendocino/Lake Counties']"
13929,Maryhill,86.3,25.5,86.0,25.0,132,26,"['Chardonnay', 'Cabernet Sauvignon', 'Malbec', 'Syrah', 'Red Blend', 'Cabernet Franc', 'Merlot', 'Sangiovese', 'Zinfandel', 'Bordeaux-style Red Blend', 'Grenache', 'Barbera', 'Sauvignon Blanc', 'Gewürztraminer', 'Pinot Gris', 'Viognier', 'Mourvèdre', 'Rhône-style Red Blend', 'Sangiovese Cabernet', 'Primitivo', 'White Blend', 'Albariño', 'Moscato', 'Riesling', 'Cinsault', 'G-S-M']",US,Washington,"['Columbia Valley (WA)', 'Columbia Valley']"
13930,Marziano Abbona,90.2,51.6,90.0,58.0,13,4,"['Nebbiolo', 'Barbera', 'Dolcetto', 'Red Blend']",Italy,Piedmont,['Barolo']
13931,Mas,86.5,25.5,86.5,25.5,2,1,['Malbec'],Argentina,Mendoza Province,['Uco Valley']
13932,Mas Amiel,90.5,30.0,90.5,30.0,2,2,"['Rhône-style Red Blend', 'Grenache']",France,Languedoc-Roussillon,['Côtes du Roussillon Villages']
13933,Mas Belles Eaux,87.9,25.0,87.0,16.0,7,3,"['Rhône-style Red Blend', 'Rosé', 'Chardonnay']",France,Languedoc-Roussillon,['Languedoc']
13934,Mas Blanch I Jové,89.5,27.2,90.0,27.0,6,3,"['White Blend', 'Red Blend', 'Macabeo']",Spain,Catalonia,['Costers del Segre']
13935,Mas Carlot,85.3,12.5,86.0,12.5,3,3,"['Marsanne-Roussanne', 'Syrah-Grenache', 'Rosé']",France,Languedoc-Roussillon,"[""Vin de Pays d'Oc""]"
13936,Mas Carlot,88.7,13.2,88.0,13.0,9,4,"['Rosé', 'Clairette', 'Rhône-style White Blend', 'Rhône-style Red Blend']",France,Rhône Valley,['Costières de Nîmes']
13937,Mas Champart,91.0,25.0,91.0,25.0,1,1,['Rhône-style Red Blend'],France,Languedoc-Roussillon,['Saint-Chinian']
13938,Mas Chappell,83.2,35.0,83.0,37.5,4,3,"['Merlot', 'Lemberger', 'Pinot Noir']",US,Washington,"['Yakima Valley', 'Columbia Valley']"
13939,Mas Dels Frares,88.5,17.0,88.5,17.0,2,1,['Red Blend'],Spain,Catalonia,['Priorat']
13940,Mas Doix,91.0,85.0,91.0,85.0,1,1,['Red Blend'],Spain,Catalonia,['Priorat']
13941,Mas Fi,84.6,11.9,83.0,12.0,7,2,"['Trepat', 'Sparkling Blend']",Spain,Catalonia,['Cava']
13942,Mas Foraster,87.0,20.7,88.0,21.0,3,3,"['Trepat', 'Macabeo', 'Red Blend']",Spain,Catalonia,['Conca de Barberà']
13943,Mas Franch,89.0,35.0,89.0,35.0,1,1,['Red Blend'],Spain,Catalonia,['Montsant']
13944,Mas Gabinèle,88.5,25.5,88.5,21.0,4,3,"['Cinsault', 'Rhône-style Red Blend', 'Grenache Gris']",France,Languedoc-Roussillon,"[""Vin de Pays de L'Herault""]"
13945,Mas Igneus,88.2,36.0,88.0,26.0,9,2,"['Red Blend', 'White Blend']",Spain,Catalonia,['Priorat']
13946,Mas Janeil by Francois Lurton,85.0,13.0,85.0,13.0,1,1,['Rosé'],France,Languedoc-Roussillon,"[""Pays d'Oc""]"
13947,Mas La Mola,89.5,42.0,89.5,42.0,2,1,['Red Blend'],Spain,Catalonia,['Priorat']
13948,Mas Martinet,92.0,49.0,92.0,49.0,2,1,['Red Blend'],Spain,Catalonia,['Priorat']
13949,Mas Marçal,86.0,9.0,86.0,9.0,1,1,['Red Blend'],Spain,Catalonia,['Catalonia']
13950,Mas Nicolas,86.0,34.0,86.0,34.0,1,1,['Shiraz-Cabernet Sauvignon'],South Africa,Stellenbosch,[]
13951,Mas Oncle Ernest,88.0,15.0,88.0,15.0,1,1,['Rhône-style Red Blend'],France,Rhône Valley,['Ventoux']
13952,Mas Pere,88.0,17.0,88.0,17.0,2,1,['Sparkling Blend'],Spain,Catalonia,['Cava']
13953,Mas Saint-Louis,89.0,82.0,89.0,82.0,1,1,['Rhône-style White Blend'],France,Rhône Valley,['Châteauneuf-du-Pape']
13954,Mas Sainte Berthe,86.0,18.0,86.0,18.0,2,2,"['Red Blend', 'Rosé']",France,Provence,['Les Baux de Provence']
13955,Mas Sorrer,88.0,15.0,88.0,15.0,1,1,['Red Blend'],Spain,Catalonia,['Montsant']
13956,Mas d'en Gil,89.7,56.8,90.0,50.0,6,4,"['Red Blend', 'White Blend', 'Grenache-Carignan', 'Grenache Blanc']",Spain,Catalonia,['Priorat']
13957,Mas de Cadenet,88.5,20.3,88.5,18.0,16,2,"['Rosé', 'Provence red blend']",France,Provence,['Côtes de Provence Sainte-Victoire']
13958,Mas de Daumas Gassac,92.0,40.0,92.0,40.0,1,1,['Rhône-style Red Blend'],France,Languedoc-Roussillon,['Vin de Pays de la Haute Vallée du Gassac']
13959,Mas de Gourgonnier,89.6,18.0,90.0,18.0,5,3,"['Rhône-style Red Blend', 'Rosé', 'Red Blend']",France,Provence,['Les Baux de Provence']
13960,Mas de Guiot,88.0,14.0,88.0,14.0,1,1,['Cabernet Sauvignon-Syrah'],France,Rhône Valley,['Vin de Pays du Gard']
13961,Mas de Lavail,88.0,24.0,88.0,24.0,2,2,"['Red Blend', 'White Blend']",France,Languedoc-Roussillon,['Côtes du Roussillon Villages']
13962,Mas de Libian,92.0,20.0,92.0,20.0,1,1,['Rhône-style Red Blend'],France,Rhône Valley,['Côtes du Rhône']
13963,Mas de Monistrol,88.0,11.6,88.0,11.0,5,2,"['Sparkling Blend', 'Red Blend']",Spain,Catalonia,['Cava']
13964,Mas de Pampelonne,87.0,18.0,87.0,18.0,1,1,['Rosé'],France,Provence,['Côtes de Provence']
13965,Mas de Subirà,87.7,30.0,87.0,30.0,3,1,['Red Blend'],Spain,Catalonia,['Priorat']
13966,Mas de l'Abundància,90.5,35.0,90.5,35.0,2,1,['Red Blend'],Spain,Catalonia,['Montsant']
13967,Mas de la Barben,87.0,36.0,87.0,36.0,1,1,['Rhône-style Red Blend'],France,Languedoc-Roussillon,['Coteaux du Languedoc']
13968,Mas de la Dame,89.5,27.9,91.0,27.5,11,6,"['Rosé', 'Syrah-Cabernet', 'Red Blend', 'Grenache', 'Rhône-style Red Blend', 'White Blend']",France,Provence,['Les Baux de Provence']
13969,Mas de la Rouvière,89.5,,89.5,,2,1,['Rhône-style Red Blend'],France,Provence,['Bandol']
13970,Mas del Périé,90.2,44.0,90.0,40.0,13,1,['Malbec'],France,Southwest France,['Cahors']
13971,Mas des Bressades,89.6,14.1,90.0,14.0,9,4,"['Rosé', 'Syrah-Grenache', 'Roussanne-Viognier', 'Rhône-style Red Blend']",France,Rhône Valley,['Costières de Nîmes']
13972,Mas des Etoiles,92.0,30.0,92.0,30.0,1,1,['Malbec'],France,Southwest France,['Cahors']
13973,Mas des Mas,86.0,17.0,86.0,17.0,2,1,['Rhône-style Red Blend'],France,Languedoc-Roussillon,['Minervois']
13974,Mas du Fadan,88.0,16.0,88.0,16.0,2,1,['Rhône-style Red Blend'],France,Rhône Valley,['Côtes-du-Ventoux']
13975,Mas du Goudareau,89.0,33.5,89.0,33.5,2,1,['Rhône-style Red Blend'],France,Rhône Valley,['Côtes du Rhône Villages']
13976,Mas du Soleilla,90.6,43.0,91.0,38.0,7,2,"['Rhône-style Red Blend', 'Rhône-style White Blend']",France,Languedoc-Roussillon,['Coteaux du Languedoc']
13977,Masachs,86.0,12.0,86.0,12.0,1,1,['Sparkling Blend'],Spain,Catalonia,['Cava']
13978,Masari,89.0,45.0,89.0,45.0,1,1,['Durella'],Italy,Italy Other,['Vino Spumante']
13979,Mascarello Giuseppe e Figlio,95.2,174.3,95.0,119.0,10,1,['Nebbiolo'],Italy,Piedmont,['Barolo']
13980,Maschio dei Cavalieri,85.2,19.4,86.0,20.0,5,2,"['Glera', 'Prosecco']",Italy,Veneto,['Conegliano Valdobbiadene Prosecco Superiore']
13981,Masciarelli,89.9,41.5,90.5,42.5,28,6,"['Trebbiano', 'Montepulciano', 'Rosé', 'Red Blend', 'Chardonnay', 'Rosato']",Italy,Central Italy,"[""Trebbiano d'Abruzzo""]"
13982,Mascota,88.2,20.2,88.5,20.0,20,5,"['Cabernet Sauvignon', 'Malbec', 'Chardonnay', 'Bordeaux-style Red Blend', 'Pinot Noir']",Argentina,Mendoza Province,['Mendoza']
13983,Maset del Lleó,83.5,11.0,83.5,11.0,2,2,"['White Blend', 'Rosé']",Spain,Catalonia,['Penedès']
13984,Maset del Lleó,90.0,31.0,90.0,31.0,2,1,['Tempranillo'],Spain,Northern Spain,['Rioja']
13985,Masi,87.4,12.0,87.0,11.0,5,3,"['Rosé', 'White Blend', 'Sparkling Blend']",Italy,Northeastern Italy,['Venezie']
13986,Masi,88.0,18.0,88.0,18.0,1,1,['Red Blend'],Italy,Tuscany,['Rosso di Toscana']
13987,Masi,90.4,70.5,90.5,60.0,48,4,"['Corvina, Rondinella, Molinara', 'Red Blend', 'Garganega', 'White Blend']",Italy,Veneto,['Rosso del Veronese']
13988,Masi Tupungato,85.0,15.2,85.0,15.0,5,1,['Red Blend'],Argentina,Mendoza Province,['Uco Valley']
13989,Masia Puigmoltó,86.8,17.4,86.0,16.0,5,4,"['White Blend', 'Sparkling Blend', 'Trepat', 'Muscat']",Spain,Catalonia,['Penedès']
13990,Masies d'Avinyo,87.8,23.7,88.0,19.0,18,8,"['Cabernet Sauvignon-Merlot', 'White Blend', 'Picapoll', 'Cabernet Franc-Tempranillo', 'Cabernet Blend', 'Red Blend', 'Cabernet Sauvignon-Syrah', 'Merlot']",Spain,Catalonia,['Pla de Bages']
13991,Masked Rider,85.6,13.0,85.0,13.0,5,4,"['Pinot Noir', 'Red Blend', 'Petite Sirah', 'Zinfandel']",US,California,"['California', 'California Other']"
13992,Maso Canali,88.0,23.0,88.0,23.0,2,1,['Pinot Grigio'],Italy,Northeastern Italy,['Trentino']
13993,Maso Martis,90.8,81.8,90.0,60.0,13,2,"['Pinot Nero', 'Sparkling Blend']",Italy,Northeastern Italy,['Trento']
13994,Maso Poli,86.6,25.7,86.5,22.0,10,5,"['Pinot Grigio', 'Pinot Nero', 'Red Blend', 'Gewürztraminer', 'Sparkling Blend']",Italy,Northeastern Italy,['Trentino']
13995,Mason Cellars,85.5,16.7,85.5,16.0,6,1,['Sauvignon Blanc'],US,California,"['Napa Valley', 'Napa']"
13996,Masottina,87.5,21.0,87.5,21.0,2,1,['Manzoni'],Italy,Northeastern Italy,['Colli Trevigiani']
13997,Masottina,87.5,26.1,87.0,24.0,34,8,"['Glera', 'Prosecco', 'Pinot Grigio', 'Merlot', 'Cabernet Sauvignon', 'White Blend', 'Chardonnay', 'Red Blend']",Italy,Veneto,['Conegliano Valdobbiadene Prosecco Superiore']
13998,Massanera,84.0,35.0,84.0,35.0,1,1,['Sangiovese'],Italy,Tuscany,['Toscana']
13999,Massaya,89.0,17.5,88.5,15.0,4,4,"['Red Blend', 'White Blend', 'Rosé', 'Rhône-style Red Blend']",Lebanon,Bekaa Valley,[]
14000,Massena,91.8,38.2,92.5,38.5,6,3,"['Red Blend', 'Shiraz', 'Petite Sirah']",Australia,South Australia,['Barossa Valley']
14001,Masseria Altemura,86.9,16.4,87.0,15.0,13,6,"['Primitivo', 'Aglianico', 'Rosé', 'Fiano', 'Rosato', 'Negroamaro']",Italy,Southern Italy,['Primitivo di Manduria']
14002,Masseria Felicia,87.3,50.0,87.0,45.0,3,2,"['Red Blend', 'Falanghina']",Italy,Southern Italy,['Falerno del Massico']
14003,Masseria Mita,87.0,,87.0,,1,1,['Chardonnay'],Italy,Southern Italy,['Salento']
14004,Masseria Setteporte,87.5,,87.5,,2,2,"['Nerello Mascalese', 'White Blend']",Italy,Sicily & Sardinia,['Etna']
14005,Masseria del Fauno,87.0,,87.0,,2,2,"['Primitivo', 'Sangiovese']",Italy,Southern Italy,['Puglia']
14006,Masseria del Feudo,86.6,13.9,86.0,15.0,7,3,"['Inzolia', 'Grillo', ""Nero d'Avola""]",Italy,Sicily & Sardinia,['Sicilia']
14007,Masseria del Feudo Grottarossa,86.5,22.4,86.5,21.5,8,5,"['Red Blend', 'Syrah', ""Nero d'Avola"", 'White Blend', 'Chardonnay']",Italy,Sicily & Sardinia,['Sicilia']
14008,Masserie Pisari,84.0,15.0,84.0,15.0,1,1,['Negroamaro'],Italy,Southern Italy,['Salento']
14009,Masseto,95.5,587.5,95.5,587.5,2,1,['Merlot'],Italy,Tuscany,['Toscana']
14010,Massi di Mandorlaia,87.1,35.1,87.0,28.5,9,2,"['Red Blend', 'Vermentino']",Italy,Tuscany,['Maremma']
14011,Massimago,86.7,28.7,87.0,24.0,3,2,"['Corvina, Rondinella, Molinara', 'Red Blend']",Italy,Veneto,['Valpolicella Superiore']
14012,Massimiliano Vivalda,86.8,19.8,86.5,17.0,8,3,"['Dolcetto', 'Barbera', 'Moscato']",Italy,Piedmont,"[""Dolcetto d'Asti""]"
14013,Massimo,85.5,12.5,85.5,12.5,2,1,['Malbec'],Argentina,Mendoza Province,['Mendoza']
14014,Massimo,89.0,13.0,89.0,13.0,1,1,['Sauvignon Blanc'],New Zealand,Marlborough,[]
14015,Massimo Daldin,88.0,13.5,88.0,13.0,4,1,['Vernaccia'],Italy,Tuscany,['Vernaccia di San Gimignano']
14016,Massimo Penna,92.7,,93.0,,3,1,['Nebbiolo'],Italy,Piedmont,['Barbaresco']
14017,Massimo Ronca,86.5,16.0,86.5,16.0,2,1,['Red Blend'],Italy,Veneto,['Bardolino Chiaretto']
14018,Massolino,93.3,95.1,94.0,96.0,29,4,"['Moscato', 'Nebbiolo', 'Dolcetto', 'Barbera']",Italy,Piedmont,"[""Moscato d'Asti""]"
14019,Massucco,88.0,23.3,88.0,16.0,3,2,"['Nebbiolo', 'Barbera']",Italy,Piedmont,['Roero']
14020,Masterpiece,82.0,13.2,82.0,13.5,4,4,"['Pinot Noir', 'Chardonnay', 'Zinfandel', 'Cabernet Sauvignon']",US,California,"['Russian River Valley', 'Sonoma']"
14021,Masthead,90.0,30.0,90.0,30.0,1,1,['Sangiovese'],US,California,"['Lodi', 'Central Valley']"
14022,Mastroberardino,89.0,39.5,88.0,25.0,88,9,"['Greco', 'Fiano', 'Falanghina', 'Aglianico', 'Red Blend', 'Piedirosso', 'Coda di Volpe', 'Rosé', 'White Blend']",Italy,Southern Italy,['Greco di Tufo']
14023,Mastrojanni,90.8,77.8,90.0,80.0,15,2,"['Sangiovese', 'Sangiovese Grosso']",Italy,Tuscany,['Brunello di Montalcino']
14024,Masut da Rive,87.8,27.4,88.0,22.0,9,5,"['Sauvignon', 'Chardonnay', 'Friulano', 'Pinot Grigio', 'Ribolla Gialla']",Italy,Northeastern Italy,['Isonzo del Friuli']
14025,Masùt da Rive,85.5,20.5,85.5,20.5,2,2,"['Ribolla Gialla', 'Sauvignon']",Italy,Northeastern Italy,['Collio']
14026,Masút,90.4,46.2,90.0,45.0,13,2,"['Pinot Noir', 'Chardonnay']",US,California,"['Mendocino', 'Mendocino/Lake Counties']"
14027,Matahiwi,86.3,,86.0,,3,1,['Pinot Noir'],New Zealand,Wairarapa,[]
14028,Matanzas Creek,89.3,42.1,89.0,29.5,46,6,"['Chardonnay', 'Sauvignon Blanc', 'Bordeaux-style Red Blend', 'Pinot Noir', 'Merlot', 'Red Blend']",US,California,"['Sonoma County', 'Sonoma']"
14029,Matané,87.2,14.6,87.0,12.0,10,4,"['Negroamaro', 'Red Blend', 'Primitivo', 'White Blend']",Italy,Southern Italy,['Puglia']
14030,Matariki,86.8,21.3,87.0,19.0,16,7,"['Sauvignon Blanc', 'Syrah', 'Chardonnay', 'Merlot', 'Cabernet Sauvignon', 'Pinot Noir', 'Riesling']",New Zealand,Hawke's Bay,[]
14031,Matarredonda,91.0,22.0,91.0,22.0,1,1,['Tinta de Toro'],Spain,Northern Spain,['Toro']
14032,Matarromera,88.1,62.7,88.5,37.0,30,5,"['Red Blend', 'Tempranillo', 'Verdejo', 'Tinto del Pais', 'Tinto Fino']",Spain,Northern Spain,['Ribera del Duero']
14033,Match,85.0,72.0,85.0,72.0,1,1,['Cabernet Sauvignon'],US,California,"['St. Helena', 'Napa']"
14034,Matchbook,86.5,15.9,86.0,15.0,39,6,"['Syrah', 'Tempranillo', 'Chardonnay', 'Red Blend', 'Rosé', 'Cabernet Sauvignon']",US,California,"['Dunnigan Hills', 'Central Valley']"
14035,Matello,91.7,37.0,92.0,37.0,3,2,"['Chardonnay', 'White Blend']",US,Oregon,"['Dundee Hills', 'Willamette Valley']"
14036,Materra Cunat Family Vineyards,86.9,48.6,87.0,42.0,33,7,"['Viognier', 'Chardonnay', 'Sauvignon Blanc', 'Cabernet Sauvignon', 'Merlot', 'Bordeaux-style Red Blend', 'Red Blend']",US,California,"['Oak Knoll District', 'Napa']"
14037,Matetic,89.1,25.4,89.0,20.0,11,4,"['Riesling', 'Sauvignon Blanc', 'Chardonnay', 'Pinot Noir']",Chile,Casablanca Valley,[]
14038,Matetic,89.0,30.0,89.0,30.0,1,1,['Cabernet Sauvignon'],Chile,Maipo Valley,[]
14039,Matetic,88.3,34.1,88.0,28.0,38,6,"['Syrah', 'Sauvignon Blanc', 'Chardonnay', 'Pinot Noir', 'Red Blend', 'Gewürztraminer']",Chile,San Antonio,[]
14040,Mathern,88.0,26.0,87.5,22.5,4,1,['Riesling'],Germany,Nahe,[]
14041,Matheus,88.3,20.0,89.0,20.0,3,1,['Riesling'],Germany,Mosel,[]
14042,Matheus,88.0,19.0,88.0,19.0,1,1,['Riesling'],Germany,Mosel-Saar-Ruwer,[]
14043,Mathew Bruno,91.0,100.0,91.0,100.0,2,1,['Cabernet Sauvignon'],US,California,"['Napa Valley', 'Napa']"
14044,Mathilde Chapoutier Sélection,90.0,20.0,90.0,20.0,1,1,['Rosé'],France,Provence,['Côtes de Provence']
14045,Mathilde et Yves Gangloff,89.0,79.0,89.0,79.0,1,1,['Syrah'],France,Rhône Valley,['Côte Rôtie']
14046,Mathis,86.0,32.5,86.0,32.5,2,1,['Grenache'],US,California,"['Sonoma Valley', 'Sonoma']"
14047,Matias Bertona Wines,88.5,20.0,88.5,20.0,2,2,"['Malbec', 'Torrontés']",Argentina,Mendoza Province,['Mendoza']
14048,Matias Riccitelli,90.2,45.0,90.0,40.0,6,1,['Malbec'],Argentina,Mendoza Province,['Mendoza']
14049,Matias Wines,91.0,37.5,91.0,37.5,2,2,"['Pinot Noir', 'Chardonnay']",US,California,"['Santa Lucia Highlands', 'Central Coast']"
14050,Matiz,84.0,15.0,84.0,15.0,1,1,['Tempranillo'],Spain,Northern Spain,['Ribera del Duero']
14051,Matošević,87.5,20.0,87.5,20.0,2,2,"['Malvasia Istriana', 'Malvasia']",Croatia,Istria,[]
14052,Matriarch,93.0,85.0,93.0,85.0,2,2,"['Bordeaux-style Red Blend', 'Red Blend']",US,California,"['Napa Valley', 'Napa']"
14053,Matrix,88.7,40.6,88.0,38.0,21,5,"['Pinot Noir', 'Zinfandel', 'Bordeaux-style Red Blend', 'Chardonnay', 'Petite Sirah']",US,California,"['Russian River Valley', 'Sonoma']"
14054,Matsu,87.8,32.7,86.5,28.5,6,2,"['Tinta de Toro', 'Tempranillo']",Spain,Northern Spain,['Toro']
14055,Mattebella,86.4,26.4,86.0,21.0,5,3,"['Chardonnay', 'Bordeaux-style Red Blend', 'Rosé']",US,New York,"['North Fork of Long Island', 'Long Island']"
14056,Matteo,89.2,70.0,90.0,50.0,4,2,"['Merlot', 'Chenin Blanc']",US,Washington,"['Columbia Valley (WA)', 'Columbia Valley']"
14057,Matteo Correggia,89.0,,89.0,,1,1,['Sparkling Blend'],Italy,Italy Other,['Vino Spumante']
14058,Matteo Correggia,89.2,,89.0,,8,3,"['Nebbiolo', 'Barbera', 'Arneis']",Italy,Piedmont,['Roero']
14059,Matthew Daniel,84.0,75.0,84.0,75.0,1,1,['Cabernet Sauvignon'],US,California,"['Oakville', 'Napa']"
14060,Matthews,91.0,47.6,90.5,45.0,20,8,"['Syrah', 'Cabernet Franc', 'Red Blend', 'Sauvignon Blanc', 'Cabernet Sauvignon', 'Bordeaux-style Red Blend', 'Merlot', 'Claret']",US,Washington,"['Red Mountain', 'Columbia Valley']"
14061,Matthews Estate,87.9,32.6,88.0,30.0,7,4,"['Bordeaux-style Red Blend', 'Syrah', 'Claret', 'Sauvignon Blanc']",US,Washington,"['Columbia Valley (WA)', 'Columbia Valley']"
14062,Matthias Müller,92.7,29.3,93.0,29.0,3,1,['Riesling'],Germany,Mittelrhein,[]
14063,Matthiasson,92.0,40.0,92.0,40.0,1,1,['White Blend'],US,California,"['Napa Valley', 'Napa']"
14064,Mattina Fiore,91.3,41.1,91.0,40.0,7,7,"['Albariño', 'G-S-M', 'Rosé', 'Chardonnay', 'Syrah', 'Grenache', 'Viognier']",US,California,"['Edna Valley', 'Central Coast']"
14065,Mattucci,91.5,37.5,91.5,37.5,2,2,"['Primitivo', 'Cabernet Sauvignon']",US,California,"['Paso Robles', 'Central Coast']"
14066,Matua,85.5,14.0,85.5,14.0,2,2,"['Pinot Noir', 'Sauvignon Blanc']",New Zealand,Marlborough,[]
14067,Matua Valley,87.0,24.0,87.0,24.0,1,1,['Pinot Noir'],New Zealand,Central Otago,[]
14068,Matua Valley,86.0,14.0,86.0,14.0,2,2,"['Chardonnay', 'Muscat']",New Zealand,Eastern Bays,[]
14069,Matua Valley,88.4,26.8,89.0,19.0,8,2,"['Chardonnay', 'Muscat']",New Zealand,Gisborne,[]
14070,Matua Valley,86.4,21.8,87.0,18.0,15,7,"['Merlot-Cabernet Sauvignon', 'Cabernet Sauvignon-Merlot', 'Chardonnay', 'Sauvignon Blanc', 'Merlot', 'Syrah', 'Bordeaux-style Red Blend']",New Zealand,Hawke's Bay,[]
14071,Matua Valley,86.4,14.9,87.0,14.0,7,3,"['Pinot Noir', 'Sauvignon Blanc', 'Pinot Gris']",New Zealand,Marlborough,[]
14072,Matuba,84.3,13.0,84.0,12.0,3,2,"['Chardonnay', 'Cabernet Sauvignon']",South Africa,Coastal Region,[]
14073,Matuba,84.5,13.5,84.5,13.5,2,2,"['Sauvignon Blanc', 'Chenin Blanc']",South Africa,Western Cape,[]
14074,Maude,86.0,34.2,85.0,28.5,4,2,"['Pinot Noir', 'Pinot Gris']",New Zealand,Central Otago,[]
14075,Maurer,90.5,30.0,90.5,30.0,2,1,['Grüner Veltliner'],Austria,Niederösterreich,[]
14076,Maurer,89.0,24.0,89.0,24.0,1,1,['Grüner Veltliner'],Austria,Weinviertel,[]
14077,Maurice Carrie,82.0,13.0,82.0,13.0,1,1,['Sauvignon Blanc'],US,California,"['Temecula', 'South Coast']"
14078,Maurice Ecard,87.0,34.0,87.0,34.0,6,2,"['Pinot Noir', 'Chardonnay']",France,Burgundy,['Savigny-lès-Beaune']
14079,Maurice Martin,88.0,22.0,88.0,22.0,2,1,['Chardonnay'],France,Burgundy,['Mâcon-Villages']
14080,Maurice Schoech & Fils,89.4,29.9,89.0,30.5,10,5,"['Riesling', 'Alsace white blend', 'Pinot Auxerrois', 'Gewürztraminer', 'Pinot Gris']",France,Alsace,['Alsace']
14081,Mauricio Lorca,88.5,18.2,89.0,18.0,6,4,"['Cabernet Sauvignon', 'Malbec', 'Syrah', 'Malbec-Syrah']",Argentina,Mendoza Province,['Vista Flores']
14082,Maurigi,86.5,27.9,86.0,24.0,13,8,"['White Blend', 'Sauvignon Blanc', 'Petite Verdot', 'Red Blend', 'Pinot Nero', 'Chardonnay', 'Viognier', 'Cabernet Franc']",Italy,Sicily & Sardinia,['Sicilia']
14083,Mauritson,89.2,33.8,90.0,37.0,29,8,"['Cabernet Sauvignon', 'Zinfandel', 'Red Blend', 'Petite Sirah', 'Malbec', 'Sauvignon Blanc', 'Bordeaux-style Red Blend', 'Syrah']",US,California,"['Rockpile', 'Sonoma']"
14084,Mauro,90.9,63.3,91.0,50.0,7,2,"['Tempranillo', 'Tempranillo Blend']",Spain,Northern Spain,['Vino de la Tierra de Castilla y León']
14085,Mauro Franchino,88.0,47.0,88.0,47.0,1,1,['Nebbiolo'],Italy,Piedmont,['Gattinara']
14086,Mauro Molino,87.7,51.2,86.0,60.0,7,2,"['Nebbiolo', 'Barbera']",Italy,Piedmont,['Barolo']
14087,Mauro Sebaste,87.9,32.4,87.0,22.0,31,7,"['Nebbiolo', 'Moscato', 'Barbera', 'Dolcetto', 'Arneis', 'Cortese', 'Viognier']",Italy,Piedmont,['Barolo']
14088,Mauro Vannucci,92.0,,92.0,,2,1,['Red Blend'],Italy,Tuscany,['Carmignano']
14089,Mauro Veglio,91.4,51.6,91.5,50.0,30,4,"['Nebbiolo', 'Red Blend', 'Barbera', 'Dolcetto']",Italy,Piedmont,['Barolo']
14090,Maurodos,91.6,44.8,91.5,37.5,16,3,"['Tinta de Toro', 'Tinta del Toro', 'Tempranillo Blend']",Spain,Northern Spain,['Toro']
14091,Maven,86.5,17.5,86.5,17.5,2,2,"['Chardonnay', 'Sauvignon Blanc']",New Zealand,Marlborough,[]
14092,Maverick,89.2,21.5,90.0,21.5,4,3,"['Shiraz', 'Chardonnay-Semillon', 'Chardonnay']",Australia,South Australia,['Barossa']
14093,Mawson's,90.0,16.5,90.0,16.5,2,1,['Cabernet Sauvignon'],Australia,South Australia,['Wrattonbully']
14094,Max Ferd. Richter,89.2,22.8,89.0,20.0,9,1,['Riesling'],Germany,Mosel,[]
14095,Max Wagner,86.5,30.2,86.5,26.5,4,1,['Riesling'],Germany,Mosel,[]
14096,Maximin Grünhäuser,91.2,63.4,91.0,42.0,70,4,"['Riesling', 'Spätburgunder', 'Pinot Blanc', 'Weissburgunder']",Germany,Mosel,[]
14097,Maximin Grünhäuser,89.8,61.6,91.0,40.0,22,1,['Riesling'],Germany,Mosel-Saar-Ruwer,[]
14098,Maximo,84.9,8.7,85.0,9.0,15,3,"['Garnacha', 'Viura', 'Tempranillo']",Spain,Central Spain,['Vino de la Tierra de Castilla']
14099,Maxville,91.3,56.0,91.0,67.0,3,3,"['Sauvignon Blanc', 'Petite Sirah', 'Cabernet Sauvignon']",US,California,"['Napa Valley', 'Napa']"
14100,Mayacamas,88.4,38.1,88.0,35.0,15,4,"['Chardonnay', 'Cabernet Sauvignon', 'Merlot', 'Sauvignon Blanc']",US,California,"['Napa Valley', 'Napa']"
14101,Maybach,93.7,133.3,93.0,125.0,3,2,"['Bordeaux-style Red Blend', 'Cabernet Sauvignon']",US,California,"['Oakville', 'Napa']"
14102,Maycas del Limari,88.9,26.9,89.0,22.0,14,3,"['Syrah', 'Chardonnay', 'Sauvignon Blanc']",Chile,Limarí Valley,[]
14103,Mayer am Pfarrplatz,90.4,29.0,90.0,28.0,5,3,"['Riesling', 'Pinot Noir', 'Austrian white blend']",Austria,Vienna,[]
14104,Mayer am Pfarrplatz,89.0,19.7,90.0,20.0,3,2,"['White Blend', 'Austrian white blend']",Austria,Wiener Gemischter Satz,[]
14105,Maynard's,94.0,,94.0,,1,1,['Port'],Portugal,Port,[]
14106,Mayo,88.2,29.4,89.0,30.0,9,5,"['Zinfandel', 'Pinot Gris', 'Sauvignon Blanc', 'Cabernet Sauvignon', 'Pinot Noir']",US,California,"['Russian River Valley', 'Sonoma']"
14107,Mayol,87.0,15.0,87.0,15.0,1,1,['Bonarda'],Argentina,Mendoza Province,['Mendoza']
14108,Mayoral,87.0,7.0,87.0,7.0,1,1,['Tempranillo Blend'],Spain,Levante,['Jumilla']
14109,Mayro-Murdick,87.5,35.5,87.5,35.5,2,1,['Pinot Noir'],US,California,"['Carneros', 'Napa-Sonoma']"
14110,Maysara,88.5,37.9,89.0,32.0,15,2,"['Pinot Gris', 'Pinot Noir']",US,Oregon,"['McMinnville', 'Willamette Valley']"
14111,Maysie Cellars,87.0,14.0,87.0,14.0,1,1,['Sangiovese'],US,California,"['Mendocino County', 'Mendocino/Lake Counties']"
14112,Mayu,83.0,11.0,83.0,11.0,1,1,['Malbec'],Argentina,Other,['San Juan']
14113,Mayu,86.0,15.0,86.0,15.0,5,3,"['Sauvignon Blanc', 'Carmenère-Syrah', 'Pedro Ximénez']",Chile,Elqui Valley,[]
14114,Mazza Chautauqua Cellars,92.0,30.0,92.0,30.0,1,1,['Shiraz'],Australia,South Australia,['McLaren Vale']
14115,Mazza Chautauqua Cellars,82.7,14.3,82.0,14.0,3,2,"['Pinot Grigio', 'Riesling']",US,New York,"['Finger Lakes', 'Finger Lakes']"
14116,Mazza Vineyards,88.0,43.0,88.0,43.0,1,1,['Vidal Blanc'],US,New York,"['Lake Erie', 'Finger Lakes']"
14117,Mazzei,90.3,44.3,90.0,29.0,54,5,"['Red Blend', 'Cabernet Sauvignon', 'Sangiovese', 'Vermentino', 'Rosato']",Italy,Tuscany,['Maremma Toscana']
14118,Mazzi,87.4,45.0,87.0,45.0,5,2,"['Corvina, Rondinella, Molinara', 'Red Blend']",Italy,Veneto,['Amarone della Valpolicella Classico']
14119,Mazzocco,85.5,35.6,85.0,34.0,56,7,"['Zinfandel', 'Sauvignon Blanc', 'Chardonnay', 'Cabernet Sauvignon', 'Petite Sirah', 'Viognier', 'Bordeaux-style Red Blend']",US,California,"['Dry Creek Valley', 'Sonoma']"
14120,Mazzoni,88.0,20.0,88.0,20.0,1,1,['Red Blend'],Italy,Tuscany,['Toscana']
14121,Maçanita Vinhos,89.0,20.0,89.0,20.0,2,1,['Portuguese Red'],Portugal,Douro,[]
14122,McCall,89.9,37.0,90.0,34.5,16,7,"['Merlot', 'Bordeaux-style Red Blend', 'Cabernet Franc', 'Chardonnay', 'Pinot Noir', 'Rosé', 'Sauvignon Blanc']",US,New York,"['North Fork of Long Island', 'Long Island']"
14123,McCay Cellars,89.1,30.5,90.0,28.0,21,9,"['Carignane', 'Cinsault', 'Tempranillo', 'Zinfandel', 'Red Blend', 'Petite Sirah', 'White Blend', 'Grenache', 'Rosé']",US,California,"['Lodi', 'Central Valley']"
14124,McClean,88.5,19.8,88.5,20.0,4,4,"['Zinfandel', 'Red Blend', 'Syrah', 'Bordeaux-style Red Blend']",US,California,"['Central Coast', 'Central Coast']"
14125,McClean X,88.0,20.0,88.0,20.0,1,1,['Syrah'],US,California,"['California', 'California Other']"
14126,McConnell Estates Winery,86.0,17.0,86.0,17.0,2,2,"['Zinfandel', 'Merlot']",US,California,"['Lodi', 'Central Valley']"
14127,McCrea,90.4,32.0,90.0,28.0,40,12,"['Grenache', 'Counoise', 'Syrah', 'White Blend', 'Marsanne', 'Roussanne', 'Viognier', 'Grenache Blanc', 'Rosé', 'Mourvèdre', 'Chardonnay', 'Rhône-style Red Blend']",US,Washington,"['Yakima Valley', 'Columbia Valley']"
14128,McCrea Cellars,90.0,29.6,90.0,28.0,26,11,"['Roussanne', 'Viognier', 'Grenache', 'Rhône-style Red Blend', 'Counoise', 'Syrah', 'Rhône-style White Blend', 'Mourvèdre', 'Red Blend', 'Marsanne', 'Grenache Blanc']",US,Washington,"['Red Mountain', 'Columbia Valley']"
14129,McDermaid,89.0,25.0,89.0,25.0,1,1,['Malbec'],US,California,"['Red Hills Lake County', 'Mendocino/Lake Counties']"
14130,McDowell,84.5,16.0,85.5,15.0,4,3,"['Viognier', 'Syrah', 'Grenache']",US,California,"['Mendocino County', 'Mendocino/Lake Counties']"
14131,McEvoy Ranch,90.3,33.3,90.0,35.0,3,3,"['Pinot Noir', 'Rosé', 'Red Blend']",US,California,"['Marin County', 'North Coast']"
14132,McFadden,87.5,21.3,88.0,17.0,46,10,"['Red Blend', 'Zinfandel', 'Chardonnay', 'Sparkling Blend', 'Sauvignon Blanc', 'Pinot Gris', 'Gewürztraminer', 'Riesling', 'Pinot Noir', 'Rosé']",US,California,"['Mendocino', 'Mendocino/Lake Counties']"
14133,McGah Family,89.7,37.7,90.0,38.0,3,3,"['Zinfandel', 'Petit Verdot', 'Sauvignon Blanc']",US,California,"['Rutherford', 'Napa']"
14134,McGrail,88.1,39.0,88.0,39.0,9,3,"['Chardonnay', 'Cabernet Sauvignon', 'Merlot']",US,California,"['Livermore Valley', 'Central Coast']"
14135,McGregor,86.7,26.9,87.0,25.0,39,12,"['Riesling', 'Pinot Noir', 'Chardonnay', 'Cabernet Sauvignon', 'Gewürztraminer', 'Cabernet Franc', 'White Blend', 'Bordeaux-style Red Blend', 'Vignoles', 'Red Blend', 'Muskat Ottonel', 'Rosé']",US,New York,"['Finger Lakes', 'Finger Lakes']"
14136,McGuigan,86.0,9.0,86.0,9.0,2,2,"['Shiraz', 'Chardonnay']",Australia,Australia Other,['South Eastern Australia']
14137,McGuigan,87.0,15.0,87.0,15.0,2,1,['Chardonnay'],Australia,New South Wales,['Hunter Valley']
14138,McGuigan,84.0,10.0,84.0,10.0,1,1,['Merlot'],Australia,South Australia,['Limestone Coast']
14139,McIlroy,85.5,24.3,86.0,22.5,6,4,"['Chardonnay', 'Cabernet Franc', 'Pinot Noir', 'Merlot']",US,California,"['Russian River Valley', 'Sonoma']"
14140,McIntyre Vineyards,89.2,33.6,89.0,36.0,50,4,"['Pinot Noir', 'Chardonnay', 'Sparkling Blend', 'Merlot']",US,California,"['Santa Lucia Highlands', 'Central Coast']"
14141,McKahn,87.2,31.0,88.0,30.5,4,4,"['Viognier', 'Chardonnay', 'Zinfandel', 'Syrah']",US,California,"['Russian River Valley', 'Sonoma']"
14142,McKenzie-Mueller,83.4,29.3,83.0,28.0,7,6,"['Cabernet Franc', 'Merlot', 'Pinot Grigio', 'Malbec', 'Cabernet Sauvignon', 'Pinot Noir']",US,California,"['Napa Valley', 'Napa']"
14143,McKinley Springs,87.6,17.8,88.0,16.0,8,6,"['Malbec', 'Red Blend', 'Viognier', 'White Blend', 'Chenin Blanc', 'Syrah']",US,Washington,"['Horse Heaven Hills', 'Columbia Valley']"
14144,McKinney,88.0,25.0,88.0,25.0,3,3,"['Red Blend', 'Viognier', 'Chardonnay']",US,California,"['Santa Ynez Valley', 'Central Coast']"
14145,McLaren Vale Premium Wines,87.3,20.0,87.0,20.0,3,3,"['Grenache', 'Bordeaux-style Red Blend', 'Sauvignon Blanc']",Australia,South Australia,['McLaren Vale']
14146,McManis,84.9,10.8,85.0,11.0,93,13,"['Zinfandel', 'Viognier', 'Syrah', 'Cabernet Sauvignon', 'Merlot', 'Pinot Noir', 'Petite Sirah', 'Malbec', 'Red Blend', 'Chardonnay', 'Pinot Grigio', 'Barbera', 'Petit Verdot']",US,California,"['Lodi', 'Central Valley']"
14147,McNab Ridge,88.2,24.0,87.5,20.0,6,6,"['Gewürztraminer', 'Red Blend', 'Pinotage', 'Meritage', 'Cabernet Sauvignon', 'Petite Sirah']",US,California,"['Mendocino County', 'Mendocino/Lake Counties']"
14148,McPherson,87.0,15.8,87.0,13.0,7,7,"['Sangiovese', 'Rhône-style Red Blend', 'Piquepoul Blanc', 'Rosé', 'Albariño', 'Cinsault', 'Red Blend']",US,Texas,['Texas']
14149,McPherson Wine Company,85.5,7.5,85.5,7.5,6,5,"['Cabernet Sauvignon', 'Shiraz', 'Cabernet Sauvignon-Shiraz', 'Chardonnay', 'White Blend']",Australia,Australia Other,['South Eastern Australia']
14150,McPherson Wine Company,90.0,15.0,90.0,15.0,2,2,"['Pinot Gris', 'Pinot Noir']",Australia,Victoria,['Victoria']
14151,McPrice Myers,86.0,36.0,86.0,36.0,1,1,['Grenache'],US,California,"['Santa Barbara County', 'Central Coast']"
14152,McWilliam's,87.0,16.0,87.0,16.0,1,1,['Chardonnay'],Australia,Australia Other,['Australia']
14153,McWilliam's,89.0,15.0,89.0,15.0,2,2,"['Cabernet Sauvignon', 'Chardonnay']",Australia,New South Wales,['Hilltops']
14154,McWilliam's Hanwood Estate,85.4,11.8,85.0,12.0,12,5,"['Chardonnay', 'Merlot', 'Cabernet Sauvignon', 'Shiraz', 'Riesling']",Australia,Australia Other,['South Eastern Australia']
14155,McWilliam's of Coonawarra,87.8,36.5,88.5,28.0,6,2,"['Cabernet Sauvignon', 'Shiraz']",Australia,South Australia,['Coonawarra']
14156,Meador Estate,87.0,40.0,87.0,40.0,2,2,"['Chardonnay', 'Syrah']",US,California,"['Arroyo Seco', 'Central Coast']"
14157,Meadowcroft,87.1,33.8,87.0,30.0,15,8,"['Cabernet Sauvignon', 'Zinfandel', 'Pinot Noir', 'Chardonnay', 'Syrah', 'Viognier', 'Riesling', 'Cabernet Franc']",US,California,"['Mount Veeder', 'Napa']"
14158,Meander,91.7,90.0,92.0,87.5,10,1,['Cabernet Sauvignon'],US,California,"['Rutherford', 'Napa']"
14159,Mebus,82.0,21.0,82.0,21.0,1,1,['Bordeaux-style Red Blend'],New Zealand,Wairarapa,[]
14160,Medanos,82.6,16.2,83.0,16.0,9,5,"['Malbec', 'Cabernet Sauvignon', 'Chardonnay', 'Sparkling Blend', 'Tempranillo']",Argentina,Mendoza Province,['Mendoza']
14161,Mederaño,82.0,10.0,82.0,10.0,1,1,['White Blend'],Spain,Catalonia,['Catalunya']
14162,Medici Ermete,85.9,18.6,85.0,20.5,9,4,"['Lambrusco', 'Malvasia Bianca', 'Lambrusco Salamino', 'Red Blend']",Italy,Central Italy,['Lambrusco Reggiano']
14163,Mediterra,85.5,22.0,85.5,22.0,2,2,"['Red Blend', 'Vilana']",Greece,Crete,[]
14164,Mediterra,86.0,20.0,86.0,20.0,2,1,['Agiorgitiko'],Greece,Peloponnese,[]
14165,Mediterra,85.0,30.0,85.0,30.0,1,1,['Red Blend'],Greece,Peza,[]
14166,Medlock Ames,89.1,45.0,89.0,45.0,25,8,"['Cabernet Sauvignon', 'Rosé', 'Chardonnay', 'Bordeaux-style Red Blend', 'Merlot', 'Malbec', 'Sauvignon Blanc', 'Pinot Noir']",US,California,"['Alexander Valley', 'Sonoma']"
14167,Medrano,85.7,10.0,85.0,10.0,3,2,"['Cabernet Sauvignon', 'Malbec']",Argentina,Mendoza Province,['Mendoza']
14168,Medrano,86.0,10.0,86.0,10.0,1,1,['Torrontés'],Argentina,Other,['Salta']
14169,Medulas,88.0,18.0,88.0,18.0,1,1,['Cabernet Sauvignon-Tempranillo'],Spain,Levante,['Valencia']
14170,Medusa,85.2,32.0,84.0,35.0,5,1,['Zinfandel'],US,California,"['Amador County', 'Sierra Foothills']"
14171,Meek Family,88.7,20.0,89.0,22.0,3,2,"['Red Blend', 'Syrah']",US,Washington,"['Yakima Valley', 'Columbia Valley']"
14172,Meeker,85.6,45.2,85.5,42.5,8,5,"['Zinfandel', 'Cabernet Sauvignon', 'Petite Sirah', 'Bordeaux-style Red Blend', 'Cabernet Franc']",US,California,"['Sonoma County', 'Sonoma']"
14173,Meerea Park,87.8,33.5,89.0,36.0,4,1,['Shiraz'],Australia,New South Wales,['Hunter Valley']
14174,Meerlust,88.8,25.8,88.0,26.0,13,5,"['Bordeaux-style Red Blend', 'Chardonnay', 'Pinot Noir', 'Red Blend', 'Merlot']",South Africa,Stellenbosch,[]
14175,Megan Anne,91.2,55.0,91.5,55.0,4,1,['Pinot Noir'],US,Oregon,"['Chehalem Mountains', 'Willamette Valley']"
14176,Megandina Cellars,84.0,54.0,84.0,54.0,1,1,['Chardonnay'],US,California,"['Carneros', 'Napa-Sonoma']"
14177,Meierer,89.0,16.0,89.0,16.0,1,1,['Riesling'],Germany,Mosel,[]
14178,Meilen,81.0,11.0,81.0,11.0,1,1,['Riesling'],Germany,Mosel-Saar-Ruwer,[]
14179,Meinert,84.0,22.5,84.0,22.5,2,2,"['Cabernet Sauvignon', 'Merlot']",South Africa,Devon Valley,[]
14180,Meinklang,90.6,18.8,90.5,19.0,12,8,"['Blauburgunder', 'Blaufränkisch', 'Austrian Red Blend', 'Pinot Gris', 'Pinot Noir', 'White Blend', 'Zweigelt', 'Grüner Veltliner']",Austria,Burgenland,[]
14181,Meinklang,91.0,39.0,91.0,39.0,1,1,['St. Laurent'],Austria,Neusiedlersee,[]
14182,Meiomi,88.0,22.7,88.0,22.0,7,3,"['Pinot Noir', 'Rosé', 'Chardonnay']",US,California,"['Monterey-Santa Barbara-Sonoma', 'California Other']"
14183,Melania,82.8,10.0,83.0,10.0,5,4,"['Sauvignon Blanc', 'Chardonnay', 'Malbec-Syrah', 'Merlot']",Chile,Maule Valley,[]
14184,Melanson,93.0,67.0,93.0,67.0,1,1,['Cabernet Sauvignon'],US,California,"['Napa Valley', 'Napa']"
14185,Melanto Terrace,86.5,11.0,86.5,11.0,2,2,"['Sauvignon Blanc', 'Zinfandel']",US,California,"['North Coast', 'North Coast']"
14186,Melhill,88.5,60.0,88.5,60.0,2,2,"['Chardonnay', 'Pinot Noir']",US,California,"['Sonoma Coast', 'Sonoma']"
14187,Meli,86.0,12.0,86.0,12.0,1,1,['Riesling'],Chile,Central Valley,[]
14188,Meli,86.8,19.9,87.0,15.0,12,2,"['Carignan', 'Riesling']",Chile,Maule Valley,[]
14189,Melini,87.0,20.2,87.0,19.0,21,4,"['Sangiovese', 'Cabernet Blend', 'Red Blend', 'Vernaccia']",Italy,Tuscany,['Chianti Classico']
14190,Melior,84.0,12.0,84.0,12.0,1,1,['Tempranillo'],Spain,Northern Spain,['Ribera del Duero']
14191,Melipal,87.3,22.4,87.0,18.0,25,5,"['Malbec', 'Cabernet Sauvignon', 'Cabernet Franc', 'Bordeaux-style Red Blend', 'Rosé']",Argentina,Mendoza Province,['Mendoza']
14192,Mellisoni,84.0,59.9,84.5,47.5,8,6,"['Malbec', 'Pinot Grigio', 'Cabernet Sauvignon', 'White Blend', 'Rosé', 'Chardonnay']",US,Washington,"['Columbia Valley (WA)', 'Columbia Valley']"
14193,Mellowood,86.0,26.0,86.0,26.0,1,1,['Zinfandel'],US,California,"['Fair Play', 'Sierra Foothills']"
14194,Meloni,87.1,22.8,87.0,23.0,7,3,"['Cannonau', 'Red Blend', 'Monica']",Italy,Sicily & Sardinia,['Cannonau di Sardegna']
14195,Melrose,86.7,21.4,87.0,20.0,48,14,"['Baco Noir', 'Pinot Gris', 'Pinot Noir', 'Chardonnay', 'Tempranillo', 'Red Blend', 'Viognier', 'Syrah', 'Riesling', 'Sauvignon Blanc', 'Pinotage', 'Merlot', 'Dolcetto', 'Rosé']",US,Oregon,"['Umpqua Valley', 'Southern Oregon']"
14196,Melsheimer,87.8,27.0,88.0,24.5,4,1,['Riesling'],Germany,Mosel,[]
14197,Melville,91.8,37.9,92.0,36.0,50,5,"['Pinot Noir', 'Syrah', 'Chardonnay', 'Viognier', 'Rosé']",US,California,"['Sta. Rita Hills', 'Central Coast']"
14198,Melée,88.0,32.5,88.0,32.5,2,1,['Grenache'],US,California,"['California', 'California Other']"
14199,Member's Mark,89.0,11.0,89.0,11.0,1,1,['Riesling'],Germany,Mosel,[]
14200,Member's Mark,85.0,8.0,85.0,8.0,1,1,['Chardonnay'],US,California,"['Central Coast', 'Central Coast']"
14201,Mendel,89.0,39.1,89.0,30.0,21,6,"['Malbec', 'Malbec-Cabernet Sauvignon', 'Bordeaux-style Red Blend', 'Red Blend', 'Sémillon', 'Cabernet Sauvignon']",Argentina,Mendoza Province,['Mendoza']
14202,Mendelson,88.0,33.0,88.0,33.0,2,2,"['Muscat Canelli', 'Pinot Gris']",US,California,"['Napa Valley', 'Napa']"
14203,Mendielle Vertu,85.0,27.0,85.0,27.0,1,1,['Merlot'],US,California,"['Mendocino County', 'Mendocino/Lake Counties']"
14204,Mendocino Farms,88.0,28.0,88.0,28.0,2,2,"['Syrah', 'Cabernet Sauvignon']",US,California,"['Mendocino', 'Mendocino/Lake Counties']"
14205,Mendocino Gold,86.0,12.0,86.0,12.0,1,1,['Cabernet Sauvignon'],US,California,['Mendocino County']
14206,Mendocino Vineyards,89.0,40.0,89.0,40.0,1,1,['Red Blend'],US,California,"['Mendocino', 'Mendocino/Lake Counties']"
14207,Mendoza Vineyards,89.0,42.7,89.5,28.0,6,2,"['Malbec', 'Cabernet Sauvignon']",Argentina,Mendoza Province,['Mendoza']
14208,Mendoza Vineyards,88.0,26.0,88.0,26.0,1,1,['Malbec'],Argentina,Other,['Argentina']
14209,Menduco,87.5,12.0,87.5,12.0,4,2,"['Malbec', 'Cabernet Sauvignon']",Argentina,Mendoza Province,['Uco Valley']
14210,Menduco,86.0,12.0,86.0,12.0,1,1,['Torrontés'],Argentina,Other,['Cafayate']
14211,Mensch,91.0,20.0,91.0,20.0,1,1,['Roussanne'],US,California,"['Lodi', 'Central Valley']"
14212,Meola Vineyards,85.8,57.5,85.5,57.5,4,1,['Cabernet Sauvignon'],US,California,"['Alexander Valley', 'Sonoma']"
14213,Mer Blanc,82.0,12.0,82.0,12.0,1,1,['Rosé'],US,California,"['Alexander Valley', 'Sonoma']"
14214,Mer Soleil,90.4,37.7,90.0,42.0,7,1,['Chardonnay'],US,California,"['Santa Lucia Highlands', 'Central Coast']"
14215,Meran,87.0,20.0,87.0,20.0,1,1,['Kerner'],Italy,Northeastern Italy,['Alto Adige']
14216,Mercer,87.5,27.2,87.0,21.0,78,16,"['Red Blend', 'Merlot', 'Malbec', 'Syrah', 'Bordeaux-style Red Blend', 'Cabernet Sauvignon', 'Pinot Gris', 'Sauvignon Blanc', 'Riesling', 'Petit Verdot', 'Chardonnay', 'Mourvèdre', 'Sangiovese', 'Viognier', 'Rosé', 'Rhône-style Red Blend']",US,Washington,"['Columbia Valley (WA)', 'Columbia Valley']"
14217,Mercer Canyons,87.1,14.1,87.0,14.0,17,6,"['Chardonnay', 'Riesling', 'Cabernet Sauvignon', 'Red Blend', 'Malbec', 'Bordeaux-style Red Blend']",US,Washington,"['Columbia Valley (WA)', 'Columbia Valley']"
14218,Mercouri Estate,88.0,75.0,88.0,75.0,1,1,['Red Blend'],Greece,Greece,[]
14219,Mercouri Estate,89.0,21.0,89.0,21.0,1,1,['White Blend'],Greece,Ilia,[]
14220,Mercouri Estate,87.8,27.2,88.5,22.0,4,2,"['Red Blend', 'White Blend']",Greece,Ilias,[]
14221,Mercouri Estate,89.5,39.0,89.5,39.0,2,1,['Red Blend'],Greece,Letrinon,[]
14222,Mercouri Estate,89.5,18.0,89.5,18.0,2,1,['White Blend'],Greece,Peloponnese,[]
14223,Mercouri Estate,87.5,14.5,87.5,14.5,2,2,"['Roditis', 'White Blend']",Greece,Pisatis,[]
14224,Mercy,88.9,29.3,89.0,28.0,35,5,"['Sauvignon Blanc', 'Chardonnay', 'Pinot Noir', 'Syrah', 'Riesling']",US,California,"['Arroyo Seco', 'Central Coast']"
14225,Meridian,84.5,11.8,85.0,10.0,17,6,"['Cabernet Sauvignon', 'Merlot', 'Pinot Noir', 'Sauvignon Blanc', 'Chardonnay', 'Pinot Grigio']",US,California,"['California', 'California Other']"
14226,Merino,87.5,25.0,87.5,25.0,2,2,"['Syrah', 'Chardonnay']",Chile,Limarí Valley,[]
14227,Merisi,84.0,24.0,84.0,24.0,1,1,['Pinot Gris'],US,California,"['Los Carneros', 'Napa-Sonoma']"
14228,Merk,86.8,16.0,86.5,16.0,4,3,"['Pinot Grigio', 'Tocai', 'Pinot Bianco']",Italy,Northeastern Italy,['Friuli Aquileia']
14229,Mermaid Ridge,87.0,15.0,87.0,15.0,2,2,"['Chardonnay', 'Shiraz']",Australia,Western Australia,['Great Southern']
14230,Meroi,90.0,65.0,90.0,55.0,3,3,"['Friulano', 'Chardonnay', 'Picolit']",Italy,Northeastern Italy,['Colli Orientali del Friuli']
14231,Meroni,83.5,80.0,83.5,80.0,2,2,"['Corvina, Rondinella, Molinara', 'Red Blend']",Italy,Veneto,['Valpolicella Classico Superiore']
14232,Merops,87.0,38.0,87.0,38.0,1,1,['Bordeaux-style Red Blend'],Australia,Western Australia,['Margaret River']
14233,Merotto,87.0,25.1,87.0,26.0,14,1,['Glera'],Italy,Veneto,['Conegliano Valdobbiadene Prosecco Superiore']
14234,Merriam,86.0,32.3,86.0,30.0,45,9,"['Cabernet Franc', 'Sauvignon Blanc', 'Fumé Blanc', 'Chardonnay', 'Pinot Noir', 'Rosé', 'Cabernet Sauvignon', 'Merlot', 'Red Blend']",US,California,"['Russian River Valley', 'Sonoma']"
14235,Merrill Cellars,86.0,29.8,86.0,29.0,10,6,"['Syrah', 'Viognier', 'Rhône-style Red Blend', 'Pinot Noir', 'G-S-M', 'Tempranillo']",US,Oregon,"['Oregon', 'Oregon Other']"
14236,Merriman,90.0,50.0,90.0,50.0,2,1,['Pinot Noir'],US,Oregon,['Willamette Valley']
14237,Merriman,90.0,23.5,90.0,23.5,2,1,['Chenin Blanc'],US,Washington,"['Columbia Valley (WA)', 'Columbia Valley']"
14238,Merritt,85.6,13.6,85.0,11.0,5,4,"['Seyval Blanc', 'Red Blend', 'Cabernet Sauvignon', 'Riesling']",US,New York,"['New York', 'New York Other']"
14239,Merry Cellars,86.7,32.8,87.0,32.0,25,14,"['Malbec', 'Petit Verdot', 'Merlot', 'Cabernet Franc', 'Sémillon', 'Chardonnay', 'Sangiovese', 'Red Blend', 'Syrah', 'Sauvignon Blanc', 'Carmenère', 'Mourvèdre-Syrah', 'Bordeaux-style Red Blend', 'Cabernet Sauvignon']",US,Washington,"['Walla Walla Valley (WA)', 'Columbia Valley']"
14240,Merry Edwards,92.4,52.5,93.0,54.0,93,3,"['Chardonnay', 'Pinot Noir', 'Sauvignon Blanc']",US,California,"['Russian River Valley', 'Sonoma']"
14241,Merryvale,90.2,57.2,90.5,48.0,94,10,"['Chardonnay', 'Sauvignon Blanc', 'Cabernet Sauvignon', 'Bordeaux-style Red Blend', 'Merlot', 'Pinot Noir', 'Cabernet Franc', 'Malbec', 'Petit Verdot', 'Syrah']",US,California,"['Napa Valley', 'Napa']"
14242,Mersenne,89.8,41.8,90.0,43.0,5,4,"['Sauvignon Blanc', 'Cabernet Franc', 'Cabernet Sauvignon', 'Pinot Noir']",US,California,"['Rutherford', 'Napa']"
14243,Merum,85.3,12.0,85.0,10.0,3,1,['Tempranillo'],Spain,Central Spain,['Vinos de Madrid']
14244,Merum,83.0,18.5,83.0,18.5,2,1,['Monastrell'],Spain,Levante,['Jumilla']
14245,Merum,85.0,16.0,85.0,16.0,1,1,['Grenache-Syrah'],Spain,Spain Other,['Spain']
14246,Merus,94.0,152.5,94.0,152.5,2,1,['Cabernet Sauvignon'],US,California,"['Coombsville', 'Napa']"
14247,Mesa,88.4,30.7,88.0,28.0,19,4,"['Vermentino', 'Carignano', 'Red Blend', 'Cannonau']",Italy,Sicily & Sardinia,['Vermentino di Sardegna']
14248,Mesa Del Sol,90.1,33.2,90.0,32.0,11,5,"['Syrah', 'Sangiovese', 'Zinfandel', 'Grenache', 'Red Blend']",US,California,"['Arroyo Seco', 'Central Coast']"
14249,Mesh,89.0,25.0,89.0,25.0,3,1,['Riesling'],Australia,South Australia,['Eden Valley']
14250,Mesoneros de Castilla,86.5,22.5,86.5,22.5,2,1,['Tempranillo'],Spain,Northern Spain,['Ribera del Duero']
14251,Messias,87.2,16.5,87.0,16.5,13,5,"['Portuguese Red', 'Syrah', 'Baga', 'Chardonnay', 'Portuguese Sparkling']",Portugal,Bairrada,[]
14252,Messias,87.5,13.8,87.5,12.0,14,2,"['Portuguese Red', 'Touriga Franca']",Portugal,Douro,[]
14253,Messias,88.8,9.5,89.0,9.5,5,1,['Portuguese Red'],Portugal,Dão,[]
14254,Messias,87.6,102.9,87.5,39.5,16,1,['Port'],Portugal,Port,[]
14255,Messias,85.0,7.0,85.0,7.0,3,1,['Portuguese White'],Portugal,Vinho Verde,[]
14256,Messias,91.0,28.0,91.0,28.0,1,1,['Portuguese Red'],Portugal,Vinho da Mesa,[]
14257,Messina Hof,84.0,17.2,84.0,16.5,22,14,"['Rosé', 'Riesling', 'Cabernet Franc', 'Primitivo', 'Zinfandel', 'Pinot Grigio', 'Chardonnay', 'Moscato', 'Shiraz', 'Muscat Canelli', 'Chenin Blanc', 'Mourvèdre', 'Viognier', 'Malbec']",US,Texas,['Texas']
14258,Mestres,89.0,33.5,89.0,33.5,2,1,['Sparkling Blend'],Spain,Catalonia,['Cava']
14259,Metaphora,90.0,105.0,90.0,105.0,2,2,"['Cabernet Sauvignon', 'Cabernet Franc']",US,California,"['Napa Valley', 'Napa']"
14260,Metate Hill Vineyards,88.5,30.0,88.5,30.0,2,2,"['Albariño', 'Graciano']",US,California,"['Calaveras County', 'Sierra Foothills']"
14261,Meteor,84.0,225.0,84.0,225.0,1,1,['Cabernet Sauvignon'],US,California,"['Napa Valley', 'Napa']"
14262,Methius,91.0,60.0,91.0,60.0,1,1,['Sparkling Blend'],Italy,Northeastern Italy,['Trento']
14263,Method,88.0,25.0,88.0,25.0,1,1,['Red Blend'],US,California,"['North Coast', 'North Coast']"
14264,Methven Family Vineyards,86.9,29.6,87.0,24.0,29,6,"['Pinot Noir', 'Pinot Gris', 'Riesling', 'Chardonnay', 'Gamay Noir', 'Rosé']",US,Oregon,"['Willamette Valley', 'Willamette Valley']"
14265,Methymnaeos,84.0,14.0,84.0,14.0,2,2,"['Red Blend', 'White Blend']",Greece,Lesbos,[]
14266,Metternich-Salomon,92.8,55.0,92.5,55.0,4,1,['Riesling'],Austria,Kremstal,[]
14267,Mettler Family Vineyards,87.5,23.4,88.0,25.0,25,3,"['Zinfandel', 'Cabernet Sauvignon', 'Petite Sirah']",US,California,"['Lodi', 'Central Valley']"
14268,Metz Road,91.7,32.7,92.0,34.0,3,2,"['Chardonnay', 'Pinot Noir']",US,California,"['Monterey', 'Central Coast']"
14269,Metzker Family Estates,93.5,60.0,93.5,60.0,2,2,"['Pinot Noir', 'Chardonnay']",US,California,"['Fort Ross-Seaview', 'Sonoma']"
14270,Meulnart Père et Fils,88.5,18.5,88.5,18.5,2,1,['Rosé'],France,Provence,['Côtes de Provence']
14271,Meurgey-Croses,91.3,73.3,93.0,84.0,7,2,"['Chardonnay', 'Pinot Noir']",France,Burgundy,['Pouilly-Fuissé']
14272,Meyblum et Fils,84.0,10.0,84.0,10.0,1,1,['Malbec'],France,Southwest France,['Cahors']
14273,Meyer Family Cellars,89.2,47.3,89.0,42.0,13,4,"['Port', 'Cabernet Sauvignon', 'Syrah', 'Petite Sirah']",US,California,"['California', 'California Other']"
14274,Meyer Family Vineyards,88.3,30.8,88.0,30.0,13,2,"['Pinot Noir', 'Chardonnay']",Canada,British Columbia,['Okanagan Valley']
14275,Meyer-Fonné,88.4,24.0,88.0,24.0,5,4,"['Pinot Gris', 'Gewürztraminer', 'Pinot Blanc', 'Sparkling Blend']",France,Alsace,['Alsace']
14276,Meyer-Näkel,92.7,56.0,93.0,50.0,3,1,['Spätburgunder'],Germany,Ahr,[]
14277,Mezzacorona,86.6,11.9,86.0,9.0,38,10,"['Pinot Grigio', 'Moscato', 'Chardonnay', 'Teroldego', 'Pinot Noir', 'Lagrein', 'Cabernet Sauvignon', 'Marzemino', 'Traminer', 'Merlot']",Italy,Northeastern Italy,['Trentino']
14278,Mezzacorona,85.0,10.0,85.0,10.0,1,1,['Red Blend'],Italy,Sicily & Sardinia,['Sicilia']
14279,Mi Sueño,88.4,46.0,89.0,45.0,19,5,"['Chardonnay', 'Pinot Noir', 'Cabernet Sauvignon', 'Syrah', 'Red Blend']",US,California,"['Sonoma Mountain', 'Sonoma']"
14280,Mi Terruño,87.8,27.3,88.0,19.0,9,5,"['Malbec', 'Bonarda', 'Malbec-Cabernet Sauvignon', 'Cabernet Sauvignon', 'Cabernet Franc']",Argentina,Mendoza Province,['Mendoza']
14281,Mia Bea,90.0,22.0,90.0,22.0,1,1,['Chardonnay'],US,California,['Mendocino']
14282,Mia Nipote Winery,85.0,39.0,85.0,39.0,1,1,['Cabernet Sauvignon'],US,California,"['Livermore Valley', 'Central Coast']"
14283,Mia's Playground,84.3,17.3,84.5,16.0,6,4,"['Chardonnay', 'Cabernet Sauvignon', 'Zinfandel', 'Pinot Noir']",US,California,"['Russian River Valley', 'Sonoma']"
14284,Miali,84.8,17.0,85.0,15.0,13,9,"['Rosato', 'Verdeca', 'Primitivo', 'Red Blend', 'Chardonnay', 'White Blend', 'Negroamaro', 'Fiano', 'Sauvignon']",Italy,Southern Italy,['Puglia']
14285,Michael Bernard,90.0,18.0,90.0,18.0,1,1,['Sauvignon Blanc'],US,California,"['Russian River Valley', 'Sonoma']"
14286,Michael David,88.1,28.2,88.0,20.0,58,12,"['Cabernet Sauvignon', 'Syrah', 'Sauvignon Blanc', 'Cabernet Franc', 'Petit Verdot', 'Zinfandel', 'Petite Sirah', 'Cinsault', 'Tannat', 'Red Blend', 'Chardonnay', 'White Blend']",US,California,"['Lodi', 'Central Valley']"
14287,Michael Florentino,86.2,24.7,85.0,25.0,13,13,"['Monastrell', 'Rosé', 'Sauvignon Blanc-Semillon', 'Mourvèdre', 'Counoise', 'Cabernet Franc', 'Red Blend', 'Tempranillo', 'Syrah', 'Sangiovese', 'Rhône-style Red Blend', 'Primitivo', 'Cabernet Sauvignon']",US,Washington,"['Red Mountain', 'Columbia Valley']"
14288,Michael Florentino Cellars,88.0,33.8,87.5,34.0,8,6,"['Mourvèdre', 'Tempranillo', 'Merlot', 'Syrah', 'Malbec', 'Zinfandel']",US,Washington,"['Columbia Valley (WA)', 'Columbia Valley']"
14289,Michael Fröhlich,88.7,22.7,88.0,21.0,3,1,['Silvaner'],Germany,Franken,[]
14290,Michael Gill Cellars,92.0,56.0,92.0,56.0,2,2,"['Tempranillo', 'Syrah']",US,California,"['Paso Robles', 'Central Coast']"
14291,Michael James Wines,89.2,51.0,89.5,54.0,4,2,"['Syrah', 'Cabernet Sauvignon']",US,California,"['Santa Barbara County', 'Central Coast']"
14292,Michael Mondavi Family Estate,91.1,83.2,91.0,65.0,11,3,"['Cabernet Sauvignon', 'Chardonnay', 'Sauvignon Blanc']",US,California,"['Napa Valley', 'Napa']"
14293,Michael Pozzan,85.5,17.0,86.0,16.0,27,9,"['Bordeaux-style Red Blend', 'Chardonnay', 'Cabernet Sauvignon', 'Pinot Noir', 'Pinot Grigio', 'Sauvignon Blanc', 'Red Blend', 'Merlot', 'Zinfandel']",US,California,"['Napa Valley', 'Napa']"
14294,Michael Rose Cellars,89.0,29.0,89.0,29.0,2,2,"['Syrah', 'Alicante Bouschet']",US,California,"['Paso Robles', 'Central Coast']"
14295,Michael Shaps,86.9,33.7,87.0,30.0,11,9,"['Cabernet Franc', 'Merlot', 'Viognier', 'Chardonnay', 'Red Blend', 'Meritage', 'Tannat', 'Petit Verdot', 'Petit Manseng']",US,Virginia,['Monticello']
14296,Michael Sullberg,86.6,12.8,87.0,12.0,5,3,"['Cabernet Sauvignon', 'Merlot', 'Chardonnay']",US,California,"['California', 'California Other']"
14297,Michael-Scott,88.0,38.8,88.0,36.5,4,2,"['Cabernet Sauvignon', 'Zinfandel']",US,California,"['Napa Valley', 'Napa']"
14298,Michalakis,85.0,17.0,85.0,17.0,2,2,"['Red Blend', 'Cabernet Sauvignon']",Greece,Crete,[]
14299,Michalakis,85.0,15.5,85.0,15.5,2,2,"['Sauvignon', 'Red Blend']",Greece,Greece,[]
14300,Michaud,90.1,39.5,90.5,39.0,8,4,"['Chardonnay', 'Pinot Noir', 'Marsanne', 'Syrah']",US,California,"['Chalone', 'Central Coast']"
14301,Michel & Stéphane Ogier,89.0,20.0,89.0,20.0,1,1,['Syrah'],France,France Other,['Vin de France']
14302,Michel & Stéphane Ogier,91.3,107.2,92.0,93.5,10,3,"['Rhône-style White Blend', 'Syrah', 'Viognier']",France,Rhône Valley,['Condrieu']
14303,Michel Dutour,86.0,,86.0,,1,1,['Chardonnay'],France,Burgundy,['Pouilly-Fuissé']
14304,Michel Gassier,86.7,15.7,86.0,17.0,3,2,"['Viognier', 'Cabernet Sauvignon']",France,France Other,['Vin de France']
14305,Michel Gassier,90.0,15.0,90.0,15.0,1,1,['Cabernet Sauvignon'],France,Languedoc-Roussillon,"[""Pays d'Oc""]"
14306,Michel Gassier,90.0,18.5,90.0,18.5,5,3,"['Syrah', 'Rhône-style Red Blend', 'Rhône-style White Blend']",France,Rhône Valley,['Costières de Nîmes']
14307,Michel Gros,89.8,51.2,89.5,51.5,4,1,['Pinot Noir'],France,Burgundy,['Vosne-Romanée']
14308,Michel Laroche,83.0,7.0,83.0,7.0,2,2,"['Syrah', 'Merlot']",France,Languedoc-Roussillon,"[""Vin de Pays d'Oc""]"
14309,Michel Laroche/Jorge Coderch,87.0,13.0,87.0,13.0,1,1,['Chardonnay'],Chile,Casablanca Valley,[]
14310,Michel Lynch,85.4,12.7,86.0,12.0,7,2,"['Bordeaux-style White Blend', 'Merlot']",France,Bordeaux,['Bordeaux Blanc']
14311,Michel Léon,88.0,10.0,88.0,10.0,1,1,['Gewürztraminer'],France,Alsace,['Alsace']
14312,Michel Moritz,86.7,261.7,87.0,220.0,3,1,['Champagne Blend'],France,Champagne,['Champagne']
14313,Michel Picard,86.4,44.4,86.0,36.5,21,2,"['Chardonnay', 'Pinot Noir']",France,Burgundy,['Mercurey']
14314,Michel Picard,82.0,9.0,82.0,9.0,2,2,"['Cabernet Sauvignon', 'Syrah']",France,Languedoc-Roussillon,['Languedoc']
14315,Michel Picard,82.0,17.5,81.5,17.5,4,3,"['Chenin Blanc', 'Sauvignon Blanc', 'Cabernet Franc']",France,Loire Valley,['Vouvray']
14316,Michel Picard,85.0,16.8,86.0,12.0,5,1,['Rhône-style Red Blend'],France,Rhône Valley,['Côtes du Rhône']
14317,Michel Redde,87.2,21.5,87.5,21.5,4,1,['Sauvignon Blanc'],France,Loire Valley,['Pouilly-Fumé']
14318,Michel Redde et Fils,88.9,28.8,89.0,30.0,15,1,['Sauvignon Blanc'],France,Loire Valley,['Pouilly-Fumé']
14319,Michel Reybier,94.0,120.0,94.0,120.0,1,1,['Champagne Blend'],France,Champagne,['Champagne']
14320,Michel Tissot,87.0,15.0,87.0,15.0,1,1,['Chardonnay'],France,France Other,['Arbois']
14321,Michel Torino,86.1,19.5,86.0,16.0,81,12,"['Cabernet Sauvignon', 'Malbec', 'Chardonnay', 'Malbec-Merlot', 'Tannat', 'Red Blend', 'Syrah', 'Sauvignon Blanc', 'Torrontés', 'Fumé Blanc', 'Pinot Noir', 'Rosé']",Argentina,Other,['Cafayate']
14322,Michel Vattan,90.1,26.4,90.0,25.0,11,2,"['Sauvignon Blanc', 'Rosé']",France,Loire Valley,['Sancerre']
14323,Michel et Joana Ecard,88.5,75.0,88.5,75.0,2,1,['Pinot Noir'],France,Burgundy,['Savigny-lès-Beaune']
14324,Michel-Schlumberger,86.1,38.3,86.0,33.5,12,6,"['Merlot', 'Cabernet Franc', 'Chardonnay', 'Pinot Blanc', 'Cabernet Sauvignon', 'Red Blend']",US,California,"['Dry Creek Valley', 'Sonoma']"
14325,Michele Chiarlo,89.8,51.6,90.0,40.0,74,7,"['Nebbiolo', 'Red Blend', 'Moscato', 'Barbera', 'Albarossa', 'Cortese', 'Arneis']",Italy,Piedmont,['Barbaresco']
14326,Michele Satta,90.8,61.0,90.5,50.0,30,6,"['Sangiovese', 'Red Blend', 'Viognier', 'Rosato', 'Syrah', 'White Blend']",Italy,Tuscany,['Toscana']
14327,Michele Taliano,89.5,60.0,89.5,60.0,4,1,['Nebbiolo'],Italy,Piedmont,['Barbaresco']
14328,Michele Ventura,88.0,20.0,88.0,20.0,2,1,['Red Blend'],Italy,Tuscany,['Toscana']
14329,Michelle,86.7,13.5,86.5,13.5,6,1,['Sparkling Blend'],US,Washington,"['Columbia Valley (WA)', 'Columbia Valley']"
14330,Michlits,85.5,,85.5,,2,2,"['Red Blend', 'St. Laurent']",Austria,Burgenland,[]
14331,Michlits,85.5,13.5,85.5,13.5,2,2,"['Grüner Veltliner', 'Zweigelt']",Austria,Niederösterreich,[]
14332,Midalidare,89.5,70.0,89.5,70.0,2,2,"['Malbec', 'Red Blend']",Bulgaria,Thracian Valley,[]
14333,Middelvlei,84.5,16.8,85.0,17.0,4,4,"['Cabernet Sauvignon', 'Red Blend', 'Pinotage', 'Syrah']",South Africa,Stellenbosch,[]
14334,Middle Ridge,85.8,37.8,85.0,42.0,5,3,"['Merlot', 'Pinot Grigio', 'Cabernet Sauvignon']",US,California,"['Temecula Valley', 'South Coast']"
14335,Middle Sister,85.0,11.8,85.0,12.0,4,4,"['Pinot Grigio', 'Sauvignon Blanc', 'Cabernet Sauvignon', 'Pinot Noir']",US,California,"['California', 'California Other']"
14336,Midlife Crisis,83.5,20.0,83.5,20.0,2,2,"['Barbera', 'Sangiovese']",US,California,"['Paso Robles', 'Central Coast']"
14337,Midnight,85.8,33.1,85.0,29.0,93,18,"['Bordeaux-style Red Blend', 'Syrah', 'Cabernet Sauvignon', 'Sangiovese', 'Merlot', 'Zinfandel', 'Red Blend', 'Cabernet Franc', 'Chardonnay', 'Rhône-style White Blend', 'Petite Verdot', 'Malbec', 'Petite Sirah', 'Pinot Noir', 'White Blend', 'Port', 'Petit Verdot', 'Cabernet Blend']",US,California,"['Paso Robles', 'Central Coast']"
14338,Midolini,87.0,25.0,87.0,25.0,3,3,"['White Blend', 'Sauvignon', 'Pinot Grigio']",Italy,Northeastern Italy,['Colli Orientali del Friuli']
14339,Midsummer Cellars,89.3,42.1,90.0,44.0,22,4,"['Cabernet Sauvignon', 'Rhône-style White Blend', 'Grenache', 'Rosé']",US,California,"['Atlas Peak', 'Napa']"
14340,Mier Vini,83.0,,83.0,,1,1,['Aglianico'],Italy,Southern Italy,['Irpinia']
14341,Mignanelli,91.1,32.3,92.0,32.0,7,2,"['Chardonnay', 'Pinot Noir']",US,California,"['Santa Cruz Mountains', 'Central Coast']"
14342,Migration,90.3,48.4,90.0,55.0,39,2,"['Chardonnay', 'Pinot Noir']",US,California,"['Russian River Valley', 'Sonoma']"
14343,Miguel Arroyo Izquierdo,83.0,16.0,83.0,16.0,1,1,['Verdejo'],Spain,Northern Spain,['Rueda']
14344,Miguel Torres,85.9,16.1,86.0,12.0,30,10,"['Sauvignon Blanc', 'Red Blend', 'Cabernet Sauvignon', 'Shiraz', 'Syrah', 'Carmenère', 'Merlot', 'País', 'Gewürztraminer', 'Chardonnay']",Chile,Central Valley,[]
14345,Miguel Torres,84.5,17.0,84.5,17.0,2,2,"['Chardonnay-Viognier', 'Sparkling Blend']",Chile,Chile,[]
14346,Miguel Torres,87.7,28.5,88.0,22.5,34,10,"['Riesling', 'Red Blend', 'Cabernet Sauvignon', 'Chardonnay', 'Sauvignon Blanc', 'Gewürztraminer-Riesling', 'Rosé', 'Carmenère', 'Shiraz', 'Merlot']",Chile,Curicó Valley,[]
14347,Miguel Torres,86.0,23.0,86.0,23.0,1,1,['Pinot Noir'],Chile,Curicó and Maipo Valleys,[]
14348,Miguel Torres,83.0,,83.0,,1,1,['Muscat'],Chile,Itata Valley,[]
14349,Miguel Torres,89.0,23.0,89.0,23.0,2,1,['Chardonnay'],Chile,Limarí Valley,[]
14350,Miguel Torres,89.5,25.0,89.5,25.0,2,2,"['Carignan', 'Syrah']",Chile,Maule Valley,[]
14351,Mikami Vineyards,89.3,39.0,90.0,39.0,3,1,['Zinfandel'],US,California,"['Lodi', 'Central Valley']"
14352,Mike Ditka,87.0,50.0,87.0,50.0,2,2,"['Red Blend', 'Cabernet Sauvignon']",US,California,"['Mendocino', 'Mendocino/Lake Counties']"
14353,Mike and Molly Hendry,90.5,38.0,90.5,38.0,2,1,['Zinfandel'],US,California,"['Coombsville', 'Napa']"
14354,Miklus,87.0,42.5,87.0,42.5,2,2,"['Malvasia', 'Ribolla Gialla']",Italy,Northeastern Italy,['Collio']
14355,Mil Piedras,84.9,12.1,85.0,12.0,15,5,"['Cabernet Sauvignon', 'Merlot', 'Rosé', 'Viognier', 'Malbec']",Argentina,Mendoza Province,['Mendoza']
14356,Mila Vuolo,87.0,,87.0,,1,1,['Aglianico'],Italy,Southern Italy,['Campania']
14357,Milange,87.0,70.0,87.0,70.0,1,1,['Cabernet Sauvignon'],US,California,"['Napa Valley', 'Napa']"
14358,Milbrandt,88.3,23.2,88.0,21.0,90,15,"['Red Blend', 'Chardonnay', 'Viognier', 'Syrah', 'Cabernet Sauvignon', 'Merlot', 'Riesling', 'Pinot Gris', 'Bordeaux-style Red Blend', 'Malbec', 'Grenache', 'Rhône-style Red Blend', 'Rosé', 'Tempranillo', 'Primitivo']",US,Washington,"['Wahluke Slope', 'Columbia Valley']"
14359,Milcampos,85.7,22.3,86.0,18.0,3,1,['Tempranillo'],Spain,Northern Spain,['Ribera del Duero']
14360,Milenrama,87.5,16.5,87.5,16.5,2,1,['Tempranillo'],Spain,Northern Spain,['Rioja']
14361,Miles,86.0,25.0,86.0,25.0,3,3,"['Pinot Noir', 'Bordeaux-style Red Blend', 'Cabernet Franc']",US,New York,"['Finger Lakes', 'Finger Lakes']"
14362,Miles From Nowhere,88.0,13.0,88.0,13.0,1,1,['Shiraz'],Australia,Western Australia,['Margaret River']
14363,Miles Mossop,86.3,35.0,87.0,35.0,3,2,"['White Blend', 'Bordeaux-style Red Blend']",South Africa,Coastal Region,[]
14364,Mileto,88.0,21.0,88.0,21.0,1,1,['Tempranillo Blend'],Spain,Northern Spain,['Rioja']
14365,Milijan Jelić,87.0,26.0,87.0,26.0,1,1,['Morava'],Serbia,Pocerina,[]
14366,Mill Creek,85.6,21.4,85.5,19.5,18,7,"['Chardonnay', 'Cabernet Sauvignon', 'Sauvignon Blanc', 'Gewürztraminer', 'Merlot', 'Zinfandel', 'Syrah']",US,California,"['Dry Creek Valley', 'Sonoma']"
14367,Millaman,85.0,,85.0,,1,1,['Zinfandel'],Chile,Central Valley,[]
14368,Millaman,84.5,14.6,85.0,18.0,8,6,"['Cabernet Sauvignon', 'Cabernet Sauvignon-Malbec', 'Sauvignon Blanc', 'Malbec', 'Carmenère', 'Chardonnay']",Chile,Curicó Valley,[]
14369,Millaman,86.5,14.0,86.5,14.0,2,1,['Pinot Noir'],Chile,Leyda Valley,[]
14370,Millaman,83.5,12.5,83.5,12.5,2,2,"['Merlot', 'Carmenère']",Chile,Maule Valley,[]
14371,Millbrook,87.4,25.2,87.0,22.0,47,6,"['Riesling', 'Cabernet Franc', 'Pinot Noir', 'Merlot', 'Chardonnay', 'Tocai Friulano']",US,New York,"['Hudson River Region', 'New York Other']"
14372,Miller Wine Works,90.0,27.7,91.0,25.0,3,3,"['Grenache Blanc', 'Zinfandel', 'White Blend']",US,California,"['El Dorado', 'Sierra Foothills']"
14373,Milliaire,86.1,21.3,85.0,20.0,9,5,"['Cabernet Sauvignon', 'Zinfandel', 'Syrah', 'Petite Sirah', 'Pinot Noir']",US,California,"['Sierra Foothills', 'Sierra Foothills']"
14374,Mills Reef,87.8,19.9,88.0,17.0,17,6,"['Sauvignon Blanc', 'Chardonnay', 'Syrah', 'Cabernet Sauvignon-Merlot', 'Merlot-Malbec', 'Cabernet Merlot']",New Zealand,Hawke's Bay,[]
14375,Millton,88.4,25.8,88.5,30.0,10,5,"['Chardonnay', 'Riesling', 'Chenin Blanc', 'Viognier', 'Pinot Noir']",New Zealand,Gisborne,[]
14376,Millésimé,84.5,53.6,84.0,55.0,17,6,"['Red Blend', 'Bordeaux-style Red Blend', 'Syrah-Viognier', 'Syrah', 'Viognier', 'Cabernet Franc']",US,California,"['California', 'California Other']"
14377,Milo,89.0,23.0,89.0,23.0,1,1,['Malbec'],Argentina,Mendoza Province,['Mendoza']
14378,Miloš,89.0,42.0,89.0,42.0,2,1,['Plavac Mali'],Croatia,Peljesac,[]
14379,Milton Park,86.4,12.8,87.0,12.0,5,3,"['Shiraz', 'Riesling', 'Chardonnay']",Australia,South Australia,['South Australia']
14380,Milz-Lauretiushof,86.0,15.0,86.0,15.0,1,1,['Riesling'],Germany,Mosel-Saar-Ruwer,[]
14381,Milziade Antano,93.1,49.3,94.0,50.0,7,2,"['Sagrantino', 'Red Blend']",Italy,Central Italy,['Sagrantino di Montefalco']
14382,Minassian-Young,85.2,22.5,84.0,23.0,46,13,"['Grenache', 'Zinfandel', 'Mourvèdre', 'Rhône-style Red Blend', 'Cabernet Sauvignon', 'Rosé', 'Red Blend', 'Roussanne-Grenache Blanc', 'Tannat', 'Syrah', 'Rhône-style White Blend', 'Malbec', 'Alvarinho']",US,California,"['Paso Robles', 'Central Coast']"
14383,Mineo Family Vineyards,86.5,19.0,86.5,19.0,2,2,"[""Nero d'Avola"", 'Red Blend']",Italy,Sicily & Sardinia,['Sicilia']
14384,Mineo Family Vineyards,87.0,19.0,87.0,19.0,1,1,['Primitivo'],Italy,Southern Italy,['Salento']
14385,Miner,89.3,49.1,90.0,50.0,35,10,"['Pinot Noir', 'Bordeaux-style Red Blend', 'Grenache', 'Viognier', 'Cabernet Sauvignon', 'Merlot', 'Petite Sirah', 'Chardonnay', 'Cabernet Blend', 'Sauvignon Blanc']",US,California,"['Santa Lucia Highlands', 'Central Coast']"
14386,Mineral Wines,85.7,30.7,86.0,28.0,3,3,"['Merlot', 'Petite Sirah', 'Meritage']",US,California,"['Calaveras County', 'Sierra Foothills']"
14387,Minimus,89.2,36.0,89.0,40.0,5,5,"['Pinot Noir', 'Red Blend', 'Grüner Veltliner', 'Grenache', 'Chardonnay']",US,Oregon,"['Willamette Valley', 'Willamette Valley']"
14388,Ministry of the Vinterior,85.7,17.7,86.0,17.0,9,4,"['Pinot Noir', 'Cabernet Sauvignon', 'Chardonnay', 'Zinfandel']",US,California,"['Russian River Valley', 'Sonoma']"
14389,Minkov Brothers,87.8,19.4,88.0,19.0,5,5,"['Riesling', 'Cabernet Franc', 'Cabernet Sauvignon', 'Red Blend', 'Syrah']",Bulgaria,Thracian Valley,[]
14390,Miolo,84.2,33.2,85.5,31.5,4,3,"['Merlot-Cabernet Sauvignon', 'Chardonnay', 'Champagne Blend']",Brazil,Vale dos Vinhedos,[]
14391,Mionetto,84.0,10.0,84.0,10.0,1,1,['Moscato'],Italy,Northeastern Italy,['Delle Venezie']
14392,Mionetto,87.2,18.5,87.0,18.0,44,4,"['Glera', 'Sparkling Blend', 'Prosecco', 'Moscato']",Italy,Veneto,['Conegliano Valdobbiadene Prosecco Superiore']
14393,Miquel Pons,84.0,18.0,84.0,18.0,1,1,['Sparkling Blend'],Spain,Catalonia,['Cava']
14394,Mira,90.5,50.9,90.0,48.0,12,4,"['Chardonnay', 'Syrah', 'Pinot Noir', 'Cabernet Sauvignon']",US,California,"['Napa Valley', 'Napa']"
14395,Mirabeau,87.6,21.8,88.0,20.0,8,1,['Rosé'],France,Provence,['Côtes de Provence']
14396,Mirabelle,88.4,26.6,88.5,27.0,10,1,['Sparkling Blend'],US,California,"['California', 'California Other']"
14397,Mirabile,87.0,24.2,87.0,20.5,4,3,"[""Nero d'Avola"", 'Tannat', 'Red Blend']",Italy,Sicily & Sardinia,['Sicilia']
14398,Miracle Hill,88.0,45.0,88.0,45.0,1,1,['Syrah'],US,California,"['Sonoma Valley', 'Sonoma']"
14399,Miracle Valley,83.2,27.2,83.5,26.5,6,6,"['Merlot', 'Red Blend', 'Viognier', 'Cabernet Franc', 'Rosé', 'Cabernet Sauvignon']",US,Virginia,['Virginia']
14400,Miradou,85.5,11.5,85.5,11.5,2,1,['Rosé'],France,Provence,['Côtes de Provence']
14401,Mirafiore,91.6,98.8,91.0,100.0,11,2,"['Nebbiolo', 'Barbera']",Italy,Piedmont,['Barolo']
14402,Miraflores,89.8,29.4,90.0,28.0,35,15,"['Red Blend', 'Mourvèdre', 'Zinfandel', 'Syrah', 'Tempranillo', 'Petite Sirah', 'Meritage', 'Black Muscat', 'Semillon-Sauvignon Blanc', 'Rosé', 'Rhône-style Red Blend', 'Barbera', 'Viognier', 'Muscat Canelli', 'Malbec']",US,California,"['El Dorado', 'Sierra Foothills']"
14403,Miralta,90.0,25.0,90.0,25.0,1,1,['Rosé'],US,California,"['Monterey', 'Central Coast']"
14404,Miramont,82.0,25.0,82.0,25.0,1,1,['Cabernet Sauvignon'],US,California,"['Lodi', 'Central Valley']"
14405,Mirassou,85.0,12.7,85.0,12.0,50,10,"['Cabernet Sauvignon', 'Moscato', 'Riesling', 'Sauvignon Blanc', 'Pinot Grigio', 'Pinot Blanc', 'Pinot Noir', 'Chardonnay', 'Merlot', 'Red Blend']",US,California,"['California', 'California Other']"
14406,Miro,88.1,27.4,88.0,28.0,31,6,"['Petite Sirah', 'Zinfandel', 'Rhône-style Red Blend', 'Cabernet Sauvignon', 'Pinot Noir', 'G-S-M']",US,California,"['Dry Creek Valley', 'Sonoma']"
14407,Miroballi Wines,92.0,25.0,92.0,25.0,1,1,['Grenache Blanc'],US,California,"['Santa Ynez Valley', 'Central Coast']"
14408,Mirone,85.0,9.0,85.0,9.0,2,1,['Garnacha'],Spain,Northern Spain,['Campo de Borja']
14409,Mirror,92.0,85.0,92.5,90.0,8,2,"['Cabernet Sauvignon', 'Chardonnay']",US,California,"['Napa Valley', 'Napa']"
14410,Mirus,87.0,,87.0,,1,1,['Red Blend'],Italy,Tuscany,['Maremma Toscana']
14411,Mirù,94.0,33.0,94.0,33.0,1,1,['Red Blend'],Italy,Piedmont,['Ghemme']
14412,Misiones de Rengo,89.0,13.0,89.0,13.0,1,1,['Sauvignon Blanc'],Chile,Casablanca Valley,[]
14413,Misiones de Rengo,85.8,10.8,85.0,10.0,8,4,"['Cabernet Sauvignon', 'Carmenère', 'Chardonnay', 'Sauvignon Blanc']",Chile,Central Valley,[]
14414,Misiones de Rengo,87.0,20.0,87.0,20.0,2,1,['Chardonnay'],Chile,Leyda Valley,[]
14415,Misiones de Rengo,87.7,18.4,88.0,20.0,9,3,"['Carmenère', 'Cabernet Sauvignon', 'Cabernet Sauvignon-Syrah']",Chile,Rapel Valley,[]
14416,Mission Estate,88.0,21.7,87.5,18.0,8,4,"['Cabernet Sauvignon', 'Syrah', 'Chardonnay', 'Merlot-Cabernet Franc']",New Zealand,Hawke's Bay,[]
14417,Mission Hardware,85.0,14.0,85.0,14.0,1,1,['Red Blend'],US,California,"['Sonoma Valley', 'Sonoma']"
14418,Mission Hill,90.0,51.2,90.0,50.0,14,7,"['Bordeaux-style Red Blend', 'Riesling', 'Merlot', 'Chardonnay', 'Pinot Noir', 'Sauvignon Blanc', 'Vidal']",Canada,British Columbia,['Okanagan Valley']
14419,Mission Park,86.0,8.0,86.0,8.0,1,1,['Red Blend'],US,California,"['Central Coast', 'Central Coast']"
14420,Mission Trail,80.8,25.5,80.5,24.0,4,4,"['Sauvignon Blanc', 'Zinfandel', 'Syrah', 'Garnacha']",US,California,"['Monterey County', 'Central Coast']"
14421,Mistinguett,87.0,16.2,87.0,17.0,4,1,['Sparkling Blend'],Spain,Catalonia,['Cava']
14422,Mistress,92.0,42.0,92.0,42.0,1,1,['Pinot Noir'],US,California,"['Santa Barbara County', 'Central Coast']"
14423,Misty Cove,89.0,25.0,89.0,25.0,1,1,['Pinot Noir'],New Zealand,Marlborough,[]
14424,Mitchell,90.0,17.5,90.0,17.5,2,1,['Riesling'],Australia,South Australia,['Clare Valley']
14425,Mitchell Katz Winery,86.0,23.0,86.0,23.0,2,2,"['Cabernet Sauvignon', 'Sangiovese']",US,California,"['Livermore Valley', 'Central Coast']"
14426,Mitchelton,89.0,27.2,90.0,26.5,5,2,"['Shiraz', 'Marsanne']",Australia,Victoria,['Central Victoria']
14427,Mithra,94.5,190.0,94.5,190.0,2,1,['Cabernet Sauvignon'],US,California,"['Mount Veeder', 'Napa']"
14428,Mitolo,89.3,39.7,90.0,38.5,30,6,"['Shiraz', 'Cabernet Sauvignon', 'Vermentino', 'Sangiovese', 'Rosé', 'Grenache-Shiraz']",Australia,South Australia,['McLaren Vale']
14429,Mittnacht Frères,88.9,24.6,89.0,23.0,9,5,"['Riesling', 'Pinot Gris', 'White Blend', 'Gewürztraminer', 'Pinot Blanc']",France,Alsace,['Alsace']
14430,Mixed Bag,84.0,10.0,84.0,10.0,2,2,"['Red Blend', 'White Blend']",US,California,"['California', 'California Other']"
14431,Mizzon,90.0,,90.0,,1,1,"['Corvina, Rondinella, Molinara']",Italy,Veneto,['Valpolicella Classico Superiore Ripasso']
14432,Mme Aly Duhr et Fils,87.0,40.7,87.0,36.0,3,2,"['Pinot Gris', 'Riesling']",Luxembourg,Moselle Luxembourgeoise,[]
14433,Mocali,88.9,37.9,88.0,37.5,45,6,"['Sangiovese Grosso', 'Moscadello', 'Red Blend', 'Sangiovese', 'White Blend', 'Vermentino']",Italy,Tuscany,['Brunello di Montalcino']
14434,Mocavero,85.5,29.2,86.0,23.0,13,4,"['Negroamaro', 'Red Blend', 'Primitivo', 'Chardonnay']",Italy,Southern Italy,['Salento']
14435,Moccagatta,91.2,59.1,92.0,60.0,13,1,['Nebbiolo'],Italy,Piedmont,['Barbaresco']
14436,Mochetto,85.0,17.0,85.0,17.0,1,1,['Moscato'],Italy,Northeastern Italy,['Delle Venezie']
14437,Mocine,87.3,23.3,87.0,19.0,3,1,['Red Blend'],Italy,Tuscany,['Toscana']
14438,Mockingbird,89.5,150.0,89.5,150.0,2,1,['Cabernet Sauvignon'],US,California,"['Napa Valley', 'Napa']"
14439,Mocén,84.7,21.0,85.0,20.0,3,1,['Verdejo'],Spain,Northern Spain,['Rueda']
14440,Modus Operandi,92.7,47.7,93.0,45.0,3,3,"['Sauvignon Blanc', 'Red Blend', 'Cabernet Sauvignon']",US,California,"['Rutherford', 'Napa']"
14441,Moffett,88.0,40.0,88.0,40.0,1,1,['Syrah'],US,California,"['Oak Knoll District', 'Napa']"
14442,Mogollon,87.0,16.0,87.0,16.0,1,1,['Malbec'],Argentina,Mendoza Province,['Uco Valley']
14443,Mogor Badan,86.0,35.0,86.0,35.0,1,1,['Red Blend'],Mexico,Valle de Guadalupe,[]
14444,Mohua,85.0,17.3,85.0,17.0,3,3,"['Pinot Noir', 'Riesling', 'Pinot Gris']",New Zealand,Central Otago,[]
14445,Mohua,87.5,13.0,87.5,13.0,2,1,['Sauvignon Blanc'],New Zealand,Marlborough,[]
14446,Moillard,88.0,81.0,88.0,81.0,3,1,['Pinot Noir'],France,Burgundy,['Savigny-lès-Beaune']
14447,Moingeon,86.0,,86.0,,1,1,['Champagne Blend'],France,Burgundy,['Crémant de Bourgogne']
14448,Mojon's Bench,87.0,32.0,87.0,32.0,2,2,"['Red Blend', 'Merlot']",US,California,"['Alexander Valley', 'Sonoma']"
14449,Mola,86.0,44.0,86.0,44.0,1,1,['Aleatico'],Italy,Tuscany,"[""Aleatico dell'Elba""]"
14450,Moletto,89.0,,89.0,,1,1,['Pinot Bianco'],Italy,Italy Other,['Italy']
14451,Moletto,86.9,23.8,87.0,16.0,27,13,"['Sparkling Blend', 'Tocai Rosso', 'Raboso', 'Glera', 'Sauvignon', 'Prosecco', 'Pinot Grigio', 'Franconia', 'Merlot', 'Pinot Bianco', 'Cabernet Sauvignon', 'Chardonnay', 'Red Blend']",Italy,Veneto,['Veneto']
14452,Molinari Carlo,89.0,80.0,89.0,80.0,1,1,['Sangiovese'],Italy,Tuscany,['Brunello di Montalcino']
14453,Molino,88.8,38.3,89.0,40.0,8,1,['Nebbiolo'],Italy,Piedmont,['Barbaresco']
14454,Molino di Sant'Antimo,90.5,38.1,90.0,40.0,17,2,"['Sangiovese', 'Sangiovese Grosso']",Italy,Tuscany,['Brunello di Montalcino']
14455,Mollie,92.5,32.0,93.5,31.0,4,3,"['Pinot Noir', 'Chardonnay', 'Cabernet Sauvignon']",US,California,"['Sta. Rita Hills', 'Central Coast']"
14456,Molliver Vineyards,85.0,12.7,86.0,11.0,3,3,"['Norton', 'Chambourcin', 'Vidal Blanc']",US,Virginia,['Virginia']
14457,Mollydooker,88.6,65.7,89.0,49.0,7,6,"['Shiraz', 'Cabernet Sauvignon', 'Verdelho', 'Shiraz-Cabernet', 'Red Blend', 'Sparkling Blend']",Australia,South Australia,['McLaren Vale']
14458,Molnar Family,88.2,27.2,89.0,27.5,8,2,"['Pinot Noir', 'Chardonnay']",US,California,"['Carneros', 'Napa-Sonoma']"
14459,Molí dels Capellans,90.0,25.0,90.0,25.0,1,1,['Trepat'],Spain,Catalonia,['Conca de Barberà']
14460,Mommessin,87.5,14.3,88.0,15.0,11,1,['Gamay'],France,Beaujolais,['Beaujolais']
14461,Mommessin,86.9,19.7,87.0,18.0,8,3,"['Pinot Noir', 'Chardonnay', 'Gamay']",France,Burgundy,['Bourgogne']
14462,Mommessin,82.8,7.5,83.0,7.5,4,3,"['Cabernet Sauvignon', 'Merlot', 'Chardonnay']",France,Languedoc-Roussillon,"[""Vin de Pays d'Oc""]"
14463,Mommessin,84.0,8.0,84.0,8.0,1,1,['Rhône-style Red Blend'],France,Rhône Valley,['Côtes du Rhône']
14464,MommyJuice,84.0,10.0,84.0,10.0,2,2,"['White Blend', 'Red Blend']",US,California,"['Central Coast', 'Central Coast']"
14465,Momo,86.7,23.0,86.0,23.0,3,1,['Pinot Noir'],New Zealand,Marlborough,[]
14466,Monasterio de las Viñas,85.4,16.4,86.0,16.0,5,2,"['Garnacha-Syrah', 'Red Blend']",Spain,Northern Spain,['Cariñena']
14467,Monastir,87.8,17.2,87.0,17.0,4,3,"['Tempranillo', 'Red Blend', 'Garnacha']",Spain,Northern Spain,['Cariñena']
14468,Moncaro,88.4,29.0,88.0,31.0,8,3,"['Montepulciano', 'Red Blend', 'Verdicchio']",Italy,Central Italy,['Conero Riserva']
14469,Monchiero,89.5,42.0,90.0,40.0,10,2,"['Barbera', 'Nebbiolo']",Italy,Piedmont,"[""Barbera d'Alba Superiore""]"
14470,Monchiero Carbone,88.1,29.7,88.0,22.5,10,3,"['Nebbiolo', 'Arneis', 'Barbera']",Italy,Piedmont,['Langhe']
14471,Moncigale,87.8,12.0,88.0,12.5,8,1,['Rosé'],France,Provence,['Côtes de Provence']
14472,Mondavi/Rosemount,86.0,15.0,86.0,15.0,1,1,['Shiraz'],Australia,Australia Other,['South Eastern Australia']
14473,Mondet,88.5,43.0,88.5,43.0,2,1,['Champagne Blend'],France,Champagne,['Champagne']
14474,Mondo del Vino,86.0,12.0,86.0,12.0,1,1,['Montepulciano'],Italy,Central Italy,"[""Montepulciano d'Abruzzo""]"
14475,Mondo del Vino,85.0,11.0,85.0,11.0,1,1,['Primitivo'],Italy,Southern Italy,['Salento']
14476,Mondoro,84.0,15.0,84.0,15.0,1,1,['Moscato'],Italy,Piedmont,['Asti']
14477,Monemvasia,90.0,40.0,90.0,40.0,1,1,['Red Blend'],Greece,Lakonia,[]
14478,Monfalletto,92.0,,92.0,,1,1,['Nebbiolo'],Italy,Piedmont,['Barolo']
14479,Monfil,88.0,11.0,88.0,11.0,1,1,['Garnacha'],Spain,Northern Spain,['Cariñena']
14480,Monfort-Bellevue,86.0,20.0,86.0,20.0,1,1,['Bordeaux-style Red Blend'],France,Bordeaux,['Médoc']
14481,Mongarda,91.0,15.0,91.0,15.0,1,1,['Glera'],Italy,Northeastern Italy,['Colli Trevigiani']
14482,Mongarda,90.7,18.7,90.0,16.0,3,1,['Glera'],Italy,Veneto,['Valdobbiadene Prosecco Superiore']
14483,Mongioia,90.0,31.0,90.0,31.0,2,1,['Moscato'],Italy,Piedmont,"[""Moscato d'Asti""]"
14484,Moniker,89.1,26.0,90.0,25.0,9,3,"['Chardonnay', 'Cabernet Sauvignon', 'Pinot Noir']",US,California,"['Mendocino County', 'Mendocino/Lake Counties']"
14485,Monkey Bay,84.0,11.0,84.0,11.0,1,1,['Chardonnay'],New Zealand,East Coast,[]
14486,Monkey Bay,86.0,10.3,86.0,10.0,3,1,['Sauvignon Blanc'],New Zealand,Marlborough,[]
14487,Monkey Tree,83.0,15.0,83.0,15.0,1,1,['Red Blend'],Chile,Loncomilla Valley,[]
14488,Monmousseau,84.7,12.0,85.0,12.0,3,2,"['Sparkling Blend', 'Chenin Blanc']",France,France Other,['Vin Mousseux']
14489,Monmousseau,87.9,16.5,88.0,17.5,10,4,"['White Blend', 'Chenin Blanc', 'Sparkling Blend', 'Sauvignon Blanc']",France,Loire Valley,['Crémant de Loire']
14490,Monochrome,91.2,42.8,91.5,43.0,4,2,"['White Blend', 'Chardonnay']",US,California,"['California', 'California Other']"
14491,Monogamy,84.2,12.8,84.5,12.5,4,1,['Cabernet Sauvignon'],US,California,"['North Coast', 'North Coast']"
14492,Monogram,88.0,37.8,88.0,39.0,4,1,['Sparkling Blend'],Italy,Lombardy,['Franciacorta']
14493,Monpissan,88.0,,88.0,,1,1,['Nebbiolo'],Italy,Piedmont,['Roero']
14494,Monsieur Touton,85.0,11.0,85.0,11.0,1,1,['Rosé'],France,Bordeaux,['Bordeaux Rosé']
14495,Mont Destin,82.0,32.0,82.0,32.0,1,1,['Cabernet Sauvignon-Shiraz'],South Africa,Paarl,[]
14496,Mont Gravet,85.0,9.0,85.0,9.0,2,1,['Rosé'],France,Languedoc-Roussillon,"[""Pays d'Oc""]"
14497,Mont Gravet,86.2,8.8,86.0,9.0,5,1,['Colombard'],France,Southwest France,['Côtes de Gascogne']
14498,Mont Marçal,87.1,19.5,87.0,18.0,17,2,"['Sparkling Blend', 'Trepat']",Spain,Catalonia,['Cava']
14499,Mont Paral,84.7,15.0,84.0,15.0,3,1,['Sparkling Blend'],Spain,Catalonia,['Cava']
14500,Mont Rubí,87.0,18.0,87.0,18.0,1,1,['Xarel-lo'],Spain,Catalonia,['Penedès']
14501,Mont Saint-Vincent,81.0,7.0,81.0,7.0,1,1,['Syrah'],France,Languedoc-Roussillon,"[""Vin de Pays d'Oc""]"
14502,Mont Sec,85.0,14.0,85.0,14.0,1,1,['Viognier'],US,Texas,['Texas']
14503,Mont Tauch,84.0,15.7,84.0,11.0,7,6,"['Sauvignon Blanc', 'Merlot', 'Cabernet Sauvignon', 'Rhône-style Red Blend', 'Red Blend', 'Rosé']",France,Languedoc-Roussillon,"[""Vin de Pays d'Oc""]"
14504,Mont-Ferrant,88.0,19.7,88.0,16.0,3,1,['Sparkling Blend'],Spain,Catalonia,['Cava']
14505,MontGras,85.5,12.5,85.5,12.5,2,1,['Sauvignon Blanc'],Chile,Casablanca Valley,[]
14506,MontGras,90.0,16.0,90.0,16.0,1,1,['Red Blend'],Chile,Central Valley,[]
14507,MontGras,86.0,16.0,86.0,16.0,1,1,['Cabernet Sauvignon-Carmenère'],Chile,Chile,[]
14508,MontGras,86.3,13.8,86.0,13.0,39,8,"['Chardonnay', 'Cabernet Sauvignon', 'Carmenère', 'Cabernet Sauvignon-Syrah', 'Red Blend', 'Merlot', 'Rhône-style Red Blend', 'Syrah']",Chile,Colchagua Valley,[]
14509,MontGras,86.0,12.0,86.0,12.0,2,1,['Sauvignon Blanc'],Chile,Leyda Valley,[]
14510,MontGras,89.7,58.3,90.0,66.0,3,1,['Cabernet Sauvignon'],Chile,Maipo Valley,[]
14511,MontGras,84.5,12.0,84.5,12.0,2,1,['Sauvignon Blanc'],Chile,San Antonio,[]
14512,Montage,85.3,12.0,86.0,11.0,3,2,"['Cabernet Sauvignon', 'Chardonnay']",US,California,"['California', 'California Other']"
14513,Montagna,94.7,78.3,94.0,60.0,3,2,"['Cabernet Sauvignon', 'Syrah']",US,California,"['Napa Valley', 'Napa']"
14514,Montalbera,87.2,28.7,87.0,26.0,12,2,"['Barbera', 'Ruché']",Italy,Piedmont,"[""Barbera d'Asti""]"
14515,Montalvo Wilmot,85.0,16.7,85.0,16.0,7,5,"['Cabernet Sauvignon', 'Tempranillo Blend', 'Tempranillo-Cabernet Sauvignon', 'Syrah', 'Tempranillo']",Spain,Central Spain,['Vino de la Tierra de Castilla']
14516,Montaribaldi,88.8,39.6,89.0,40.0,15,3,"['Nebbiolo', 'Arneis', 'Moscato']",Italy,Piedmont,['Barolo']
14517,Montaubret,87.5,43.5,87.5,43.5,2,1,['Champagne Blend'],France,Champagne,['Champagne']
14518,Montaudon,87.3,44.2,88.0,42.5,15,2,"['Champagne Blend', 'Pinot Noir']",France,Champagne,['Champagne']
14519,Montauto,89.0,24.0,89.0,24.0,1,1,['Pinot Nero'],Italy,Tuscany,['Toscana']
14520,Monte Amán,87.0,10.0,87.0,10.0,1,1,['Rosé'],Spain,Northern Spain,['Arlanza']
14521,Monte Antico,87.8,16.0,88.0,12.0,4,2,"['Red Blend', 'Sangiovese']",Italy,Tuscany,['Toscana']
14522,Monte Branco,86.7,17.8,86.5,15.0,6,2,"['Portuguese Red', 'Rosé']",Portugal,Alentejano,[]
14523,Monte Campo,86.0,10.0,86.0,10.0,1,1,['Pinot Grigio'],Italy,Northeastern Italy,['Delle Venezie']
14524,Monte Cheval,82.0,10.0,82.0,10.0,1,1,['Vranec'],Montenegro,Lake Skadar Valley,[]
14525,Monte Cicogna,85.0,16.0,85.0,16.0,1,1,['Riesling'],Italy,Northeastern Italy,['Garda Classico']
14526,Monte Cinco,91.7,42.0,92.0,42.0,3,1,['Malbec'],Argentina,Mendoza Province,['Luján de Cuyo']
14527,Monte Clavijo,85.0,10.5,85.0,10.5,2,2,"['Tempranillo', 'Viura']",Spain,Northern Spain,['Rioja']
14528,Monte De Oro,87.4,53.9,87.0,50.5,14,4,"['Cabernet Sauvignon', 'Syrah', 'Red Blend', 'Zinfandel']",US,California,"['Temecula Valley', 'South Coast']"
14529,Monte Faliesi,92.0,35.0,92.0,35.0,1,1,['Aglianico'],Italy,Southern Italy,['Taurasi']
14530,Monte Faustino,88.4,65.0,88.0,57.5,7,2,"['Corvina, Rondinella, Molinara', 'Red Blend']",Italy,Veneto,['Amarone della Valpolicella Classico']
14531,Monte Ferro,88.8,22.0,89.0,22.5,4,2,"['Pinot Noir', 'Chardonnay']",US,Oregon,"['Elkton Oregon', 'Southern Oregon']"
14532,Monte Hiniesta,88.0,32.0,88.0,32.0,1,1,['Tinta de Toro'],Spain,Northern Spain,['Toro']
14533,Monte Lago,86.0,20.0,86.0,20.0,1,1,['Sauvignon Blanc'],US,California,['Clear Lake']
14534,Monte Largo,84.0,8.0,84.0,8.0,1,1,['Portuguese White'],Portugal,Estremadura,[]
14535,Monte Largo,85.5,,85.5,,2,2,"['Portuguese Red', 'Portuguese White']",Portugal,Tejo,[]
14536,Monte Maggio,88.0,,88.0,,1,1,['Red Blend'],Italy,Tuscany,['Chianti Classico']
14537,Monte Negro,86.0,21.3,85.0,20.0,3,2,"['Tempranillo', 'Tempranillo Blend']",Spain,Northern Spain,['Ribera del Duero']
14538,Monte Novo e Figueirinha,83.7,10.0,84.0,9.0,3,2,"['Portuguese Red', 'Portuguese White']",Portugal,Alentejano,[]
14539,Monte Pinadillo,90.0,16.0,90.0,16.0,1,1,['Tempranillo'],Spain,Northern Spain,['Ribera del Duero']
14540,Monte Rossa,89.6,40.0,90.0,38.0,14,3,"['Sparkling Blend', 'Chardonnay', 'Champagne Blend']",Italy,Lombardy,['Franciacorta']
14541,Monte Santoccio,86.0,25.0,86.0,25.0,2,1,['Red Blend'],Italy,Veneto,['Valpolicella Classico Superiore']
14542,Monte Schiavo,86.7,21.0,87.0,18.0,3,2,"['Red Blend', 'Verdicchio']",Italy,Central Italy,['Rosso Piceno']
14543,Monte Seis Reis,87.6,,88.0,,5,3,"['Portuguese White', 'Portuguese Red', 'Syrah']",Portugal,Alentejano,[]
14544,Monte Smith,88.8,21.5,89.0,22.0,4,4,"['Pinot Gris', 'Pinot Noir', 'Barbera', 'Cabernet Sauvignon']",US,California,"['Russian River Valley', 'Sonoma']"
14545,Monte Tondo,87.1,24.9,87.0,21.0,19,3,"['Garganega', 'Red Blend', 'White Blend']",Italy,Veneto,['Soave Classico']
14546,Monte Volpe,87.6,19.0,88.0,18.0,27,9,"['Negroamaro', 'Montepulciano', 'White Blend', 'Sangiovese', 'Tocai Friulano', 'Aglianico', 'Red Blend', 'Pinot Grigio', 'Primitivo']",US,California,"['Mendocino County', 'Mendocino/Lake Counties']"
14547,Monte Xanic,86.6,26.6,86.5,20.0,10,9,"['Cabernet Sauvignon', 'Bordeaux-style Red Blend', 'White Blend', 'Sauvignon Blanc', 'Cabernet Franc', 'Red Blend', 'Cabernet Sauvignon-Merlot', 'Chenin Blanc', 'Rosado']",Mexico,Valle de Guadalupe,[]
14548,Monte Zovo,87.0,25.2,87.0,18.0,5,3,"['Red Blend', 'Rosato', 'White Blend']",Italy,Veneto,['Amarone della Valpolicella']
14549,Monte da Capela,84.0,13.0,84.0,13.0,1,1,['Portuguese Red'],Portugal,Alentejano,[]
14550,Monte da Capela,90.0,34.0,90.0,34.0,2,1,['Portuguese Red'],Portugal,Alentejo,[]
14551,Monte da Penha,87.8,13.2,88.0,13.5,8,2,"['Portuguese Red', 'Portuguese White']",Portugal,Alentejano,[]
14552,Monte da Penha,90.3,45.0,92.0,32.0,3,1,['Portuguese Red'],Portugal,Alentejo,[]
14553,Monte da Ravasqueira,87.9,18.6,87.0,18.0,31,3,"['Portuguese Red', 'Portuguese White', 'Rosé']",Portugal,Alentejano,[]
14554,Monte dall'Ora,89.0,77.1,90.0,70.0,19,2,"['Corvina, Rondinella, Molinara', 'Red Blend']",Italy,Veneto,['Amarone della Valpolicella Classico']
14555,Monte del Frà,90.5,43.2,91.0,26.0,11,3,"['Rosé', 'Red Blend', 'Garganega']",Italy,Veneto,['Bardolino Chiaretto']
14556,Monte del Frá,85.0,15.0,85.0,15.0,2,1,['Corvina'],Italy,Northeastern Italy,['Garda']
14557,Monte del Frá,86.7,25.7,87.0,19.0,31,6,"['Corvina, Rondinella, Molinara', 'Garganega', 'Red Blend', 'Rosé', 'White Blend', 'Sparkling Blend']",Italy,Veneto,['Valpolicella Classico Superiore Ripasso']
14558,Monte delle Vigne,86.5,,86.5,,2,2,"['Lambrusco', 'Red Blend']",Italy,Central Italy,['Emilia']
14559,Monte do Pintor,88.0,44.5,88.0,35.0,4,1,['Portuguese Red'],Portugal,Alentejano,[]
14560,Monte dos Cabaços,91.0,22.0,91.0,18.0,3,2,"['Portuguese Red', 'Portuguese White']",Portugal,Alentejano,[]
14561,Monteabellón,87.8,31.2,88.5,17.5,6,2,"['Tempranillo', 'Tempranillo Blend']",Spain,Northern Spain,['Ribera del Duero']
14562,Montebaco,90.0,32.8,89.0,39.0,5,3,"['Tempranillo Blend', 'Red Blend', 'Tempranillo']",Spain,Northern Spain,['Ribera del Duero']
14563,Montebelli,88.0,21.5,88.0,21.5,2,1,['Sangiovese'],Italy,Tuscany,['Toscana']
14564,Montebro,85.0,18.0,85.0,18.0,1,1,['Merlot-Cabernet Sauvignon'],Spain,Catalonia,['Terra Alta']
14565,Montebuena,84.3,13.0,84.0,13.0,3,2,"['Tempranillo', 'Tempranillo Blend']",Spain,Northern Spain,['Rioja']
14566,Montecalvi,89.0,,89.0,,1,1,['Sangiovese'],Italy,Tuscany,['Chianti Classico']
14567,Montecappone,87.8,17.6,88.0,16.0,5,2,"['Verdicchio', 'Red Blend']",Italy,Central Italy,['Verdicchio dei Castelli di Jesi Classico Superiore']
14568,Montecarbello,90.0,,90.0,,2,2,"['Sangiovese Grosso', 'Sangiovese']",Italy,Tuscany,['Brunello di Montalcino']
14569,Montecariano,89.3,51.2,89.0,42.0,12,2,"['Red Blend', 'Corvina, Rondinella, Molinara']",Italy,Veneto,['Amarone della Valpolicella Classico']
14570,Montecastro,87.4,35.3,88.0,36.0,7,2,"['Tempranillo', 'Tinto del Pais']",Spain,Northern Spain,['Ribera del Duero']
14571,Monteci,86.0,20.0,86.0,20.0,1,1,['Turbiana'],Italy,Lombardy,['Lugana']
14572,Monteci,87.6,51.9,88.0,49.0,18,2,"['Corvina, Rondinella, Molinara', 'Red Blend']",Italy,Veneto,['Amarone della Valpolicella Classico']
14573,Montecillo,87.5,14.0,87.5,14.0,2,1,['Albariño'],Spain,Galicia,['Rías Baixas']
14574,Montecillo,86.1,19.0,86.0,17.0,29,4,"['Tempranillo', 'Viura', 'Tempranillo Blend', 'White Blend']",Spain,Northern Spain,['Rioja']
14575,Montecrocetta,88.0,,88.0,,1,1,['Garganega'],Italy,Veneto,['Soave']
14576,Montecruz,82.0,10.0,82.0,10.0,1,1,['Tempranillo'],Spain,Central Spain,['Valdepeñas']
14577,Montefiore,89.7,47.0,90.0,45.0,6,4,"['Petite Sirah', 'Red Blend', 'Cabernet Sauvignon', 'Bordeaux-style Red Blend']",Israel,Judean Hills,[]
14578,Montefrasco,83.0,11.0,83.0,11.0,1,1,['Montepulciano'],Italy,Central Italy,"[""Montepulciano d'Abruzzo""]"
14579,Montelle,82.3,14.8,82.0,15.0,9,4,"['Vignoles', 'Norton', 'Chambourcin', 'Seyval Blanc']",US,Missouri,['Missouri']
14580,Montelvini,85.3,15.3,85.0,12.0,3,2,"['Pinot Grigio', 'Red Blend']",Italy,Northeastern Italy,['Delle Venezie']
14581,Montelvini,86.7,14.0,85.0,13.0,3,2,"['Prosecco', 'Glera']",Italy,Veneto,['Montello e Colli Asolani']
14582,Montelvini Venegazzù,86.0,15.0,86.0,15.0,1,1,['Glera'],Italy,Veneto,['Asolo Prosecco Superiore']
14583,Montemaggiore,89.3,36.5,89.0,38.0,14,5,"['Rhône-style White Blend', 'Cabernet Sauvignon-Syrah', 'Syrah', 'Syrah-Viognier', 'Red Blend']",US,California,"['Dry Creek Valley', 'Sonoma']"
14584,Montemar,86.0,14.0,86.0,14.0,1,1,['Red Blend'],Chile,Colchagua Valley,[]
14585,Montemar,87.0,14.0,87.0,14.0,1,1,['Sauvignon Blanc'],Chile,Leyda Valley,[]
14586,Montemar Wines,91.0,43.1,91.0,44.0,9,4,"['Grenache', 'Pinot Noir', 'Syrah', 'G-S-M']",US,California,"['Santa Barbara County', 'Central Coast']"
14587,Montemercurio,89.0,38.9,88.0,35.0,9,2,"['Red Blend', 'Sangiovese']",Italy,Tuscany,['Vino Nobile di Montepulciano']
14588,Montenidoli,91.3,27.0,91.0,26.0,3,1,['Vernaccia'],Italy,Tuscany,['Vernaccia di San Gimignano']
14589,Montenisa,89.5,32.6,90.0,30.0,16,3,"['Sparkling Blend', 'Chardonnay', 'Pinot Nero']",Italy,Lombardy,['Franciacorta']
14590,Montepeloso,92.5,100.0,92.5,100.0,2,2,"['Cabernet Sauvignon', 'Red Blend']",Italy,Tuscany,['Toscana']
14591,Montepio,87.0,13.0,87.0,13.0,1,1,['Syrah-Bonarda'],Argentina,Mendoza Province,['Mendoza']
14592,Montepio,84.5,13.0,84.5,13.0,2,2,"['Torrontés', 'Pinot Gris']",Argentina,Other,['La Rioja']
14593,Monteraponi,91.7,55.2,92.0,59.0,9,2,"['Red Blend', 'Sangiovese']",Italy,Tuscany,['Chianti Classico']
14594,Monterebro,87.4,18.1,87.5,15.5,18,5,"['Sauvignon Blanc', 'Red Blend', 'Syrah', 'Monastrell-Syrah', 'Rosado']",Spain,Levante,['Jumilla']
14595,Monterey Vineyard,82.0,7.0,82.0,7.0,2,2,"['Cabernet Sauvignon', 'Pinot Noir']",US,California,"['Monterey County', 'Central Coast']"
14596,Monterotondo,87.0,23.5,87.0,23.5,3,2,"['Red Blend', 'Sangiovese']",Italy,Tuscany,['Chianti Classico']
14597,Monterufoli,88.0,,88.0,,1,1,['Red Blend'],Italy,Tuscany,['Val di Cornia Suvereto']
14598,Montes,86.5,17.7,86.0,16.0,6,2,"['Sauvignon Blanc', 'Pinot Noir']",Chile,Aconcagua Costa,[]
14599,Montes,90.0,30.0,90.0,30.0,1,1,['Sauvignon Blanc'],Chile,Aconcagua Valley,[]
14600,Montes,90.5,82.0,90.5,82.0,2,2,"['Bordeaux-style Red Blend', 'Syrah']",Chile,Apalta,[]
14601,Montes,87.0,16.0,87.0,16.0,1,1,['Pinot Noir'],Chile,Casablanca & Leyda Valleys,[]
14602,Montes,87.5,17.9,88.0,19.0,27,3,"['Pinot Noir', 'Chardonnay', 'Sauvignon Blanc']",Chile,Casablanca Valley,[]
14603,Montes,87.0,12.0,87.0,12.0,1,1,['Sauvignon Blanc'],Chile,Casablanca-Curicó Valley,[]
14604,Montes,85.5,14.5,85.5,14.5,2,2,"['Merlot', 'Cabernet Sauvignon-Carmenère']",Chile,Colchagua Costa,[]
14605,Montes,87.9,34.9,88.0,22.0,84,12,"['Carmenère', 'Malbec', 'Syrah', 'Cabernet Sauvignon', 'Rosé', 'Merlot', 'Red Blend', 'Cabernet Sauvignon-Carmenère', 'Bordeaux-style Red Blend', 'Chardonnay', 'Merlot-Cabernet Franc', 'Malbec-Cabernet Sauvignon']",Chile,Colchagua Valley,[]
14606,Montes,87.0,16.9,87.0,16.0,21,7,"['Gewürztraminer', 'Chardonnay', 'Gewürztraminer-Riesling', 'White Blend', 'Cabernet Sauvignon', 'Syrah', 'Merlot']",Chile,Curicó Valley,[]
14607,Montes,87.5,17.3,88.0,16.0,10,2,"['Sauvignon Blanc', 'Pinot Noir']",Chile,Leyda Valley,[]
14608,Montes,92.2,96.2,92.5,95.0,4,2,"['Bordeaux-style Red Blend', 'Syrah']",Chile,Santa Cruz,[]
14609,Montes Toscanini,87.0,25.3,87.0,20.0,3,1,['Tannat'],Uruguay,Canelones,[]
14610,Montesco,92.0,31.0,92.0,31.0,1,1,['Red Blend'],Argentina,Mendoza Province,['Tupungato']
14611,Montesel,87.4,20.8,87.0,20.0,8,2,"['Glera', 'Prosecco']",Italy,Veneto,['Conegliano Valdobbiadene Prosecco Superiore']
14612,Montesel Renzo,85.9,20.4,86.0,20.0,8,2,"['Glera', 'Prosecco']",Italy,Veneto,['Conegliano Valdobbiadene Prosecco Superiore']
14613,Montesierra,81.0,7.0,81.0,7.0,1,1,['Tinta de Toro'],Spain,Northern Spain,['Somontano']
14614,Montesole,88.2,23.7,88.0,22.5,6,4,"['Fiano', 'Aglianico', 'Falanghina', 'Greco']",Italy,Southern Italy,['Fiano di Avellino']
14615,Montespina,87.1,13.6,87.0,13.0,8,3,"['Verdejo', 'Sauvignon Blanc', 'Sauvignon']",Spain,Northern Spain,['Rueda']
14616,Montestell,84.0,16.0,84.0,16.0,2,2,"['Pinotage', 'Shiraz']",South Africa,Paarl,[]
14617,Montevannos,88.0,19.5,88.0,19.5,2,1,['Tempranillo Blend'],Spain,Northern Spain,['Ribera del Duero']
14618,Monteverro,91.6,127.3,91.5,120.0,12,3,"['Red Blend', 'Chardonnay', 'Vermentino']",Italy,Tuscany,['Toscana']
14619,Montevertine,91.0,90.0,91.0,90.0,1,1,['Sangiovese'],Italy,Tuscany,['Toscana']
14620,Montevetrano,90.7,63.7,92.0,80.0,7,2,"['Red Blend', 'Aglianico']",Italy,Southern Italy,['Colli di Salerno']
14621,Montevicor,86.0,15.0,86.0,15.0,1,1,['Sparkling Blend'],Spain,Catalonia,['Cava']
14622,Montevicor,83.0,12.0,83.0,12.0,1,1,['Garnacha'],Spain,Northern Spain,['Calatayud']
14623,Monteviejo,89.4,46.5,89.5,37.5,20,6,"['Red Blend', 'Malbec', 'Rosé', 'Torrontés', 'Chardonnay', 'Malbec-Syrah']",Argentina,Mendoza Province,['Uco Valley']
14624,Monteviejo,87.0,20.0,87.0,20.0,2,1,['Torrontés'],Argentina,Other,['Cafayate']
14625,Montevina,85.7,12.6,86.0,10.0,38,11,"['Merlot', 'Cabernet Sauvignon', 'Zinfandel', 'Barbera', 'Syrah', 'Pinot Grigio', 'Fumé Blanc', 'Sauvignon Blanc', 'Chardonnay', 'Moscato', 'Red Blend']",US,California,"['California', 'California Other']"
14626,Montezovo,88.6,35.1,88.0,32.0,10,2,"['Corvina, Rondinella, Molinara', 'Red Blend']",Italy,Veneto,['Bardolino']
14627,Montezuma,85.5,16.0,85.5,16.0,2,2,"['Riesling', 'Cabernet Franc']",US,New York,"['Finger Lakes', 'Finger Lakes']"
14628,Montgó,84.5,11.7,84.5,12.0,6,3,"['Verdejo', 'Tempranillo', 'Tempranillo Blend']",Spain,Central Spain,['Vino de la Tierra de Castilla']
14629,Montgó,86.5,14.5,87.0,14.0,4,2,"['Monastrell', 'Red Blend']",Spain,Levante,['Alicante']
14630,Montgó,85.0,,85.0,,1,1,['Garnacha'],Spain,Northern Spain,['Calatayud']
14631,Monthaven,83.0,14.7,83.0,10.0,3,3,"['Chardonnay', 'Pinot Noir', 'Zinfandel']",US,California,"['Central Coast', 'Central Coast']"
14632,Monthuys Père et Fils,88.0,33.0,88.0,33.0,1,1,['Champagne Blend'],France,Champagne,['Champagne']
14633,Monti,88.6,38.8,88.5,41.0,8,3,"['Nebbiolo', 'Barbera', 'White Blend']",Italy,Piedmont,['Barolo']
14634,Monticello Vineyards,90.0,16.0,90.0,16.0,1,1,['Sangiovese'],Italy,Tuscany,['Chianti Classico']
14635,Monticello Vineyards,89.8,45.4,90.0,39.0,42,8,"['Cabernet Franc', 'Chardonnay', 'Syrah', 'Cabernet Sauvignon', 'Merlot', 'Pinot Noir', 'Red Blend', 'Bordeaux-style Red Blend']",US,California,"['Oak Knoll District', 'Napa']"
14636,Montinore,85.9,23.5,86.0,20.0,19,6,"['Riesling', 'Pinot Noir', 'Gewürztraminer', 'Pinot Gris', 'White Blend', 'Müller-Thurgau']",US,Oregon,"['Willamette Valley', 'Willamette Valley']"
14637,Montipagano,86.5,20.0,86.5,20.0,2,1,['Montepulciano'],Italy,Central Italy,"[""Montepulciano d'Abruzzo Colline Teramane""]"
14638,Montirius,90.6,24.8,90.0,23.5,5,2,"['Rhône-style Red Blend', 'Grenache-Syrah']",France,Rhône Valley,['Vacqueyras']
14639,Montmassot,86.0,13.0,86.0,13.0,1,1,['Rosé'],France,Languedoc-Roussillon,['Côtes de Thau']
14640,Montoliva,85.0,20.5,86.5,22.0,6,4,"['Teroldego', 'Aglianico', 'Red Blend', 'Barbera']",US,California,"['Clarksburg', 'Central Valley']"
14641,Montona,88.0,30.0,88.0,30.0,1,1,['Chardonnay'],US,California,"['Napa Valley', 'Napa']"
14642,Montonale,87.2,19.8,87.0,19.5,5,1,['Turbiana'],Italy,Lombardy,['Lugana']
14643,Montonale,88.0,20.0,88.0,20.0,1,1,['Rosato'],Italy,Northeastern Italy,['Garda']
14644,Montoya,86.0,10.0,86.0,10.0,1,1,['Garnacha'],Spain,Northern Spain,['Cariñena']
14645,Montoya,84.0,15.0,84.0,15.0,2,2,"['Cabernet Sauvignon', 'Merlot']",US,California,"['Napa Valley', 'Napa']"
14646,Montpellier,85.3,9.0,86.0,10.0,3,3,"['Merlot', 'Pinot Noir', 'Syrah']",US,California,"['California', 'California Other']"
14647,Montpezat,84.7,12.7,85.0,13.0,3,2,"['Merlot', 'Sauvignon']",France,Languedoc-Roussillon,"[""Vin de Pays d'Oc""]"
14648,Montresor,85.5,18.0,85.5,18.0,2,1,['Turbiana'],Italy,Lombardy,['Lugana']
14649,Montresor,87.7,36.2,87.0,40.5,29,5,"['Red Blend', 'Corvina, Rondinella, Molinara', 'Garganega', 'White Blend', 'Pinot Grigio']",Italy,Veneto,['Amarone della Valpolicella']
14650,Montsarra,87.4,16.6,88.0,16.0,5,2,"['Sparkling Blend', 'Champagne Blend']",Spain,Catalonia,['Cava']
14651,Montserrat Canals Torres,89.0,17.0,89.0,17.0,1,1,['Sparkling Blend'],Spain,Catalonia,['Cava']
14652,Mony,87.0,22.0,87.0,22.0,1,1,['Cabernet Sauvignon'],Israel,Samson,[]
14653,Monzio Compagnoni,88.8,25.0,89.0,26.0,4,2,"['Sparkling Blend', 'Chardonnay']",Italy,Lombardy,['Franciacorta']
14654,MooBuzz,85.4,17.8,85.0,17.0,10,3,"['Chardonnay', 'Pinot Noir', 'G-S-M']",US,California,"['Monterey', 'Central Coast']"
14655,Moon Eyes,90.0,14.0,90.0,14.0,1,1,['Cabernet Sauvignon'],US,California,"['Lodi', 'Central Valley']"
14656,Moon Mountain Vineyard,88.4,24.6,88.5,25.0,10,5,"['Chardonnay', 'Syrah', 'Cabernet Sauvignon', 'Zinfandel', 'Sauvignon Blanc']",US,California,"['Sonoma County', 'Sonoma']"
14657,Moonbeam,84.5,13.5,84.5,13.5,2,1,['Riesling'],US,Washington,"['Washington', 'Washington Other']"
14658,Moonday Night Harvest,85.0,10.0,85.0,10.0,1,1,['Verdejo'],Spain,Northern Spain,['Rueda']
14659,Moone-Tsai,91.7,102.8,92.0,75.0,9,3,"['Chardonnay', 'Cabernet Sauvignon', 'Bordeaux-style Red Blend']",US,California,"['Napa Valley', 'Napa']"
14660,Mooney Family,91.6,62.0,92.0,68.0,7,3,"['Mourvèdre', 'Pinot Noir', 'Chardonnay']",US,California,"['Paso Robles', 'Central Coast']"
14661,Moonlight Organics,83.0,10.0,83.0,10.0,1,1,['Shiraz'],South Africa,Western Cape,[]
14662,Moonstone,86.5,29.0,86.5,29.0,2,2,"['Cabernet Sauvignon', 'Syrah']",US,California,"['Paso Robles', 'Central Coast']"
14663,Moorooduc,90.7,55.1,92.0,55.0,7,2,"['Pinot Noir', 'Chardonnay']",Australia,Victoria,['Mornington Peninsula']
14664,Moorooroo,87.0,17.0,87.0,17.0,1,1,['Shiraz'],Australia,South Australia,['Barossa Valley']
14665,Moraitis,89.0,20.0,89.0,20.0,1,1,['Assyrtiko'],Greece,Santorini,[]
14666,Moralia,87.0,10.0,87.0,10.0,1,1,['Tempranillo'],Spain,Central Spain,['Vino de la Tierra de Castilla']
14667,Morambro Creek,88.2,23.5,88.0,23.5,4,3,"['Cabernet Sauvignon', 'Shiraz', 'Chardonnay']",Australia,South Australia,['Padthaway']
14668,Morando,84.0,11.0,84.0,11.0,1,1,['Moscato'],Italy,Piedmont,"[""Moscato d'Asti""]"
14669,Morandé,87.0,18.0,87.0,18.0,1,1,['Cabernet Sauvignon-Merlot'],Chile,Cachapoal Valley,[]
14670,Morandé,84.7,14.8,85.0,14.0,46,7,"['Pinot Noir', 'Chardonnay', 'Sauvignon Blanc', 'Gewürztraminer', 'Sparkling Blend', 'Pinot Grigio', 'Merlot']",Chile,Casablanca Valley,[]
14671,Morandé,85.0,10.8,85.0,7.0,9,6,"['Syrah-Cabernet Sauvignon', 'Merlot', 'Sauvignon Blanc', 'Syrah', 'Cabernet Sauvignon', 'Chardonnay']",Chile,Central Valley,[]
14672,Morandé,82.7,8.3,83.0,8.0,3,1,['Sauvignon Blanc'],Chile,Curicó Valley,[]
14673,Morandé,88.2,23.0,87.0,23.0,5,1,['Carignan'],Chile,Loncomilla Valley,[]
14674,Morandé,86.8,17.9,87.0,16.0,50,10,"['Cabernet Franc', 'Carmenère', 'Cabernet Sauvignon', 'Chardonnay', 'Red Blend', 'Merlot', 'Cabernet Blend', 'Syrah-Cabernet', 'Malbec', 'Syrah']",Chile,Maipo Valley,[]
14675,Morandé,87.5,21.0,88.5,16.5,6,3,"['Syrah', 'Carignan', 'Malbec']",Chile,Maule Valley,[]
14676,Morandé,84.0,9.0,84.0,9.0,2,1,['Merlot'],Chile,Rapel Valley,[]
14677,Morell-Lawrence,92.0,30.0,92.0,30.0,1,1,['Syrah'],US,Washington,"['Columbia Valley (WA)', 'Columbia Valley']"
14678,Morell-Peña,91.3,45.0,91.0,45.0,3,1,['Chardonnay'],US,Washington,"['Columbia Valley (WA)', 'Columbia Valley']"
14679,Moreno BHLV,84.5,30.0,84.5,30.0,2,1,['Sparkling Blend'],US,California,"['California', 'California Other']"
14680,Moretti Omero,88.5,34.0,89.0,35.0,4,3,"['White Blend', 'Sagrantino', 'Red Blend']",Italy,Central Italy,['Umbria']
14681,Morey-Blanc,90.9,94.6,91.0,88.0,14,2,"['Chardonnay', 'Pinot Noir']",France,Burgundy,['Corton-Charlemagne']
14682,Morgadio,87.0,17.5,87.0,17.5,2,1,['Albariño'],Spain,Galicia,['Rías Baixas']
14683,Morgadío,89.0,18.4,90.0,19.0,5,1,['Albariño'],Spain,Galicia,['Rías Baixas']
14684,Morgan,89.4,33.9,90.0,32.0,131,9,"['Syrah', 'Rhône-style Red Blend', 'Riesling', 'Syrah-Grenache', 'Chardonnay', 'Pinot Gris', 'Pinot Noir', 'Sauvignon Blanc', 'Albariño']",US,California,"['Santa Lucia Highlands', 'Central Coast']"
14685,Morgan Simpson,87.0,19.0,87.0,19.0,2,2,"['Cabernet Sauvignon', 'Chardonnay']",Australia,South Australia,['McLaren Vale']
14686,Morgante,86.0,18.0,86.0,18.0,2,1,"[""Nero d'Avola""]",Italy,Italy Other,['Vino da Tavola']
14687,Morgante,88.8,28.6,89.0,23.5,13,1,"[""Nero d'Avola""]",Italy,Sicily & Sardinia,['Sicilia']
14688,Morgenhof,88.9,21.6,89.0,19.0,8,5,"['Sauvignon Blanc', 'Cabernet Sauvignon', 'Chardonnay', 'Bordeaux-style Red Blend', 'Chenin Blanc']",South Africa,Simonsberg-Stellenbosch,[]
14689,Morgenhof,87.2,21.1,87.0,19.0,9,6,"['Sauvignon Blanc', 'Rosé', 'Chenin Blanc', 'Merlot', 'Cabernet Sauvignon', 'Chardonnay']",South Africa,Stellenbosch,[]
14690,Morgenhof,86.0,12.0,86.0,12.0,1,1,['Chardonnay'],South Africa,Western Cape,[]
14691,Morgenster,86.0,70.0,86.0,70.0,1,1,['Bordeaux-style Red Blend'],South Africa,Stellenbosch,[]
14692,Morini,87.3,17.0,87.0,13.0,3,2,"['Sangiovese', 'Albana']",Italy,Central Italy,['Romagna']
14693,Morisfarms,88.2,24.6,88.0,20.0,13,3,"['Red Blend', 'Vermentino', 'Sangiovese']",Italy,Tuscany,['Toscana']
14694,Morlanda,87.3,47.7,87.5,48.0,6,1,['Red Blend'],Spain,Catalonia,['Priorat']
14695,Mormoraia,87.0,17.5,87.5,17.5,4,1,['Vernaccia'],Italy,Tuscany,['Vernaccia di San Gimignano']
14696,Moro di Rinaldini,82.0,18.5,82.0,18.5,2,1,['Lambrusco'],Italy,Central Italy,['Emilia-Romagna']
14697,Moroder,88.0,50.0,88.0,50.0,1,1,['Montepulciano'],Italy,Central Italy,['Conero']
14698,Morovino,85.7,19.0,87.0,18.0,3,2,"['Pinot Grigio', 'Sangiovese']",US,California,"['Santa Barbara County', 'Central Coast']"
14699,Morra Diego,90.0,,90.0,,2,1,['Nebbiolo'],Italy,Piedmont,['Barolo']
14700,Morris Ranch,90.0,42.0,90.0,42.0,1,1,['Pinot Noir'],US,California,"['Sonoma Coast', 'Sonoma']"
14701,Morrison Lane,87.7,28.6,88.0,27.0,15,9,"['Syrah', 'Cinsault', 'Viognier', 'Red Blend', 'Barbera', 'Counoise', 'Sangiovese', 'Dolcetto', 'Roussanne']",US,Washington,"['Walla Walla Valley (WA)', 'Columbia Valley']"
14702,Morro Bay,84.8,11.6,85.0,12.0,11,3,"['Chardonnay', 'Sauvignon Blanc', 'Cabernet Sauvignon']",US,California,"['California', 'California Other']"
14703,Morro View Winery,89.0,24.0,89.0,24.0,1,1,['Grenache Blanc'],US,California,"['Edna Valley', 'Central Coast']"
14704,Morse,87.1,22.4,87.0,22.0,14,6,"['Mourvèdre', 'Rhône-style Red Blend', 'Syrah', 'Viognier-Roussanne', 'G-S-M', 'Muscat Blanc']",US,California,"['Amador County', 'Sierra Foothills']"
14705,Morworth Estate,83.5,,83.5,,2,2,"['Pinot Noir', 'Riesling']",New Zealand,Canterbury,[]
14706,Mosaic,87.1,25.1,87.0,22.5,8,6,"['Chardonnay', 'Malbec', 'Cabernet Sauvignon', 'Sauvignon Blanc', 'Merlot', 'Cabernet Blend']",US,California,"['Alexander Valley', 'Sonoma']"
14707,Mosby,83.8,21.9,84.0,21.0,32,12,"['Cortese', 'Dolcetto', 'Sangiovese', 'Primitivo', 'Lagrein', 'Pinot Grigio', 'Red Blend', 'Traminer', 'Sagrantino', 'Teroldego', 'Rosé', 'Orange Muscat']",US,California,"['Santa Barbara County', 'Central Coast']"
14708,Moscadoro,83.0,12.0,83.0,12.0,1,1,['Moscato'],Italy,Piedmont,['Piedmont']
14709,Moscato Bella,85.0,12.0,85.0,12.0,2,2,"['Moscato', 'Muscat Canelli']",US,California,"['California', 'California Other']"
14710,Moscato Rubino,86.0,10.0,86.0,10.0,1,1,['Muscat'],US,California,"['California', 'California Other']"
14711,Moscone,88.0,31.5,88.0,31.5,2,2,"['Nebbiolo', 'Barbera']",Italy,Piedmont,['Barolo']
14712,Moselland,85.6,15.4,85.0,15.0,5,1,['Riesling'],Germany,Mosel,[]
14713,Moselland,86.0,15.0,86.0,15.0,1,1,['Pinot Noir'],Germany,Nahe,[]
14714,Moser,89.8,36.7,89.5,40.0,4,3,"['Moscato Giallo', 'Chardonnay', 'Pinot Nero']",Italy,Northeastern Italy,['Vigneti delle Dolomiti']
14715,Moser Scharding,82.3,35.0,83.0,35.0,3,2,"['Pinot Noir', 'Cabernet Sauvignon']",US,California,"['Sonoma Valley', 'Sonoma']"
14716,Moshin,87.1,46.6,87.5,50.0,8,1,['Pinot Noir'],US,California,"['Russian River Valley', 'Sonoma']"
14717,Mosolo Gleni,86.0,15.0,86.0,15.0,1,1,['Pinot Grigio'],Italy,Northeastern Italy,['Colli Orientali del Friuli']
14718,Mosquito Fleet,89.0,38.8,89.5,34.0,14,5,"['Cabernet Sauvignon', 'Cabernet Franc', 'Meritage', 'Red Blend', 'Petit Verdot']",US,Washington,"['Red Mountain', 'Columbia Valley']"
14719,Moss Roxx,80.0,24.3,80.0,25.0,3,1,['Zinfandel'],US,California,"['Lodi', 'Central Valley']"
14720,Moss Wood,89.3,44.1,89.0,37.0,10,6,"['Cabernet Sauvignon', 'Cabernet Sauvignon-Merlot', 'Bordeaux-style Red Blend', 'Chardonnay', 'Red Blend', 'Semillon-Sauvignon Blanc']",Australia,Western Australia,['Margaret River']
14721,Mossback,85.1,22.2,85.0,25.0,16,3,"['Pinot Noir', 'Chardonnay', 'Cabernet Sauvignon']",US,California,"['Central Coast', 'Central Coast']"
14722,Most Wanted Winery,88.5,33.0,88.5,33.0,2,2,"['Chardonnay', 'Cabernet Sauvignon']",US,California,"['Russian River Valley', 'Sonoma']"
14723,Motif,83.0,8.0,83.0,8.0,1,1,['Champagne Blend'],US,California,"['California', 'California Other']"
14724,Motos Liberty,85.0,12.0,85.0,12.0,2,2,"['Merlot', 'Pinot Grigio']",US,California,"['California', 'California Other']"
14725,Motta,87.0,19.0,87.0,19.0,1,1,['Red Blend'],Italy,Tuscany,['Bolgheri']
14726,Mottura,86.0,25.0,86.0,25.0,1,1,['Primitivo'],Italy,Southern Italy,['Salento']
14727,Mouchão,94.0,35.7,95.0,36.0,3,1,['Portuguese Red'],Portugal,Alentejano,[]
14728,Mouchão,91.9,29.5,91.5,20.0,12,2,"['Portuguese Red', 'Portuguese White']",Portugal,Alentejo,[]
14729,Moulin Touchais,93.7,59.7,95.0,60.0,3,1,['Chenin Blanc'],France,Loire Valley,['Coteaux du Layon']
14730,Moulin de Gassac,85.0,9.7,85.0,10.0,3,2,"['Rhône-style Red Blend', 'Rosé']",France,Languedoc-Roussillon,"[""Vin de Pays de L'Herault""]"
14731,Moulin de Lène,82.5,12.5,82.5,12.5,2,1,['Red Blend'],France,Languedoc-Roussillon,['Côtes de Thongue']
14732,Mount Baker,84.0,17.3,83.0,18.0,11,10,"['Cabernet Franc', 'Viognier', 'Malbec', 'Riesling', 'Syrah', 'Angevine', 'Roussanne', 'Pinot Gris', 'Chardonnay', 'Petit Verdot']",US,Washington,"['Yakima Valley', 'Columbia Valley']"
14733,Mount Baker Vineyards,83.8,15.3,83.5,14.5,12,10,"['Viognier', 'Merlot', 'Chardonnay', 'Gewürztraminer', 'Pinot Gris', 'Cabernet Sauvignon', 'Cabernet Franc', 'Marsanne', 'Sangiovese', 'Pinot Noir']",US,Washington,"['Yakima Valley', 'Columbia Valley']"
14734,Mount Cass,87.0,15.0,87.0,15.0,1,1,['Sauvignon Blanc'],New Zealand,Marlborough,[]
14735,Mount Cass,87.6,19.7,87.5,19.0,8,4,"['Pinot Noir', 'Chardonnay', 'Riesling', 'Sauvignon Blanc']",New Zealand,Waipara,[]
14736,Mount Eden,90.5,39.1,90.0,35.0,19,3,"['Chardonnay', 'Pinot Noir', 'Cabernet Sauvignon']",US,California,"['Santa Cruz Mountains', 'Central Coast']"
14737,Mount Eden Vineyards,92.2,48.0,92.0,60.0,19,3,"['Cabernet Sauvignon', 'Chardonnay', 'Pinot Noir']",US,California,"['Santa Cruz Mountains', 'Central Coast']"
14738,Mount Edward,89.0,39.0,89.0,39.0,1,1,['Pinot Noir'],New Zealand,Central Otago,[]
14739,Mount Fishtail,87.2,14.8,88.0,15.0,4,1,['Sauvignon Blanc'],New Zealand,Marlborough,[]
14740,Mount Grey Estate,86.7,16.7,87.0,17.0,3,3,"['Pinot Gris', 'Riesling', 'Sauvignon Blanc']",New Zealand,Waipara,[]
14741,Mount Horrocks,88.5,25.5,88.0,25.0,4,1,['Riesling'],Australia,South Australia,['Clare Valley']
14742,Mount Langi Ghiran,83.0,15.0,83.0,15.0,1,1,['Pinot Grigio'],Australia,Australia Other,['South Eastern Australia']
14743,Mount Langi Ghiran,89.2,21.7,89.5,18.0,12,3,"['Shiraz', 'Riesling', 'Pinot Gris']",Australia,Victoria,['Victoria']
14744,Mount Mary,88.3,114.0,89.0,125.0,9,4,"['Pinot Noir', 'Bordeaux-style Red Blend', 'Chardonnay', 'Bordeaux-style White Blend']",Australia,Victoria,['Yarra Valley']
14745,Mount Michael,89.0,55.0,89.0,55.0,1,1,['Pinot Noir'],New Zealand,Central Otago,[]
14746,Mount Nelson,87.1,17.4,88.0,17.0,9,1,['Sauvignon Blanc'],New Zealand,Marlborough,[]
14747,Mount Palomar,84.0,19.0,84.0,19.0,2,2,"['Sangiovese', 'Syrah']",US,California,"['Temecula', 'South Coast']"
14748,Mount Pleasant Winery,84.3,30.0,84.0,35.0,3,3,"['White Blend', 'Merlot', 'Cabernet Sauvignon']",US,America,[]
14749,Mount Pleasant Winery,84.5,28.1,85.0,25.0,21,8,"['Norton', 'Port', 'Red Blend', 'Vignoles', 'St. Vincent', 'White Blend', 'Cabernet Sauvignon', 'Vidal Blanc']",US,Missouri,['Missouri']
14750,Mount Riley,88.2,15.2,88.0,15.5,4,2,"['Pinot Noir', 'Sauvignon Blanc']",New Zealand,Marlborough,[]
14751,Mount Riley,87.0,17.0,87.0,17.0,1,1,['Pinot Noir'],New Zealand,South Island,[]
14752,Mount Si,87.5,28.0,87.5,28.0,2,2,"['Cabernet Sauvignon', 'Merlot']",US,Washington,"['Wahluke Slope', 'Columbia Valley']"
14753,Mount St. Helena,84.3,16.0,84.0,16.0,3,2,"['Sauvignon Blanc', 'Charbono']",US,California,"['Napa Valley', 'Napa']"
14754,Mount Tamalpais,87.0,23.0,87.0,23.0,2,2,"['Rosé', 'Merlot']",US,California,"['Marin County', 'North Coast']"
14755,Mount Veeder,89.2,58.5,89.0,44.0,15,3,"['Bordeaux-style Red Blend', 'Cabernet Sauvignon', 'Cabernet Blend']",US,California,"['Mount Veeder', 'Napa']"
14756,Mountain Dome,88.7,24.7,88.0,24.0,3,1,['Sparkling Blend'],US,Washington,"['Washington', 'Washington Other']"
14757,Mountain Door,82.5,10.0,82.5,10.0,2,1,['Malbec'],Argentina,Mendoza Province,['Mendoza']
14758,Mountain Gate,83.0,22.0,83.0,22.0,1,1,['Red Blend'],US,California,"['Lodi', 'Central Valley']"
14759,Mountain View,82.9,14.6,83.0,9.0,7,4,"['Pinot Noir', 'Chardonnay', 'Merlot', 'Cabernet Sauvignon']",US,California,"['Carneros', 'Napa-Sonoma']"
14760,Mountford,90.0,35.4,89.0,25.0,5,3,"['Chardonnay', 'Riesling', 'Pinot Gris']",New Zealand,Waipara,[]
14761,Mounts,87.0,32.7,87.0,32.0,47,14,"['Carignane', 'Rhône-style Red Blend', 'Viognier', 'Rhône-style White Blend', 'Grenache', 'Zinfandel', 'Petite Sirah', 'Cabernet Sauvignon', 'Cabernet Franc', 'Syrah', 'Red Blend', 'Malbec', 'Picpoul', 'Rosé']",US,California,"['Pine Mountain-Cloverdale Peak', 'Sonoma']"
14762,Moura Basto,90.0,,90.0,,1,1,['Portuguese Red'],Portugal,Alentejano,[]
14763,Moura Basto,90.5,,90.5,,2,1,['Portuguese Red'],Portugal,Douro,[]
14764,Moura Basto,88.0,16.0,88.0,16.0,1,1,['Portuguese Red'],Portugal,Dão,[]
14765,Moura Basto,87.0,15.5,86.0,15.5,4,2,"['Portuguese Red', 'Portuguese White']",Portugal,Tejo,[]
14766,Mouras de Arraiolos,85.7,,84.0,,3,2,"['Portuguese Red', 'Portuguese White']",Portugal,Alentejano,[]
14767,Mourrel Azurat,87.0,15.0,87.0,15.0,1,1,['Rhône-style Red Blend'],France,Languedoc-Roussillon,['Fitou']
14768,Moutard Père et Fils,87.0,49.0,87.0,49.0,2,2,"['Chardonnay', 'Champagne Blend']",France,Champagne,['Champagne']
14769,Mouton-Cadet,84.5,9.8,84.5,10.0,6,3,"['Bordeaux-style White Blend', 'Bordeaux-style Red Blend', 'Rosé']",France,Bordeaux,['Bordeaux Blanc']
14770,Movia,89.9,36.5,90.0,34.0,8,7,"['White Blend', 'Red Blend', 'Ribolla Gialla', 'Pinot Noir', 'Pinot Grigio', 'Cabernet Sauvignon', 'Sauvignon']",Slovenia,Brda,[]
14771,Moxy,90.3,36.3,90.0,36.0,3,3,"['Grenache', 'Syrah', 'Tannat']",US,California,"['Monterey County', 'Central Coast']"
14772,Mozelle,84.0,12.0,84.0,12.0,1,1,['Riesling'],Germany,Mosel,[]
14773,Moët & Chandon,91.7,121.9,92.0,60.0,49,1,['Champagne Blend'],France,Champagne,['Champagne']
14774,Mr. Riggs,88.6,26.4,89.0,29.0,11,6,"['Riesling', 'Shiraz', 'Grenache', 'Chardonnay', 'Viognier', 'Red Blend']",Australia,South Australia,['Clare Valley']
14775,Ms. Behave,90.0,38.0,90.0,38.0,2,2,"['Petit Verdot', 'Malbec']",US,California,"['Paso Robles', 'Central Coast']"
14776,Mt. Beautiful,88.4,22.0,88.0,20.0,5,3,"['Pinot Noir', 'Sauvignon Blanc', 'Riesling']",New Zealand,Canterbury,[]
14777,Mt. Billy,87.0,30.0,87.0,30.0,1,1,['Shiraz'],Australia,South Australia,['Southern Fleurieu']
14778,Mt. Brave,93.8,73.1,94.0,75.0,8,4,"['Malbec', 'Cabernet Sauvignon', 'Merlot', 'Cabernet Franc']",US,California,"['Mount Veeder', 'Napa']"
14779,Mt. Difficulty,88.4,31.0,88.0,24.0,27,6,"['Riesling', 'Pinot Noir', 'Chardonnay', 'Sauvignon Blanc', 'Pinot Gris', 'Pinot Grigio']",New Zealand,Central Otago,[]
14780,Mt. Jagged,82.0,18.0,82.0,18.0,1,1,['Chardonnay'],Australia,South Australia,['Southern Fleurieu']
14781,Mt. Konocti Winery,89.0,28.7,88.5,28.0,6,5,"['Tempranillo', 'Muscat', 'Sangiovese', 'Viognier', 'Muscat Canelli']",US,California,"['Lake County', 'Mendocino/Lake Counties']"
14782,Mt. Monster,87.3,13.3,88.0,13.0,3,3,"['Shiraz', 'Chardonnay', 'Cabernet Sauvignon']",Australia,South Australia,['Limestone Coast']
14783,Mt. Vernon,84.0,28.0,84.0,28.0,1,1,['Cabernet Sauvignon'],US,California,"['Sierra Foothills', 'Sierra Foothills']"
14784,Mud House,87.5,24.0,87.5,25.0,6,1,['Pinot Noir'],New Zealand,Central Otago,[]
14785,Mud House,88.9,18.9,88.0,17.0,7,2,"['Sauvignon Blanc', 'Pinot Gris']",New Zealand,Marlborough,[]
14786,Mud House,86.0,22.0,86.0,22.0,1,1,['Riesling'],New Zealand,Waipara,[]
14787,Mud House Wine Company,83.0,16.0,83.0,16.0,1,1,['Sauvignon Blanc'],New Zealand,Marlborough,[]
14788,Mudbrick,87.0,,87.0,,1,1,['Syrah'],New Zealand,Waiheke Island,[]
14789,Muddy Arch,91.0,35.0,91.0,35.0,1,1,['Roussanne'],US,California,"['Rutherford', 'Napa']"
14790,Muddy Boot,87.0,13.0,87.0,13.0,5,4,"['Chenin Blanc', 'Red Blend', 'Pinot Noir', 'Chardonnay']",US,California,"['Clarksburg', 'Central Valley']"
14791,Muddy Water,88.2,22.2,88.0,22.0,4,3,"['Riesling', 'Pinot Noir', 'Chardonnay']",New Zealand,Waipara,[]
14792,Mueller,87.6,40.1,87.0,32.0,7,5,"['Zinfandel', 'Pinot Noir', 'Chardonnay', 'Syrah', 'Cabernet Sauvignon']",US,California,"['Russian River Valley', 'Sonoma']"
14793,Mueller Family Vineyards,91.0,74.5,91.0,74.5,2,1,['Cabernet Sauvignon'],US,California,"['Diamond Mountain District', 'Napa']"
14794,Muenzenrieder,89.0,25.0,89.0,25.0,1,1,['Austrian white blend'],Austria,Burgenland,[]
14795,Muenzenrieder,88.0,15.0,88.0,15.0,1,1,['Zweigelt'],Austria,Neusiedlersee,[]
14796,Muenzenrieder,85.0,15.0,85.0,15.0,1,1,['Zweigelt'],Austria,Österreichischer Perlwein,[]
14797,Muga,87.7,26.1,88.0,26.0,7,1,['Sparkling Blend'],Spain,Catalonia,['Cava']
14798,Muga,89.6,51.0,89.5,27.0,40,5,"['Tempranillo Blend', 'Rosé', 'Viura', 'Tempranillo', 'White Blend']",Spain,Northern Spain,['Rioja']
14799,Muhr-Van der Niepoort,91.6,36.0,92.0,29.0,10,2,"['Blaufränkisch', 'Red Blend']",Austria,Carnuntum,[]
14800,Muirwood,85.6,14.0,85.5,14.0,10,5,"['Cabernet Sauvignon', 'Merlot', 'Chardonnay', 'Syrah', 'Pinot Noir']",US,California,"['Arroyo Seco', 'Central Coast']"
14801,Mulderbosch,87.0,12.5,87.0,12.5,2,1,['Rosé'],South Africa,Coastal Region,[]
14802,Mulderbosch,88.2,21.9,88.0,22.0,16,4,"['Bordeaux-style Red Blend', 'Chardonnay', 'Sauvignon Blanc', 'Cabernet Sauvignon']",South Africa,Stellenbosch,[]
14803,Mulderbosch,87.2,22.9,87.0,19.5,14,5,"['Chenin Blanc', 'Sauvignon Blanc', 'Shiraz', 'Bordeaux-style Red Blend', 'Cabernet Sauvignon']",South Africa,Western Cape,[]
14804,Mulini di Segalari,86.5,,86.5,,2,1,['Red Blend'],Italy,Tuscany,['Bolgheri']
14805,Mullan Road,90.0,43.5,90.0,43.5,2,1,['Bordeaux-style Red Blend'],US,Washington,"['Columbia Valley (WA)', 'Columbia Valley']"
14806,Mullineux,90.3,35.1,90.0,33.0,15,4,"['White Blend', 'Chenin Blanc', 'Syrah', 'Clairette']",South Africa,Swartland,[]
14807,Mulvane Wine Co.,90.0,60.0,91.0,70.0,5,3,"['Syrah', 'Bordeaux-style Red Blend', 'Cabernet Sauvignon']",US,California,"['Santa Barbara County', 'Central Coast']"
14808,Mumm Cuvée Napa,87.7,28.2,87.5,22.0,6,2,"['Champagne Blend', 'Sparkling Blend']",US,California,"['Napa Valley', 'Napa']"
14809,Mumm Napa,90.0,36.1,90.0,30.0,65,2,"['Sparkling Blend', 'Chardonnay']",US,California,"['Napa Valley', 'Napa']"
14810,Municipal Winemakers,88.9,28.0,89.5,27.0,16,12,"['Cabernet Sauvignon', 'Chenin Blanc', 'Syrah-Cabernet Sauvignon', 'Rhône-style Red Blend', 'Pinot Noir', 'Counoise', 'Syrah', 'Cinsault', 'Riesling', 'Sparkling Blend', 'Rosé', 'Grenache Blanc']",US,California,"['Happy Canyon of Santa Barbara', 'Central Coast']"
14811,Munselle,86.0,65.0,86.0,65.0,1,1,['Cabernet Sauvignon'],US,California,"['Alexander Valley', 'Sonoma']"
14812,Muratie,90.2,48.8,90.5,50.0,4,3,"['Red Blend', 'Shiraz', 'Pinot Noir']",South Africa,Simonsberg-Stellenbosch,[]
14813,Muratie,88.7,29.7,88.0,25.0,3,2,"['Chardonnay', 'Shiraz']",South Africa,Stellenbosch,[]
14814,Murdoch James,87.9,30.9,87.0,33.0,7,3,"['Pinot Noir', 'Syrah', 'Sauvignon Blanc']",New Zealand,Martinborough,[]
14815,Murdoch James Estate,84.0,26.5,84.0,26.5,2,2,"['Sauvignon Blanc', 'Pinot Noir']",New Zealand,Martinborough,[]
14816,Mureda,83.1,10.2,83.5,10.0,10,6,"['Cabernet Sauvignon', 'Syrah', 'Merlot', 'Chardonnay', 'Sauvignon Blanc', 'Tempranillo']",Spain,Central Spain,['Vino de la Tierra de Castilla']
14817,Murfatlar,86.4,10.1,87.0,11.0,8,7,"['Pinot Noir', 'Chardonnay', 'Cabernet Sauvignon', 'Feteasca', 'Feteasca Neagra', 'Muskat Ottonel', 'Feteascǎ Regalǎ']",Romania,Murfatlar,[]
14818,Murganheira,87.0,,87.0,,2,2,"['Pinot Noir', 'Pinot Blanc']",Portugal,Távora-Varosa,[]
14819,Murganheira,87.2,35.0,87.0,40.0,9,6,"['Portuguese Sparkling', 'Tinta Roriz', 'Chardonnay', 'Sparkling Blend', 'Touriga Nacional', 'Pinot Noir']",Portugal,Vinho Espumante de Qualidade,[]
14820,Murgo,90.0,26.7,91.0,24.0,6,1,['Nerello Mascalese'],Italy,Italy Other,['Vino Spumante']
14821,Murgo,85.5,30.6,86.5,27.5,8,3,"['Pinot Nero', 'White Blend', 'Nerello Mascalese']",Italy,Sicily & Sardinia,['Sicilia']
14822,Muri-Gries,87.9,25.3,87.0,19.0,7,4,"['Rosé', 'Pinot Grigio', 'Lagrein', 'Müller-Thurgau']",Italy,Northeastern Italy,['Alto Adige']
14823,Murphy's Law,87.0,14.5,87.0,14.5,2,1,['Red Blend'],US,Washington,"['Yakima Valley', 'Columbia Valley']"
14824,Murphy-Goode,86.3,22.3,86.0,19.0,77,13,"['Chardonnay', 'Sauvignon Blanc', 'Merlot', 'Zinfandel', 'Pinot Grigio', 'Cabernet Sauvignon', 'Bordeaux-style Red Blend', 'Pinot Noir', 'Petit Verdot', 'Cabernet Blend', 'Fumé Blanc', 'Red Blend', 'Claret']",US,California,"['Alexander Valley', 'Sonoma']"
14825,Murray,86.3,19.3,86.0,20.0,3,2,"['Syrah', 'Rosé']",US,Washington,"['Red Mountain', 'Columbia Valley']"
14826,Murray Street,90.5,46.2,90.5,40.0,4,3,"['Rhône-style Red Blend', 'Shiraz', 'Red Blend']",Australia,South Australia,['Barossa Valley']
14827,Murrieta's Well,88.0,27.2,88.0,25.0,27,10,"['White Blend', 'Chardonnay-Semillon', 'Red Blend', 'Bordeaux-style Red Blend', 'Semillon-Sauvignon Blanc', 'Touriga Nacional', 'Petit Verdot', 'Meritage', 'Sauvignon Blanc', 'Rosé']",US,California,"['Livermore Valley', 'Central Coast']"
14828,Muruve,90.0,19.4,91.0,16.0,11,2,"['Tempranillo', 'Tinta de Toro']",Spain,Northern Spain,['Toro']
14829,Muròla,87.2,15.2,86.5,14.5,4,4,"['Verdicchio', 'Passerina', 'Pecorino', 'Red Blend']",Italy,Central Italy,['Verdicchio di Matelica']
14830,Muscardini,86.3,39.3,86.0,39.0,45,10,"['Red Blend', 'Cabernet Sauvignon', 'Sangiovese', 'Syrah', 'Zinfandel', 'Cabernet Sauvignon-Merlot', 'Barbera', 'Rosé', 'Pinot Grigio', 'Petite Sirah']",US,California,"['Sonoma Valley', 'Sonoma']"
14831,Muse,87.0,40.0,87.0,40.0,1,1,['Bordeaux-style Red Blend'],US,Virginia,['Shenandoah Valley']
14832,Musella,88.1,41.1,88.0,37.0,19,2,"['Corvina, Rondinella, Molinara', 'Red Blend']",Italy,Veneto,['Amarone della Valpolicella']
14833,Musetta,85.5,27.0,85.5,27.0,2,2,"['Sauvignon Blanc', 'Zinfandel']",US,California,"['Clear Lake', 'Mendocino/Lake Counties']"
14834,Museum,88.3,23.4,88.0,24.0,9,2,"['Tinto del Pais', 'Tempranillo']",Spain,Northern Spain,['Cigales']
14835,Musico,89.0,,89.0,,1,1,['Sangiovese'],Italy,Tuscany,['Brunello di Montalcino']
14836,Mussel Bay,85.5,12.8,86.0,13.0,4,1,['Sauvignon Blanc'],New Zealand,Marlborough,[]
14837,Musset-Roullier,86.9,21.0,86.5,19.0,8,5,"['Chenin Blanc-Chardonnay', 'Cabernet Franc', 'Rosé', 'Gamay', 'Chenin Blanc']",France,Loire Valley,['Crémant de Loire']
14838,Musso,90.4,37.8,91.0,38.0,9,2,"['Nebbiolo', 'Barbera']",Italy,Piedmont,['Barbaresco']
14839,Mustache Vineyards,85.0,15.0,85.0,15.0,1,1,['Merlot'],US,California,"['Lodi', 'Central Valley']"
14840,Mustiguillo,90.8,46.8,91.5,36.0,4,3,"['White Blend', 'Meseguera', 'Bobal']",Spain,Spain Other,['Spain']
14841,Mustilli,88.0,21.5,88.0,20.5,13,6,"['Falanghina', 'Greco', 'Aglianico', 'Piedirosso', 'Red Blend', 'Fiano']",Italy,Southern Italy,['Falanghina del Sannio']
14842,Mutt Lynch,83.6,18.1,83.5,14.0,8,7,"['Syrah', 'Zinfandel', 'Merlot', 'Chardonnay', 'Petite Sirah', 'Cabernet Sauvignon', 'Sauvignon Blanc']",US,California,"['Dry Creek Valley', 'Sonoma']"
14843,Mutuo,85.0,17.0,85.0,17.0,1,1,['Tempranillo Blend'],Spain,Northern Spain,['Rioja']
14844,Muxagat,89.5,29.3,89.0,25.0,21,5,"['Portuguese Red', 'Portuguese White', 'Tinta Barroca', 'Rabigato', 'Portuguese Rosé']",Portugal,Douro,[]
14845,Muzic,89.0,20.6,88.0,21.0,5,4,"['Sauvignon', 'White Blend', 'Pinot Grigio', 'Chardonnay']",Italy,Northeastern Italy,['Collio']
14846,Mvemve Raats,93.3,71.7,94.0,65.0,3,2,"['Red Blend', 'Bordeaux-style Red Blend']",South Africa,Stellenbosch,[]
14847,Mwitu,85.0,10.0,85.0,10.0,1,1,['Pinotage'],South Africa,Western Cape,[]
14848,My Big Fat Greek Wine,89.0,,89.0,,1,1,['Savatiano'],Greece,Attica,[]
14849,My Big Fat Greek Wine,87.0,15.0,87.0,15.0,1,1,['Xinomavro'],Greece,Imathia,[]
14850,My Big Fat Greek Wine,88.0,,88.0,,1,1,['Agiorgitiko'],Greece,Nemea,[]
14851,My Big Fat Greek Wine,85.5,13.8,86.0,15.0,4,4,"['Moschofilero', 'Cabernet Sauvignon', 'Agiorgitiko', 'Merlot']",Greece,Peloponnese,[]
14852,My Big Fat Greek Wine,88.0,15.0,88.0,15.0,2,1,['Assyrtico'],Greece,Santorini,[]
14853,My Big Fat Greek Wine,85.0,12.5,85.0,12.5,2,2,"['Chardonnay', 'Savatiano']",Greece,Sterea Ellada,[]
14854,My Essential,86.0,13.0,86.0,13.0,1,1,['Rosé'],France,France Other,['Mediterranée']
14855,My Essential,87.5,20.0,87.5,20.0,2,1,['Cabernet Sauvignon'],US,California,"['California', 'California Other']"
14856,My Moon,83.5,10.0,83.5,10.0,2,2,"['Pinot Grigio', 'Sauvignon']",Italy,Northeastern Italy,['Delle Venezie']
14857,Myka,88.4,25.0,88.0,30.0,5,4,"['Chardonnay', 'Rhône-style Red Blend', 'Pinot Noir', 'Cabernet Sauvignon']",US,California,"['Napa Valley', 'Napa']"
14858,Myriad Cellars,84.0,38.0,84.0,38.0,1,1,['Syrah'],US,California,"['Carneros', 'Napa-Sonoma']"
14859,Mystic Cliffs,84.3,7.0,84.0,7.0,3,3,"['Merlot', 'Cabernet Sauvignon', 'Chardonnay']",US,California,"['California', 'California Other']"
14860,Mythology,90.0,20.0,90.0,20.0,1,1,['Chardonnay'],US,Oregon,"['Eola-Amity Hills', 'Willamette Valley']"
14861,Mário Braga,91.0,25.0,91.0,25.0,1,1,['Portuguese Red'],Portugal,Douro,[]
14862,Mário Braga,93.0,,93.0,,1,1,['Port'],Portugal,Port,[]
14863,Máscara de Feugo,88.0,10.0,88.0,10.0,1,1,['Cabernet Sauvignon'],Chile,Central Valley,[]
14864,Mátrai,82.0,17.0,82.0,17.0,1,1,['Red Blend'],Hungary,Hungary,[]
14865,Máté,89.0,56.7,89.0,60.0,22,6,"['Sangiovese', 'Sangiovese Grosso', 'Cabernet Sauvignon', 'Syrah', 'Red Blend', 'Merlot']",Italy,Tuscany,['Brunello di Montalcino']
14866,Mähler-Besse,86.5,22.9,86.0,22.0,17,1,['Bordeaux-style Red Blend'],France,Bordeaux,['Saint-Émilion']
14867,Männle,80.0,15.0,80.0,15.0,2,2,"['Chardonnay', 'Carmenère']",Chile,Itata Valley,[]
14868,Médeville Collection,88.0,42.0,88.0,42.0,1,1,['Bordeaux-style Red Blend'],France,Bordeaux,['Bordeaux']
14869,Mémoires,82.0,11.0,82.0,11.0,1,1,['Rosé'],France,Provence,['Coteaux Varois en Provence']
14870,Ménage a Trois,88.5,13.0,88.5,13.0,2,1,['Chardonnay'],US,California,"['California', 'California Other']"
14871,Ménage à Trois,86.0,15.0,86.0,15.0,1,1,['Glera'],Italy,Veneto,['Prosecco']
14872,Môreson,87.2,23.5,87.0,23.5,4,3,"['Cabernet Sauvignon', 'Bordeaux-style Red Blend', 'Pinotage']",South Africa,Coastal Region,[]
14873,Môreson,85.0,18.0,85.0,19.0,3,3,"['Sparkling Blend', 'Chardonnay', 'Sauvignon Blanc']",South Africa,Franschhoek,[]
14874,Möebius,87.0,19.0,87.0,19.0,1,1,['Muscatel'],Mexico,Valle de Guadalupe,[]
14875,Mönchhof,89.3,20.2,90.0,20.0,9,1,['Riesling'],Germany,Mosel-Saar-Ruwer,[]
14876,Müller-Catoir,91.8,45.3,92.0,38.0,5,3,"['Riesling', 'Weissburgunder', 'Rieslaner']",Germany,Pfalz,[]
14877,Müller-Grossmann,91.2,26.9,91.0,33.0,11,2,"['Riesling', 'Grüner Veltliner']",Austria,Kremstal,[]
14878,Müller-Grossmann,87.0,18.5,87.0,18.5,2,2,"['Grüner Veltliner', 'Zweigelt']",Austria,Niederösterreich,[]
14879,Münzenrieder,89.3,22.8,88.5,25.0,6,5,"['Red Blend', 'Grüner Veltliner', 'Sämling', 'Austrian Red Blend', 'Traminer']",Austria,Burgenland,[]
14880,Münzenrieder,89.0,13.0,89.0,13.0,1,1,['Zweigelt'],Austria,Neusiedlersee,[]
14881,N. Kendall Wines,91.2,31.7,91.0,35.0,6,3,"['Chardonnay', 'Riesling', 'Pinot Noir']",US,New York,"['Finger Lakes', 'Finger Lakes']"
14882,Nabuko,84.0,13.0,84.0,13.0,1,1,['Monastrell-Syrah'],Spain,Levante,['Yecla']
14883,Nabygelegen,88.2,23.8,87.5,24.0,4,4,"['Red Blend', 'Chenin Blanc', 'Sauvignon Blanc', 'White Blend']",South Africa,Wellington,[]
14884,Naches Heights,84.2,17.0,85.0,16.0,5,3,"['Syrah', 'Riesling', 'Pinot Gris']",US,Washington,"['Columbia Valley (WA)', 'Columbia Valley']"
14885,Nacido del Quórum,88.0,21.0,88.0,21.0,2,1,['Monastrell'],Spain,Levante,['Jumilla']
14886,Nacina,91.0,20.0,91.0,20.0,1,1,['Riesling'],US,California,"['Santa Lucia Highlands', 'Central Coast']"
14887,Nada Fiorenzo,88.9,40.9,88.0,40.0,9,2,"['Nebbiolo', 'Barbera']",Italy,Piedmont,['Langhe']
14888,Nada Giuseppe,90.7,42.2,90.0,35.0,15,1,['Nebbiolo'],Italy,Piedmont,['Barolo']
14889,Nadia,88.7,36.1,88.0,35.0,7,4,"['Cabernet Sauvignon', 'Red Blend', 'Rhône-style White Blend', 'Bordeaux-style Red Blend']",US,California,"['Santa Barbara County', 'Central Coast']"
14890,Nadine et Maurice Guerrin,87.0,35.0,87.0,35.0,2,1,['Chardonnay'],France,Burgundy,['Saint-Véran']
14891,Nadler,88.4,14.9,89.0,12.0,7,3,"['Zweigelt', 'Grüner Veltliner', 'Rosé']",Austria,Carnuntum,[]
14892,Naggiar,87.5,27.0,88.0,24.0,93,19,"['Barbera', 'Malbec', 'White Blend', 'Cabernet Franc', 'Syrah', 'Red Blend', 'Bordeaux-style Red Blend', 'Sangiovese', 'Rosé', 'Cabernet Sauvignon', 'Mourvèdre', 'Viognier', 'Rhône-style White Blend', 'Petite Sirah', 'Grenache', 'Chardonnay', 'Zinfandel', 'Rhône-style Red Blend', 'Muscat Canelli']",US,California,"['Sierra Foothills', 'Sierra Foothills']"
14893,Nagy,89.5,33.4,89.0,27.0,8,4,"['Viognier', 'Pinot Noir', 'Pinot Blanc', 'Syrah']",US,California,"['Santa Barbara County', 'Central Coast']"
14894,Nagy 2,86.0,30.0,86.0,30.0,1,1,['Pinot Noir'],US,California,"['Santa Maria Valley', 'Central Coast']"
14895,Naia,87.0,17.2,87.0,15.0,27,4,"['Verdejo', 'White Blend', 'Rosé', 'Sauvignon Blanc']",Spain,Northern Spain,['Rueda']
14896,Naiara,91.0,35.0,91.0,35.0,1,1,['Malbec'],Argentina,Mendoza Province,['Mendoza']
14897,Naked Mountain,84.3,20.7,84.5,21.0,6,5,"['Red Blend', 'Chardonnay', 'Bordeaux-style Red Blend', 'Cabernet Franc', 'White Blend']",US,Virginia,['Virginia']
14898,Nalle,91.5,40.0,91.5,40.0,2,1,['Zinfandel'],US,California,"['Dry Creek Valley', 'Sonoma']"
14899,Nals Margreid,88.8,22.9,89.0,21.0,36,11,"['Pinot Bianco', 'Pinot Grigio', 'Sauvignon', 'Gewürztraminer', 'Lagrein', 'Pinot Nero', 'Moscato Giallo', 'Kerner', 'Müller-Thurgau', 'Red Blend', 'Schiava']",Italy,Northeastern Italy,['Alto Adige']
14900,Namasté Vineyards,80.0,15.0,80.0,15.0,1,1,['Chardonnay'],US,Oregon,"['Willamette Valley', 'Willamette Valley']"
14901,Nando,83.0,10.0,83.0,10.0,1,1,['Pinot Grigio'],Italy,Northeastern Italy,['Isonzo del Friuli']
14902,Nando,86.0,11.0,86.0,11.0,2,1,['Sangiovese'],Italy,Tuscany,['Chianti Classico']
14903,Nanfro,90.0,22.0,90.0,22.0,1,1,['Red Blend'],Italy,Sicily & Sardinia,['Cerasuolo di Vittoria']
14904,Nanna's Short Cake,85.0,19.0,85.0,19.0,1,1,['Zinfandel'],US,California,"['Lodi', 'Central Valley']"
14905,Nanni Copè,88.5,72.5,88.5,72.5,2,1,['Red Blend'],Italy,Southern Italy,['Terre del Volturno']
14906,Nanni Copé,90.0,49.0,90.0,49.0,1,1,['Red Blend'],Italy,Southern Italy,['Terre del Volturno']
14907,Nanny Goat,89.0,32.5,89.0,32.5,2,1,['Pinot Noir'],New Zealand,Central Otago,[]
14908,Napa Angel,91.8,72.5,91.0,72.5,4,1,['Cabernet Sauvignon'],US,California,"['Napa Valley', 'Napa']"
14909,Napa Angel by Montes,92.0,73.0,92.0,73.0,2,1,['Cabernet Sauvignon'],US,California,"['Napa Valley', 'Napa']"
14910,Napa Cellars,87.7,25.5,87.0,24.0,29,9,"['Merlot', 'Zinfandel', 'Petit Verdot', 'Chardonnay', 'Cabernet Sauvignon', 'Pinot Noir', 'Sauvignon Blanc', 'Malbec', 'Meritage']",US,California,"['Napa Valley', 'Napa']"
14911,Napa Creek,83.0,13.0,83.0,13.0,2,2,"['Chardonnay', 'Merlot']",US,California,"['Napa Valley', 'Napa']"
14912,Napa Dan,85.5,24.0,85.5,24.0,2,2,"['Cabernet Sauvignon', 'Chardonnay']",US,California,"['Napa Valley', 'Napa']"
14913,Napa Family Vineyards,85.2,10.0,85.0,10.0,11,4,"['Meritage', 'Cabernet Sauvignon', 'Merlot', 'Chardonnay']",US,California,"['Napa Valley', 'Napa']"
14914,Napa Glen,87.0,30.0,87.0,30.0,1,1,['Meritage'],US,California,"['Napa Valley', 'Napa']"
14915,Napa Redwoods Estate,87.5,49.5,88.0,46.5,4,4,"['Cabernet Franc', 'Cabernet Sauvignon', 'Merlot', 'Red Blend']",US,California,"['Mount Veeder', 'Napa']"
14916,Napa Ridge,83.6,11.4,84.0,10.0,11,6,"['White Blend', 'Pinot Grigio', 'Chardonnay', 'Merlot', 'Shiraz', 'Pinot Noir']",US,California,"['North Coast', 'North Coast']"
14917,Napa Smith,89.0,39.0,89.0,39.0,1,1,['Merlot'],US,California,"['Napa Valley', 'Napa']"
14918,Napa Station,85.3,18.7,85.5,19.5,6,3,"['Sauvignon Blanc', 'Merlot', 'Cabernet Sauvignon']",US,California,"['Napa Valley', 'Napa']"
14919,Napa Valley Cattle Company,90.0,49.0,90.0,49.0,1,1,['Cabernet Sauvignon'],US,California,"['Napa Valley', 'Napa']"
14920,Napa Valley Vineyards,82.7,15.7,83.0,15.0,3,3,"['Chardonnay', 'Merlot', 'Cabernet Sauvignon']",US,California,"['Napa Valley', 'Napa']"
14921,Napa Wine Co.,86.7,28.3,85.0,32.0,3,2,"['Cabernet Sauvignon', 'Sauvignon Blanc']",US,California,"['Napa Valley', 'Napa']"
14922,Napa by N.A.P.A.,86.5,20.0,86.5,20.0,2,2,"['Sauvignon Blanc-Semillon', 'Red Blend']",US,California,"['Napa Valley', 'Napa']"
14923,Napeequa,86.3,21.0,87.0,20.0,3,3,"['Rosé', 'Red Blend', 'Riesling']",US,Washington,"['Columbia Valley (WA)', 'Columbia Valley']"
14924,Napoma,87.0,31.5,87.0,31.5,2,2,"['Zinfandel', 'Pinot Noir']",US,California,"['Sonoma Valley', 'Sonoma']"
14925,Narbona,88.7,24.3,90.0,22.0,3,2,"['Tannat', 'Tannat-Cabernet Franc']",Uruguay,Uruguay,[]
14926,Nardello,86.5,15.8,86.5,15.0,4,2,"['Garganega', 'White Blend']",Italy,Veneto,['Soave Classico']
14927,Nardone Baker,87.0,10.0,87.0,10.0,1,1,['Chardonnay'],Australia,Australia Other,['South Eastern Australia']
14928,Narmada,84.0,27.8,83.5,28.0,8,5,"['Cabernet Franc', 'Red Blend', 'Bordeaux-style Red Blend', 'Cabernet Sauvignon', 'White Blend']",US,Virginia,['Virginia']
14929,Narrow Gate,87.0,24.0,87.0,24.0,1,1,['Primitivo'],US,California,"['El Dorado', 'Sierra Foothills']"
14930,Narsai David,88.0,48.0,88.0,48.0,1,1,['Cabernet Sauvignon'],US,California,"['Napa Valley', 'Napa']"
14931,Nashwauk,90.6,77.6,90.0,73.0,7,2,"['Tempranillo', 'Shiraz']",Australia,South Australia,['McLaren Vale']
14932,Nasiakos,88.0,16.8,88.0,16.0,11,2,"['Moschofilero', 'White Blend']",Greece,Mantinia,[]
14933,Nasiakos,92.0,19.0,92.0,19.0,1,1,['Agiorgitiko'],Greece,Nemea,[]
14934,Nasiakos,85.0,15.0,86.0,15.0,4,2,"['Agiorgitiko', 'Roditis']",Greece,Peloponnese,[]
14935,Nastl,90.3,14.0,91.0,14.0,3,2,"['Grüner Veltliner', 'Riesling']",Austria,Kamptal,[]
14936,Nastl,88.8,12.4,89.0,11.0,9,3,"['Red Blend', 'Grüner Veltliner', 'Zweigelt']",Austria,Niederösterreich,[]
14937,Natale Verga,85.5,10.0,85.5,10.0,4,1,['Montepulciano'],Italy,Central Italy,"[""Montepulciano d'Abruzzo""]"
14938,Natale Verga,87.0,13.0,87.0,13.0,1,1,['Pinot Noir'],Italy,Northeastern Italy,['Delle Venezie']
14939,Natale Verga,86.8,21.2,86.5,21.5,4,2,"['Nebbiolo', 'Cortese']",Italy,Piedmont,['Barolo']
14940,Natale Verga,85.0,11.0,85.0,10.0,4,3,"['Red Blend', ""Nero d'Avola"", 'Grecanico']",Italy,Sicily & Sardinia,['Sicilia']
14941,Natale Verga,83.5,18.0,83.5,18.0,2,2,"['Red Blend', 'Sangiovese']",Italy,Tuscany,['Chianti Classico']
14942,Natale Verga,84.6,12.0,85.0,13.0,5,2,"['Glera', 'Pinot Grigio']",Italy,Veneto,['Prosecco']
14943,Nathalie et Gilles Fèvre,88.0,24.0,88.0,24.0,1,1,['Chardonnay'],France,Burgundy,['Chablis']
14944,Nathaniel Rose,85.5,97.0,86.0,69.0,6,6,"['Cabernet Sauvignon', 'Syrah', 'Syrah-Viognier', 'Pinot Noir', 'Viognier', 'Bordeaux-style Red Blend']",US,Michigan,['Lake Michigan Shore']
14945,Nativ,86.1,32.5,86.0,30.0,12,4,"['Aglianico', 'Greco', 'Fiano', 'Falanghina']",Italy,Southern Italy,['Irpinia']
14946,Native 9,94.0,59.5,94.0,59.5,2,1,['Pinot Noir'],US,California,"['Santa Maria Valley', 'Central Coast']"
14947,Native Flora,91.0,56.5,91.0,56.5,2,1,['Pinot Noir'],US,Oregon,"['Dundee Hills', 'Willamette Valley']"
14948,Native Sun,90.7,55.0,91.0,50.0,3,2,"['Petit Verdot', 'Cabernet Sauvignon']",US,Washington,"['Red Mountain', 'Columbia Valley']"
14949,Natura Iblea,86.0,25.8,86.5,24.0,4,3,"[""Nero d'Avola"", 'Red Blend', 'White Blend']",Italy,Sicily & Sardinia,['Sicilia']
14950,Natural State,82.0,12.0,82.0,12.0,1,1,['Shiraz'],South Africa,Coastal Region,[]
14951,Nauerth-Gnägy,89.8,22.2,90.0,22.0,4,4,"['Gewürztraminer', 'Grauburgunder', 'Rosé', 'Riesling']",Germany,Pfalz,[]
14952,Naughty Boy,87.0,18.2,87.0,18.0,5,3,"['Pinot Noir', 'Rosé', 'Chardonnay']",US,California,"['Potter Valley', 'Mendocino/Lake Counties']"
14953,Nautilus,87.7,26.2,88.0,20.0,29,5,"['Champagne Blend', 'Sauvignon Blanc', 'Pinot Noir', 'Pinot Gris', 'Chardonnay']",New Zealand,Marlborough,[]
14954,Navardia,85.0,12.0,85.0,12.0,2,2,"['White Blend', 'Tempranillo Blend']",Spain,Northern Spain,['Rioja']
14955,Navarro,92.0,24.0,92.0,24.0,1,1,['Pedro Ximénez'],Spain,Andalucia,['Montilla-Moriles']
14956,Navarro,89.5,22.9,90.0,20.0,82,13,"['Pinot Noir', 'Gewürztraminer', 'Chardonnay', 'Sauvignon Blanc', 'Edelzwicker', 'Pinot Gris', 'Muscat Blanc', 'Riesling', 'Zinfandel', 'White Riesling', 'Rosé', 'White Blend', 'Red Blend']",US,California,"['Anderson Valley', 'Mendocino/Lake Counties']"
14957,Navarro Correas,88.0,21.3,87.0,25.0,3,3,"['Malbec', 'Bordeaux-style Red Blend', 'Cabernet Sauvignon']",Argentina,Mendoza Province,['Mendoza']
14958,Neal Family,90.0,44.1,91.0,45.0,8,3,"['Zinfandel', 'Cabernet Sauvignon', 'Petite Sirah']",US,California,"['Napa Valley', 'Napa']"
14959,Nearly Naked,83.0,12.0,83.0,12.0,1,1,['Chardonnay'],US,New York,"['Finger Lakes', 'Finger Lakes']"
14960,Nebel,88.0,12.5,88.0,12.5,2,1,['Riesling'],Germany,Rheinhessen,[]
14961,Nebla,86.0,11.8,86.0,10.5,4,1,['Verdejo'],Spain,Northern Spain,['Rueda']
14962,Neckenmarkt,85.0,12.0,85.0,12.0,1,1,['Zweigelt'],Austria,Burgenland,[]
14963,Nederburg,86.3,19.3,86.0,20.0,3,2,"['Sauvignon Blanc', 'Shiraz']",South Africa,Coastal Region,[]
14964,Nederburg,86.6,13.1,86.0,11.0,15,8,"['Cabernet Sauvignon', 'Sauvignon Blanc', 'Shiraz', 'Pinotage', 'Chardonnay', 'White Blend', 'Riesling', 'Chenin Blanc']",South Africa,Western Cape,[]
14965,Neethlingshof,88.0,23.5,87.5,25.0,4,3,"['Pinotage', 'Chenin Blanc', 'Bordeaux-style Red Blend']",South Africa,Stellenbosch,[]
14966,Nefarious,91.0,37.0,91.0,37.0,1,1,['Pinot Noir'],US,Oregon,"['Willamette Valley', 'Willamette Valley']"
14967,Nefarious,88.1,29.9,88.0,35.0,7,6,"['Syrah', 'Riesling', 'Viognier', 'Malbec', 'Rhône-style Red Blend', 'White Blend']",US,Washington,"['Columbia Valley (WA)', 'Columbia Valley']"
14968,Nefarious Cellars,90.1,25.9,90.0,27.0,41,10,"['Cabernet Franc', 'Riesling', 'Syrah', 'Cabernet Sauvignon', 'Grenache', 'Malbec', 'Viognier', 'White Blend', 'Red Blend', 'Rhône-style Red Blend']",US,Washington,"['Wahluke Slope', 'Columbia Valley']"
14969,Negretti,89.1,51.8,89.0,52.5,21,3,"['Nebbiolo', 'Barbera', 'Chardonnay']",Italy,Piedmont,['Barolo']
14970,Negro Angelo e Figli,88.9,47.3,88.5,42.5,12,2,"['Nebbiolo', 'Arneis']",Italy,Piedmont,['Roero']
14971,Negro Giuseppe,89.2,49.4,90.0,50.0,8,1,['Nebbiolo'],Italy,Piedmont,['Barbaresco']
14972,Negro Lorenzo,86.5,25.0,86.5,25.0,2,1,['Arneis'],Italy,Piedmont,['Roero']
14973,Neil Ellis,89.6,22.2,90.0,20.0,5,2,"['Shiraz', 'Chardonnay']",South Africa,Elgin,[]
14974,Neil Ellis,89.0,21.8,89.0,18.0,6,4,"['Sauvignon', 'Syrah', 'Sauvignon Blanc', 'Shiraz']",South Africa,Groenekloof,[]
14975,Neil Ellis,88.5,39.2,88.5,43.0,4,3,"['Syrah', 'Sauvignon Blanc', 'Cabernet Sauvignon']",South Africa,Jonkershoek Valley,[]
14976,Neil Ellis,91.0,,91.0,,1,1,['Red Blend'],South Africa,Piekenierskloof,[]
14977,Neil Ellis,88.0,20.2,88.0,20.0,13,6,"['Chardonnay', 'Pinotage', 'Cabernet Sauvignon', 'Shiraz', 'Cabernet Sauvignon-Merlot', 'Sauvignon Blanc']",South Africa,Stellenbosch,[]
14978,Neil Ellis,86.9,14.6,86.0,15.0,14,3,"['Sauvignon Blanc', 'Red Blend', 'Shiraz']",South Africa,Western Cape,[]
14979,Nein Lives,89.0,10.0,89.0,10.0,1,1,['Riesling'],Germany,Mosel,[]
14980,Neirano,85.5,11.5,85.5,11.5,2,2,"['Dolcetto', 'Moscato']",Italy,Piedmont,"[""Dolcetto d'Alba""]"
14981,Nelle,93.0,36.0,93.0,36.0,2,2,"['Grenache', 'Syrah']",US,California,"['California', 'California Other']"
14982,Nelles,86.0,28.0,86.0,28.0,1,1,['Spätburgunder'],Germany,Ahr,[]
14983,Nelms Road,89.0,22.5,89.0,22.5,8,3,"['Merlot', 'Cabernet Sauvignon', 'Bordeaux-style Red Blend']",US,Washington,"['Washington', 'Washington Other']"
14984,Nelson,84.0,24.0,84.0,24.0,1,1,['Cabernet Franc'],US,California,"['Sonoma Valley', 'Sonoma']"
14985,Nelson Bay,86.7,14.0,87.0,14.0,3,3,"['Riesling', 'Sauvignon Blanc', 'Chardonnay']",New Zealand,Nelson,[]
14986,Nelson Family Vineyards,87.0,25.5,87.5,22.0,4,4,"['Orange Muscat', 'Riesling', 'Cabernet Sauvignon', 'Zinfandel']",US,California,"['Mendocino', 'Mendocino/Lake Counties']"
14987,Nelson Neves,88.2,15.2,88.0,13.0,6,3,"['Rosé', 'Merlot', 'Portuguese Rosé']",Portugal,Bairrada,[]
14988,Nelwood Wines,86.0,12.0,86.0,12.0,1,1,['Red Blend'],Australia,South Australia,['South Australia']
14989,Nemeion Estate,88.0,49.8,88.0,50.0,5,1,['Agiorgitiko'],Greece,Nemea,[]
14990,Nemesio,86.5,16.5,86.5,15.0,4,4,"['Red Blend', 'Malbec-Cabernet Sauvignon', 'Malbec', 'Sauvignon Blanc']",Argentina,Other,['Patagonia']
14991,Neo,86.6,48.8,86.0,28.0,5,3,"['Tempranillo', 'Tinto Fino', 'Tempranillo Blend']",Spain,Northern Spain,['Ribera del Duero']
14992,Nepenthe,86.2,18.4,86.0,16.0,8,4,"['Pinot Noir', 'Chardonnay', 'Sauvignon Blanc', 'Red Blend']",Australia,South Australia,['Adelaide']
14993,Nera,89.8,31.4,90.0,34.0,10,3,"['Red Blend', 'Nebbiolo', 'White Blend']",Italy,Lombardy,['Terrazze Retiche di Sondrio']
14994,Nerelli,91.0,40.0,91.0,40.0,1,1,['White Blend'],US,California,"['Santa Maria Valley', 'Central Coast']"
14995,Nervi,91.4,49.0,91.0,40.0,7,3,"['Red Blend', 'Erbaluce', 'Nebbiolo']",Italy,Piedmont,['Coste della Sesia']
14996,Nessa,87.9,15.5,88.0,17.0,8,1,['Albariño'],Spain,Galicia,['Rías Baixas']
14997,Netzl,90.3,30.5,90.5,24.5,32,6,"['Zweigelt', 'Red Blend', 'Chardonnay', 'Weissburgunder', 'Grüner Veltliner', 'Merlot']",Austria,Carnuntum,[]
14998,Neu Direction,87.5,11.5,87.5,11.5,2,1,['Malbec'],Argentina,Mendoza Province,['Mendoza']
14999,Neudorf,89.2,53.5,89.5,53.5,4,2,"['Riesling', 'Pinot Noir']",New Zealand,Moutere,[]
15000,Neudorf,89.1,31.7,90.0,27.5,22,4,"['Chardonnay', 'Sauvignon Blanc', 'Pinot Noir', 'Riesling']",New Zealand,Nelson,[]
15001,Neudorf,90.0,53.0,90.0,53.0,1,1,['Chardonnay'],New Zealand,New Zealand,[]
15002,Neumeister,88.5,,88.5,,2,2,"['Sauvignon Blanc', 'Gelber Muskateller']",Austria,Steiermark,[]
15003,Neumeister,89.6,31.2,89.5,26.0,34,7,"['Gelber Muskateller', 'Sauvignon Blanc', 'Roter Traminer', 'Austrian white blend', 'Grauburgunder', 'Morillon', 'White Blend']",Austria,Südoststeiermark,[]
15004,Neumeister,90.5,49.0,90.5,49.0,2,1,['Sauvignon Blanc'],Austria,Südsteiermark,[]
15005,Nevada Ridge,84.0,27.0,84.0,27.0,2,2,"['Barbera', 'Syrah']",US,Nevada,['Nevada']
15006,Neveu,81.5,14.0,81.5,14.0,2,2,"['Pinot Gris', 'Pinot Noir']",US,California,"['Siskiyou County', 'California Other']"
15007,Nevis Bluff,89.3,28.0,90.0,24.0,3,1,['Pinot Noir'],New Zealand,Central Otago,[]
15008,New Age,83.0,15.0,83.0,15.0,2,1,['Sparkling Blend'],Argentina,Mendoza Province,[]
15009,New Departure,84.0,27.0,84.0,27.0,2,1,['Pinot Noir'],US,California,"['Russian River Valley', 'Sonoma']"
15010,New Kent,84.8,22.0,85.0,22.0,5,3,"['Vidal Blanc', 'Rosé', 'Chardonnay']",US,Virginia,['Virginia']
15011,New World,86.0,10.0,86.0,10.0,1,1,['Syrah'],South Africa,Western Cape,[]
15012,New Z Land,86.0,11.0,86.0,11.0,1,1,['Sauvignon Blanc'],New Zealand,Marlborough,[]
15013,New Z Land,81.0,17.0,81.0,17.0,1,1,['Merlot'],New Zealand,Wairarapa,[]
15014,Newell,89.0,36.0,89.0,36.0,1,1,['Petite Sirah'],US,California,"['Monterey County', 'Central Coast']"
15015,Newhaven,87.0,12.0,87.0,12.0,1,1,['Sauvignon Blanc'],New Zealand,Marlborough,[]
15016,Newhouse Family,87.3,49.7,87.0,48.0,3,2,"['Aligoté', 'Red Blend']",US,Washington,"['Snipes Mountain', 'Columbia Valley']"
15017,Newlan,86.2,20.7,86.0,20.0,6,4,"['Chardonnay', 'Zinfandel', 'Merlot', 'Pinot Noir']",US,California,"['Napa Valley', 'Napa']"
15018,Newman's Own,84.5,10.0,84.5,10.0,2,2,"['Pinot Noir', 'Cabernet Sauvignon']",US,California,"['California', 'California Other']"
15019,Newsome-Harlow,89.3,30.0,89.0,31.0,32,7,"['Syrah', 'Zinfandel', 'Sauvignon Blanc', 'Muscat Blanc', 'Meritage', 'Petite Sirah', 'Red Blend']",US,California,"['Calaveras County', 'Sierra Foothills']"
15020,Newsprint,87.5,21.5,87.5,21.5,2,2,"['Chardonnay', 'Cabernet Sauvignon']",US,Washington,"['Columbia Valley (WA)', 'Columbia Valley']"
15021,Newton,88.4,58.9,88.0,60.0,29,6,"['Cabernet Sauvignon', 'Merlot', 'Bordeaux-style Red Blend', 'Red Blend', 'Claret', 'Chardonnay']",US,California,"['Napa Valley', 'Napa']"
15022,Newton Forrest Estate,88.6,35.0,89.0,35.0,5,1,['Bordeaux-style Red Blend'],New Zealand,Hawke's Bay,[]
15023,Newton Johnson,90.0,,90.0,,1,1,['Pinot Noir'],South Africa,Hemel en Aarde,[]
15024,Neyen,92.0,55.3,92.0,50.0,3,2,"['Carmenère-Cabernet Sauvignon', 'Cabernet Sauvignon-Carmenère']",Chile,Colchagua Valley,[]
15025,Neyers,90.4,45.7,91.0,40.0,10,7,"['Zinfandel', 'Pinot Noir', 'Cabernet Sauvignon', 'Rhône-style Red Blend', 'Bordeaux-style Red Blend', 'Chardonnay', 'Carignan']",US,California,['Central Valley']
15026,Nga Waka,86.8,23.1,87.0,20.0,8,4,"['Sauvignon Blanc', 'Chardonnay', 'Pinot Noir', 'Riesling']",New Zealand,Martinborough,[]
15027,Ngatarawa,92.0,,92.0,,1,1,['Merlot-Cabernet'],New Zealand,Hawke's Bay,[]
15028,Ngatarawa,86.7,14.3,87.0,14.0,3,1,['Sauvignon Blanc'],New Zealand,Marlborough,[]
15029,Ngumu,86.0,12.0,86.0,12.0,1,1,['Chenin Blanc'],South Africa,Western Cape,[]
15030,Niagara Landing,86.0,40.0,86.0,40.0,1,1,['Vidal Blanc'],Canada,Ontario,['Niagara Escarpment']
15031,Niagara Landing,83.0,11.0,83.0,11.0,1,1,['Red Blend'],US,New York,"['New York', 'New York Other']"
15032,Nica,84.7,10.7,84.0,11.0,3,3,"['Chardonnay', 'Sauvignon Blanc', 'Pinot Grigio']",US,California,"['California', 'California Other']"
15033,Nice,85.5,25.0,85.5,25.0,2,2,"['Malbec', 'Sauvignon Blanc']",Argentina,Mendoza Province,['Mendoza']
15034,Nice,90.5,110.0,90.5,110.0,2,1,['Cabernet Sauvignon'],US,California,"['Napa Valley', 'Napa']"
15035,Nice Pairing,86.0,12.0,86.0,12.0,1,1,['Pinot Noir'],US,California,"['California', 'California Other']"
15036,Nicholas Cole,91.8,53.8,91.0,50.0,4,3,"['Red Blend', 'Syrah', 'Bordeaux-style Red Blend']",US,Washington,"['Walla Walla Valley (WA)', 'Columbia Valley']"
15037,Nicholas Cole Cellars,91.1,60.0,91.0,48.0,7,3,"['Bordeaux-style Red Blend', 'Red Blend', 'Syrah']",US,Washington,"['Columbia Valley (WA)', 'Columbia Valley']"
15038,Nicholls,85.8,44.0,85.5,36.5,4,4,"['Syrah', 'Pinot Noir', 'Chardonnay', 'Cabernet Sauvignon']",US,California,"['Santa Barbara County', 'Central Coast']"
15039,Nicholson Ranch,87.2,47.2,87.0,48.0,24,4,"['Chardonnay', 'Syrah', 'Pinot Noir', 'Rosé']",US,California,"['Sonoma Coast', 'Sonoma']"
15040,Nick Faldo,86.2,14.8,86.5,14.5,4,3,"['Sauvignon Blanc', 'Cabernet Sauvignon', 'Shiraz']",Australia,South Australia,['Coonawarra']
15041,Nick Goldschmidt,87.3,16.3,88.0,16.0,7,2,"['Sauvignon Blanc', 'Pinot Noir']",New Zealand,Marlborough,[]
15042,Nickel & Nickel,90.8,80.3,91.0,75.0,63,4,"['Chardonnay', 'Merlot', 'Syrah', 'Cabernet Sauvignon']",US,California,"['Napa Valley', 'Napa']"
15043,Nickname,84.0,11.0,84.0,11.0,2,2,"['Cabernet Sauvignon', 'Chardonnay']",US,California,"['California', 'California Other']"
15044,Nicky Versfeld,90.5,,90.5,,2,1,['Sémillon'],South Africa,Darling,[]
15045,Nico,86.5,20.0,87.5,20.0,4,4,"['Greco', 'Fiano', 'Moscato', 'Rosé']",US,California,"['Russian River Valley', 'Sonoma']"
15046,Nico Lazaridi,87.0,40.0,87.0,40.0,2,2,"['Bordeaux-style Red Blend', 'Sauvignon Blanc']",Greece,Drama,[]
15047,Nico Lazaridi,86.0,15.0,86.0,15.0,1,1,['Cabernet Sauvignon'],Greece,Greece,[]
15048,Nicodemi,85.5,,85.5,,2,1,['Montepulciano'],Italy,Central Italy,"[""Montepulciano d'Abruzzo""]"
15049,Nicolas Feuillatte,88.6,72.9,88.0,52.0,46,2,"['Champagne Blend', 'Chardonnay']",France,Champagne,['Champagne']
15050,Nicolas Gaudry,88.0,28.0,88.0,28.0,1,1,['Sauvignon Blanc'],France,Loire Valley,['Pouilly-Fumé']
15051,Nicolas Idiart,85.5,22.0,85.5,22.0,2,1,['Bordeaux-style Red Blend'],France,Bordeaux,['Graves']
15052,Nicolas Idiart,84.3,16.7,84.0,16.0,3,3,"['Cabernet Franc', 'Pinot Noir', 'Sauvignon Blanc']",France,Loire Valley,['Chinon']
15053,Nicolas Maillart,90.8,,91.0,,5,1,['Champagne Blend'],France,Champagne,['Champagne']
15054,Nicolas Maillet,88.7,29.5,88.0,29.5,3,1,['Chardonnay'],France,Burgundy,['Mâcon-Villages']
15055,Nicolas Millet,86.0,23.0,86.0,23.0,1,1,['Rosé'],France,Loire Valley,['Sancerre']
15056,Nicolas Potel,90.2,85.6,90.0,65.0,13,2,"['Pinot Noir', 'Chardonnay']",France,Burgundy,['Beaune']
15057,Nicolas-Jay,93.5,80.0,93.5,77.5,4,1,['Pinot Noir'],US,Oregon,"['Dundee Hills', 'Willamette Valley']"
15058,Nicolaysen Family Vineyards,95.0,50.0,95.0,50.0,1,1,['Gewürztraminer'],US,California,"['Santa Barbara County', 'Central Coast']"
15059,Nicolis,88.9,52.4,90.0,60.0,21,2,"['Corvina, Rondinella, Molinara', 'Red Blend']",Italy,Veneto,['Valpolicella Classico Superiore Ripasso']
15060,Nicolucci,88.5,29.0,88.5,29.0,2,1,['Sangiovese'],Italy,Central Italy,['Romagna']
15061,Nicora,91.3,52.2,92.0,52.5,12,5,"['Syrah', 'G-S-M', 'Grenache-Syrah', 'Grenache', 'Rhône-style Red Blend']",US,California,"['Santa Maria Valley', 'Central Coast']"
15062,Nicosia,87.7,17.0,87.0,17.0,10,4,"['Red Blend', 'Catarratto', 'White Blend', ""Nero d'Avola""]",Italy,Sicily & Sardinia,['Etna']
15063,Nidia,86.0,15.0,86.0,15.0,1,1,['Verdejo'],Spain,Northern Spain,['Rueda']
15064,Nido de Aguila,86.6,16.6,89.0,15.0,5,4,"['Bordeaux-style Red Blend', 'Cabernet Sauvignon', 'Merlot', 'Merlot-Cabernet Sauvignon']",Chile,Maipo Valley,[]
15065,Niebaum-Coppola,91.8,83.0,91.5,95.0,8,5,"['Red Blend', 'Cabernet Franc', 'Cabernet Sauvignon', 'Cabernet Blend', 'Bordeaux-style Red Blend']",US,California,"['Rutherford', 'Napa']"
15066,Niedermayr Josef,88.5,27.7,88.0,27.0,13,7,"['Pinot Grigio', 'Lagrein', 'White Blend', 'Gewürztraminer', 'Sauvignon', 'Pinot Bianco', 'Pinot Nero']",Italy,Northeastern Italy,['Alto Adige']
15067,Niedrist,87.5,41.5,87.5,41.5,2,2,"['Pinot Nero', 'Lagrein']",Italy,Northeastern Italy,['Alto Adige']
15068,Niel Joubert,86.3,12.0,86.0,12.0,3,3,"['Shiraz', 'Cabernet Sauvignon', 'Merlot']",South Africa,Paarl,[]
15069,Niel Santofimia,85.0,10.0,85.0,10.0,2,1,['Red Blend'],Spain,Central Spain,['Almansa']
15070,Nielson by Byron,89.0,26.3,89.0,27.0,6,3,"['Pinot Noir', 'Chardonnay', 'G-S-M']",US,California,"['Santa Maria Valley', 'Central Coast']"
15071,Niepoort,91.1,45.9,91.0,30.0,15,2,"['Portuguese Red', 'Portuguese White']",Portugal,Douro,[]
15072,Niepoort,90.8,64.1,90.5,51.5,38,1,['Port'],Portugal,Port,[]
15073,Niepoort,97.0,80.0,97.0,80.0,1,1,['Port'],Portugal,Portugal,[]
15074,Niepoort,90.0,20.0,90.0,20.0,1,1,['Portuguese White'],Portugal,Vinho Verde,[]
15075,Nieto Senetiner,86.2,19.3,86.0,13.5,46,10,"['Malbec', 'Cabernet Sauvignon', 'Bonarda', 'Chardonnay', 'Torrontés', 'Chardonnay-Viognier', 'Pinot Noir', 'Bordeaux-style Red Blend', 'Cabernet Sauvignon-Shiraz', 'Cabernet Franc-Cabernet Sauvignon']",Argentina,Mendoza Province,['Luján de Cuyo']
15076,Nieto Senetiner,84.7,13.3,83.0,13.0,3,2,"['Torrontés', 'Pinot Noir']",Argentina,Other,['Cafayate']
15077,Night Harvest by R.H. Phillips,83.0,7.5,83.5,7.0,4,4,"['Sauvignon Blanc', 'Cabernet Sauvignon', 'Merlot', 'Zinfandel']",US,California,"['California', 'California Other']"
15078,Night Owl,84.6,12.4,84.0,12.0,5,4,"['Shiraz', 'Riesling', 'Pinot Noir', 'Chardonnay']",US,California,"['Monterey County', 'Central Coast']"
15079,Nightstar,87.3,11.0,87.0,11.0,3,2,"['Riesling', 'Dornfelder']",Germany,Rheinhessen,[]
15080,Nigl,91.1,54.6,91.0,56.5,20,2,"['Grüner Veltliner', 'Riesling']",Austria,Kremstal,[]
15081,Nigl,89.5,26.2,90.0,25.0,14,5,"['Grüner Veltliner', 'Gelber Muskateller', 'Sauvignon Blanc', 'Rosé', 'Riesling']",Austria,Niederösterreich,[]
15082,Nigl,89.0,32.0,89.0,32.0,1,1,['Sparkling Blend'],Austria,Österreichischer Sekt,[]
15083,Nikolaihof,91.0,84.0,91.0,84.0,1,1,['Riesling'],Austria,Kremstal,[]
15084,Nikolaihof,91.1,66.9,91.0,60.5,17,2,"['Riesling', 'Grüner Veltliner']",Austria,Wachau,[]
15085,Nine Barrel,88.0,70.0,88.0,70.0,1,1,['Chardonnay'],US,California,"['Russian River Valley', 'Sonoma']"
15086,Nine Gables,81.0,20.0,81.0,20.0,1,1,['Zinfandel'],US,California,"['Shenandoah Valley (CA)', 'Sierra Foothills']"
15087,Nine Hats,88.5,19.3,88.0,20.0,15,6,"['Red Blend', 'Bordeaux-style Red Blend', 'Sangiovese', 'Syrah', 'Riesling', 'Pinot Gris']",US,Washington,"['Columbia Valley (WA)', 'Columbia Valley']"
15088,Nine North Wine Company,86.1,17.6,87.0,18.0,9,4,"['Chardonnay', 'Cabernet Sauvignon', 'Petite Sirah', 'Sauvignon Blanc']",US,California,"['North Coast', 'North Coast']"
15089,Nine Stones,87.3,13.0,87.0,14.0,3,2,"['Shiraz', 'Chardonnay']",Australia,New South Wales,['Hilltops']
15090,Nine Stones,87.2,12.8,87.0,13.0,9,1,['Shiraz'],Australia,South Australia,['Barossa']
15091,Nine x Nine,80.0,13.0,80.0,13.0,1,1,['Zinfandel'],US,California,"['Lodi', 'Central Valley']"
15092,Niner,87.9,35.2,88.0,30.0,36,14,"['Sangiovese', 'Syrah', 'Merlot', 'Cabernet Sauvignon', 'Bordeaux-style Red Blend', 'Pinot Noir', 'Red Blend', 'Petite Sirah', 'Rosé', 'Malbec', 'Rhône-style Red Blend', 'Albariño', 'Grenache', 'Chardonnay']",US,California,"['Paso Robles', 'Central Coast']"
15093,Ninety+,85.0,11.0,85.0,11.0,1,1,['Malbec'],Argentina,Mendoza Province,['Mendoza']
15094,Ninety+,85.0,30.0,85.0,30.0,1,1,['Red Blend'],US,California,"['Napa Valley', 'Napa']"
15095,Nino Franco,93.0,49.0,93.0,49.0,1,1,['Glera'],Italy,Italy Other,['Vino Spumante']
15096,Nino Franco,91.4,28.6,92.0,29.0,13,2,"['Glera', 'Prosecco']",Italy,Veneto,['Valdobbiadene Prosecco Superiore']
15097,Nino Negri,89.7,42.6,89.0,36.0,14,3,"['Red Blend', 'Nebbiolo', 'White Blend']",Italy,Lombardy,['Valtellina Superiore']
15098,Ninquén,88.8,26.1,89.0,20.0,15,5,"['Cabernet Sauvignon-Carmenère', 'Syrah', 'Syrah-Cabernet Sauvignon', 'Cabernet Sauvignon', 'Syrah-Cabernet']",Chile,Colchagua Valley,[]
15099,Ninth Island,87.0,18.3,87.0,16.0,3,2,"['Riesling', 'Sparkling Blend']",Australia,Tasmania,['Tasmania']
15100,Ninín,88.0,30.0,88.0,30.0,1,1,['Tempranillo'],Spain,Northern Spain,['Ribera del Duero']
15101,Nipa,88.0,29.7,88.0,25.0,3,2,"['Cabernet Sauvignon', 'Zinfandel']",US,California,"['Paso Robles', 'Central Coast']"
15102,Nirvana,80.0,10.0,80.0,10.0,1,1,['White Blend'],Australia,Western Australia,['Margaret River']
15103,Nisia,87.3,21.7,87.0,17.0,3,1,['Verdejo'],Spain,Northern Spain,['Rueda']
15104,Nita,88.2,25.0,88.5,25.0,4,1,['Red Blend'],Spain,Catalonia,['Priorat']
15105,Nitida,89.0,,89.0,,1,1,['Sauvignon Blanc'],South Africa,Durbanville,[]
15106,Nittardi,89.8,36.4,90.0,32.5,10,3,"['Red Blend', 'Sangiovese', 'Vermentino']",Italy,Tuscany,['Toscana']
15107,Nittnaus Anita und Hans,90.2,33.9,89.5,24.0,28,10,"['Red Blend', 'Zweigelt', 'Pinot Noir', 'Chardonnay', 'Grüner Veltliner', 'Pinot Blanc', 'Sauvignon Blanc', 'Austrian Red Blend', 'Blaufränkisch', 'White Blend']",Austria,Burgenland,[]
15108,Nittnaus Anita und Hans,92.0,43.0,92.0,45.0,5,2,"['Blaufränkisch', 'Chardonnay-Pinot Blanc']",Austria,Leithaberg,[]
15109,Nittnaus Anita und Hans,92.0,54.0,92.0,54.0,2,1,['Chardonnay-Pinot Blanc'],Austria,Neusiedlersee,[]
15110,Nittnaus Hans und Christine,89.0,23.7,89.0,23.0,43,14,"['Chardonnay', 'Zweigelt', 'Grüner Veltliner', 'Muskat Ottonel', 'Red Blend', 'Blaufränkisch', 'Sämling', 'Austrian white blend', 'Pinot Blanc-Chardonnay', 'Austrian Red Blend', 'Sauvignon Blanc', 'St. Laurent', 'White Blend', 'Pinot Noir']",Austria,Burgenland,[]
15111,Nittnaus Hans und Christine,92.0,32.0,92.0,32.0,1,1,['Blaufränkisch'],Austria,Leithaberg,[]
15112,Nittnaus Hans und Christine,90.0,25.0,90.0,25.0,1,1,['Zweigelt'],Austria,Neusiedlersee,[]
15113,Nitty Gritty,87.5,30.0,88.0,30.0,4,4,"['Chardonnay', 'Sauvignon Blanc', 'Merlot', 'Red Blend']",US,California,"['Napa Valley', 'Napa']"
15114,Nitída,86.0,20.0,86.0,20.0,2,2,"['Bordeaux-style Red Blend', 'Sauvignon Blanc']",South Africa,Durbanville,[]
15115,Nivarius,87.0,14.7,87.0,12.0,3,2,"['Tempranillo Blanco', 'White Blend']",Spain,Northern Spain,['Rioja']
15116,Nk'Mip Cellars,88.8,24.2,89.5,22.5,4,3,"['Chardonnay', 'Syrah', 'Merlot']",Canada,British Columbia,['Okanagan Valley']
15117,No,85.3,12.3,85.0,12.0,3,2,"['Sauvignon Blanc', 'Chardonnay']",US,California,"['Lake County', 'Mendocino/Lake Counties']"
15118,No BS,83.0,9.0,83.0,9.0,1,1,['Tempranillo-Garnacha'],Spain,Northern Spain,['Toro']
15119,No Girls,93.2,71.0,94.0,75.0,5,3,"['Grenache', 'Syrah', 'Tempranillo']",US,Oregon,"['Walla Walla Valley (OR)', 'Oregon Other']"
15120,No Girls,93.6,72.1,93.0,75.0,7,3,"['Tempranillo', 'Grenache', 'Syrah']",US,Washington,"['Walla Walla Valley (WA)', 'Columbia Valley']"
15121,No Limit,91.5,67.0,91.5,67.0,2,1,['Syrah'],US,California,"['Edna Valley', 'Central Coast']"
15122,No Time,82.2,11.0,82.0,11.0,5,3,"['White Blend', 'Tempranillo', 'Garnacha']",Spain,Northern Spain,['Navarra']
15123,Noah,85.0,14.0,85.0,14.0,1,1,['Muscat'],Israel,Judean Hills,[]
15124,Noah,92.0,25.0,92.0,25.0,1,1,['Merlot'],US,California,"['Yountville', 'Napa']"
15125,Nobelle,82.5,30.0,82.5,30.0,2,2,"['Rosé', 'Marsanne']",US,California,"['Paso Robles', 'Central Coast']"
15126,Nobilissima,87.0,15.0,87.0,15.0,1,1,['Sangiovese'],Italy,Tuscany,['Chianti']
15127,Nobilissima,84.0,13.0,84.0,13.0,1,1,['Glera'],Italy,Veneto,['Prosecco']
15128,Nobility,92.0,75.0,92.0,75.0,1,1,['Sauvignon Blanc-Semillon'],US,California,"['Napa County-Sonoma County', 'Napa-Sonoma']"
15129,Nobilo,85.5,13.0,85.5,13.0,2,2,"['Chardonnay', 'Pinot Gris']",New Zealand,East Coast,[]
15130,Nobilo,85.0,10.0,85.0,10.0,2,1,['Chardonnay'],New Zealand,Gisborne,[]
15131,Nobilo,87.2,16.8,87.0,14.0,17,2,"['Sauvignon Blanc', 'Pinot Noir']",New Zealand,Marlborough,[]
15132,Noble Aconcagua,84.7,14.0,84.0,14.0,3,3,"['Merlot', 'Cabernet Sauvignon', 'Torrontés']",Argentina,Mendoza Province,['Mendoza']
15133,Noble Estate,88.7,24.0,89.0,25.0,3,3,"['Chardonnay', 'Muscat', 'Pinot Noir']",US,Oregon,"['Willamette Valley', 'Willamette Valley']"
15134,Noble Hill,89.0,18.0,89.0,18.0,1,1,['Viognier'],South Africa,Coastal Region,[]
15135,Noble Hill,87.0,30.0,87.0,30.0,2,2,"['Sauvignon Blanc', 'Chardonnay']",South Africa,Simonsberg-Paarl,[]
15136,Noble Terroir,84.0,,84.0,,1,1,['Rosé'],France,Provence,['Côtes de Provence']
15137,Noble Tree,86.8,19.3,87.0,20.0,6,5,"['Zinfandel', 'Cabernet Sauvignon', 'Grenache', 'Merlot', 'Sauvignon Blanc']",US,California,"['Russian River Valley', 'Sonoma']"
15138,Noble Vines,87.1,13.6,87.0,13.0,27,8,"['Chardonnay', 'Merlot', 'Pinot Noir', 'Sauvignon Blanc', 'Cabernet Sauvignon', 'Pinot Grigio', 'Rosé', 'Red Blend']",US,California,"['San Bernabe', 'Central Coast']"
15139,Nobos,84.7,21.3,84.0,20.0,3,3,"['Cabernet Sauvignon', 'Merlot', 'Chardonnay']",US,California,"['Dry Creek Valley', 'Sonoma']"
15140,Noceto,87.9,22.1,88.0,24.0,15,5,"['Sangiovese', 'Pinot Grigio', 'Zinfandel', 'Moscato', 'Barbera']",US,California,"['Shenandoah Valley (CA)', 'Sierra Foothills']"
15141,Noceto Michelotti,89.0,,89.0,,1,1,['Barbera'],Italy,Piedmont,"[""Barbera d'Asti Superiore Nizza""]"
15142,Nodland,88.9,27.8,89.0,28.0,16,5,"['Cabernet Sauvignon', 'Riesling', 'Red Blend', 'Bordeaux-style Red Blend', 'Carmenère']",US,Washington,"['Walla Walla Valley (WA)', 'Columbia Valley']"
15143,Noelia Ricci,87.5,25.5,87.5,25.5,2,1,['Sangiovese'],Italy,Central Italy,['Romagna']
15144,Nola,86.0,29.5,86.0,29.5,2,2,"['Syrah', 'Sauvignon Blanc']",US,California,"['Santa Barbara County', 'Central Coast']"
15145,Nollen,89.0,10.0,89.0,10.0,1,1,['Riesling'],Germany,Mosel,[]
15146,Nomadica,85.0,25.0,85.0,25.0,1,1,['Pinot Noir'],US,California,"['Arroyo Seco', 'Central Coast']"
15147,Nominé-Renard,88.5,,88.5,,2,2,"['Champagne Blend', 'Chardonnay']",France,Champagne,['Champagne']
15148,Nonno Zito,92.0,55.0,92.0,55.0,2,2,"['Merlot', 'Nebbiolo']",US,California,"['Santa Maria Valley', 'Central Coast']"
15149,Noon,90.0,120.0,90.0,120.0,1,1,['Cabernet Sauvignon'],Australia,South Australia,['South Australia']
15150,Nora,88.2,19.4,88.5,17.5,14,1,['Albariño'],Spain,Galicia,['Rías Baixas']
15151,Nora da Neve,89.0,28.0,89.0,28.0,1,1,['Albariño'],Spain,Galicia,['Rías Baixas']
15152,Norbert Bauer,89.6,22.7,90.0,18.0,5,3,"['White Blend', 'Grüner Veltliner', 'Riesling']",Austria,Niederösterreich,[]
15153,Norbert Bauer,90.0,,90.0,,1,1,['Grüner Veltliner'],Austria,Weinviertel,[]
15154,Nord Estate,85.5,40.8,85.5,43.5,4,4,"['Petite Sirah', 'Pinot Noir', 'Red Blend', 'Cabernet Sauvignon']",US,California,"['Napa Valley', 'Napa']"
15155,Nordby,87.0,55.2,87.0,51.0,4,1,['Cabernet Sauvignon'],US,California,"['Red Hills Lake County', 'Mendocino/Lake Counties']"
15156,Norman,83.3,22.4,83.0,20.0,9,5,"['Chardonnay', 'Zinfandel', 'Bordeaux-style Red Blend', 'Rhône-style Red Blend', 'Cabernet Sauvignon']",US,California,"['Edna Valley', 'Central Coast']"
15157,Normans,86.0,10.0,86.0,10.0,1,1,['Chardonnay'],Australia,Australia Other,['South Eastern Australia']
15158,Normans,86.8,16.0,87.0,15.0,5,3,"['Cabernet Sauvignon', 'Grenache', 'Shiraz']",Australia,South Australia,['South Australia']
15159,North 42 Degrees,85.6,20.5,85.5,19.0,8,4,"['Riesling', 'Gewürztraminer', 'Rosé', 'Sauvignon Blanc']",Canada,Ontario,['Lake Erie North Shore']
15160,North Gate,85.3,21.2,86.5,20.0,12,6,"['Merlot', 'Petit Verdot', 'Meritage', 'Viognier', 'Cabernet Franc', 'Chardonnay']",US,Virginia,['Virginia']
15161,North by Northwest,87.0,35.0,87.0,35.0,1,1,['Cabernet Sauvignon'],US,Oregon,"['Walla Walla Valley (OR)', 'Oregon Other']"
15162,North by Northwest,88.7,28.3,89.0,30.0,25,5,"['Syrah', 'Red Blend', 'Riesling', 'Cabernet Sauvignon', 'Chardonnay']",US,Washington,"['Columbia Valley (WA)', 'Columbia Valley']"
15163,Northfield,88.5,25.2,88.5,25.0,4,4,"['Riesling', 'Chardonnay', 'Sauvignon Blanc-Semillon', 'Pinot Noir']",New Zealand,Waipara,[]
15164,Northfield,88.0,20.0,88.0,20.0,1,1,['Riesling'],New Zealand,Waipara Valley,[]
15165,Northstar,90.9,47.0,91.0,41.0,40,6,"['Red Blend', 'Merlot', 'Cabernet Sauvignon', 'Bordeaux-style Red Blend', 'Syrah', 'Cabernet Franc']",US,Washington,"['Walla Walla Valley (WA)', 'Columbia Valley']"
15166,Northwest Cellars,85.9,25.2,87.0,28.0,11,7,"['Red Blend', 'Merlot', 'Carmenère', 'Pinot Gris', 'Syrah', 'Petite Sirah', 'Rhône-style Red Blend']",US,Washington,"['Columbia Valley (WA)', 'Columbia Valley']"
15167,Northwest Collection,88.5,25.0,88.5,25.0,2,2,"['Cabernet Sauvignon', 'Merlot']",US,Washington,"['Horse Heaven Hills', 'Columbia Valley']"
15168,Northwest Totem Cellars,85.6,28.9,85.0,30.0,14,8,"['Red Blend', 'Merlot', 'White Blend', 'Cabernet Sauvignon', 'Grenache', 'Syrah', 'Cabernet Franc', 'Bordeaux-style Red Blend']",US,Washington,"['Columbia Valley (WA)', 'Columbia Valley']"
15169,Nos Riqueza,85.0,14.0,85.0,14.0,1,1,['Verdejo'],Spain,Northern Spain,['Rueda']
15170,Noster Inicial,88.0,20.0,88.0,20.0,1,1,['Red Blend'],Spain,Catalonia,['Priorat']
15171,Nostrada,85.5,10.0,85.5,10.0,2,2,"['Tempranillo', 'Rosé']",Spain,Catalonia,['Tarragona']
15172,Notre Vin,90.2,107.2,92.0,90.0,11,3,"['Cabernet Sauvignon', 'Pinot Noir', 'Rosé']",US,California,"['Howell Mountain', 'Napa']"
15173,Notro,85.3,11.9,85.0,12.0,11,3,"['Malbec', 'Torrontés', 'Red Blend']",Argentina,Mendoza Province,['Mendoza']
15174,Nottingham Cellars,88.9,42.2,89.0,40.0,25,11,"['Cabernet Sauvignon', 'Petite Sirah', 'Malbec', 'Chardonnay', 'Viognier', 'Syrah', 'Bordeaux-style Red Blend', 'Petit Verdot', 'Red Blend', 'Cabernet Sauvignon-Merlot', 'Cabernet Franc']",US,California,"['Livermore Valley', 'Central Coast']"
15175,Nottola,87.8,25.2,88.0,25.0,8,2,"['Red Blend', 'Prugnolo Gentile']",Italy,Tuscany,['Vino Nobile di Montepulciano']
15176,Nova Vita,86.0,19.2,86.0,19.0,4,4,"['Chardonnay', 'Sauvignon Blanc', 'Pinot Grigio', 'Shiraz']",Australia,South Australia,['Adelaide']
15177,Nova Vita,87.7,38.0,87.0,45.0,3,3,"['Rosé', 'Petit Verdot', 'Syrah']",US,California,"['Paso Robles', 'Central Coast']"
15178,Novaia,89.2,45.4,89.0,43.5,21,2,"['Corvina, Rondinella, Molinara', 'Red Blend']",Italy,Veneto,['Amarone della Valpolicella Classico']
15179,Noval,85.0,18.0,85.0,18.0,1,1,['Port'],Portugal,Port,[]
15180,Novella,84.5,10.5,84.5,10.0,6,6,"['Muscat Canelli', 'White Blend', 'Chardonnay', 'Sauvignon Blanc', 'Red Blend', 'Merlot']",US,California,"['Paso Robles', 'Central Coast']"
15181,Novelty Hill,89.8,24.9,90.0,24.0,102,13,"['Chardonnay', 'Grenache', 'Sauvignon Blanc', 'Cabernet Sauvignon', 'Merlot', 'Sangiovese', 'Roussanne', 'Malbec', 'Syrah', 'Viognier', 'Red Blend', 'Sémillon', 'Bordeaux-style Red Blend']",US,Washington,"['Columbia Valley (WA)', 'Columbia Valley']"
15182,Noviello,86.8,33.4,87.0,28.0,5,4,"['Chardonnay', 'Bordeaux-style Red Blend', 'Sparkling Blend', 'Cabernet Sauvignon']",US,Washington,"['Yakima Valley', 'Columbia Valley']"
15183,Novo Mundo,90.0,15.0,90.0,15.0,1,1,['Portuguese Red'],Portugal,Tejo,[]
15184,Novus,85.3,12.3,85.0,11.0,11,5,"['Malbec', 'Cabernet Sauvignon', 'Syrah', 'Chardonnay', 'Malbec-Cabernet Sauvignon']",Argentina,Mendoza Province,['Uco Valley']
15185,Novy,88.8,25.8,89.0,27.0,101,12,"['White Blend', 'Viognier', 'Red Blend', 'Pinot Meunier', 'Syrah', 'Gewürztraminer', 'Sauvignon Blanc', 'Zinfandel', 'Chardonnay', 'Grenache', 'Nebbiolo', 'Meritage']",US,California,"['North Coast', 'North Coast']"
15186,Novy,85.0,24.5,85.0,24.5,2,1,['Pinot Noir'],US,Oregon,"['Willamette Valley', 'Willamette Valley']"
15187,Now Presenting...,90.0,12.0,90.0,12.0,1,1,['Rhône-style Red Blend'],US,California,"['Paso Robles', 'Central Coast']"
15188,Nuestra Familia Bodeguera,82.0,26.0,82.0,26.0,1,1,['Monastrell'],Spain,Levante,['Valencia']
15189,Nuestras Cepas,83.0,15.0,83.0,15.0,1,1,['Tempranillo'],Spain,Northern Spain,['Ribera del Duero']
15190,Nuevomundo,85.8,15.5,86.0,15.5,4,3,"['Cabernet Sauvignon-Carmenère', 'Cabernet Sauvignon-Malbec', 'Sauvignon Blanc']",Chile,Maipo Valley,[]
15191,Nugan Family Estates,85.9,13.9,86.0,12.0,8,4,"['Chardonnay', 'Shiraz', 'Cabernet Sauvignon', 'Durif']",Australia,Australia Other,['South Eastern Australia']
15192,Nugan Family Estates,86.8,13.0,86.5,12.5,8,3,"['Cabernet Sauvignon', 'Chardonnay', 'Shiraz']",Australia,New South Wales,['Riverina']
15193,Nugan Family Estates,87.0,24.0,87.0,24.0,4,2,"['Cabernet Sauvignon', 'Shiraz']",Australia,South Australia,['Coonawarra']
15194,Nugan Family Estates,87.6,17.0,88.0,19.0,5,2,"['Pinot Noir', 'Chardonnay']",Australia,Victoria,['King Valley']
15195,Nuggucciet,89.0,38.0,91.0,36.0,3,1,['Pinot Noir'],US,California,"['Sta. Rita Hills', 'Central Coast']"
15196,Nugnes,86.0,,86.5,,4,3,"['Rosato', 'Aglianico', 'Red Blend']",Italy,Southern Italy,['Campania']
15197,Nuiton-Beaunoy,87.4,31.4,87.0,20.0,25,2,"['Pinot Noir', 'Chardonnay']",France,Burgundy,['Pommard']
15198,Numanthia,92.8,100.4,93.0,60.0,19,1,['Tinta de Toro'],Spain,Northern Spain,['Toro']
15199,Nuna,87.7,17.3,87.5,17.0,6,3,"['Bonarda', 'Malbec', 'Torrontés']",Argentina,Mendoza Province,['Mendoza']
15200,Nuna,87.0,17.0,87.0,17.0,1,1,['Torrontés'],Argentina,Other,['Salta']
15201,Nuntia Vini,88.0,25.0,88.0,25.0,1,1,['Tinta de Toro'],Spain,Northern Spain,['Toro']
15202,Nunum,89.0,45.0,89.0,45.0,1,1,['Malbec'],Argentina,Mendoza Province,['Uco Valley']
15203,Nuthatch Cellars,88.0,31.0,88.0,31.0,2,2,"['Malbec', 'Syrah']",US,Oregon,"['Columbia Valley (OR)', 'Oregon Other']"
15204,Nuthatch Cellars,88.0,28.0,88.0,28.0,1,1,['Carmenère'],US,Washington,"['Columbia Valley (WA)', 'Columbia Valley']"
15205,Nyetimber,94.0,63.3,94.0,65.0,3,2,"['Chardonnay', 'Sparkling Blend']",England,England,[]
15206,Nōmade,87.0,18.0,87.0,18.0,1,1,['Malbec'],Argentina,Mendoza Province,['Mendoza']
15207,Nōmade,83.0,14.0,83.0,14.0,1,1,['Torrontés'],Argentina,Other,['Cafayate']
15208,O,87.5,14.0,87.5,14.0,2,2,"['Chardonnay', 'Red Blend']",US,Washington,"['Columbia Valley (WA)', 'Columbia Valley']"
15209,O Rei de Campoverde,85.0,23.0,85.0,23.0,1,1,['Albariño'],Spain,Galicia,['Rías Baixas']
15210,O'Brien,86.4,46.3,86.0,36.0,7,5,"['Merlot', 'Red Blend', 'Chardonnay', 'Rosé', 'Bordeaux-style Red Blend']",US,California,"['Napa Valley', 'Napa']"
15211,O'Connor,93.0,35.0,93.0,35.0,1,1,['Pinot Noir'],US,California,"['Russian River Valley', 'Sonoma']"
15212,O'Reilly's,87.8,14.0,88.0,14.0,4,2,"['Pinot Noir', 'Pinot Gris']",US,Oregon,"['Oregon', 'Oregon Other']"
15213,O'Shaughnessy,90.0,64.5,90.0,64.5,2,1,['Cabernet Sauvignon'],US,California,"['Howell Mountain', 'Napa']"
15214,O'Vineyards,88.4,18.2,88.0,15.0,5,2,"['Red Blend', 'Merlot-Cabernet Sauvignon']",France,Languedoc-Roussillon,['Cabardes']
15215,O-Neh-Da,88.0,18.0,88.0,18.0,2,1,['Riesling'],US,New York,"['Finger Lakes', 'Finger Lakes']"
15216,O. Fournier,87.6,26.0,89.0,19.0,43,9,"['Malbec', 'Malbec-Tempranillo', 'Tempranillo', 'Red Blend', 'Chardonnay', 'Sauvignon Blanc', 'Syrah-Malbec', 'Syrah', 'Tempranillo-Malbec']",Argentina,Mendoza Province,['Uco Valley']
15217,O. Fournier,85.8,10.5,86.0,11.0,4,1,['Torrontés'],Argentina,Other,['Cafayate']
15218,O. Fournier,86.2,24.8,85.0,22.0,5,1,['Sauvignon Blanc'],Chile,Leyda Valley,[]
15219,O. Fournier,88.1,22.1,88.0,13.0,15,5,"['Cabernet Sauvignon', 'Sauvignon Blanc', 'Red Blend', 'Bordeaux-style Red Blend', 'Carignan']",Chile,Maule Valley,[]
15220,O. Fournier,88.6,39.4,89.5,31.0,20,5,"['Tinto del Pais', 'Tempranillo', 'Tempranillo Blend', 'Red Blend', 'Tinta del Pais']",Spain,Northern Spain,['Ribera del Duero']
15221,ONX,91.1,44.6,91.0,45.0,34,7,"['Rhône-style Red Blend', 'Red Blend', 'Rosé', 'Tempranillo', 'White Blend', 'Bordeaux-style Red Blend', 'Petite Sirah']",US,California,"['Templeton Gap District', 'Central Coast']"
15222,OS Winery,89.2,30.4,89.0,25.0,25,9,"['Merlot', 'Riesling', 'Cabernet Franc', 'Bordeaux-style Red Blend', 'Rosé', 'Syrah', 'Petit Verdot', 'Red Blend', 'Cabernet Sauvignon']",US,Washington,"['Yakima Valley', 'Columbia Valley']"
15223,OT,88.0,20.0,88.0,20.0,2,1,['Red Blend'],Italy,Tuscany,['Toscana']
15224,OZV,85.5,13.8,86.0,14.0,4,3,"['Zinfandel', 'Red Blend', 'Rosé']",US,California,"['Lodi', 'Central Valley']"
15225,Oak Farm,88.5,23.9,89.0,24.0,13,8,"['Sauvignon Blanc', 'Zinfandel', 'Albariño', 'Cabernet Sauvignon', 'Red Blend', 'Barbera', 'Verdelho', 'Chardonnay']",US,California,"['Lodi', 'Central Valley']"
15226,Oak Farm Vineyards,88.7,28.7,89.0,29.0,3,2,"['Zinfandel', 'Barbera']",US,California,"['Lodi', 'Central Valley']"
15227,Oak Grove,84.6,8.1,85.0,8.0,48,9,"['Shiraz', 'Sauvignon Blanc', 'Merlot', 'Cabernet Sauvignon', 'Petite Sirah', 'Pinot Grigio', 'Viognier', 'Chardonnay', 'Zinfandel']",US,California,"['California', 'California Other']"
15228,Oak Knoll,86.3,16.9,86.0,14.0,29,6,"['Pinot Noir', 'Müller-Thurgau', 'Chardonnay', 'Pinot Gris', 'White Blend', 'Riesling']",US,Oregon,"['Willamette Valley', 'Willamette Valley']"
15229,Oak Knoll,83.0,24.0,83.0,24.0,2,2,"['Barbera', 'Red Blend']",US,Washington,"['Columbia Valley (WA)', 'Columbia Valley']"
15230,Oak Mountain,86.0,100.0,86.0,100.0,1,1,['Cabernet Sauvignon'],US,California,"['Temecula Valley', 'South Coast']"
15231,Oak Ridge,85.8,15.3,86.0,14.0,6,4,"['Cabernet Sauvignon', 'Rosé', 'Zinfandel', 'Chardonnay']",US,California,"['Lodi', 'Central Valley']"
15232,Oak Summit,86.5,28.5,86.5,28.5,2,2,"['Pinot Noir', 'Chardonnay']",US,New York,"['Hudson River Region', 'New York Other']"
15233,Oak Valley,86.3,29.3,87.0,30.0,3,3,"['Sauvignon Blanc', 'Pinot Noir', 'Bordeaux-style Red Blend']",South Africa,Elgin,[]
15234,Oak and Vine,83.5,12.0,83.5,12.0,2,2,"['Cabernet Sauvignon', 'Chardonnay']",US,California,"['California', 'California Other']"
15235,Oakford,89.7,81.3,90.0,85.0,3,1,['Cabernet Sauvignon'],US,California,"['Rutherford', 'Napa']"
15236,Oakridge,86.0,21.0,86.0,21.0,1,1,['Pinot Noir'],Australia,Victoria,['Yarra Valley']
15237,Oakstone,82.0,18.0,82.0,18.0,1,1,['Cabernet Sauvignon'],US,California,"['Fair Play', 'Sierra Foothills']"
15238,Oakville Cross,86.0,60.0,86.0,60.0,1,1,['Cabernet Sauvignon'],US,California,"['Oakville', 'Napa']"
15239,Oakville East,91.6,112.5,91.0,125.0,12,3,"['Cabernet Franc', 'Cabernet Sauvignon', 'Bordeaux-style Red Blend']",US,California,"['Oakville', 'Napa']"
15240,Oakville Ranch,86.1,53.8,86.0,42.0,19,7,"['Cabernet Franc', 'Chardonnay', 'Cabernet Sauvignon', 'Cabernet Sauvignon-Cabernet Franc', 'Red Blend', 'Bordeaux-style Red Blend', 'Merlot']",US,California,"['Napa Valley', 'Napa']"
15241,Oakville Terraces,87.0,104.0,87.0,104.0,1,1,['Cabernet Sauvignon'],US,California,"['Oakville', 'Napa']"
15242,Oakville Winery,88.8,36.8,88.0,45.0,13,2,"['Zinfandel', 'Cabernet Sauvignon']",US,California,"['Oakville', 'Napa']"
15243,Oakwild Ranch,86.3,38.3,86.0,35.0,3,1,['Pinot Noir'],US,California,"['Russian River Valley', 'Sonoma']"
15244,Oasi degli Angeli,87.5,165.0,87.5,165.0,2,2,"['Montepulciano', 'Grenache']",Italy,Central Italy,['Marche']
15245,Obalo,88.6,17.7,88.0,19.0,9,1,['Tempranillo'],Spain,Northern Spain,['Rioja']
15246,Obelisco Estate,89.0,51.3,89.0,45.0,30,8,"['Rosé', 'Cabernet Sauvignon', 'Merlot', 'Syrah', 'Bordeaux-style Red Blend', 'Malbec', 'Riesling', 'Chardonnay']",US,Washington,"['Red Mountain', 'Columbia Valley']"
15247,Oberbergen,88.5,18.0,88.5,18.0,2,2,"['Pinot Noir', 'Pinot Gris']",Germany,Baden,[]
15248,Oberon,87.4,21.1,88.0,22.0,19,4,"['Cabernet Sauvignon', 'Sauvignon Blanc', 'Merlot', 'Chardonnay']",US,California,"['Napa Valley', 'Napa']"
15249,Obrien & Obrien,89.0,28.0,89.0,28.0,1,1,['Cabernet Sauvignon'],US,California,"['South Coast', 'South Coast']"
15250,Obrigado,91.5,20.5,91.5,20.5,2,2,"['Portuguese Red', 'Encruzado']",Portugal,Dão,[]
15251,Obrigado,90.0,,90.0,,1,1,['Vital'],Portugal,Lisboa,[]
15252,Obrigado,87.3,14.0,88.0,14.0,3,2,"['Rosé', 'Alvarinho']",Portugal,Minho,[]
15253,Obrigado,85.2,12.5,85.0,12.0,4,3,"['Portuguese White', 'Portuguese Rosé', 'Rosé']",Portugal,Vinho Verde,[]
15254,Obscurity,87.5,23.0,87.5,23.0,2,2,"['Charbono', 'Carignane']",US,California,"['Fair Play', 'Sierra Foothills']"
15255,Obsession,87.0,15.0,87.0,15.0,1,1,['Red Blend'],US,California,"['California', 'California Other']"
15256,Obsidian,86.1,30.5,85.5,28.0,8,3,"['Tempranillo', 'Syrah', 'Red Blend']",US,Oregon,"['Oregon', 'Oregon Other']"
15257,Obsidian Ridge,89.8,37.1,90.0,30.0,17,4,"['Red Blend', 'Cabernet Sauvignon', 'Syrah', 'Bordeaux-style Red Blend']",US,California,"['Red Hills Lake County', 'Mendocino/Lake Counties']"
15258,Obvio,85.0,12.0,85.0,12.0,1,1,['Malbec'],Argentina,Mendoza Province,['Mendoza']
15259,Obviously,86.0,12.0,86.0,12.0,1,1,['Shiraz'],Australia,South Australia,['McLaren Vale']
15260,Obviously,88.0,11.0,88.0,11.0,1,1,['Sauvignon Blanc'],New Zealand,Marlborough,[]
15261,Ocaso,85.0,11.0,85.0,11.0,2,2,"['Malbec', 'Torrontés']",Argentina,Mendoza Province,['Mendoza']
15262,Occam's Razor,89.5,50.0,89.5,50.0,2,1,['Shiraz'],Australia,Victoria,['Heathcote']
15263,Occasio,89.4,32.9,89.0,35.0,38,15,"['Chardonnay', 'Cabernet Franc', 'Sauvignon Blanc', 'Merlot', 'Pinot Gris', 'Cabernet Sauvignon', 'Red Blend', 'Petite Sirah', 'Syrah', 'Fumé Blanc', 'Rosé', 'Petit Verdot', 'Zinfandel', 'Port', 'Tempranillo']",US,California,"['Livermore Valley', 'Central Coast']"
15264,Occhioverde,83.3,18.0,83.0,18.0,3,2,"['Malbec', 'Merlot']",Argentina,Mendoza Province,['San Carlos']
15265,Occhipinti,89.9,36.3,90.0,40.0,16,4,"['White Blend', ""Nero d'Avola"", 'Red Blend', 'Frappato']",Italy,Sicily & Sardinia,['Terre Siciliane']
15266,Occidental Road Cellars,88.4,33.4,88.0,34.0,9,4,"['Pinot Noir', 'Syrah', 'Zinfandel', 'Chardonnay']",US,California,"['Russian River Valley', 'Sonoma']"
15267,Ocelli,89.0,35.0,89.0,30.0,3,1,['Grenache'],US,Washington,"['Columbia Valley (WA)', 'Columbia Valley']"
15268,Ochagavia,86.0,15.0,86.0,15.0,1,1,['Chardonnay'],Chile,Casablanca Valley,[]
15269,Ochagavia,89.2,20.0,89.0,20.0,5,1,['Cabernet Sauvignon'],Chile,Maipo Valley,[]
15270,Ochagavia,88.0,15.0,88.0,15.0,1,1,['Carmenère'],Chile,Rapel Valley,[]
15271,Ochoa,85.3,18.1,85.0,15.0,34,11,"['Moscatel', 'Garnacha', 'Rosado', 'Rosé', 'Red Blend', 'White Blend', 'Tempranillo Blend', 'Garnacha-Graciano', 'Tempranillo', 'Tempranillo-Garnacha', 'Viura-Chardonnay']",Spain,Northern Spain,['Navarra']
15272,Ocone,86.3,18.8,86.0,15.0,26,6,"['Falanghina', 'Coda di Volpe', 'Aglianico', 'Piedirosso', 'Greco', 'Red Blend']",Italy,Southern Italy,['Taburno']
15273,Oddero,89.6,73.7,90.0,72.0,21,2,"['Nebbiolo', 'Barbera']",Italy,Piedmont,['Barolo']
15274,Odem Mountain,85.5,26.0,85.5,26.0,2,2,"['Rosé', 'Merlot']",Israel,Galilee,[]
15275,Odette,94.0,98.0,94.0,98.0,1,1,['Cabernet Sauvignon'],US,California,"['Stags Leap District', 'Napa']"
15276,Odfjell,86.0,13.0,86.0,13.0,2,1,['Sauvignon Blanc'],Chile,Casablanca Valley,[]
15277,Odfjell,90.0,20.0,90.0,20.0,1,1,['Carignan'],Chile,Cauquenes Valley,[]
15278,Odfjell,87.6,20.9,87.0,14.0,10,5,"['Cabernet Sauvignon', 'Sauvignon Blanc', 'Carmenère', 'Red Blend', 'Merlot']",Chile,Central Valley,[]
15279,Odfjell,84.0,26.0,84.0,26.0,1,1,['Red Blend'],Chile,Chile,[]
15280,Odfjell,89.2,30.0,89.0,20.0,5,2,"['Cabernet Sauvignon', 'Carmenère']",Chile,Colchagua Valley,[]
15281,Odfjell,89.4,30.8,90.0,20.0,5,1,['Malbec'],Chile,Lontué Valley,[]
15282,Odfjell,85.8,12.5,86.0,12.0,26,4,"['Cabernet Sauvignon', 'Carmenère', 'Merlot', 'Syrah']",Chile,Maipo Valley,[]
15283,Odfjell,88.8,22.6,89.0,20.0,17,4,"['Carmenère', 'Syrah', 'Cabernet Franc', 'Carignan']",Chile,Maule Valley,[]
15284,Odisea,85.0,25.0,85.0,25.0,1,1,['Tempranillo'],US,California,"['Clements Hills', 'Central Valley']"
15285,Odonata,94.0,32.0,94.0,32.0,1,1,['Grenache'],US,California,"['Santa Lucia Highlands', 'Central Coast']"
15286,Odyssea,83.0,9.0,83.0,9.0,1,1,['Pinot Gris'],Argentina,Mendoza Province,['Mendoza']
15287,Odyssey,84.0,28.0,84.0,28.0,1,1,['Red Blend'],US,Arizona,['Arizona']
15288,Oenoforos,86.0,12.0,86.0,12.0,1,1,['Cabernet Sauvignon'],Greece,Aigialias Slopes,[]
15289,Oenoforos,82.0,12.0,82.0,12.0,1,1,['Chardonnay'],Greece,Egilias Slopes,[]
15290,Oenoforos,84.0,12.5,84.0,12.5,2,1,['Roditis'],Greece,Patras,[]
15291,Oenoforos,85.0,15.0,85.0,15.0,1,1,['Cabernet Sauvignon'],Greece,Peloponnese,[]
15292,Oenogenesis,87.0,23.0,87.0,23.0,1,1,['Cabernet Sauvignon Grenache'],Greece,Drama,[]
15293,Oenophile Wines,82.0,27.0,82.0,27.0,1,1,['Red Blend'],US,California,"['California', 'California Other']"
15294,Oeste Verde,83.0,15.0,83.0,15.0,1,1,['Cabernet Franc'],Argentina,Other,['San Juan']
15295,Of The Place,88.5,26.2,88.0,27.5,4,3,"['Pinot Noir', 'Chardonnay', 'Cabernet Sauvignon']",US,California,"['Russian River Valley', 'Sonoma']"
15296,Ofanto,90.0,30.0,90.0,30.0,1,1,['Aglianico'],Italy,Southern Italy,['Aglianico del Vulture']
15297,Oferente,85.0,20.0,85.0,20.0,1,1,['Monastrell'],Spain,Levante,['Jumilla']
15298,Off the Leash.,89.0,23.0,89.0,23.0,1,1,['Shiraz-Viognier'],Australia,South Australia,['Adelaide Hills']
15299,Offley,88.5,39.2,88.5,26.0,16,1,['Port'],Portugal,Port,[]
15300,Oggi!,83.0,,83.0,,1,1,['Pinot Grigio'],Italy,Veneto,['Veneto']
15301,Ogier,87.5,26.5,87.0,16.0,15,3,"['Rhône-style Red Blend', 'Rhône-style White Blend', 'Rosé']",France,Rhône Valley,['Côtes du Rhône']
15302,Ognissole,88.7,25.4,89.0,19.0,6,3,"['Primitivo', 'Negroamaro', 'Nero di Troia']",Italy,Southern Italy,['Primitivo di Manduria']
15303,Ojai,90.9,37.0,91.0,38.0,63,9,"['Chardonnay', 'Syrah', 'Riesling', 'Viognier', 'Pinot Noir', 'Sauvignon Blanc', 'Grenache', 'Rosé', 'Sangiovese']",US,California,"['Santa Barbara County', 'Central Coast']"
15304,Okapi,88.3,56.7,87.0,40.0,3,3,"['Cabernet Sauvignon', 'Sauvignon Blanc', 'Chardonnay']",US,California,"['Napa Valley', 'Napa']"
15305,Olabisi,87.2,50.3,88.0,39.0,12,4,"['Petite Sirah', 'Syrah', 'Cabernet Sauvignon', 'Chardonnay']",US,California,"['Suisun Valley', 'North Coast']"
15306,Old Acre Wines,91.0,120.0,91.0,120.0,1,1,['Cabernet Sauvignon'],US,California,"['Rutherford', 'Napa']"
15307,Old Cannery Row,88.0,17.0,88.0,17.0,1,1,['Chardonnay'],US,California,"['Monterey County', 'Central Coast']"
15308,Old Ghost,90.0,37.0,90.0,37.0,1,1,['Zinfandel'],US,California,"['Lodi', 'Central Valley']"
15309,Old House,86.3,19.3,86.0,18.0,3,3,"['Cabernet Franc', 'Red Blend', 'Chardonnay']",US,Virginia,['Virginia']
15310,Old School,89.8,37.0,90.0,37.0,4,2,"['Shiraz', 'Cabernet Sauvignon']",Australia,South Australia,['Barossa Valley']
15311,Old Soul,85.3,14.7,86.0,14.0,6,4,"['Cabernet Sauvignon', 'Chardonnay', 'Pinot Noir', 'Red Blend']",US,California,"['Lodi', 'Central Valley']"
15312,Old Well House,86.0,13.0,86.0,13.0,1,1,['Sauvignon Blanc'],South Africa,Western Cape,[]
15313,Old Winery,85.0,17.0,85.0,17.0,1,1,['Red Blend'],Argentina,Mendoza Province,['Mendoza']
15314,Old World,88.2,26.2,88.0,26.5,4,4,"['Pinot Noir', 'Zinfandel', 'Red Blend', 'Chardonnay']",US,California,"['Russian River Valley', 'Sonoma']"
15315,Olde Lockford,82.0,16.0,82.0,16.0,1,1,['Zinfandel'],US,California,"['Lodi', 'Central Valley']"
15316,Oldenburg,90.0,22.5,90.0,22.5,2,2,"['Chardonnay', 'Chenin Blanc']",South Africa,Stellenbosch,[]
15317,Olek Bondonio,89.4,69.8,89.0,72.5,5,1,['Nebbiolo'],Italy,Piedmont,['Barbaresco']
15318,Olema,84.5,19.3,85.5,20.0,6,2,"['Chardonnay', 'Cabernet Sauvignon']",US,California,"['Sonoma County', 'Sonoma']"
15319,Oliver,86.0,12.0,86.0,12.0,3,3,"['Sauvignon Blanc', 'Red Blend', 'Gewürztraminer']",US,America,[]
15320,Oliver Conti,87.3,33.0,88.0,35.0,9,3,"['Bordeaux-style Red Blend', 'White Blend', 'Red Blend']",Spain,Northern Spain,['Empordà']
15321,Oliverhill,89.3,29.3,89.0,32.0,11,3,"['Shiraz', 'Grenache', 'Petite Sirah']",Australia,South Australia,['McLaren Vale']
15322,Olivero,88.3,50.0,89.0,50.0,3,1,['Nebbiolo'],Italy,Piedmont,['Barolo']
15323,Olivetta,87.5,14.0,87.5,14.0,2,2,"['Barbera', 'Cortese']",Italy,Piedmont,['Barbera del Monferrato Superiore']
15324,Olivi,86.8,45.9,87.0,29.5,10,5,"['Red Blend', 'Sangiovese', 'White Blend', 'Pugnitello', 'Merlot']",Italy,Tuscany,['Toscana']
15325,Olivier Decelle & Pierre Jean Villa,92.0,,92.0,,1,1,['Pinot Noir'],France,Burgundy,['Nuits-St.-Georges']
15326,Olivier Leflaive,90.7,106.2,91.0,72.0,131,3,"['Pinot Noir', 'Aligoté', 'Chardonnay']",France,Burgundy,['Côte de Beaune-Villages']
15327,Olivier Ravoire,90.0,42.3,90.0,49.0,3,2,"['Rhône-style Red Blend', 'Rhône-style White Blend']",France,Rhône Valley,['Côte Rôtie']
15328,Olivier Rivière,90.1,56.7,91.0,40.0,7,4,"['Red Blend', 'White Blend', 'Viura', 'Tempranillo']",Spain,Northern Spain,['Rioja']
15329,Olivini,87.9,26.9,88.0,23.0,11,3,"['Turbiana', 'Trebbiano', 'Sparkling Blend']",Italy,Lombardy,['Lugana']
15330,Ollivier Frères,86.8,11.8,87.0,11.5,10,1,['Melon'],France,Loire Valley,['Muscadet Sèvre et Maine']
15331,Olsen,89.0,23.5,89.0,23.5,2,2,"['Riesling', 'Chardonnay']",US,Washington,"['Yakima Valley', 'Columbia Valley']"
15332,Olsen Estates,90.4,30.9,91.0,29.5,14,10,"['Riesling', 'Merlot', 'Petit Verdot', 'Syrah', 'Rhône-style Red Blend', 'Grenache', 'Malbec', 'Petite Verdot', 'Rhône-style White Blend', 'Chardonnay']",US,Washington,"['Yakima Valley', 'Columbia Valley']"
15333,Olsen Family Vineyards,86.0,20.0,86.0,20.0,1,1,['Pinot Noir'],US,Oregon,"['Willamette Valley', 'Willamette Valley']"
15334,Olsen Private Vineyards,87.0,19.0,87.0,19.0,2,2,"['Chardonnay', 'Chenin Blanc']",South Africa,Paarl,[]
15335,Olson Ogden,88.7,42.8,90.0,39.0,19,4,"['Pinot Noir', 'Syrah', 'Red Blend', 'Marsanne']",US,California,"['Sonoma Coast', 'Sonoma']"
15336,Olssens,87.3,25.4,88.0,17.0,9,4,"['Riesling', 'Gewürztraminer', 'Chardonnay', 'Pinot Noir']",New Zealand,Central Otago,[]
15337,Olvena,86.4,31.2,87.0,22.0,5,3,"['Red Blend', 'Chardonnay', 'Cabernet Sauvignon']",Spain,Northern Spain,['Somontano']
15338,Omaka Springs,86.6,17.9,87.0,17.0,31,6,"['Sauvignon Blanc', 'Pinot Gris', 'Pinot Noir', 'Chardonnay', 'Riesling', 'Merlot']",New Zealand,Marlborough,[]
15339,Ombu,84.5,12.6,84.5,13.0,10,4,"['Malbec', 'Merlot', 'Pinot Noir', 'Chardonnay']",Argentina,Mendoza Province,['Mendoza']
15340,Omen,92.5,20.0,92.5,20.0,2,2,"['Cabernet Sauvignon', 'Red Blend']",US,California,"['Sierra Foothills', 'Sierra Foothills']"
15341,Omero,88.3,34.3,88.0,31.5,12,3,"['Pinot Noir', 'Pinot Gris', 'Chardonnay']",US,Oregon,"['McMinnville', 'Willamette Valley']"
15342,On Point,90.3,36.7,90.0,38.0,3,1,['Pinot Noir'],US,California,"['North Coast', 'North Coast']"
15343,On Q,91.0,121.0,91.0,121.0,2,2,"['Bordeaux-style Red Blend', 'Cabernet Sauvignon']",US,California,"['Napa Valley', 'Napa']"
15344,OnThEdge,86.7,41.7,87.0,40.0,3,1,['Charbono'],US,California,"['Napa Valley', 'Napa']"
15345,Onabay,87.0,21.0,87.0,21.0,1,1,['Chardonnay'],US,New York,"['North Fork of Long Island', 'Long Island']"
15346,Once Upon a Vine,84.0,13.0,84.0,13.0,1,1,['Sauvignon Blanc'],US,California,"['California', 'California Other']"
15347,Once and It's Gone,90.5,19.0,90.5,19.0,2,2,"['Chardonnay', 'Cabernet Sauvignon']",US,California,"['Dry Creek Valley', 'Sonoma']"
15348,Ondine,88.0,14.0,88.0,14.0,1,1,['Chardonnay'],South Africa,Darling,[]
15349,One,88.0,37.3,88.0,45.0,3,2,"['Cabernet Sauvignon', 'Red Blend']",US,California,"['Yountville', 'Napa']"
15350,One,87.0,40.0,87.0,40.0,1,1,['Red Blend'],US,Washington,"['Horse Heaven Hills', 'Columbia Valley']"
15351,One And Done,85.0,10.0,85.0,10.0,1,1,['Merlot'],US,California,"['California', 'California Other']"
15352,One Chain,88.0,16.0,88.0,16.0,1,1,['Cabernet Sauvignon'],Australia,South Australia,['Langhorne Creek']
15353,One Hope,85.2,21.2,85.0,19.0,33,7,"['Chardonnay', 'Pinot Noir', 'Sparkling Blend', 'Cabernet Sauvignon', 'Sauvignon Blanc', 'Merlot', 'Zinfandel']",US,California,"['Sta. Rita Hills', 'Central Coast']"
15354,One Iron,88.0,40.0,88.0,40.0,1,1,['Meritage'],US,California,"['Napa Valley', 'Napa']"
15355,One Leaf,86.1,13.7,86.0,10.0,9,6,"['Cabernet Sauvignon', 'Chardonnay', 'Pinot Grigio', 'Merlot', 'Moscato', 'Pinot Noir']",US,California,"['Napa Valley', 'Napa']"
15356,One Million Cuttings,90.0,23.0,90.0,23.0,1,1,['Cabernet Sauvignon-Shiraz'],Australia,Victoria,['Central Victoria']
15357,One Stroke One,87.0,28.0,87.0,28.0,1,1,['Cabernet Sauvignon'],South Africa,Stellenbosch,[]
15358,One Three,90.0,25.0,90.0,25.0,1,1,['Sauvignon Blanc'],US,California,"['Napa Valley', 'Napa']"
15359,One Woman,86.8,31.9,87.0,28.0,15,6,"['Gewürztraminer', 'Merlot', 'Grüner Veltliner', 'Chardonnay', 'Sauvignon Blanc', 'White Blend']",US,New York,"['North Fork of Long Island', 'Long Island']"
15360,Onesta,89.9,23.8,90.0,22.0,7,4,"['Rosé', 'Cinsault', 'Grenache Blanc', 'Viognier']",US,California,"['Lodi', 'Central Valley']"
15361,Onix,87.1,21.4,88.0,20.0,7,3,"['Red Blend', 'Grenache-Carignan', 'Tempranillo']",Spain,Catalonia,['Priorat']
15362,Onlooker,86.0,25.0,86.0,25.0,1,1,['Red Blend'],US,California,"['California', 'California Other']"
15363,Onward,86.5,27.0,86.5,27.0,2,2,"['Malvasia Bianca', 'Rosé']",US,California,"['Suisun Valley', 'North Coast']"
15364,Opaque,88.4,31.2,88.0,30.0,17,6,"['Petit Verdot', 'Malbec', 'Petite Verdot', 'Red Blend', 'Petite Sirah', 'Zinfandel']",US,California,"['Paso Robles', 'Central Coast']"
15365,Opawa,85.3,20.2,84.5,21.0,6,3,"['Pinot Noir', 'Sauvignon Blanc', 'Pinot Gris']",New Zealand,Marlborough,[]
15366,Open Book,85.0,38.0,85.0,38.0,1,1,['Pinot Noir'],US,Oregon,"['Willamette Valley', 'Willamette Valley']"
15367,Open Range,88.0,16.5,88.0,16.5,2,2,"['Red Blend', 'Sauvignon Blanc']",US,California,"['California', 'California Other']"
15368,Ophalum,89.0,15.0,89.0,15.0,1,1,['Albariño'],Spain,Galicia,['Rías Baixas']
15369,Opolo,85.4,29.6,84.0,29.0,36,15,"['Zinfandel', 'Meritage', 'Roussanne', 'Pinot Noir', 'Merlot', 'Viognier', 'Cabernet Sauvignon', 'Tempranillo', 'Cabernet Franc', 'Red Blend', 'Rhône-style Red Blend', 'Bordeaux-style Red Blend', 'Petite Verdot', 'Syrah', 'Cabernet Sauvignon-Malbec']",US,California,"['Paso Robles', 'Central Coast']"
15370,Opta,87.4,13.6,87.0,10.0,5,2,"['Portuguese Red', 'Portuguese White']",Portugal,Dão,[]
15371,Optima,86.2,28.6,85.0,26.0,5,4,"['Zinfandel', 'Petite Sirah', 'Cabernet Sauvignon', 'Port']",US,California,"['Dry Creek Valley', 'Sonoma']"
15372,Opus One,90.0,195.0,90.0,195.0,1,1,['Bordeaux-style Red Blend'],US,California,"['Napa Valley', 'Napa']"
15373,Or Haganuz,89.2,37.3,90.0,34.0,11,6,"['Cabernet Franc-Cabernet Sauvignon', 'Cabernet Sauvignon', 'Bordeaux-style Red Blend', 'Red Blend', 'Cabernet Sauvignon-Merlot', 'Shiraz']",Israel,Galilee,[]
15374,Or Haganuz,89.0,16.0,89.0,16.0,1,1,['Red Blend'],Israel,Upper Galilee,[]
15375,Oracle,81.0,8.0,81.0,8.0,1,1,['Cabernet Sauvignon'],South Africa,Western Cape,[]
15376,Oraison,85.0,11.0,85.0,11.0,1,1,['Rhône-style Red Blend'],France,Rhône Valley,['Côtes du Rhône']
15377,Orange River Wine Cellars,85.3,10.7,86.0,11.0,3,2,"['Sparkling Blend', 'Chenin Blanc']",South Africa,Northern Cape,[]
15378,Orballo,85.7,22.0,85.0,22.0,3,1,['Albariño'],Spain,Galicia,['Rías Baixas']
15379,Orchid Hill,83.4,27.6,84.0,26.0,9,7,"['Muscat Canelli', 'Zinfandel', 'Sangiovese', 'Grenache', 'Viognier', 'Pinot Noir', 'Pinot Grigio']",US,California,"['Paso Robles', 'Central Coast']"
15380,Ordaz Family Wines,90.0,40.7,90.0,42.0,3,2,"['Zinfandel', 'Pinot Noir']",US,California,"['Sonoma Valley', 'Sonoma']"
15381,Oreades,82.0,9.0,82.0,9.0,1,1,['Tempranillo'],Spain,Northern Spain,['Navarra']
15382,Oreana,84.5,18.5,83.5,20.0,4,4,"['Red Blend', 'Zinfandel', 'Sauvignon Blanc', 'Verdelho']",US,California,"['California', 'California Other']"
15383,Oregon Territory,89.5,18.0,89.5,18.0,2,2,"['Pinot Noir', 'Tempranillo']",US,Oregon,"['Oregon', 'Oregon Other']"
15384,Oregon Trails,87.0,19.5,87.0,19.5,2,1,['Pinot Noir'],US,Oregon,"['Willamette Valley', 'Willamette Valley']"
15385,Oremus,90.0,66.9,90.0,28.0,9,3,"['Furmint', 'Tokaji', 'White Blend']",Hungary,Tokaji,[]
15386,Orentano,87.0,38.0,87.0,38.0,2,1,['Pinot Noir'],US,California,"['Russian River Valley', 'Sonoma']"
15387,Orestiadi,85.0,,85.0,,1,1,"[""Nero d'Avola""]",Italy,Sicily & Sardinia,['Terre Siciliane']
15388,Orfila,87.2,32.4,87.0,32.0,28,11,"['Red Blend', 'Pinot Noir', 'Rhône-style White Blend', 'Sangiovese', 'Zinfandel', 'Merlot', 'Syrah', 'Petite Sirah', 'Chardonnay', 'Roussanne', 'Montepulciano']",US,California,"['San Pasqual', 'South Coast']"
15389,Org de Rac,87.0,15.0,87.0,15.0,1,1,['Cabernet Sauvignon'],South Africa,Swartland,[]
15390,Organic Vintners,85.5,17.0,85.5,17.0,2,2,"['Cabernet Sauvignon', 'Merlot']",US,California,"['Mendocino', 'Mendocino/Lake Counties']"
15391,Orgo,89.0,25.7,89.0,28.0,3,2,"['Saperavi', 'Rkatsiteli']",Georgia,Kakheti,[]
15392,Oriel,93.0,75.0,93.0,75.0,1,1,['Shiraz'],Australia,South Australia,['McLaren Vale']
15393,Oriel,82.0,17.0,82.0,17.0,1,1,['Cabernet Sauvignon'],Chile,Maipo Valley,[]
15394,Oriel,90.0,,90.0,,1,1,['Bordeaux-style White Blend'],France,Bordeaux,['Sauternes']
15395,Oriel,87.0,35.0,87.0,35.0,1,1,['Rhône-style Red Blend'],France,Rhône Valley,['Châteauneuf-du-Pape']
15396,Oriel,85.0,16.3,85.0,17.0,3,1,['Montepulciano'],Italy,Central Italy,"[""Montepulciano d'Abruzzo""]"
15397,Oriel,85.0,,85.0,,1,1,['Barbera'],Italy,Piedmont,"[""Barbera d'Alba""]"
15398,Oriel,84.0,,84.0,,1,1,"[""Nero d'Avola""]",Italy,Sicily & Sardinia,['Sicilia']
15399,Oriel,91.0,75.0,91.0,75.0,1,1,['Sangiovese Grosso'],Italy,Tuscany,['Brunello di Montalcino']
15400,Oriel,87.0,,87.0,,1,1,['Prosecco'],Italy,Veneto,['Prosecco di Valdobbiadene']
15401,Oriel,88.0,20.0,88.0,20.0,1,1,['Sauvignon Blanc'],New Zealand,Marlborough,[]
15402,Oriel,84.0,20.0,84.0,20.0,1,1,['Albariño'],Spain,Galicia,['Rías Baixas']
15403,Oriel,85.5,50.0,85.5,50.0,2,2,"['Chardonnay', 'Syrah']",US,California,"['Russian River Valley', 'Sonoma']"
15404,Origin,83.6,9.8,83.0,9.0,5,1,['Malbec'],Argentina,Mendoza Province,['Mendoza']
15405,Origin,87.0,19.0,87.0,19.0,1,1,['Cabernet Sauvignon'],Australia,South Australia,['Coonawarra']
15406,Origin,86.5,10.0,86.5,10.0,2,2,"['Merlot', 'Chardonnay']",Chile,Central Valley,[]
15407,Origin,85.0,10.0,85.0,10.0,1,1,['Rosé'],Chile,Rapel Valley,[]
15408,Origin,84.0,38.0,84.0,38.0,1,1,['Pinot Noir'],France,Burgundy,['Santenay']
15409,Origin,85.0,7.0,85.0,7.0,1,1,['Riesling'],Germany,Rheingau,[]
15410,Origin,86.0,22.0,86.0,22.0,1,1,['Montepulciano'],Italy,Central Italy,"[""Montepulciano d'Abruzzo""]"
15411,Origin,86.0,20.0,86.0,20.0,1,1,['Sangiovese'],Italy,Tuscany,['Chianti']
15412,Origin,88.0,14.0,88.0,14.0,1,1,['Sauvignon Blanc'],New Zealand,Marlborough,[]
15413,Origin,82.5,10.0,82.5,10.0,2,2,"['Sauvignon Blanc', 'Syrah']",South Africa,Western Cape,[]
15414,Origin,80.0,11.0,80.0,11.0,1,1,['Tempranillo'],Spain,Central Spain,['Tierra de Castilla']
15415,Origin,86.0,17.0,86.0,17.0,2,2,"['Tempranillo', 'Tempranillo Blend']",Spain,Northern Spain,['Campo de Borja']
15416,Origin,89.5,60.0,89.5,60.0,2,2,"['Cabernet Blend', 'Cabernet Sauvignon']",US,California,"['Napa Valley', 'Napa']"
15417,Origin,90.0,60.0,90.0,60.0,1,1,['Pinot Noir'],US,Oregon,"['Willamette Valley', 'Willamette Valley']"
15418,Origin Napa,86.0,27.0,86.0,27.0,1,1,['Sauvignon Blanc'],US,California,"['Napa Valley', 'Napa']"
15419,Original House Wine,85.4,12.1,86.0,11.0,20,9,"['Moscato', 'Red Blend', 'Sauvignon Blanc', 'Pinot Grigio', 'Merlot', 'Cabernet Sauvignon', 'Chardonnay', 'Rosé', 'Riesling']",US,America,[]
15420,Original House Wine,85.2,11.0,85.0,11.0,6,5,"['Riesling', 'Sauvignon Blanc', 'Rosé', 'Cabernet Sauvignon', 'Chardonnay']",US,Washington,"['Columbia Valley (WA)', 'Columbia Valley']"
15421,Oriol Rossell,84.0,22.0,82.0,21.0,3,1,['Sparkling Blend'],Spain,Catalonia,['Cava']
15422,Orion Wine,86.0,11.0,86.0,11.0,1,1,['Montepulciano'],Italy,Central Italy,"[""Montepulciano d'Abruzzo""]"
15423,Orion Wine,86.0,11.0,86.0,11.0,1,1,['Chardonnay'],Italy,Sicily & Sardinia,['Sicilia']
15424,Orion Wine,87.5,15.0,87.5,15.0,2,2,"['Aglianico', 'Falanghina']",Italy,Southern Italy,['Campania']
15425,Orion Wine,87.0,13.0,87.0,13.0,1,1,['Sparkling Blend'],Italy,Veneto,['Veneto']
15426,Orion Wines,85.0,11.0,85.0,11.0,1,1,['Chardonnay'],Italy,Sicily & Sardinia,['Terre Siciliane']
15427,Orion Wines,85.0,14.0,85.0,14.0,1,1,['Rosato'],Italy,Southern Italy,['Puglia']
15428,Orlando Abrigo,89.0,37.4,88.5,35.0,20,4,"['Barbera', 'Nebbiolo', 'Chardonnay', 'Sauvignon']",Italy,Piedmont,"[""Barbera d'Alba""]"
15429,Orma,91.7,86.7,92.0,90.0,3,1,['Red Blend'],Italy,Tuscany,['Toscana']
15430,Ormanni,89.3,30.7,88.0,29.0,7,2,"['Sangiovese', 'Red Blend']",Italy,Tuscany,['Chianti Classico']
15431,Ormilles,87.0,12.0,87.0,12.0,1,1,['Rosé'],France,Provence,['Côtes de Provence']
15432,Ormonde,86.3,20.3,87.0,20.0,3,3,"['Cabernet Sauvignon-Cabernet Franc', 'Cabernet Sauvignon-Merlot', 'Chardonnay']",South Africa,Darling,[]
15433,Ornella Molon,86.0,18.7,86.0,18.0,3,1,['Glera'],Italy,Veneto,['Prosecco Treviso']
15434,Ornellaia,91.4,128.6,91.0,75.0,7,1,['Red Blend'],Italy,Tuscany,['Bolgheri Superiore']
15435,Oro de Castilla,87.0,15.5,87.0,15.5,2,1,['Verdejo'],Spain,Northern Spain,['Rueda']
15436,Orogeny,87.4,36.9,87.0,35.0,8,2,"['Pinot Noir', 'Chardonnay']",US,California,"['Green Valley', 'Sonoma']"
15437,Orphanos,84.0,17.0,84.0,17.0,1,1,['Assyrtico'],Greece,Santorini,[]
15438,Orpheus,85.5,22.5,85.5,22.5,2,2,"['Red Blend', 'Viognier']",US,California,"['Napa County', 'Napa']"
15439,Orsi Family Vineyards,87.7,31.0,87.0,31.0,6,6,"['Aglianico', 'Barbera', 'Cabernet Sauvignon', 'Sangiovese', 'Pinot Noir', 'Montepulciano']",US,California,"['Dry Creek Valley', 'Sonoma']"
15440,Ortman Family,86.5,29.9,87.0,25.0,24,8,"['Pinot Noir', 'Chardonnay', 'Sangiovese', 'Syrah', 'Petite Sirah', 'Rhône-style Red Blend', 'Rosé', 'Cabernet Sauvignon']",US,California,"['Sta. Rita Hills', 'Central Coast']"
15441,Oráculo,89.0,73.0,89.0,73.0,1,1,['Tempranillo'],Spain,Northern Spain,['Ribera del Duero']
15442,Osborne,87.0,16.0,87.0,16.0,1,1,['Port'],Portugal,Douro,[]
15443,Osborne,86.8,28.6,87.0,25.0,5,1,['Port'],Portugal,Port,[]
15444,Osborne,88.8,23.5,90.0,16.0,13,3,"['Sherry', 'Pedro Ximénez', 'Palomino']",Spain,Andalucia,['Jerez']
15445,Osborne,84.3,8.5,83.5,8.5,10,6,"['Red Blend', 'Viura', 'Rosé', 'Shiraz-Tempranillo', 'Tempranillo-Cabernet Sauvignon', 'Tempranillo Blend']",Spain,Central Spain,['Vino de la Tierra de Castilla']
15446,Osborne Selección,84.0,21.0,84.0,21.0,1,1,['Tempranillo'],Spain,Northern Spain,['Ribera del Duero']
15447,Oscar Bosio,87.0,13.5,87.0,13.5,2,2,"['Moscato', 'Barbera']",Italy,Piedmont,"[""Moscato d'Asti""]"
15448,Oso Libre,88.6,36.4,89.5,38.0,30,13,"['Cabernet Sauvignon-Merlot', 'Red Blend', 'Cabernet Sauvignon', 'Rhône-style Red Blend', 'G-S-M', 'Rhône-style White Blend', 'Chardonnay', 'Viognier', 'Zinfandel', 'Primitivo', 'Rosé', 'Mourvèdre', 'Bordeaux-style Red Blend']",US,California,"['Paso Robles', 'Central Coast']"
15449,Osoti,88.0,12.5,88.0,12.5,2,1,['Tempranillo'],Spain,Northern Spain,['Rioja']
15450,Osoyoos Larose,89.0,30.0,89.0,30.0,1,1,['Red Blend'],Canada,British Columbia,['Okanagan Valley']
15451,Osprey's Dominion,86.6,25.9,87.0,24.0,33,12,"['Cabernet Franc', 'Merlot', 'Pinot Noir', 'Sauvignon Blanc', 'Chardonnay', 'Meritage', 'Cabernet Sauvignon', 'Rosé', 'Carmenère', 'Petit Verdot', 'Pinot Gris', 'Malbec']",US,New York,"['North Fork of Long Island', 'Long Island']"
15452,Ossiam,82.0,10.0,82.0,10.0,1,1,['Tempranillo'],Spain,Levante,['Utiel-Requena']
15453,Ossian,87.3,29.7,88.0,20.0,3,1,['Verdejo'],Spain,Northern Spain,['Vino de la Tierra de Castilla y León']
15454,Ostatu,88.1,26.1,87.0,19.0,9,4,"['Tempranillo', 'White Blend', 'Tempranillo Blend', 'Rosado']",Spain,Northern Spain,['Rioja']
15455,Ostler,89.0,55.0,89.0,55.0,1,1,['Pinot Noir'],New Zealand,Waitaki Valley,[]
15456,Ostras Pedrin,84.0,17.0,84.0,17.0,1,1,['Verdosilla'],Spain,Levante,['Valencia']
15457,Otanon,86.0,14.0,86.0,14.0,1,1,['Red Blend'],Spain,Northern Spain,['Rioja']
15458,Otazu,85.6,19.2,85.5,12.0,14,7,"['Chardonnay', 'Merlot', 'Red Blend', 'Cabernet Blend', 'Tempranillo Blend', 'Rosado', 'Rosé']",Spain,Northern Spain,['Navarra']
15459,Otero Ramos,89.0,30.0,89.0,30.0,1,1,['Cabernet Sauvignon'],Argentina,Mendoza Province,['Mendoza']
15460,Otis Kenyon,89.3,31.8,89.0,30.0,18,6,"['Merlot', 'Syrah', 'Cabernet Sauvignon', 'Carmenère', 'Malbec', 'Red Blend']",US,Washington,"['Walla Walla Valley (WA)', 'Columbia Valley']"
15461,Otium,85.5,26.5,85.5,26.5,2,2,"['Chardonnay', 'Malbec']",US,Virginia,['Virginia']
15462,Ott & Murphy,87.8,26.9,88.0,27.0,37,12,"['Bordeaux-style Red Blend', 'Viognier', 'Marsanne', 'Grenache', 'Rhône-style Red Blend', 'Tempranillo', 'Rhône-style White Blend', 'Petite Sirah', 'Red Blend', 'Rosé', 'Counoise', 'Syrah']",US,Washington,"['Columbia Valley (WA)', 'Columbia Valley']"
15463,Ottella,90.2,24.7,90.0,25.0,13,2,"['Turbiana', 'Trebbiano di Lugana']",Italy,Lombardy,['Lugana']
15464,Ottimino Vineyards,89.8,30.3,90.0,32.0,15,2,"['Zinfandel', 'Primitivo']",US,California,"['Russian River Valley', 'Sonoma']"
15465,Otto's Constant Dream,87.0,18.0,87.0,18.0,1,1,['Syrah'],New Zealand,Hawke's Bay,[]
15466,Otto's Constant Dream,88.0,16.0,88.0,16.0,2,2,"['Pinot Noir', 'Sauvignon Blanc']",New Zealand,Marlborough,[]
15467,Otuwhero,86.5,16.0,86.5,16.0,2,1,['Sauvignon Blanc'],New Zealand,Marlborough,[]
15468,Ouled Thaleb,88.6,20.2,88.0,18.0,5,4,"['Red Blend', 'White Blend', 'Chardonnay', 'Sauvignon Blanc']",Morocco,Morocco,[]
15469,Ouled Thaleb,88.8,16.7,89.0,18.0,17,7,"['Syrah', 'Red Blend', 'Sauvignon Blanc', 'Chardonnay', 'White Blend', 'Cabernet Sauvignon Grenache', 'Cabernet Blend']",Morocco,Zenata,[]
15470,Our Daily Red,84.0,9.5,84.0,9.5,2,1,['Red Blend'],US,California,"['California', 'California Other']"
15471,Our Wine,86.2,28.8,88.0,30.0,5,2,"['Rkatsiteli', 'Saperavi']",Georgia,Kakheti,[]
15472,Ousterhout,89.5,30.3,90.0,25.0,21,4,"['Zinfandel', 'Sauvignon Blanc', 'Pinot Noir', 'Rosé']",US,California,"['Alexander Valley', 'Sonoma']"
15473,Outback Chase,83.5,7.0,83.5,7.0,2,2,"['Chardonnay', 'White Blend']",Australia,Australia Other,['South Eastern Australia']
15474,Outlander,88.0,9.0,88.0,9.0,1,1,['Meritage'],US,California,"['Paso Robles', 'Central Coast']"
15475,Outlier,86.0,24.0,86.0,24.0,1,1,['Pinot Noir'],US,California,['Anderson Valley']
15476,Outlot,85.0,19.0,85.0,19.0,1,1,['Sauvignon Blanc'],US,California,"['Sonoma County', 'Sonoma']"
15477,Ovation,93.0,52.5,93.0,52.5,2,1,['Chardonnay'],US,California,"['Sonoma Coast', 'Sonoma']"
15478,Oveja Negra,85.7,9.3,86.5,9.0,6,3,"['Chardonnay-Viognier', 'Rosé', 'Cabernet Sauvignon-Syrah']",Chile,Central Valley,[]
15479,Oveja Negra,87.0,11.0,87.0,11.0,1,1,['Cabernet Sauvignon-Syrah'],Chile,Colchagua Costa,[]
15480,Oveja Negra,86.1,15.1,86.5,12.0,36,11,"['Red Blend', 'Carmenère', 'White Blend', 'Carignan', 'Chardonnay-Viognier', 'Cabernet Sauvignon-Syrah', 'Cabernet Franc-Carmenère', 'Rosé', 'Cabernet Sauvignon', 'Sauvignon Blanc', 'Syrah']",Chile,Maule Valley,[]
15481,Ovene,85.5,33.8,85.0,32.5,4,3,"['Pinot Noir', 'Syrah', 'Grenache']",US,California,"['Santa Maria Valley', 'Central Coast']"
15482,Overbluff Cellars,87.0,20.5,87.0,20.5,2,2,"['Sémillon', 'Syrah']",US,Washington,"['Walla Walla Valley (WA)', 'Columbia Valley']"
15483,Overland,89.0,28.3,90.0,25.0,3,2,"['Rhône-style Red Blend', 'Sauvignon Blanc']",US,California,"['Sonoma County', 'Sonoma']"
15484,Overstone,85.5,11.2,85.0,11.0,4,1,['Sauvignon Blanc'],New Zealand,Marlborough,[]
15485,Ovid,97.0,195.0,97.0,195.0,1,1,['Bordeaux-style Red Blend'],US,California,"['Napa Valley', 'Napa']"
15486,Ovidio García,88.5,55.5,88.5,55.5,2,1,['Tempranillo'],Spain,Northern Spain,['Cigales']
15487,Ovum,92.0,25.0,92.0,25.0,5,2,"['Riesling', 'Gewürztraminer']",US,Oregon,"['Eola-Amity Hills', 'Willamette Valley']"
15488,Owen Roe,91.6,45.6,91.5,42.0,18,2,"['Pinot Noir', 'Pinot Gris']",US,Oregon,['Willamette Valley']
15489,Owen Roe,90.8,46.4,90.0,45.0,49,10,"['Chardonnay', 'Bordeaux-style Red Blend', 'Cabernet Sauvignon', 'Syrah', 'Cabernet Franc', 'Red Blend', 'Sémillon', 'Riesling', 'Merlot', 'Rhône-style Red Blend']",US,Washington,"['Yakima Valley', 'Columbia Valley']"
15490,Owen's Estate,84.0,14.2,84.0,14.5,4,4,"['Shiraz', 'Cabernet Sauvignon-Shiraz', 'Merlot', 'Chardonnay']",Australia,Australia Other,['South Australia-Victoria']
15491,Owen's Estate,90.0,13.0,90.0,13.0,1,1,['Sauvignon Blanc'],Australia,South Australia,['McLaren Vale']
15492,Owen-Sullivan,87.0,42.5,87.0,42.5,2,2,"['Bordeaux-style Red Blend', 'Merlot-Cabernet Sauvignon']",US,Washington,"['Washington', 'Washington Other']"
15493,Owl Ridge,88.1,30.0,88.0,24.0,13,5,"['Syrah', 'Cabernet Sauvignon', 'Red Blend', 'Sauvignon Blanc', 'Pinot Noir']",US,California,"['Russian River Valley', 'Sonoma']"
15494,Oxer Basteguieta,87.0,75.0,87.0,75.0,1,1,['Garnacha'],Spain,Northern Spain,['Rioja']
15495,Oxford Landing,85.0,8.0,85.0,8.0,1,1,['Pinot Grigio'],Australia,Australia Other,['South Eastern Australia']
15496,Oxford Landing,85.3,9.2,85.0,9.0,30,11,"['Merlot', 'Shiraz', 'Rhône-style Red Blend', 'Viognier', 'Chardonnay', 'Sauvignon Blanc', 'Cabernet Sauvignon', 'G-S-M', 'Pinot Grigio', 'Cabernet Sauvignon-Shiraz', 'Grenache']",Australia,South Australia,['South Australia']
15497,Oyikil,83.0,30.0,83.0,30.0,1,1,['Cabernet Sauvignon'],Argentina,Mendoza Province,['Mendoza']
15498,Oyster Bay,86.3,14.3,86.0,15.0,3,1,['Merlot'],New Zealand,Hawke's Bay,[]
15499,Oyster Bay,86.8,16.0,86.5,15.0,18,3,"['Pinot Noir', 'Sauvignon Blanc', 'Chardonnay']",New Zealand,Marlborough,[]
15500,Ozwell Vintners,85.3,11.0,86.0,11.0,3,3,"['Shiraz-Cabernet Sauvignon', 'Chardonnay', 'Shiraz']",Australia,Australia Other,['South Eastern Australia']
15501,Ozzie-Ba-Ru,87.5,17.0,87.5,17.0,2,2,"['Chardonnay', 'Shiraz']",Australia,New South Wales,['Hunter Valley']
15502,O•S Winery,89.1,26.8,89.0,28.0,28,9,"['Riesling', 'Bordeaux-style Red Blend', 'Merlot', 'Cabernet Franc', 'Cabernet Sauvignon-Merlot', 'Red Blend', 'Cabernet Sauvignon', 'Syrah', 'White Blend']",US,Washington,"['Horse Heaven Hills', 'Columbia Valley']"
15503,P. Louis Martini,90.0,45.0,90.0,45.0,1,1,['Champagne Blend'],France,Champagne,['Champagne']
15504,P.J. Valckenberg,86.5,12.5,86.5,12.5,4,2,"['Pinot Grigio', 'Gewürztraminer']",Germany,Pfalz,[]
15505,P.J. Valckenberg,86.0,15.2,86.0,13.5,18,4,"['Pinot Noir', 'Riesling', 'Dornfelder', 'Pinot Blanc']",Germany,Rheinhessen,[]
15506,P.K.N.T.,84.0,14.0,84.0,14.0,2,2,"['Carmenère', 'Cabernet Sauvignon']",Chile,Maule Valley,[]
15507,P2,88.2,44.0,87.0,44.0,5,2,"['Pinot Noir', 'Syrah']",US,California,"['Santa Barbara County', 'Central Coast']"
15508,PKNT,81.5,11.0,81.5,11.0,2,2,"['Cabernet Sauvignon', 'Carmenère']",Chile,Rapel Valley,[]
15509,PLR Legacy,88.0,30.0,88.0,30.0,1,1,['Sparkling Blend'],US,California,"['Sonoma-Napa-Mendocino', 'North Coast']"
15510,PRIE Vineyards and Winery,88.0,25.0,88.0,25.0,1,1,['Gewürztraminer'],US,California,"['Lodi', 'Central Valley']"
15511,PV Vinhos,88.0,15.0,88.0,15.0,3,2,"['Portuguese Red', 'Portuguese White']",Portugal,Douro,[]
15512,Pablo Claro,83.0,15.0,83.0,15.0,1,1,['Sauvignon Blanc'],Spain,Central Spain,['Vino de la Tierra de Castilla']
15513,Pablo del Villar,87.0,10.0,87.0,10.0,1,1,['Verdejo-Viura'],Spain,Northern Spain,['Rueda']
15514,Pace,85.0,,85.0,,2,1,['Nebbiolo'],Italy,Piedmont,['Roero']
15515,Pace,88.4,34.8,88.0,35.0,5,3,"['Pinot Noir', 'Syrah', 'Chardonnay']",US,California,"['Sta. Rita Hills', 'Central Coast']"
15516,Pacific Coast,85.8,38.0,85.5,32.5,4,3,"['Merlot', 'Pinot Noir', 'Petite Sirah']",US,California,"['Paso Robles', 'Central Coast']"
15517,Pacific Crest,87.0,18.0,87.0,18.0,2,2,"['Chardonnay', 'Cabernet Sauvignon']",US,Washington,"['Columbia Valley (WA)', 'Columbia Valley']"
15518,Pacific Echo,89.3,27.9,89.0,27.0,7,1,['Champagne Blend'],US,California,"['Anderson Valley', 'Mendocino/Lake Counties']"
15519,Pacific Flyway,85.0,9.0,85.0,9.0,2,1,['Riesling'],US,Washington,"['Washington', 'Washington Other']"
15520,Pacific Heights Wines,88.0,22.5,88.0,22.5,2,2,"['Chardonnay', 'Pinot Noir']",US,California,"['Russian River Valley', 'Sonoma']"
15521,Pacific Oasis,81.5,15.0,81.5,15.0,2,2,"['Sauvignon Blanc', 'Chardonnay']",US,California,"['Santa Barbara County', 'Central Coast']"
15522,Pacific Ridge,89.3,47.0,90.0,44.0,3,2,"['Pinot Noir', 'Bordeaux-style Red Blend']",US,California,"['Sta. Rita Hills', 'Central Coast']"
15523,Pacific Rim,88.0,11.0,88.0,11.0,2,2,"['Riesling', 'Chenin Blanc']",US,America,[]
15524,Pacific Rim,89.3,18.2,89.0,15.0,48,4,"['Gewürztraminer', 'Chenin Blanc', 'Grüner Veltliner', 'Riesling']",US,Washington,"['Yakima Valley', 'Columbia Valley']"
15525,Pacific Star,82.5,18.5,82.5,18.0,4,3,"['Zinfandel', 'Viognier', 'Merlot']",US,California,"['Mendocino County', 'Mendocino/Lake Counties']"
15526,Pacifica,85.0,31.0,85.0,31.0,2,2,"['Cabernet Sauvignon-Merlot', 'Meritage']",US,Washington,"['Washington', 'Washington Other']"
15527,Pacifico Sur,84.7,10.0,85.0,10.0,3,3,"['Chardonnay', 'Sauvignon Blanc', 'Rosé']",Chile,Central Valley,[]
15528,Pacifico Sur,85.4,12.4,85.0,10.0,5,5,"['Carmenère-Cabernet Sauvignon', 'Cabernet Sauvignon', 'Carmenère', 'Merlot', 'Pinot Noir']",Chile,Curicó Valley,[]
15529,Paco & Lola,87.9,21.4,88.0,22.0,7,1,['Albariño'],Spain,Galicia,['Rías Baixas']
15530,Paco Garcia,88.0,26.2,88.0,18.0,4,2,"['Tempranillo', 'Tempranillo Blend']",Spain,Northern Spain,['Rioja']
15531,Paddy Borthwick,88.0,,88.0,,2,1,['Pinot Noir'],New Zealand,Wairarapa,[]
15532,Padelletti,92.4,78.1,93.0,80.0,9,2,"['Sangiovese', 'Sangiovese Grosso']",Italy,Tuscany,['Brunello di Montalcino']
15533,Padilla Erickson,88.5,35.8,90.0,30.0,4,3,"['Cabernet Sauvignon', 'White Blend', 'Red Blend']",US,California,"['Napa Valley', 'Napa']"
15534,Padis,91.0,88.0,91.0,85.0,5,3,"['Merlot', 'Cabernet Sauvignon', 'Red Blend']",US,California,"['Napa Valley', 'Napa']"
15535,Paeonia,88.0,30.0,88.0,30.0,1,1,['Pinot Blanc'],US,California,"['Santa Maria Valley', 'Central Coast']"
15536,Paetra,90.2,24.0,90.0,20.0,5,3,"['Rosé', 'Riesling', 'Pinot Blanc']",US,Oregon,"['Eola-Amity Hills', 'Willamette Valley']"
15537,Pagani,85.0,20.0,85.0,20.0,1,1,['Garganega'],Italy,Veneto,['Soave Classico']
15538,Pagani de Marchi,87.6,35.0,88.0,33.0,5,3,"['Sangiovese', 'Red Blend', 'Merlot']",Italy,Tuscany,['Montescudaio']
15539,Page Cellars,85.0,47.0,85.0,47.0,1,1,['Red Blend'],US,Arizona,['Cochise County']
15540,Page Cellars,86.2,29.5,85.0,27.0,13,6,"['Sauvignon Blanc', 'Syrah', 'Cabernet Sauvignon-Cabernet Franc', 'Chardonnay', 'Red Blend', 'Cabernet Sauvignon']",US,Washington,"['Red Mountain', 'Columbia Valley']"
15541,Page Mill Winery,87.5,26.1,88.0,28.0,12,8,"['Chardonnay', 'Sauvignon Blanc', 'Syrah', 'Petite Sirah', 'Rosé', 'Cabernet Sauvignon', 'Merlot', 'Rhône-style Red Blend']",US,California,"['Livermore Valley', 'Central Coast']"
15542,Page Springs,85.6,31.7,85.5,32.0,16,9,"['Petite Sirah', 'Chardonnay', 'Grenache', 'Syrah', 'Viognier', 'Mourvèdre', 'Malvasia Bianca', 'Red Blend', 'White Blend']",US,Arizona,['Arizona']
15543,Page Springs,86.5,25.0,86.5,25.0,2,2,"['Rhône-style Red Blend', 'Red Blend']",US,California,"['California', 'California Other']"
15544,Pago Aylés,86.5,10.5,86.5,10.5,2,1,['Garnacha'],Spain,Northern Spain,['Cariñena']
15545,Pago Casa Gran,86.8,17.4,87.0,18.0,5,1,['Red Blend'],Spain,Levante,['Valencia']
15546,Pago Casa del Blanco,81.0,25.0,81.0,25.0,1,1,['Red Blend'],Spain,Central Spain,['Vino de la Tierra de Castilla']
15547,Pago Jean Leon,86.0,55.0,86.0,55.0,1,1,['Cabernet Sauvignon'],Spain,Catalonia,['Penedès']
15548,Pago de Callejo,83.0,50.0,83.0,50.0,1,1,['Red Blend'],Spain,Northern Spain,['Vino de la Tierra de Castilla y León']
15549,Pago de Carraovejas,89.8,77.0,90.0,57.0,5,3,"['Red Blend', 'Tempranillo Blend', 'Tempranillo-Cabernet Sauvignon']",Spain,Northern Spain,['Ribera del Duero']
15550,Pago de Larrainzar,87.0,45.7,86.0,56.0,3,1,['Red Blend'],Spain,Northern Spain,['Navarra']
15551,Pago de Sangara,89.5,53.5,89.5,53.5,2,1,['Tempranillo'],Spain,Northern Spain,['Ribera del Duero']
15552,Pago de Valdetruchas,86.8,19.0,86.5,19.0,4,1,['Mencía'],Spain,Northern Spain,['Bierzo']
15553,Pago de la Jaraba,84.0,11.0,84.0,10.0,3,1,['Tempranillo Blend'],Spain,Central Spain,['La Mancha']
15554,Pago de los Capellanes,87.8,65.4,89.0,49.0,9,2,"['Tempranillo', 'Tempranillo Blend']",Spain,Northern Spain,['Ribera del Duero']
15555,Pago del Vostal,84.7,17.3,84.0,15.0,3,1,['Tempranillo'],Spain,Northern Spain,['Ribera del Duero']
15556,Pagos Familia Langa,85.4,16.2,85.0,15.0,5,1,['Garnacha'],Spain,Northern Spain,['Calatayud']
15557,Pagos de Quintana,88.3,38.3,88.0,35.0,3,1,['Tempranillo Blend'],Spain,Northern Spain,['Ribera del Duero']
15558,Pagos de Valcerracin,83.7,32.7,81.0,30.0,3,1,['Tempranillo'],Spain,Northern Spain,['Ribera del Duero']
15559,Pagos del Galir,87.5,17.0,87.5,17.0,2,2,"['Godello', 'Mencía']",Spain,Northern Spain,['Valdeorras']
15560,Pagos del Moncayo,87.9,22.5,88.0,24.0,15,4,"['Syrah', 'Garnacha-Syrah', 'Garnacha', 'Red Blend']",Spain,Northern Spain,['Campo de Borja']
15561,Pagos del Rey,81.5,10.0,81.5,10.0,2,2,"['Airen', 'Tempranillo']",Spain,Central Spain,['Valdepeñas']
15562,Pagos del Rey,85.3,15.1,85.0,11.0,24,4,"['Tempranillo', 'Tinta de Toro', 'Verdejo', 'Tempranillo Blend']",Spain,Northern Spain,['Rioja']
15563,Pagter Brothers,90.0,43.3,89.0,40.0,3,2,"['Pinot Noir', 'Syrah']",US,California,"['Paso Robles Willow Creek District', 'Central Coast']"
15564,Pahlmeyer,91.9,83.3,92.0,72.5,12,5,"['Chardonnay', 'Merlot', 'Pinot Noir', 'Bordeaux-style Red Blend', 'Red Blend']",US,California,"['North Coast', 'North Coast']"
15565,Pahrump Valley Winery,84.0,75.0,84.0,75.0,1,1,['Zinfandel'],US,Nevada,['Nevada']
15566,Pahí Poboleda,88.0,28.0,88.0,28.0,1,1,['Red Blend'],Spain,Catalonia,['Priorat']
15567,Paiko,83.7,11.3,84.0,10.0,3,3,"['Shiraz', 'Chardonnay', 'Cabernet Blend']",Australia,Victoria,['Murray-Darling']
15568,Painous,83.0,15.0,83.0,15.0,1,1,['Sparkling Blend'],Spain,Catalonia,['Cava']
15569,Painted Rock,91.3,58.7,91.0,65.0,3,3,"['Bordeaux-style Red Blend', 'Merlot', 'Syrah']",Canada,British Columbia,['Okanagan Valley']
15570,Painted Wolf,87.1,13.4,87.0,13.0,7,3,"['Red Blend', 'Chenin Blanc', 'Pinotage']",South Africa,Coastal Region,[]
15571,Painted Wolf,87.5,16.2,87.0,16.5,4,2,"['Pinotage', 'Chenin Blanc']",South Africa,Swartland,[]
15572,Painter Bridge,82.5,7.0,82.5,7.0,2,2,"['Zinfandel', 'Chardonnay']",US,California,"['California', 'California Other']"
15573,Paitin,89.2,45.0,90.0,45.0,5,1,['Nebbiolo'],Italy,Piedmont,['Barbaresco']
15574,Paix Sur Terre,92.1,44.0,92.0,48.0,15,5,"['Ugni Blanc', 'Mourvèdre', 'Monastrell', 'Grenache Blanc', 'Rhône-style Red Blend']",US,California,"['Paso Robles Willow Creek District', 'Central Coast']"
15575,Paixar,90.5,83.0,90.5,80.0,6,1,['Mencía'],Spain,Northern Spain,['Bierzo']
15576,Pala,87.9,29.0,88.0,30.0,57,9,"['Rosé', 'Red Blend', 'Bovale', 'Cannonau', 'Vermentino', 'Nuragus', 'White Blend', 'Rosato', 'Monica']",Italy,Sicily & Sardinia,['Isola dei Nuraghi']
15577,Palacio de Bornos,87.3,14.3,88.0,13.0,9,3,"['Verdejo', 'Tinto Fino', 'Sauvignon Blanc']",Spain,Northern Spain,['Rueda']
15578,Palacio de Brejoeira,90.0,24.0,90.0,24.0,1,1,['Alvarinho'],Portugal,Vinho Verde,[]
15579,Palacio de Fefiñanes,88.4,24.8,88.0,26.0,5,1,['Albariño'],Spain,Galicia,['Rías Baixas']
15580,Palacio de La Vega,81.0,13.0,81.0,13.0,1,1,['Tempranillo'],Spain,Northern Spain,['Navarra']
15581,Palacio de Primavera,88.0,35.0,88.0,35.0,1,1,['Tempranillo'],Spain,Northern Spain,['Rioja']
15582,Palacio del Burgo,86.8,14.5,87.0,14.0,4,2,"['Tempranillo', 'Tempranillo Blend']",Spain,Northern Spain,['Rioja']
15583,Palacios Remondo,87.8,31.5,88.0,30.0,21,6,"['Tempranillo', 'Garnacha-Tempranillo', 'Red Blend', 'Tempranillo Blend', 'Viura', 'Garnacha']",Spain,Northern Spain,['Rioja']
15584,Paladin,86.0,16.2,85.0,12.0,8,4,"['White Blend', 'Pinot Grigio', 'Malbec', 'Red Blend']",Italy,Northeastern Italy,['Delle Venezie']
15585,Paladin,85.8,18.0,86.0,18.0,4,3,"['Red Blend', 'Prosecco', 'Glera']",Italy,Veneto,['Lison-Pramaggiore']
15586,Palagetto,86.3,18.5,86.0,15.0,12,3,"['Vernaccia', 'Sangiovese', 'White Blend']",Italy,Tuscany,['Vernaccia di San Gimignano']
15587,Palaia Vineyards,84.2,16.2,84.0,16.0,4,3,"['Cabernet Franc', 'Merlot', 'White Blend']",US,New York,"['New York', 'New York Other']"
15588,Palamà,87.3,18.6,87.0,16.0,13,5,"['Primitivo', 'Red Blend', 'Rosato', 'Negroamaro', 'White Blend']",Italy,Southern Italy,['Salento']
15589,Palandri,86.0,12.0,86.0,12.0,2,2,"['Riesling', 'Chardonnay']",Australia,Western Australia,['Western Australia']
15590,Palari,90.8,73.5,92.0,62.0,13,2,"['Red Blend', 'Francisa']",Italy,Sicily & Sardinia,['Faro']
15591,Palazzo,88.8,71.6,89.0,70.0,16,3,"['Sangiovese', 'Sangiovese Grosso', 'Red Blend']",Italy,Tuscany,['Brunello di Montalcino']
15592,Palazzo Maffei,88.0,40.0,88.0,40.0,1,1,['Red Blend'],Italy,Veneto,['Amarone della Valpolicella']
15593,Palazzo Vecchio,89.2,31.1,90.0,31.5,8,2,"['Red Blend', 'Sangiovese']",Italy,Tuscany,['Vino Nobile di Montepulciano']
15594,Palazzo Wine,86.5,57.5,86.5,57.5,2,2,"['Bordeaux-style Red Blend', 'Bordeaux-style White Blend']",US,California,"['Napa Valley', 'Napa']"
15595,Palazzone,87.7,17.7,87.0,15.0,3,2,"['White Blend', 'Pinot Grigio']",Italy,Central Italy,['Orvieto Classico Superiore']
15596,Palencia,89.6,33.6,91.0,36.0,10,9,"['Albariño', 'Syrah', 'Pinot Noir', 'G-S-M', 'Sauvignon Blanc', 'Cabernet Sauvignon', 'Mourvèdre', 'Petit Verdot', 'Grenache']",US,Washington,"['Ancient Lakes', 'Columbia Valley']"
15597,Pali,88.7,39.0,89.0,44.0,79,5,"['Pinot Noir', 'Chardonnay', 'Cabernet Sauvignon', 'Rosé', 'Rhône-style Red Blend']",US,California,"['Russian River Valley', 'Sonoma']"
15598,Pali,88.3,51.3,89.0,50.0,3,1,['Pinot Noir'],US,Oregon,"['Willamette Valley', 'Willamette Valley']"
15599,Palivou,85.1,15.0,85.0,15.5,8,4,"['Roditis', 'Chardonnay', 'Agiorgitiko', 'White Blend']",Greece,Corinth,[]
15600,Palivou,87.4,31.5,87.0,25.0,10,2,"['Agiorgitiko', 'Red Blend']",Greece,Nemea,[]
15601,Palivou,86.5,16.5,86.5,16.5,2,1,['Agiorgitiko'],Greece,Peloponnese,[]
15602,Palladino,90.0,59.1,90.5,65.5,26,3,"['Nebbiolo', 'Barbera', 'Cortese']",Italy,Piedmont,['Barolo']
15603,Pallas,88.0,21.0,88.0,21.0,1,1,['Muscat'],Spain,Andalucia,['Málaga']
15604,Pallas,86.0,8.0,86.0,8.0,1,1,['Tempranillo'],Spain,Central Spain,['Vino de la Tierra de Castilla']
15605,Palliser Estate,87.0,23.0,87.0,23.0,1,1,['Chardonnay'],New Zealand,Marlborough,[]
15606,Palliser Estate,87.8,26.6,87.0,20.0,31,5,"['Pinot Noir', 'Sauvignon Blanc', 'Riesling', 'Pinot Gris', 'Chardonnay']",New Zealand,Martinborough,[]
15607,Palma Real,87.6,12.2,88.0,12.0,5,2,"['Verdejo', 'Verdejo-Viura']",Spain,Northern Spain,['Rueda']
15608,Palmadina,85.0,12.0,85.0,12.0,1,1,['Pinot Grigio'],Italy,Northeastern Italy,['Friuli Isonzo']
15609,Palmaz,89.0,90.8,88.5,100.0,6,2,"['Cabernet Sauvignon', 'Chardonnay']",US,California,"['Napa Valley', 'Napa']"
15610,Palmento Costanzo,88.5,,88.5,,2,1,['Red Blend'],Italy,Sicily & Sardinia,['Etna']
15611,Palmer,85.3,21.2,86.0,20.0,30,12,"['Sauvignon Blanc', 'Merlot', 'Cabernet Franc', 'Pinot Blanc', 'Chardonnay', 'Gewürztraminer', 'Bordeaux-style Red Blend', 'White Blend', 'Cabernet Sauvignon', 'Red Blend', 'Albariño', 'Rosé']",US,New York,"['North Fork of Long Island', 'Long Island']"
15612,Palmer & Co,88.5,84.2,88.0,74.0,4,2,"['Chardonnay', 'Champagne Blend']",France,Champagne,['Champagne']
15613,Palmeri,90.4,50.9,91.0,53.0,7,4,"['Syrah', 'Red Blend', 'Cabernet Sauvignon', 'Cabernet Sauvignon-Syrah']",US,California,"['Alexander Valley', 'Sonoma']"
15614,Palmina,91.2,41.1,92.0,40.0,21,9,"['Tocai Friulano', 'Malvasia Bianca', 'Merlot', 'Arneis', 'Nebbiolo', 'Red Blend', 'Barbera', 'Pinot Grigio', 'Dolcetto']",US,California,"['Santa Ynez Valley', 'Central Coast']"
15615,Palmoletino,87.0,15.0,87.0,15.0,1,1,['Red Blend'],Italy,Tuscany,['Montecucco']
15616,Palo Alto,85.0,19.9,84.0,15.0,7,5,"['Torrontés', 'Bordeaux-style Red Blend', 'Malbec', 'Pinot Noir', 'Merlot']",Argentina,Mendoza Province,['Maipú']
15617,Palo Alto,85.5,20.5,85.5,20.5,2,2,"['Malbec', 'Cabernet Sauvignon-Merlot']",Argentina,Other,['Argentina']
15618,Palo Alto,86.0,12.8,86.0,12.0,9,3,"['Red Blend', 'Sauvignon Blanc', 'Cabernet Blend']",Chile,Maule Valley,[]
15619,Paloma,94.0,51.0,94.0,51.0,1,1,['Merlot'],US,California,['Napa']
15620,Palos,85.0,14.0,85.0,14.0,1,1,['Verdejo'],Spain,Northern Spain,['Vino de la Tierra de Castilla y León']
15621,Palouse,88.0,36.2,88.0,35.5,8,6,"['Cabernet Franc', 'Red Blend', 'Viognier', 'Cabernet Sauvignon', 'Syrah', 'Merlot']",US,Washington,"['Washington', 'Washington Other']"
15622,Paltrinieri,90.2,22.3,90.0,21.0,10,2,"['Lambrusco', 'Lambrusco di Sorbara']",Italy,Central Italy,['Lambrusco di Sorbara']
15623,Palumbo Family Vineyards,87.9,43.6,88.0,45.0,7,6,"['Sangiovese', 'Grenache', 'Syrah-Cabernet Sauvignon', 'Grenache Blanc', 'Cabernet Sauvignon', 'Bordeaux-style Red Blend']",US,California,"['Temecula Valley', 'South Coast']"
15624,Paluzzi,85.0,13.0,85.0,13.0,1,1,['Moscato'],Italy,Piedmont,"[""Moscato d'Asti""]"
15625,Pam's Cuties,83.0,4.0,83.0,4.0,1,1,['Chardonnay'],US,California,"['California', 'California Other']"
15626,Pamona Cellars,88.0,10.0,88.0,10.0,1,1,['Riesling'],Germany,Mosel,[]
15627,Pampa,81.5,11.5,81.5,11.5,2,1,['Malbec'],Argentina,Mendoza Province,['Mendoza']
15628,Pampano,86.0,10.0,86.0,10.0,1,1,['Malbec'],Argentina,Mendoza Province,['Mendoza']
15629,Pampano,83.0,7.0,83.0,7.0,1,1,['Pinot Grigio'],Argentina,Other,['San Juan']
15630,Pampas del Sur,85.5,12.5,85.5,12.5,2,2,"['Red Blend', 'Malbec']",Argentina,Mendoza Province,['Mendoza']
15631,Pamplin,91.7,38.1,91.5,31.5,12,3,"['Bordeaux-style Red Blend', 'Red Blend', 'Cabernet Sauvignon']",US,Washington,"['Columbia Valley (WA)', 'Columbia Valley']"
15632,Panache Cellars,90.0,25.5,90.0,25.5,2,1,['Pinot Noir'],US,Oregon,"['Willamette Valley', 'Willamette Valley']"
15633,Panache Cellars,91.0,20.0,91.0,20.0,1,1,['Sangiovese'],US,Washington,"['Columbia Valley (WA)', 'Columbia Valley']"
15634,Panarroz,85.0,11.5,85.0,11.5,2,1,['Red Blend'],Spain,Levante,['Jumilla']
15635,Panayia,87.0,14.5,87.0,14.5,2,2,"['Red Blend', 'White Blend']",Cyprus,Cyprus,[]
15636,Pandemonium,84.0,10.0,84.0,10.0,2,2,"['Red Blend', 'White Blend']",US,California,"['California', 'California Other']"
15637,Pandemonium Wines,84.0,12.0,84.0,12.0,1,1,['Bordeaux-style Red Blend'],US,California,"['California', 'California Other']"
15638,Pangea,93.0,60.0,93.0,60.0,1,1,['Syrah'],Chile,Colchagua Valley,[]
15639,Pangloss Cellars,86.7,32.0,87.0,29.0,6,6,"['Pinot Noir', 'Cabernet Sauvignon', 'Rhône-style Red Blend', 'Red Blend', 'Sauvignon Blanc', 'Zinfandel']",US,California,"['Anderson Valley', 'Mendocino/Lake Counties']"
15640,Paniole,89.0,28.3,89.0,25.0,5,1,['Red Blend'],Italy,Tuscany,['Maremma Toscana']
15641,Panizzi,87.1,24.1,87.0,20.0,7,2,"['White Blend', 'Vernaccia']",Italy,Tuscany,['Vernaccia di San Gimignano']
15642,Pannier,89.4,60.7,89.0,56.0,28,2,"['Champagne Blend', 'Chardonnay']",France,Champagne,['Champagne']
15643,Pannotia Vineyards,84.7,10.7,86.0,11.0,3,3,"['Malbec', 'Cabernet Sauvignon', 'Chardonnay']",Argentina,Mendoza Province,['Mendoza']
15644,Pannunzio,87.0,13.0,87.0,13.0,1,1,['Cabernet Sauvignon'],Argentina,Mendoza Province,['Mendoza']
15645,Pantago,83.0,12.0,83.0,12.0,1,1,['Chardonnay'],Argentina,Mendoza Province,['Mendoza']
15646,Panthea,90.8,40.2,91.5,42.0,4,2,"['Pinot Noir', 'Gewürztraminer']",US,California,['Anderson Valley']
15647,Panther Creek,94.0,48.0,94.0,48.0,1,1,['Pinot Noir'],US,America,[]
15648,Panther Creek,89.3,41.6,90.0,42.0,45,3,"['Pinot Noir', 'Chardonnay', 'Pinot Gris']",US,Oregon,"['Eola-Amity Hills', 'Willamette Valley']"
15649,Panzanello,87.8,23.0,88.5,19.0,6,2,"['Sangiovese', 'Red Blend']",Italy,Tuscany,['Chianti Classico']
15650,Paoletti,86.1,47.5,86.0,36.0,11,7,"['Bordeaux-style Red Blend', 'Chardonnay', 'Cabernet Sauvignon', ""Nero d'Avola"", 'Malbec', 'Sangiovese', 'Cabernet Sauvignon-Cabernet Franc']",US,California,"['Calistoga', 'Napa']"
15651,Paolo Avezza,90.0,,90.0,,1,1,['Barbera'],Italy,Piedmont,"[""Barbera d'Asti Superiore Nizza""]"
15652,Paolo Calì,88.2,23.8,89.0,22.0,12,6,"['Red Blend', 'Frappato', 'Grillo', ""Nero d'Avola"", 'Rosé', 'Rosato']",Italy,Sicily & Sardinia,['Cerasuolo di Vittoria Classico']
15653,Paolo Manzone,88.8,58.3,89.0,60.0,15,3,"['Nebbiolo', 'Barbera', 'Dolcetto']",Italy,Piedmont,['Barolo']
15654,Paolo Marcarino,86.0,14.0,86.0,14.0,1,1,['Barbera'],Italy,Piedmont,['Barbera di Piemonte']
15655,Paolo Rodaro,84.0,26.0,84.0,26.0,1,1,['Pinot Grigio'],Italy,Northeastern Italy,['Colli Orientali del Friuli']
15656,Paolo Scavino,92.4,76.4,92.0,71.0,34,3,"['Nebbiolo', 'Dolcetto', 'Barbera']",Italy,Piedmont,['Barolo']
15657,Papa Luna,88.5,20.5,88.5,20.5,2,1,['Red Blend'],Spain,Northern Spain,['Calatayud']
15658,Papagiannakos,87.0,18.7,86.0,20.0,3,3,"['Savatiano', 'Malagousia', 'Agiorgitiko']",Greece,Attica,[]
15659,Papagiannakos,90.0,25.0,90.0,25.0,1,1,['Savatiano'],Greece,Markopoulo,[]
15660,Papagiannakos,90.0,17.0,90.0,17.0,1,1,['Savatiano'],Greece,Retsina,[]
15661,Papaioannou,88.0,15.0,88.0,15.0,1,1,['Assyrtico'],Greece,Corinth,[]
15662,Papaioannou,86.0,12.0,86.0,12.0,1,1,['Assyrtico'],Greece,Corinthia,[]
15663,Papaioannou,88.0,36.5,88.0,35.0,4,1,['Agiorgitiko'],Greece,Nemea,[]
15664,Papaioannou,87.0,10.0,87.0,10.0,1,1,['Agiorgitiko'],Greece,Peloponnese,[]
15665,Papapietro Perry,90.2,53.5,90.0,52.0,16,3,"['Zinfandel', 'Pinot Noir', 'Chardonnay']",US,California,"['Dry Creek Valley', 'Sonoma']"
15666,Pappas Wine Company,85.5,18.0,85.5,18.0,2,1,['Pinot Noir'],US,Oregon,"['Willamette Valley', 'Willamette Valley']"
15667,Paracombe,84.7,29.3,84.0,30.0,3,3,"['Cabernet Sauvignon', 'Cabernet Franc', 'Sauvignon Blanc']",Australia,South Australia,['Adelaide Hills']
15668,Paradigm,92.0,50.5,92.0,50.5,2,1,['Cabernet Sauvignon'],US,California,"['Oakville', 'Napa']"
15669,Paradis,85.0,10.0,85.0,10.0,1,1,['Merlot'],US,California,"['California', 'California Other']"
15670,Paradise Peak,84.0,9.3,84.0,9.0,3,2,"['Riesling', 'Gewürztraminer']",US,Washington,"['Washington', 'Washington Other']"
15671,Paradise Ranch,84.0,35.0,84.0,35.0,1,1,['Cabernet Sauvignon'],US,California,"['Sonoma County', 'Sonoma']"
15672,Paradise Ridge,86.3,31.8,86.0,30.0,34,7,"['Syrah', 'Pinot Noir', 'Chardonnay', 'Sauvignon Blanc', 'Zinfandel', 'Merlot', 'Cabernet Sauvignon']",US,California,"['Sonoma County', 'Sonoma']"
15673,Paradise Springs,85.8,33.2,86.0,28.0,5,4,"['Rosé', 'Petit Manseng', 'Red Blend', 'Chardonnay']",US,Virginia,['Virginia']
15674,Paradiso di Frassina,87.5,72.2,87.5,62.0,6,2,"['Sangiovese', 'Sangiovese Grosso']",Italy,Tuscany,['Brunello di Montalcino']
15675,Paradisone,88.0,54.4,89.0,60.0,5,1,['Sangiovese'],Italy,Tuscany,['Brunello di Montalcino']
15676,Paraducci Wine Cellars,93.0,40.0,93.0,40.0,1,1,['Red Blend'],US,California,"['Mendocino', 'Mendocino/Lake Counties']"
15677,Paraduxx,89.0,59.6,90.0,48.0,28,3,"['Red Blend', 'Rosé', 'White Blend']",US,California,"['Napa Valley', 'Napa']"
15678,Paraiso Vineyards,86.8,24.8,86.5,20.0,34,6,"['Pinot Noir', 'Riesling', 'Chardonnay', 'Syrah', 'Pinot Blanc', 'Port']",US,California,"['Monterey', 'Central Coast']"
15679,Paralelo,87.2,29.8,87.5,29.0,4,2,"['Sauvignon Blanc', 'Red Blend']",Mexico,Valle de Guadalupe,[]
15680,Parallel,93.2,89.0,93.0,70.0,12,2,"['Cabernet Sauvignon', 'Chardonnay']",US,California,"['Napa Valley', 'Napa']"
15681,Parallel 33°S,86.0,12.0,86.0,12.0,1,1,['Cabernet Sauvignon'],Chile,Maipo Valley,[]
15682,Parallel Rows,88.0,35.0,88.0,35.0,1,1,['Petite Sirah'],US,California,"['Napa Valley', 'Napa']"
15683,Paramo de Corcos,86.8,28.0,87.0,22.0,5,1,['Tempranillo Blend'],Spain,Northern Spain,['Ribera del Duero']
15684,Paramus,86.5,16.0,86.5,16.0,2,1,['Verdejo'],Spain,Northern Spain,['Rueda']
15685,Paranoia,84.0,10.0,84.0,10.0,1,1,['Cabernet Sauvignon'],US,California,"['California', 'California Other']"
15686,Paraschos,86.0,22.0,86.0,22.0,1,1,['White Blend'],Italy,Northeastern Italy,['Venezia Giulia']
15687,Paratus,90.7,88.3,91.0,70.0,3,1,['Cabernet Sauvignon'],US,California,"['Mount Veeder', 'Napa']"
15688,Parcel 41,87.5,20.5,87.5,20.5,2,2,"['Merlot', 'Cabernet Sauvignon']",US,California,"['Napa Valley', 'Napa']"
15689,Pardas,89.7,31.3,91.0,25.0,3,3,"['White Blend', 'Red Blend', 'Bordeaux-style Red Blend']",Spain,Catalonia,['Penedès']
15690,Pardevalles,85.0,18.0,85.0,18.0,1,1,['White Blend'],Spain,Central Spain,['Tierra de Castilla']
15691,Pardevalles,84.0,25.5,85.0,25.0,4,1,['Prieto Picudo'],Spain,Northern Spain,['Tierra de León']
15692,Pardon et Fils,87.1,19.5,87.0,19.0,10,1,['Gamay'],France,Beaujolais,['Fleurie']
15693,Parducci,86.8,18.4,87.0,13.0,61,15,"['Chardonnay', 'Red Blend', 'Cabernet Sauvignon', 'Petite Sirah', 'Pinot Noir', 'Merlot', 'Pinot Gris', 'Sauvignon Blanc', 'Pinot Grigio', 'White Blend', 'Petit Verdot', 'Viognier', 'Zinfandel', 'Grenache', 'Port']",US,California,"['Mendocino County', 'Mendocino/Lake Counties']"
15694,Parducci,84.0,9.0,84.0,9.0,1,1,['Pinot Noir'],US,Oregon,"['Willamette Valley', 'Willamette Valley']"
15695,Paredon,88.3,35.0,92.0,40.0,3,2,"['Syrah', 'Grenache']",US,California,"['Santa Barbara County', 'Central Coast']"
15696,Parejas Cellars,86.0,16.0,86.0,16.0,1,1,['Rhône-style White Blend'],US,Washington,"['Columbia Valley (WA)', 'Columbia Valley']"
15697,Pargua,89.0,28.0,89.5,22.0,6,2,"['Bordeaux-style Red Blend', 'Red Blend']",Chile,Maipo Valley,[]
15698,Parigot & Richard,87.5,23.0,87.5,23.0,2,2,"['Pinot Noir', 'Sparkling Blend']",France,Burgundy,['Crémant de Bourgogne']
15699,Paringa,87.5,13.2,88.0,12.0,4,2,"['Shiraz', 'Cabernet Sauvignon']",Australia,South Australia,['South Australia']
15700,Paripaso,82.8,12.2,82.5,12.0,4,3,"['Cabernet Sauvignon', 'Chardonnay', 'Rosé']",US,California,"['California', 'California Other']"
15701,Paris Valley Road Cellars,86.3,14.0,86.0,14.0,3,3,"['Chardonnay', 'Red Blend', 'Cabernet Sauvignon']",US,California,"['Monterey County', 'Central Coast']"
15702,Paris-Simoneau,86.8,11.2,86.5,10.5,4,3,"['Sparkling Blend', 'Sauvignon Blanc', 'Chenin Blanc']",France,Loire Valley,['Touraine']
15703,Paritua,86.8,28.5,87.5,30.5,4,2,"['Riesling', 'Pinot Noir']",New Zealand,Central Otago,[]
15704,Paritua,90.0,38.3,88.0,35.0,3,2,"['Bordeaux-style Red Blend', 'Syrah']",New Zealand,Hawke's Bay,[]
15705,Park Lane,82.3,18.0,82.0,18.0,3,3,"['Chardonnay', 'Cabernet Sauvignon', 'Merlot']",US,California,"['Carneros', 'Napa-Sonoma']"
15706,Parker,90.2,61.2,90.5,70.0,4,3,"['Cabernet Sauvignon', 'Bordeaux-style Red Blend', 'Cabernet Sauvignon-Merlot']",Australia,South Australia,['Coonawarra']
15707,Parker,89.3,30.7,88.0,28.0,3,3,"['Chardonnay', 'Barbera', 'Red Blend']",US,California,"['Santa Barbara County', 'Central Coast']"
15708,Parker Station,85.7,13.0,87.0,12.0,3,3,"['Syrah', 'Chardonnay', 'Pinot Noir']",US,California,"['Santa Barbara County', 'Central Coast']"
15709,Parkers Estate,83.6,18.6,83.5,20.0,22,7,"['Sauvignon Blanc', 'Cabernet Sauvignon', 'Pinot Noir', 'Zinfandel', 'Merlot', 'Chardonnay', 'Syrah']",US,California,"['Sonoma County', 'Sonoma']"
15710,Parkmon,82.7,25.3,83.0,24.0,3,3,"['Viognier', 'Syrah', 'Zinfandel']",US,California,"['Russian River Valley', 'Sonoma']"
15711,Parmeson,88.2,35.9,90.0,35.0,8,5,"['Zinfandel', 'Chardonnay', 'Sauvignon Blanc', 'Pinot Noir', 'Cabernet Sauvignon']",US,California,"['Russian River Valley', 'Sonoma']"
15712,Parmoleto,86.0,25.0,86.0,25.0,1,1,['Sangiovese'],Italy,Tuscany,['Montecucco']
15713,Paro,86.2,31.0,86.0,30.0,6,4,"['White Blend', 'Pinot Noir', 'Zinfandel', 'Malbec']",US,California,"['Carneros', 'Napa-Sonoma']"
15714,Parra Family,83.0,11.0,83.0,11.0,1,1,['Verdejo'],Spain,Central Spain,['La Mancha']
15715,Parras Vinhos,85.9,10.5,85.0,10.0,16,2,"['Portuguese Red', 'Portuguese White']",Portugal,Alentejano,[]
15716,Parras Vinhos,89.0,,89.0,,1,1,['Portuguese Red'],Portugal,Douro,[]
15717,Parras Vinhos,88.0,10.0,88.0,10.0,2,1,['Portuguese Red'],Portugal,Dão,[]
15718,Parras Vinhos,86.7,9.5,87.0,9.5,14,6,"['Portuguese Red', 'Rosé', 'Portuguese White', 'Viognier', 'Arinto', 'Cabernet Sauvignon']",Portugal,Lisboa,[]
15719,Parras Vinhos,85.0,,85.0,,1,1,['Portuguese Red'],Portugal,Tejo,[]
15720,Parras Wines,85.4,10.4,85.0,10.0,5,2,"['Portuguese Red', 'Portuguese White']",Portugal,Alentejano,[]
15721,Parras Wines,86.3,10.0,86.0,10.0,3,2,"['Portuguese Red', 'Encruzado']",Portugal,Dão,[]
15722,Parras Wines,87.2,15.0,87.0,11.5,12,2,"['Portuguese Red', 'Portuguese White']",Portugal,Lisboa,[]
15723,Parrish Family,92.8,53.2,92.5,50.0,4,2,"['Cabernet Sauvignon', 'Red Blend']",US,California,"['Paso Robles', 'Central Coast']"
15724,Parry Cellars,89.5,60.0,89.5,60.0,2,1,['Cabernet Sauvignon'],US,California,"['St. Helena', 'Napa']"
15725,Parsonage Village,83.8,45.8,84.0,36.0,9,4,"['Syrah', 'Merlot', 'Cabernet Sauvignon', 'Chardonnay']",US,California,"['Carmel Valley', 'Central Coast']"
15726,Partnership Vineyards,86.3,12.3,86.0,12.0,3,2,"['Sauvignon Blanc', 'Shiraz']",South Africa,Western Cape,[]
15727,Parusso,91.0,50.0,91.0,50.0,1,1,['Nebbiolo'],Italy,Italy Other,['Vino Spumante']
15728,Parusso,88.1,66.5,88.0,65.0,21,4,"['Nebbiolo', 'Barbera', 'Sauvignon Blanc', 'Sauvignon']",Italy,Piedmont,['Barolo']
15729,Parxet,87.7,21.9,88.0,18.0,15,4,"['Sparkling Blend', 'Pinot Noir', 'Champagne Blend', 'White Blend']",Spain,Catalonia,['Cava']
15730,Parés Baltà,86.5,26.4,86.0,20.0,11,6,"['Garnacha', 'Sparkling Blend', 'Rosé', 'Bordeaux-style Red Blend', 'White Blend', 'Xarel-lo']",Spain,Catalonia,['Penedès']
15731,Pasaeli,87.2,22.8,86.5,22.0,4,2,"['Red Blend', 'Çalkarası']",Turkey,Aegean,[]
15732,Pasaeli,84.0,20.0,84.0,20.0,1,1,['Yapincak'],Turkey,Thrace,[]
15733,Pasaje Alto,83.0,12.0,83.0,12.0,1,1,['Malbec'],Argentina,Mendoza Province,['Mendoza']
15734,Pasanau Germans,88.8,36.0,88.0,34.0,5,2,"['Red Blend', 'Cabernet Sauvignon']",Spain,Catalonia,['Priorat']
15735,Pascal & Alain Lorieux,90.0,40.0,90.0,40.0,1,1,['Cabernet Franc'],France,Loire Valley,['Chinon']
15736,Pascal & Nicolas Reverdy,89.6,23.0,90.0,22.5,7,2,"['Pinot Noir', 'Sauvignon Blanc']",France,Loire Valley,['Sancerre']
15737,Pascal Aufranc,90.2,24.4,90.0,22.0,9,1,['Gamay'],France,Beaujolais,['Chénas']
15738,Pascal Berthier,87.8,24.0,87.5,24.0,4,1,['Gamay'],France,Beaujolais,['Saint-Amour']
15739,Pascal Bouchard,90.0,51.8,91.0,36.0,48,3,"['Chardonnay', 'Pinot Noir', 'Aligoté']",France,Burgundy,['Chablis']
15740,Pascal Doquet,91.4,67.0,92.0,63.0,13,2,"['Chardonnay', 'Champagne Blend']",France,Champagne,['Champagne']
15741,Pascal Granger,87.3,18.0,87.0,18.0,3,2,"['Gamay', 'Chardonnay']",France,Beaujolais,['Beaujolais-Villages']
15742,Pascal Jolivet,89.6,42.4,90.0,36.0,34,2,"['Sauvignon Blanc', 'Pinot Noir']",France,Loire Valley,['Sancerre']
15743,Pascal Rollet,88.4,31.7,88.0,33.0,10,1,['Chardonnay'],France,Burgundy,['Saint-Véran']
15744,Pascal et Olivier Pieron,87.0,,87.0,,1,1,['Malbec'],France,Southwest France,['Cahors']
15745,Paschal,86.6,21.6,87.0,24.0,9,8,"['Pinot Noir', 'Chardonnay', 'Cabernet Sauvignon', 'Pinot Blanc', 'Syrah-Cabernet', 'Merlot', 'Pinot Gris', 'Bordeaux-style Red Blend']",US,Oregon,"['Rogue Valley', 'Southern Oregon']"
15746,Pascual Toso,87.0,27.7,87.0,14.0,79,12,"['Cabernet Sauvignon', 'Malbec', 'Chardonnay', 'Sparkling Blend', 'Malbec-Cabernet Sauvignon', 'Syrah', 'Torrontés', 'Sauvignon Blanc', 'Merlot', 'Pinot Noir', 'Cabernet Sauvignon-Malbec', 'Malbec-Cabernet']",Argentina,Mendoza Province,['Mendoza']
15747,Pasetti,87.4,30.4,87.0,20.0,5,4,"['White Blend', 'Montepulciano', 'Red Blend', 'Trebbiano']",Italy,Central Italy,['Colline Pescaresi']
15748,Pasini San Giovanni,88.8,20.6,89.0,20.0,5,1,['Turbiana'],Italy,Lombardy,['Lugana']
15749,Pasion de Tango,85.0,10.0,85.0,10.0,1,1,['Malbec'],Argentina,Mendoza Province,['Mendoza']
15750,Pask,89.0,16.0,89.0,16.0,1,1,['Merlot'],New Zealand,Hawke's Bay,[]
15751,Paskett,89.0,27.0,89.0,27.0,2,2,"['Viognier', 'Charbono']",US,California,"['Lodi', 'Central Valley']"
15752,Paso Creek,84.5,18.0,84.5,18.0,4,3,"['Zinfandel', 'Cabernet Sauvignon', 'Merlot']",US,California,"['Paso Robles', 'Central Coast']"
15753,Paso Grande,84.8,10.0,85.0,10.0,4,4,"['Sauvignon Blanc', 'Carmenère', 'Chardonnay', 'Cabernet Sauvignon']",Chile,Central Valley,[]
15754,Paso a Paso,85.6,9.8,85.0,10.0,19,4,"['Verdejo', 'Tempranillo', 'White Blend', 'Tempranillo Blend']",Spain,Central Spain,['Vino de la Tierra de Castilla']
15755,Paso del Sol,82.0,6.0,82.0,6.0,3,3,"['Sauvignon Blanc', 'Merlot', 'Carmenère']",Chile,Central Valley,[]
15756,PasoPort,89.5,32.0,89.5,32.0,4,4,"['White Blend', 'Red Blend', 'White Port', 'Port']",US,California,"['Edna Valley', 'Central Coast']"
15757,Pasolasmonjas,88.0,28.0,88.0,28.0,1,1,['Garnacha'],Spain,Northern Spain,['Navarra']
15758,Pasorina,84.0,10.0,84.0,10.0,1,1,['Moscato'],US,California,"['California', 'California Other']"
15759,Pasqua,84.0,14.0,84.0,14.0,1,1,['Primitivo'],Italy,Southern Italy,['Salento']
15760,Pasqua,88.0,41.6,88.0,35.0,24,4,"['Red Blend', 'Corvina, Rondinella, Molinara', 'Garganega', 'Glera']",Italy,Veneto,['Amarone della Valpolicella']
15761,Pasquale Pelissero,87.6,31.6,88.0,32.0,13,3,"['Nebbiolo', 'Dolcetto', 'Freisa']",Italy,Piedmont,['Barbaresco']
15762,Passaggio,87.9,40.5,87.0,45.0,11,6,"['Sauvignon Blanc', 'Chardonnay', 'Merlot', 'Pinot Noir', 'White Blend', 'Bordeaux-style Red Blend']",US,California,"['Russian River Valley', 'Sonoma']"
15763,Passalacqua,90.0,41.0,90.0,41.0,2,2,"['Cabernet Sauvignon', 'Zinfandel']",US,California,"['Dry Creek Valley', 'Sonoma']"
15764,Passing Clouds,89.0,29.5,89.0,29.0,4,2,"['Shiraz', 'Shiraz-Cabernet Sauvignon']",Australia,Victoria,['Bendigo']
15765,Passing Time,92.2,75.0,92.0,75.0,5,1,['Cabernet Sauvignon'],US,Washington,"['Horse Heaven Hills', 'Columbia Valley']"
15766,Passion Vineyards,87.3,24.0,88.0,25.0,3,3,"['Syrah', 'Merlot', 'Red Blend']",US,Washington,"['Columbia Valley (WA)', 'Columbia Valley']"
15767,Passopisciaro,92.2,60.8,93.0,59.5,17,3,"['Nerello Mascalese', 'Chardonnay', 'Red Blend']",Italy,Sicily & Sardinia,['Terre Siciliane']
15768,Pat Paulsen Vineyards,84.6,24.4,85.0,26.0,8,5,"['Cabernet Sauvignon', 'Red Blend', 'Merlot', 'Sauvignon Blanc', 'Syrah']",US,California,"['Napa Valley', 'Napa']"
15769,Pata Negra,86.0,15.0,86.0,15.0,1,1,['Sparkling Blend'],Spain,Catalonia,['Cava']
15770,Pata Negra,86.0,11.5,86.0,11.5,2,2,"['Tempranillo-Cabernet Sauvignon', 'Tempranillo']",Spain,Central Spain,['Valdepeñas']
15771,Pata Negra,85.2,12.5,86.0,12.5,6,4,"['Tempranillo Blend', 'Tempranillo', 'Verdejo', 'Tinta de Toro']",Spain,Northern Spain,['Rioja']
15772,Patagón,84.0,9.0,84.0,9.0,2,2,"['Cabernet Sauvignon', 'Chardonnay']",Chile,Curicó Valley,[]
15773,Patel,90.2,116.2,91.5,117.5,8,3,"['Bordeaux-style Red Blend', 'Cabernet Sauvignon', 'Malbec']",US,California,"['Napa Valley', 'Napa']"
15774,Paterna,91.0,18.0,91.0,18.0,1,1,['Red Blend'],Italy,Tuscany,['Chianti Colli Aretini']
15775,Paternoster,90.1,49.0,91.0,30.0,7,1,['Aglianico'],Italy,Southern Italy,['Aglianico del Vulture']
15776,Paternò di Vittoria,89.0,40.0,89.0,40.0,1,1,['Frappato'],Italy,Sicily & Sardinia,['Vittoria']
15777,Patianna,88.2,18.8,88.0,18.0,9,3,"['Sauvignon Blanc', 'Syrah', 'Chardonnay']",US,California,"['Mendocino', 'Mendocino/Lake Counties']"
15778,Patient Cottat,85.3,14.0,85.0,14.0,3,2,"['Chenin Blanc', 'Pinot Noir']",France,France Other,['Vin de France']
15779,Patient Cottat,87.8,23.8,88.0,26.0,13,3,"['Pinot Noir', 'Sauvignon Blanc', 'Rosé']",France,Loire Valley,['Sancerre']
15780,Patit Creek,87.0,28.5,87.0,28.5,2,2,"['Zinfandel', 'Cabernet Sauvignon']",US,Washington,"['Walla Walla Valley (WA)', 'Columbia Valley']"
15781,Patit Creek Cellars,87.0,29.0,87.0,29.0,1,1,['Cabernet Sauvignon'],US,Oregon,"['Walla Walla Valley (OR)', 'Oregon Other']"
15782,Patit Creek Cellars,87.0,23.0,87.0,22.5,8,5,"['Merlot', 'Riesling', 'Tempranillo', 'Red Blend', 'Chardonnay']",US,Washington,"['Columbia Valley (WA)', 'Columbia Valley']"
15783,Patland,90.7,88.0,91.0,80.0,27,7,"['Chardonnay', 'Syrah', 'Sauvignon Blanc', 'Cabernet Sauvignon', 'Red Blend', 'Malbec', 'Rosé']",US,California,"['Napa Valley', 'Napa']"
15784,Patria,88.5,26.0,88.5,26.0,2,2,"['White Blend', ""Nero d'Avola""]",Italy,Sicily & Sardinia,['Etna']
15785,Patriarche Père et Fils,85.7,12.3,86.0,12.0,3,1,['Gamay'],France,Beaujolais,['Beaujolais']
15786,Patriarche Père et Fils,86.2,29.6,86.0,24.0,12,4,"['Champagne Blend', 'Pinot Noir-Gamay', 'Chardonnay', 'Pinot Noir']",France,Burgundy,['Crémant de Bourgogne']
15787,Patriarche Père et Fils,83.9,11.0,83.5,10.0,10,7,"['Sparkling Blend', 'Chardonnay', 'Pinot Noir', 'Merlot', 'Rosé', 'Viognier', 'Cabernet Sauvignon']",France,France Other,['Vin Mousseux']
15788,Patriarche Père et Fils,83.0,9.0,83.0,9.0,4,4,"['Chardonnay', 'Merlot', 'Viognier', 'Sauvignon Blanc']",France,Languedoc-Roussillon,"[""Vin de Pays d'Oc""]"
15789,Patrice Moreux,90.2,30.0,91.0,25.0,5,2,"['Sauvignon Blanc', 'Sauvignon']",France,Loire Valley,['Pouilly-Fumé']
15790,Patricia Green Cellars,93.5,48.6,93.0,48.0,11,1,['Pinot Noir'],US,Oregon,"['Ribbon Ridge', 'Willamette Valley']"
15791,Patricius,90.0,34.6,90.0,23.0,5,2,"['Furmint', 'Tokaji']",Hungary,Tokaj,[]
15792,Patricius,90.3,19.0,89.0,16.0,3,3,"['Muscat', 'White Blend', 'Furmint']",Hungary,Tokaji,[]
15793,Patrick Coulbois,89.0,22.0,89.0,22.0,1,1,['Sauvignon Blanc'],France,Loire Valley,['Pouilly-Fumé']
15794,Patrick De Ladoucette,88.0,16.0,88.0,16.0,2,1,['Sauvignon Blanc'],France,Loire Valley,['Touraine']
15795,Patrick Javillier,91.8,,92.0,,10,2,"['Chardonnay', 'Pinot Noir']",France,Burgundy,['Meursault']
15796,Patrick M. Paul,85.0,28.0,85.0,28.0,1,1,['Merlot'],US,Washington,"['Columbia Valley (WA)', 'Columbia Valley']"
15797,Patrick Tranchand,89.0,22.0,89.0,22.0,3,1,['Gamay'],France,Beaujolais,['Saint-Amour']
15798,Patrimony,96.0,275.0,96.0,275.0,1,1,['Cabernet Sauvignon'],US,California,"['Adelaida District', 'Central Coast']"
15799,Patritti,84.5,15.0,84.5,15.0,2,2,"['Port', 'Shiraz']",Australia,South Australia,['South Australia']
15800,Patrocinio,87.3,16.3,87.0,15.0,3,2,"['Tempranillo Blend', 'Tempranillo']",Spain,Northern Spain,['Rioja']
15801,Patterson,87.2,27.9,87.0,25.0,30,16,"['Touriga Nacional', 'White Blend', 'Syrah', 'Red Blend', 'Cabernet Sauvignon', 'Barbera', 'Rosé', 'Malbec', 'Chardonnay', 'Merlot', 'Syrah-Petite Sirah', 'Bordeaux-style Red Blend', 'Roussanne', 'Tempranillo', 'Rhône-style Red Blend', 'Carmenère']",US,Washington,"['Yakima Valley', 'Columbia Valley']"
15802,Patton Valley,89.6,46.8,90.0,48.0,17,2,"['Pinot Noir', 'Rosé']",US,Oregon,"['Willamette Valley', 'Willamette Valley']"
15803,Patz & Hall,90.7,56.2,91.0,55.0,79,2,"['Pinot Noir', 'Chardonnay']",US,California,"['Russian River Valley', 'Sonoma']"
15804,Paua Rock,87.0,11.0,87.0,11.0,1,1,['Sauvignon Blanc'],New Zealand,Marlborough,[]
15805,Paul Achs,89.8,24.5,89.5,22.0,4,2,"['Blaufränkisch', 'Zweigelt']",Austria,Burgenland,[]
15806,Paul Anheuser,87.6,17.3,88.0,16.0,10,3,"['Scheurebe', 'Riesling', 'Pinot Noir']",Germany,Nahe,[]
15807,Paul Beaudet,86.8,17.0,84.5,16.0,10,2,"['Gamay', 'Chardonnay']",France,Beaujolais,['Beaujolais-Villages']
15808,Paul Bertrand,92.0,,92.0,,2,1,['Malbec'],France,Southwest France,['Cahors']
15809,Paul Blanck,90.5,26.9,91.0,25.0,25,5,"['Auxerrois', 'Riesling', 'Gewürztraminer', 'Pinot Blanc', 'Pinot Gris']",France,Alsace,['Alsace']
15810,Paul Bouchard & Cie,82.0,9.0,82.0,9.0,2,2,"['Red Blend', 'White Blend']",France,France Other,['Vin de France']
15811,Paul Buisse,85.1,12.6,85.0,13.0,8,2,"['Cabernet Franc', 'Sauvignon Blanc']",France,Loire Valley,['Bourgueil']
15812,Paul Cheneau,85.6,13.9,85.5,14.0,14,2,"['Sparkling Blend', 'Chardonnay']",Spain,Catalonia,['Cava']
15813,Paul Cluver,89.0,24.1,88.5,19.0,20,5,"['Pinot Noir', 'Chardonnay', 'Riesling', 'Gewürztraminer', 'Sauvignon Blanc']",South Africa,Elgin,[]
15814,Paul Delane,89.0,18.7,89.5,19.0,4,2,"['Sparkling Blend', 'Champagne Blend']",France,Burgundy,['Crémant de Bourgogne']
15815,Paul Dolan,88.4,24.2,88.5,25.0,32,6,"['Sauvignon Blanc', 'Cabernet Sauvignon', 'Pinot Noir', 'Chardonnay', 'Red Blend', 'Zinfandel']",US,California,"['Potter Valley', 'Mendocino/Lake Counties']"
15816,Paul Durdilly,85.0,12.0,85.0,12.0,2,1,['Gamay'],France,Beaujolais,['Beaujolais']
15817,Paul Hobbs,93.4,109.2,94.0,85.0,30,3,"['Cabernet Sauvignon', 'Chardonnay', 'Pinot Noir']",US,California,"['Napa Valley', 'Napa']"
15818,Paul Jaboulet Aîné,85.0,18.0,85.0,18.0,1,1,['Viognier'],France,France Other,['Vin de Pays des Portes de Méditerranée']
15819,Paul Jaboulet Aîné,89.6,70.5,90.0,60.0,47,7,"['Viognier', 'Rhône-style Red Blend', 'Syrah', 'Marsanne', 'Rhône-style White Blend', 'Rosé', 'Muscat']",France,Rhône Valley,['Condrieu']
15820,Paul Lato,91.3,60.0,92.0,60.0,3,1,['Pinot Noir'],US,California,"['Santa Maria Valley', 'Central Coast']"
15821,Paul Mas,85.0,,85.0,,1,1,['Pinot Noir'],France,Languedoc-Roussillon,"[""Pays d'Oc""]"
15822,Paul Mathew,88.7,37.2,89.0,40.0,6,3,"['Pinot Noir', 'Chardonnay', 'Gamay Noir']",US,California,"['Russian River Valley', 'Sonoma']"
15823,Paul O'Brien,89.8,33.8,89.0,28.0,12,6,"['Pinot Noir', 'Riesling', 'Gewürztraminer', 'Tempranillo', 'Rosé', 'Chardonnay-Pinot Blanc']",US,Oregon,"['Umpqua Valley', 'Southern Oregon']"
15824,Paul Prieur et Fils,87.0,24.7,87.0,25.0,3,2,"['Sauvignon Blanc', 'Pinot Noir']",France,Loire Valley,['Sancerre']
15825,Paul Reitz,85.0,20.0,85.0,20.0,1,1,['Chardonnay'],France,Burgundy,['Saint-Véran']
15826,Paul Thomas,83.5,8.0,83.5,8.0,2,2,"['Cabernet Sauvignon-Merlot', 'Chardonnay']",US,Washington,"['Washington', 'Washington Other']"
15827,Paul de Albas,94.0,90.0,94.0,90.0,1,1,['Tempranillo'],Spain,Northern Spain,['Ribera del Duero']
15828,Pauletts,87.4,23.0,87.5,22.0,12,6,"['Riesling', 'Shiraz', 'Cabernet Merlot', 'Chardonnay', 'Sparkling Blend', 'Syrah']",Australia,South Australia,['Clare Valley']
15829,Paulo,84.0,45.0,84.0,45.0,2,2,"['Port', 'Merlot']",US,Texas,['Texas']
15830,Paumanok,88.8,27.6,89.0,24.0,41,10,"['Chardonnay', 'Riesling', 'Rosé', 'Merlot', 'Cabernet Franc', 'Chenin Blanc', 'Cabernet Sauvignon', 'Bordeaux-style Red Blend', 'Sauvignon Blanc', 'Merlot-Cabernet']",US,New York,"['North Fork of Long Island', 'Long Island']"
15831,Pavilion,84.2,11.9,85.0,12.0,12,6,"['Cabernet Sauvignon', 'Chardonnay', 'Merlot', 'Pinot Noir', 'Sauvignon Blanc', 'Syrah']",US,California,"['Napa Valley', 'Napa']"
15832,Pavilion Crossing,84.0,13.0,84.0,13.0,1,1,['Cabernet Sauvignon'],US,California,"['Lodi', 'Central Valley']"
15833,Pavillion Crossing,83.8,13.0,83.0,13.0,8,3,"['Merlot', 'Chardonnay', 'Cabernet Sauvignon']",US,California,"['Sonoma County', 'Sonoma']"
15834,Pavin & Riley,82.0,10.0,82.0,10.0,1,1,['Shiraz'],US,Washington,"['Columbia Valley (WA)', 'Columbia Valley']"
15835,Pavlidis,88.6,33.2,89.0,35.0,5,5,"['White Blend', 'Syrah', 'Chardonnay', 'Assyrtico', 'Red Blend']",Greece,Drama,[]
15836,Pavlou-Kagas,84.7,17.0,85.0,17.0,3,2,"['Xinomavro', 'Red Blend']",Greece,Macedonia,[]
15837,Pavona,83.7,18.0,85.0,18.0,3,2,"['Syrah', 'Chardonnay']",US,California,"['Lodi', 'Central Valley']"
15838,Pax,90.5,45.0,90.5,45.0,2,1,['Syrah'],US,California,"['Green Valley', 'Sonoma']"
15839,Paxton,91.8,32.2,92.0,33.5,4,2,"['Shiraz', 'Grenache']",Australia,South Australia,['McLaren Vale']
15840,Paxá Wines,84.3,14.0,84.0,13.0,3,2,"['Rosé', 'Portuguese Red']",Portugal,Algarve,[]
15841,Payana,86.5,11.5,86.5,11.5,2,1,['Malbec'],Argentina,Mendoza Province,['Mendoza']
15842,Pazo Baión,89.5,37.0,89.5,37.0,2,1,['Albariño'],Spain,Galicia,['Rías Baixas']
15843,Pazo De Villarei,87.0,20.0,87.0,20.0,1,1,['Albariño'],Spain,Galicia,['Rías Baixas']
15844,Pazo Pondal,87.0,17.8,88.0,18.0,4,1,['Albariño'],Spain,Galicia,['Rías Baixas']
15845,Pazo Pondal,89.0,20.0,89.0,20.0,1,1,['Godello'],Spain,Northern Spain,['Bierzo']
15846,Pazo Ribeiro,87.0,10.0,87.0,10.0,1,1,['White Blend'],Spain,Galicia,['Ribeiro']
15847,Pazo San Mauro,87.7,18.3,89.0,19.0,7,1,['Albariño'],Spain,Galicia,['Rías Baixas']
15848,Pazo Serantellos,86.0,10.8,86.0,10.0,5,1,['Albariño'],Spain,Galicia,['Rías Baixas']
15849,Pazo Torrado,86.3,15.0,86.0,15.0,3,1,['Albariño'],Spain,Galicia,['Rías Baixas']
15850,Pazo Viladomar,83.0,17.0,83.0,17.0,1,1,['White Blend'],Spain,Galicia,['Rías Baixas']
15851,Pazo da Bouciña,88.0,18.0,88.0,18.0,1,1,['Albariño'],Spain,Galicia,['Rías Baixas']
15852,Pazo das Tapias,86.3,14.7,88.0,15.0,3,1,['Godello'],Spain,Galicia,['Monterrei']
15853,Pazo de Arribi,85.0,19.0,85.0,19.0,1,1,['Godello'],Spain,Northern Spain,['Bierzo']
15854,Pazo de Barrantes,86.5,32.3,86.0,23.0,14,1,['Albariño'],Spain,Galicia,['Rías Baixas']
15855,Pazo de Eiras,87.0,27.0,87.0,27.0,1,1,['Albariño'],Spain,Galicia,['Rías Baixas']
15856,Pazo de Galegos,88.0,23.0,88.0,23.0,2,1,['Albariño'],Spain,Galicia,['Rías Baixas']
15857,Pazo de Señorans,89.0,41.2,89.5,25.0,10,1,['Albariño'],Spain,Galicia,['Rías Baixas']
15858,Pazos del Rey,87.0,15.2,87.0,16.0,5,2,"['Godello', 'Mencía']",Spain,Galicia,['Monterrei']
15859,Pazzo,84.0,32.0,84.0,32.0,1,1,['Red Blend'],US,California,"['Napa Valley', 'Napa']"
15860,Paşaeli,88.0,17.5,88.0,17.5,3,3,"['Red Blend', 'Rosé', 'Bordeaux-style Red Blend']",Turkey,Aegean,[]
15861,Paşaeli,87.0,16.0,87.0,16.0,1,1,['Yapincak'],Turkey,Thrace,[]
15862,Pe're Alessandro,89.0,29.8,88.5,29.5,4,3,"['Dolcetto', 'Barbera', 'Nebbiolo']",Italy,Piedmont,"[""Dolcetto d'Alba""]"
15863,Peace Water,88.5,39.8,89.0,30.0,8,6,"['Sauvignon Blanc', 'Cabernet Sauvignon', 'Pinot Noir', 'Rosé', 'Red Blend', 'Chardonnay']",US,California,"['Napa Valley', 'Napa']"
15864,Peachy Canyon,87.3,30.6,87.0,36.0,103,11,"['Zinfandel', 'Cabernet Sauvignon', 'Bordeaux-style Red Blend', 'Malbec', 'Cabernet Blend', 'Red Blend', 'Merlot', 'Viognier', 'Port', 'Petite Sirah', 'Grenache Blanc']",US,California,"['Adelaida District', 'Central Coast']"
15865,Peacock Cellars,83.5,28.0,84.0,28.0,4,3,"['Barbera', 'Pinot Noir', 'Chardonnay']",US,California,"['Paso Robles', 'Central Coast']"
15866,Peacock Ridge,84.7,19.0,84.0,19.0,3,3,"['Chardonnay', 'Merlot', 'Sauvignon Blanc']",South Africa,Stellenbosch,[]
15867,Peake Ranch,93.0,40.0,93.0,40.0,2,2,"['Pinot Noir', 'Chardonnay']",US,California,"['Sta. Rita Hills', 'Central Coast']"
15868,Pear Valley,88.2,28.1,88.0,25.0,13,7,"['Cabernet Sauvignon', 'Bordeaux-style Red Blend', 'Viognier', 'Albariño', 'Pinot Noir', 'Zinfandel', 'Rhône-style Red Blend']",US,California,"['Paso Robles', 'Central Coast']"
15869,Pearl and Stone,92.3,37.7,92.0,39.0,3,2,"['Cabernet Franc', 'Bordeaux-style Red Blend']",US,Washington,"['Yakima Valley', 'Columbia Valley']"
15870,Pearmund,85.0,24.0,84.5,25.0,8,7,"['Viognier', 'Cabernet Sauvignon', 'Cabernet Franc', 'Bordeaux-style Red Blend', 'Petit Manseng', 'Chardonnay', 'Riesling']",US,Virginia,['Virginia']
15871,Pearson Vineyards,87.5,35.3,87.0,37.0,4,3,"['Cabernet Franc', 'Cabernet Sauvignon', 'Riesling']",Australia,South Australia,['Clare Valley']
15872,Pecan Stream,86.5,16.0,86.5,16.0,2,2,"['Red Blend', 'Chenin Blanc']",South Africa,Stellenbosch,[]
15873,Pecchenino,89.5,38.1,90.0,28.0,24,3,"['Dolcetto', 'Nebbiolo', 'Barbera']",Italy,Piedmont,['Dolcetto di Dogliani']
15874,Pecci Celestino,91.5,76.5,91.5,76.5,2,2,"['Sangiovese Grosso', 'Sangiovese']",Italy,Tuscany,['Brunello di Montalcino']
15875,Pech Merle,87.6,26.9,88.0,27.0,31,10,"['Zinfandel', 'Pinot Noir', 'Merlot', 'Sauvignon Blanc', 'Rosé', 'Chardonnay', 'Cabernet Sauvignon', 'Syrah', 'Viognier', 'Cabernet Franc']",US,California,"['Dry Creek Valley', 'Sonoma']"
15876,Peconic Bay Winery,85.0,23.7,85.0,22.0,18,8,"['Chardonnay', 'Bordeaux-style Red Blend', 'Riesling', 'Merlot', 'Cabernet Sauvignon', 'Merlot-Cabernet Sauvignon', 'White Blend', 'Cabernet Franc']",US,New York,"['North Fork of Long Island', 'Long Island']"
15877,Pecunia,91.0,48.0,91.0,48.0,1,1,['Tempranillo Blend'],Spain,Northern Spain,['Ribera del Duero']
15878,Pedernales,84.6,28.6,84.0,30.0,5,4,"['Rosé', 'G-S-M', 'Tempranillo', 'Viognier']",US,Texas,['Texas']
15879,Pedestal,91.4,57.3,91.0,55.0,11,1,['Merlot'],US,Washington,"['Columbia Valley (WA)', 'Columbia Valley']"
15880,Pedra Cancela,89.2,14.8,89.0,10.5,4,3,"['Portuguese Red', 'Touriga Nacional', 'Portuguese White']",Portugal,Dão,[]
15881,Pedro Escudero,82.0,11.0,82.0,11.0,1,1,['Verdejo-Viura'],Spain,Central Spain,['Vino de la Tierra de Castilla']
15882,Pedro Escudero,87.0,14.9,87.0,14.0,11,2,"['Verdejo', 'Verdejo-Viura']",Spain,Northern Spain,['Rueda']
15883,Pedro Romero,87.9,43.9,88.0,13.0,9,2,"['Sherry', 'Pedro Ximénez']",Spain,Andalucia,['Jerez']
15884,Pedroncelli,86.3,15.1,86.0,14.0,77,13,"['Cabernet Sauvignon', 'Zinfandel', 'Sauvignon Blanc', 'Pinot Noir', 'Merlot', 'Sangiovese', 'Port', 'Petite Sirah', 'Chardonnay', 'Syrah', 'White Blend', 'Red Blend', 'Rosé']",US,California,"['Dry Creek Valley', 'Sonoma']"
15885,Pedrosa,86.0,,85.5,,4,1,['Tempranillo Blend'],Spain,Northern Spain,['Ribera del Duero']
15886,Pegaso,86.0,50.5,86.0,50.5,2,2,"['Red Blend', 'Garnacha']",Spain,Northern Spain,['Vino de la Tierra de Castilla y León']
15887,Pegasus Bay,89.1,32.8,90.0,27.5,15,6,"['Sauvignon Blanc', 'Pinot Noir', 'Chardonnay', 'Riesling', 'Merlot-Malbec', 'Cabernet Sauvignon-Merlot']",New Zealand,Waipara,[]
15888,Pegasus Bay,89.8,39.5,90.0,38.0,14,5,"['Pinot Noir', 'Chardonnay', 'Riesling', 'Sauvignon Blanc-Semillon', 'Bordeaux-style White Blend']",New Zealand,Waipara Valley,[]
15889,Pegasus Estate,89.0,55.0,89.0,55.0,2,1,['Cabernet Sauvignon'],US,California,"['Santa Ynez Valley', 'Central Coast']"
15890,Pehu-Simonet,92.3,68.7,93.0,70.0,11,3,"['Champagne Blend', 'Chardonnay', 'Pinot Noir']",France,Champagne,['Champagne']
15891,Peique,88.8,33.8,89.0,25.0,6,2,"['Godello', 'Mencía']",Spain,Northern Spain,['Bierzo']
15892,Peirano,84.6,12.4,84.0,12.0,60,16,"['Sauvignon Blanc', 'Chardonnay', 'White Blend', 'Malbec', 'Tempranillo', 'Moscato', 'Red Blend', 'Cabernet Sauvignon', 'Viognier', 'Syrah', 'Petite Sirah', 'Muscat Canelli', 'Barbera', 'Shiraz', 'Zinfandel', 'Merlot']",US,California,"['Lodi', 'Central Valley']"
15893,Peju,88.4,51.3,89.0,40.0,89,13,"['Syrah', 'Cabernet Franc', 'Red Blend', 'Zinfandel', 'Rosé', 'Sauvignon Blanc', 'Cabernet Sauvignon-Merlot', 'Cabernet Sauvignon', 'Merlot', 'Petit Verdot', 'Chardonnay', 'Sangiovese Cabernet', 'Bordeaux-style Red Blend']",US,California,"['Napa Valley', 'Napa']"
15894,Peju Province,87.0,30.7,87.0,32.0,3,3,"['Cabernet Sauvignon', 'Syrah', 'Colombard']",US,California,"['Napa Valley', 'Napa']"
15895,Peju Province Winery,92.0,55.0,92.0,55.0,1,1,['Orange Muscat'],US,California,"['North Coast', 'North Coast']"
15896,Pelassa,87.9,24.5,88.0,21.0,16,4,"['Nebbiolo', 'Barbera', 'Arneis', 'Dolcetto']",Italy,Piedmont,['Barolo']
15897,Pelissero,88.7,56.6,90.0,49.0,13,1,['Nebbiolo'],Italy,Piedmont,['Barbaresco']
15898,Pellegrini,87.9,27.8,88.0,24.0,29,10,"['Chardonnay', 'Pinot Noir', 'Zinfandel', 'Red Blend', 'Carignan', 'Cabernet Sauvignon', 'Sauvignon Blanc', 'Merlot', 'Bordeaux-style Red Blend', 'Carignane']",US,California,"['Russian River Valley', 'Sonoma']"
15899,Pellegrini Vineyards,86.8,25.8,87.0,22.0,24,10,"['Cabernet Sauvignon', 'Merlot', 'Petit Verdot', 'Red Blend', 'Chardonnay', 'Bordeaux-style Red Blend', 'Cabernet Franc', 'White Blend', 'Rosé', 'Gewürztraminer']",US,New York,"['North Fork of Long Island', 'Long Island']"
15900,Peller,91.8,87.5,91.5,87.5,4,3,"['Cabernet Franc', 'Vidal Blanc', 'Riesling']",Canada,Ontario,['Niagara Peninsula']
15901,Pellet Estate,93.1,80.9,93.0,80.0,8,4,"['Cabernet Sauvignon', 'Bordeaux-style Red Blend', 'Chardonnay', 'Merlot']",US,California,"['Napa Valley', 'Napa']"
15902,Peloton,87.3,31.4,88.0,31.0,14,7,"['Syrah', 'Cabernet Sauvignon', 'Albariño', 'Sauvignon Blanc', 'Zinfandel', 'Grenache', 'Rhône-style Red Blend']",US,California,"['Arroyo Grande Valley', 'Central Coast']"
15903,Pelter,87.9,39.9,87.0,36.0,9,8,"['Bordeaux-style Red Blend', 'Chardonnay', 'Shiraz', 'Cabernet Sauvignon-Shiraz', 'Cabernet Sauvignon', 'Sauvignon Blanc-Semillon', 'Red Blend', 'Sauvignon Blanc']",Israel,Galilee,[]
15904,Pelter,91.0,55.0,91.0,55.0,1,1,['Petit Verdot'],Israel,Jerusalem Hills,[]
15905,Peltier,85.1,17.8,85.0,10.0,23,10,"['Cabernet Sauvignon', 'Petite Sirah', 'Chardonnay', 'Pinot Grigio', 'Pinot Noir', 'Sauvignon Blanc', 'Zinfandel', 'Teroldego', 'Sparkling Blend', 'Red Blend']",US,California,"['Lodi', 'Central Valley']"
15906,Peltier Station,85.0,12.4,84.0,8.0,5,5,"['Sauvignon Blanc', 'Petite Sirah', 'Teroldego', 'Vermentino', 'Pinot Grigio']",US,California,"['Lodi', 'Central Valley']"
15907,Pelton House,88.0,37.5,88.0,37.5,2,2,"['Merlot', 'Cabernet Sauvignon']",US,California,"['Knights Valley', 'Sonoma']"
15908,Pelvillain Frères,85.8,17.2,85.0,14.5,12,2,"['Malbec', 'Rosé']",France,Southwest France,['Cahors']
15909,Pemartín,88.5,13.0,88.5,13.0,2,1,['Palomino'],Spain,Andalucia,['Jerez']
15910,Penascal,84.7,8.6,85.0,7.0,9,4,"['Tempranillo-Shiraz', 'Sauvignon Blanc', 'Tempranillo', 'Shiraz']",Spain,Northern Spain,['Vino de la Tierra de Castilla y León']
15911,Pence Ranch,90.2,38.8,91.0,38.0,8,3,"['Pinot Noir', 'Syrah', 'Chardonnay']",US,California,"['Santa Barbara County', 'Central Coast']"
15912,Penché,89.3,58.3,89.0,60.0,3,2,"['Bordeaux-style Red Blend', 'Cabernet Sauvignon']",US,California,"['Napa Valley', 'Napa']"
15913,Pend d'Oreille,85.0,15.0,85.0,15.0,1,1,['Chardonnay'],US,Idaho,['Idaho']
15914,Pend d'Oreille,85.0,22.5,85.5,24.0,6,4,"['Cabernet Sauvignon', 'Sangiovese', 'Sauvignon Blanc', 'Merlot']",US,Washington,"['Washington', 'Washington Other']"
15915,Pendleton,88.3,36.3,87.0,36.0,3,2,"['Cabernet Sauvignon', 'Chardonnay']",US,California,"['Monterey County', 'Central Coast']"
15916,Pendulum,88.2,18.5,88.0,17.0,6,2,"['Red Blend', 'Cabernet Sauvignon']",US,Washington,"['Columbia Valley (WA)', 'Columbia Valley']"
15917,Penedo Borges,91.0,25.0,91.0,25.0,1,1,['Malbec'],Argentina,Mendoza Province,['Luján de Cuyo']
15918,Penelope Sanchez,87.0,16.0,87.0,16.0,1,1,['Sparkling Blend'],Spain,Catalonia,['Cava']
15919,Penelope Sanchez,86.0,11.3,86.0,12.0,3,3,"['Garnacha Blend', 'Garnacha-Syrah', 'Grenache-Syrah']",Spain,Northern Spain,['Campo de Borja']
15920,Penfolds,87.7,36.3,87.5,17.0,10,4,"['Shiraz-Cabernet Sauvignon', 'Shiraz', 'Chardonnay', 'Cabernet Sauvignon']",Australia,Australia Other,['South Eastern Australia']
15921,Penfolds,90.7,101.0,90.0,40.0,79,10,"['Cabernet Sauvignon', 'Shiraz', 'Riesling', 'Shiraz-Cabernet Sauvignon', 'Cabernet Sauvignon-Shiraz', 'G-S-M', 'Red Blend', 'Chardonnay', 'Shiraz-Mourvèdre', 'Rhône-style Red Blend']",Australia,South Australia,['South Australia']
15922,Penfolds,92.0,130.0,92.0,130.0,1,1,['Chardonnay'],Australia,Tasmania,['Tasmania']
15923,Penguin Bay,85.0,15.3,84.0,15.0,7,4,"['Pinot Grigio', 'Riesling', 'Chardonnay', 'Gewürztraminer']",US,New York,"['Finger Lakes', 'Finger Lakes']"
15924,Pengwine,84.6,20.4,84.0,16.0,5,5,"['Cabernet Sauvignon-Cabernet Franc', 'Red Blend', 'Chardonnay', 'Cabernet Sauvignon', 'Cabernet Blend']",Chile,Maipo Valley,[]
15925,Peninsula,84.0,9.0,84.0,9.0,1,1,['Red Blend'],Portugal,Estremadura,[]
15926,Peninsula,84.0,18.0,84.0,18.0,1,1,['Riesling'],US,Michigan,['Old Mission Peninsula']
15927,Peninsula Ridge,90.0,25.0,90.0,25.0,1,1,['Sauvignon Blanc'],Canada,Ontario,['Niagara Peninsula']
15928,Penley Estate,89.5,37.4,90.0,25.0,34,6,"['Cabernet Sauvignon', 'Bordeaux-style Red Blend', 'Chardonnay', 'Shiraz-Cabernet Sauvignon', 'Pinot Noir', 'Shiraz']",Australia,South Australia,['Coonawarra']
15929,Penman Springs,84.0,24.0,84.0,24.0,1,1,['Meritage'],US,California,"['Paso Robles', 'Central Coast']"
15930,Penmara,86.0,10.5,86.0,10.5,2,1,['Chardonnay'],Australia,New South Wales,['New South Wales']
15931,Penner-Ash,91.6,52.0,92.0,65.0,29,5,"['Pinot Noir-Syrah', 'Pinot Noir', 'Riesling', 'Syrah', 'Viognier']",US,Oregon,"['Oregon', 'Oregon Other']"
15932,Penns Woods,83.7,45.0,84.0,46.0,3,3,"['Cabernet Sauvignon', 'Red Blend', 'Chardonnay']",US,Pennsylvania,['Pennsylvania']
15933,Penny's Hill,89.0,28.8,89.0,29.0,5,3,"['Shiraz', 'Chardonnay', 'Grenache']",Australia,South Australia,['McLaren Vale-Langhorne Creek']
15934,Pennyfield Wines,86.0,19.0,86.0,19.0,1,1,['Petit Verdot'],Australia,South Australia,['Riverland']
15935,Pennyroyal Farm,91.5,32.0,91.5,32.0,2,2,"['Rosé', 'Pinot Noir']",US,California,['Anderson Valley']
15936,Pennywise,84.2,12.1,84.0,12.0,22,6,"['Chardonnay', 'Petite Sirah', 'Cabernet Sauvignon', 'Merlot', 'Pinot Noir', 'Sauvignon Blanc']",US,California,"['California', 'California Other']"
15937,Pentagon,89.0,28.0,89.0,28.0,1,1,['Malbec'],Argentina,Mendoza Province,['Mendoza']
15938,Penumbra,86.0,23.0,86.0,23.0,1,1,['Petite Sirah'],US,California,"['North Coast', 'North Coast']"
15939,Penya,87.7,12.0,88.0,12.0,7,4,"['Rosé', 'Viognier', 'Rhône-style Red Blend', 'Grenache-Syrah']",France,Languedoc-Roussillon,['Côtes Catalanes']
15940,People's Wine Revolution,88.8,17.4,88.0,18.0,5,3,"['Syrah', 'Petite Sirah', 'Viognier']",US,California,"['Yountville', 'Napa']"
15941,Pepi,85.2,10.2,85.0,10.0,13,5,"['Sauvignon Blanc', 'Pinot Grigio', 'Chenin Blanc-Viognier', 'Sangiovese', 'Chardonnay']",US,California,"['California', 'California Other']"
15942,Pepi,84.5,11.5,84.5,11.5,2,1,['Pinot Grigio'],US,Oregon,"['Willamette Valley', 'Willamette Valley']"
15943,Pepi Lignana,88.3,19.7,89.0,15.0,3,2,"['Red Blend', 'Sangiovese']",Italy,Tuscany,['Maremma Toscana']
15944,Pepper Bridge,91.1,55.6,91.0,55.0,35,4,"['Bordeaux-style Red Blend', 'Cabernet Sauvignon', 'Merlot', 'Red Blend']",US,Washington,"['Walla Walla Valley (WA)', 'Columbia Valley']"
15945,Pepper Tree,83.0,17.0,83.0,17.0,1,1,['Sémillon'],Australia,New South Wales,['Hunter Valley']
15946,Pepper Tree,91.0,61.8,90.5,56.5,4,4,"['Chardonnay', 'Shiraz', 'Cabernet Sauvignon', 'Tannat']",Australia,South Australia,['Wrattonbully']
15947,Pepperwood Grove,82.7,11.3,82.0,7.0,3,2,"['Cabernet Sauvignon', 'Pinot Noir']",Chile,Central Valley,[]
15948,Pepperwood Grove,84.5,9.1,85.0,8.0,15,8,"['Cabernet Sauvignon', 'Zinfandel', 'Sauvignon Blanc', 'Chardonnay', 'Viognier', 'Syrah', 'Merlot', 'Pinot Noir']",US,California,"['California', 'California Other']"
15949,Per Sempre,89.0,48.0,89.0,48.0,2,2,"['Zinfandel', 'Cabernet Sauvignon']",US,California,"['Solano County', 'North Coast']"
15950,Peralta,83.7,9.7,84.0,10.0,3,3,"['Syrah', 'Chardonnay', 'Sauvignon Blanc']",US,California,"['California', 'California Other']"
15951,Perazzeta,87.0,17.5,87.0,17.5,3,2,"['Sangiovese', 'Red Blend']",Italy,Tuscany,['Maremma Toscana']
15952,Perbacco Cellars,86.6,31.2,87.0,28.0,19,7,"['Pinot Noir', 'Chardonnay', 'Zinfandel', 'Pinot Grigio', 'Rosé', 'Petite Sirah', 'Syrah']",US,California,"['Arroyo Grande Valley', 'Central Coast']"
15953,Perception,87.6,50.7,88.0,53.0,7,3,"['Pinot Noir', 'Chardonnay', 'Zinfandel']",US,California,"['Russian River Valley', 'Sonoma']"
15954,Pere Ventura,87.2,17.8,87.0,15.0,5,1,['Sparkling Blend'],Spain,Catalonia,['Cava']
15955,Peregrine,88.5,29.2,89.0,27.5,15,6,"['Pinot Noir', 'Riesling', 'Pinot Gris', 'Gewürztraminer', 'Sauvignon Blanc', 'Chardonnay']",New Zealand,Central Otago,[]
15956,Peregrine,88.0,14.0,88.0,14.0,1,1,['Sauvignon Blanc'],New Zealand,Marlborough,[]
15957,Perelada,86.5,18.5,86.5,18.5,2,2,"['Sparkling Blend', 'Rosé']",Spain,Catalonia,['Cava']
15958,Perelada,90.7,24.0,90.0,27.0,3,1,['Red Blend'],Spain,Northern Spain,['Empordà']
15959,Perescuma,88.3,16.6,88.0,14.5,12,1,['Portuguese Red'],Portugal,Alentejano,[]
15960,Perfect 10,85.0,10.0,85.0,10.0,1,1,['Chardonnay'],US,California,"['Monterey', 'Central Coast']"
15961,Peri Bigogno,86.7,37.7,87.0,39.0,3,2,"['Chardonnay', 'Sparkling Blend']",Italy,Italy Other,['Vino Spumante']
15962,Peri Bigogno,84.0,14.0,84.0,14.0,2,2,"['Marzemino', 'Chardonnay']",Italy,Lombardy,['Montenetto di Brescia']
15963,Perillo,83.0,,83.0,,1,1,['Aglianico'],Italy,Southern Italy,['Taurasi']
15964,Perimeter,84.0,10.0,84.0,10.0,1,1,['Riesling'],US,Washington,"['Washington', 'Washington Other']"
15965,Periple,89.0,28.0,89.0,28.0,1,1,['Chardonnay'],US,Washington,"['Washington', 'Washington Other']"
15966,Periscope,80.5,19.0,80.5,19.0,2,2,"['Petit Verdot', 'Syrah']",US,California,"['Lodi', 'Central Valley']"
15967,Perla del Garda,86.3,26.1,86.0,27.0,12,2,"['Turbiana', 'White Blend']",Italy,Lombardy,['Lugana']
15968,Perlage,87.0,18.8,87.0,18.5,28,2,"['Glera', 'Prosecco']",Italy,Veneto,['Conegliano Valdobbiadene Prosecco Superiore']
15969,Perrier Jouët,91.4,169.4,92.0,140.0,37,2,"['Champagne Blend', 'Chardonnay']",France,Champagne,['Champagne']
15970,Perrin & Fils,87.2,21.9,87.0,22.0,13,3,"['Rhône-style Red Blend', 'Grenache-Syrah', 'Rhône-style White Blend']",France,Rhône Valley,['Vacqueyras']
15971,Perry Creek,86.2,22.5,86.0,24.0,32,8,"['Viognier', 'Zinfandel', 'Cabernet Sauvignon', 'Barbera', 'Petite Sirah', 'Syrah', 'Chardonnay', 'Mourvèdre']",US,California,"['El Dorado', 'Sierra Foothills']"
15972,PerryMoore,93.6,112.9,94.0,100.0,7,1,['Cabernet Sauvignon'],US,California,"['St. Helena', 'Napa']"
15973,Perticaia,88.5,29.6,89.0,25.0,13,5,"['Trebbiano', 'Sagrantino', 'Red Blend', 'White Blend', 'Trebbiano Spoletino']",Italy,Central Italy,['Umbria']
15974,Pertinace,88.9,36.6,89.5,40.0,24,4,"['Nebbiolo', 'Barbera', 'Arneis', 'Dolcetto']",Italy,Piedmont,['Barbaresco']
15975,Perusini,85.0,27.0,85.0,27.0,2,2,"['Ribolla Gialla', 'Pinot Grigio']",Italy,Northeastern Italy,['Colli Orientali del Friuli']
15976,Pescaja,86.0,30.0,86.0,30.0,2,1,['Barbera'],Italy,Piedmont,"[""Barbera d'Asti Superiore Nizza""]"
15977,Pesquera,89.5,41.0,89.5,41.0,2,1,['Tempranillo Blend'],Spain,Northern Spain,['Ribera del Duero']
15978,Pessagno,89.6,34.4,90.0,32.0,47,7,"['Chardonnay', 'Syrah', 'Pinot Noir', 'Zinfandel', 'Riesling', 'Sauvignon Blanc', 'Port']",US,California,"['Santa Lucia Highlands', 'Central Coast']"
15979,Pessagno Winery,91.0,24.0,91.0,24.0,1,1,['Zinfandel'],US,California,"['San Benito County', 'Central Coast']"
15980,Pessimist,80.7,11.3,80.0,12.0,3,2,"['Cabernet Sauvignon', 'Chardonnay']",US,California,"['California', 'California Other']"
15981,Pestoni Family,91.0,44.0,91.0,44.0,2,2,"['Cabernet Sauvignon', 'Sauvignon Blanc']",US,California,"['Howell Mountain', 'Napa']"
15982,Petaluma,88.0,15.0,88.0,15.0,1,1,['Shiraz'],Australia,Australia Other,['Australia']
15983,Petaluma,89.1,43.9,89.0,30.0,9,4,"['Chardonnay', 'Champagne Blend', 'Riesling', 'Cabernet Sauvignon-Merlot']",Australia,South Australia,['Piccadilly Valley']
15984,Peteglia,86.5,32.5,86.5,32.5,2,1,['Sangiovese'],Italy,Tuscany,['Montecucco']
15985,Peter Andrew,90.0,52.0,90.0,52.0,1,1,['Bordeaux-style Red Blend'],South Africa,Stellenbosch,[]
15986,Peter Cellars,85.6,29.4,86.0,30.0,22,5,"['Chardonnay', 'Merlot', 'Pinot Noir', 'Cabernet Sauvignon', 'Syrah']",US,California,"['Carneros', 'Napa-Sonoma']"
15987,Peter Franus,89.1,35.0,89.0,35.0,24,11,"['Zinfandel', 'Mourvèdre', 'G-S-M', 'Cabernet Sauvignon', 'Chardonnay', 'Sauvignon Blanc', 'Cabernet Franc', 'Albariño', 'Rhône-style Red Blend', 'Merlot', 'Bordeaux-style Red Blend']",US,California,"['Napa Valley', 'Napa']"
15988,Peter Howland,90.0,27.5,90.0,27.5,2,1,['Chardonnay'],Australia,New South Wales,['Hunter Valley']
15989,Peter Jakob Kühn,90.0,17.0,90.0,17.0,1,1,['Riesling'],Germany,Landwein Rhein,[]
15990,Peter Jakob Kühn,89.9,41.8,89.0,35.0,15,2,"['Riesling', 'Pinot Noir']",Germany,Rheingau,[]
15991,Peter Lauer,92.0,36.5,92.0,36.5,2,1,['Riesling'],Germany,Mosel,[]
15992,Peter Lehmann,88.8,39.0,89.0,37.0,37,7,"['Shiraz', 'Cabernet Sauvignon', 'Red Blend', 'Chardonnay', 'Sémillon', 'White Blend', 'G-S-M']",Australia,South Australia,['Barossa Valley']
15993,Peter McCoy,85.0,45.0,85.0,45.0,1,1,['Chardonnay'],US,California,"['Knights Valley', 'Sonoma']"
15994,Peter Mertes,87.9,13.9,88.0,17.0,7,1,['Riesling'],Germany,Mosel,[]
15995,Peter Mertes,86.2,8.6,86.0,9.0,5,3,"['Riesling', 'Dornfelder', 'White Blend']",Germany,Rheinhessen,[]
15996,Peter Michael Winery,90.7,71.3,90.0,60.0,7,3,"['Chardonnay', 'Cabernet Blend', 'Sauvignon Blanc']",US,California,"['Sonoma County', 'Sonoma']"
15997,Peter Nicolay,89.2,23.0,90.0,20.0,29,1,['Riesling'],Germany,Mosel,[]
15998,Peter Nicolay,87.8,42.8,86.0,16.0,4,1,['Riesling'],Germany,Mosel-Saar-Ruwer,[]
15999,Peter Paul Wines,88.6,45.1,88.0,40.0,20,3,"['Chardonnay', 'Pinot Noir', 'Cabernet Sauvignon']",US,California,"['Russian River Valley', 'Sonoma']"
16000,Peter Weber,85.0,12.0,85.0,12.0,2,2,"['Gewürztraminer', 'Riesling']",France,Alsace,['Alsace']
16001,Peter Zemmer,87.2,19.5,87.0,18.5,18,8,"['Pinot Bianco', 'Riesling', 'Pinot Grigio', 'White Blend', 'Pinot Nero', 'Schiava', 'Lagrein', 'Gewürztraminer']",Italy,Northeastern Italy,['Alto Adige']
16002,Peteroa,80.3,12.0,80.0,12.0,3,3,"['Merlot', 'Pinot Noir', 'Cabernet Sauvignon']",Chile,Central Valley,[]
16003,Peters Family,88.6,44.3,89.0,45.0,22,4,"['Pinot Noir', 'Cabernet Sauvignon', 'Chardonnay', 'Cabernet Blend']",US,California,"['Sonoma Mountain', 'Sonoma']"
16004,Peterson,86.6,27.0,87.0,25.0,19,9,"['Zinfandel', 'Red Blend', 'Sauvignon Blanc', 'Carignane', 'Cabernet Sauvignon', 'Syrah', 'Muscat Blanc', 'Merlot', 'Petit Verdot']",US,California,"['Dry Creek Valley', 'Sonoma']"
16005,Petit & Bajan,92.0,60.0,93.0,60.0,3,2,"['Champagne Blend', 'Chardonnay']",France,Champagne,['Champagne']
16006,Petit Bistro,82.7,10.0,83.0,10.0,3,3,"['Rosé', 'Merlot', 'Pinot Noir']",France,Languedoc-Roussillon,"[""Vin de Pays d'Oc""]"
16007,Petite Sirène,86.4,18.0,87.0,18.0,5,2,"['Bordeaux-style Red Blend', 'Bordeaux-style White Blend']",France,Bordeaux,['Bordeaux']
16008,Petito,91.0,55.0,91.0,55.0,1,1,['Pinot Noir'],US,California,"['Sonoma Coast', 'Sonoma']"
16009,Petra,90.3,61.1,90.0,65.0,12,5,"['Cabernet Sauvignon', 'Merlot', 'Red Blend', 'Sangiovese', 'Cabernet Sauvignon-Merlot']",Italy,Tuscany,['Toscana']
16010,Petrelli,86.0,,86.0,,2,2,"['Red Blend', 'Negroamaro']",Italy,Southern Italy,['Salice Salentino']
16011,Petrolo,89.3,55.7,90.0,47.0,3,2,"['Red Blend', 'Sangiovese']",Italy,Tuscany,['Toscana']
16012,Petroni,86.6,47.3,86.0,45.0,15,6,"['Chardonnay', 'Sangiovese', 'Sauvignon Blanc', 'Syrah', 'Cabernet Sauvignon', 'Red Blend']",US,California,"['Napa Valley', 'Napa']"
16013,Petros Honas,83.0,10.0,83.0,10.0,1,1,['White Blend'],Greece,Lemnos,[]
16014,Petrucco,87.3,16.1,87.0,16.0,11,4,"['Sauvignon', 'Friulano', 'Pinot Grigio', 'Pinot Bianco']",Italy,Northeastern Italy,['Colli Orientali del Friuli']
16015,Petrussa,87.0,20.0,87.0,20.0,7,5,"['Chardonnay', 'Tocai Friulano', 'Sauvignon', 'Friulano', 'Pinot Bianco']",Italy,Northeastern Italy,['Colli Orientali del Friuli']
16016,Pettavel,84.0,25.0,84.0,25.0,1,1,['Cabernet Sauvignon-Cabernet Franc'],Australia,Victoria,['Geelong']
16017,Pewsey Vale,89.9,23.7,90.0,20.0,15,2,"['Riesling', 'Pinot Gris']",Australia,South Australia,['Eden Valley']
16018,Pey-Marin,90.7,32.0,91.0,28.5,10,2,"['Riesling', 'Pinot Noir']",US,California,"['Marin County', 'North Coast']"
16019,Peza do Rei,87.8,18.2,88.0,19.0,4,2,"['Mencía', 'White Blend']",Spain,Galicia,['Ribeira Sacra']
16020,Pezat,86.5,17.9,86.5,18.0,12,3,"['Bordeaux-style Red Blend', 'Bordeaux-style White Blend', 'Sauvignon Blanc']",France,Bordeaux,['Bordeaux']
16021,Pezzi King,87.0,31.6,87.0,25.5,20,5,"['Zinfandel', 'Chardonnay', 'Cabernet Sauvignon', 'Sauvignon Blanc', 'Petite Sirah']",US,California,"['Dry Creek Valley', 'Sonoma']"
16022,Peña Roble,86.5,22.9,86.5,20.5,10,1,['Tempranillo'],Spain,Northern Spain,['Ribera del Duero']
16023,Peñagudo,91.0,24.0,91.0,24.0,1,1,['Tempranillo'],Spain,Northern Spain,['Rioja']
16024,Peñalba Herraiz,87.7,16.0,88.0,16.0,3,3,"['Tempranillo Blend', 'Tempranillo', 'Red Blend']",Spain,Northern Spain,['Ribera del Duero']
16025,Peñalolen,87.0,14.0,87.0,12.0,7,2,"['Sauvignon Blanc', 'Cabernet Franc']",Chile,Casablanca Valley,[]
16026,Peñalolen,84.2,12.2,84.0,12.0,4,1,['Sauvignon Blanc'],Chile,Limarí Valley,[]
16027,Peñalolen,86.5,17.7,87.0,18.0,11,1,['Cabernet Sauvignon'],Chile,Maipo Valley,[]
16028,Peñalolen,87.0,13.0,87.0,13.0,1,1,['Sauvignon Blanc'],Chile,San Antonio,[]
16029,Peñascal,83.8,9.4,83.0,9.0,5,3,"['Sauvignon Blanc', 'Rosé', 'Tempranillo']",Spain,Northern Spain,['Vino de la Tierra de Castilla y León']
16030,Pfeffingen,87.8,22.5,88.0,22.5,4,3,"['Riesling', 'Gewürztraminer', 'Scheurebe']",Germany,Pfalz,[]
16031,Pfeiffer,90.0,18.0,90.0,18.0,1,1,['Muscat'],Australia,Victoria,['Rutherglen']
16032,Pfendler,88.5,42.4,88.0,45.0,8,2,"['Pinot Noir', 'Chardonnay']",US,California,"['Sonoma Coast', 'Sonoma']"
16033,Pflücken,87.8,15.0,88.0,15.0,4,1,['Riesling'],Germany,Mosel,[]
16034,Pflüger,89.2,25.0,89.0,25.5,16,7,"['Red Blend', 'St. Laurent', 'Pinot Noir', 'Chardonnay', 'Pinot Blanc', 'Riesling', 'White Blend']",Germany,Pfalz,[]
16035,Pfneisl United Vineyards,89.0,36.0,89.0,36.0,1,1,['Blaufränkisch'],Austria,Burgenland,[]
16036,Pfneisl United Vineyards,85.5,20.5,85.5,20.5,2,2,"['Cabernet Sauvignon', 'Blaufränkisch']",Austria,Mittelburgenland,[]
16037,Pfneisl United Vineyards,83.0,17.5,83.0,17.5,2,2,"['Kekfrankos', 'Shiraz']",Hungary,Sopron,[]
16038,Pfneiszl,88.0,15.0,88.0,15.0,1,1,['Kekfrankos'],Hungary,Sopron,[]
16039,Phantom Bay,84.0,10.0,84.0,10.0,3,3,"['Chardonnay', 'Cabernet Sauvignon', 'Pinot Noir']",France,France Other,['Vin de France']
16040,Phantom Bay,88.0,11.0,88.0,11.0,1,1,['Sauvignon Blanc'],New Zealand,Marlborough,[]
16041,Phantom Rivers,87.9,26.9,88.0,26.0,7,5,"['Pinot Noir', 'Syrah', 'Red Blend', 'Mourvèdre', 'Merlot']",US,California,"['Edna Valley', 'Central Coast']"
16042,PharaohMoans,91.0,102.5,91.0,95.0,4,2,"['Syrah', 'Rhône-style Red Blend']",US,California,"['Paso Robles', 'Central Coast']"
16043,Pheasant Valley Winery,86.0,27.9,87.0,28.0,7,5,"['Primitivo', 'Cabernet Sauvignon', 'Syrah', 'Tempranillo', 'Red Blend']",US,Oregon,"['Columbia Valley (OR)', 'Oregon Other']"
16044,Pheasant Valley Winery,90.0,15.0,90.0,15.0,1,1,['Chardonnay'],US,Washington,"['Washington', 'Washington Other']"
16045,Pheasant's Tears,90.0,18.0,90.0,18.0,1,1,['Rkatsiteli'],Georgia,Kakheti,[]
16046,Phebus,87.0,24.0,87.0,24.0,1,1,['Malbec'],Argentina,Mendoza Province,['Mendoza']
16047,Phelan Vineyard,90.0,75.0,90.0,75.0,1,1,['Cabernet Sauvignon'],US,California,"['Napa Valley', 'Napa']"
16048,Phelps Creek,89.3,29.6,89.0,26.0,22,8,"['Pinot Noir', 'Pinot Gris', 'Syrah', 'Gewürztraminer', 'Chardonnay', 'Merlot', 'Sauvignon Blanc', 'Red Blend']",US,Oregon,"['Columbia Gorge (OR)', 'Oregon Other']"
16049,Phifer Pavitt,89.3,76.7,88.0,75.0,3,1,['Cabernet Sauvignon'],US,California,"['Napa Valley', 'Napa']"
16050,Philip Carter,83.0,38.0,83.0,38.0,1,1,['Red Blend'],US,Virginia,['Virginia']
16051,Philip Shaw,88.1,30.0,88.0,30.0,12,5,"['Chardonnay', 'Pinot Noir', 'Bordeaux-style Red Blend', 'Sauvignon Blanc', 'Shiraz-Viognier']",Australia,New South Wales,['Orange']
16052,Philip Staley,87.0,17.6,87.0,18.0,5,5,"['Chardonnay', 'Viognier', 'Grenache', 'Zinfandel', 'Mourvèdre']",US,California,"['Russian River Valley', 'Sonoma']"
16053,Philipp Kuhn,92.5,32.0,92.5,32.0,2,2,"['Riesling', 'Spätburgunder']",Germany,Pfalz,[]
16054,Philippe Borlais,89.0,14.0,89.0,14.0,1,1,['Rhône-style White Blend'],France,Rhône Valley,['Côtes du Rhône']
16055,Philippe Colin,92.0,82.2,92.0,76.5,6,2,"['Chardonnay', 'Pinot Noir']",France,Burgundy,['Chassagne-Montrachet']
16056,Philippe Fontaine,89.2,68.2,89.0,67.0,4,2,"['Champagne Blend', 'Chardonnay']",France,Champagne,['Champagne']
16057,Philippe Girard,85.0,26.5,85.0,26.0,4,3,"['Sauvignon Blanc', 'Rosé', 'Pinot Noir']",France,Loire Valley,['Sancerre']
16058,Philippe Gonet,90.0,36.7,90.0,36.0,3,2,"['Chardonnay', 'Champagne Blend']",France,Champagne,['Champagne']
16059,Philippe Jeannot,89.0,30.0,89.0,30.0,2,2,"['Chardonnay', 'Pinot Noir']",France,Burgundy,['Santenay']
16060,Philippe Pacalet,92.7,226.7,92.0,120.0,3,1,['Pinot Noir'],France,Burgundy,['Gevrey-Chambertin']
16061,Philippe Portier,88.0,20.5,88.0,20.5,2,1,['Sauvignon Blanc'],France,Loire Valley,['Quincy']
16062,Philippe Prié,88.0,49.5,88.0,49.5,2,1,['Champagne Blend'],France,Champagne,['Champagne']
16063,Philippe Raguenot,84.0,16.0,84.0,16.0,1,1,['Bordeaux-style Red Blend'],France,Bordeaux,['Blaye Côtes de Bordeaux']
16064,Philippe Viallet,86.9,19.9,86.0,19.0,7,5,"['Roussanne', 'Mondeuse', 'Jacquère', 'Rosé', 'White Blend']",France,France Other,['Vin de Savoie']
16065,Philippe-Lorraine,92.0,20.0,92.0,20.0,2,1,['Cabernet Sauvignon'],US,California,"['Napa Valley', 'Napa']"
16066,Philipponnat,92.2,92.9,92.5,70.0,16,2,"['Champagne Blend', 'Chardonnay']",France,Champagne,['Champagne']
16067,Phillips Hill,91.1,41.0,91.5,40.0,32,3,"['Pinot Noir', 'Tempranillo', 'Riesling']",US,California,"['Anderson Valley', 'Mendocino/Lake Counties']"
16068,Philo Ridge,87.8,23.9,88.0,20.0,25,8,"['Zinfandel', 'Gewürztraminer', 'Pinot Gris', 'Pinot Noir', 'Red Blend', 'Viognier', 'Primitivo', 'Chardonnay']",US,California,"['Mendocino', 'Mendocino/Lake Counties']"
16069,Phipps,87.0,40.0,87.0,36.0,5,3,"['Zinfandel', 'Red Blend', 'Merlot']",US,California,"['Dry Creek Valley', 'Sonoma']"
16070,Phoenix,92.0,28.0,92.0,28.0,1,1,['Cabernet Sauvignon'],US,California,"['Napa Valley', 'Napa']"
16071,Phoenix Ranch,90.7,27.0,91.0,28.0,3,3,"['Cinsault', 'Syrah', 'Viognier']",US,California,"['Lodi', 'Central Valley']"
16072,Piaggia,88.7,40.0,89.0,40.0,3,2,"['Red Blend', 'Cabernet Franc']",Italy,Tuscany,['Carmignano']
16073,Pian dell'Orino,88.0,65.0,90.0,65.0,3,1,['Sangiovese Grosso'],Italy,Tuscany,['Brunello di Montalcino']
16074,Pian delle Querci,89.5,45.0,89.5,45.0,2,1,['Sangiovese'],Italy,Tuscany,['Brunello di Montalcino']
16075,Pian delle Vigne,91.3,85.0,93.0,80.0,3,1,['Sangiovese'],Italy,Tuscany,['Rosso di Montalcino']
16076,PianCornello,90.5,65.5,89.5,70.0,12,2,"['Sangiovese Grosso', 'Sangiovese']",Italy,Tuscany,['Brunello di Montalcino']
16077,Piandibugnano,85.5,26.7,85.5,29.0,4,4,"['Aleatico', 'Red Blend', 'Sangiovese', 'White Blend']",Italy,Tuscany,['Toscana']
16078,Pianetta,87.5,33.8,88.0,34.0,27,9,"['Barbera', 'Petite Sirah', 'Sangiovese', 'Syrah-Cabernet Sauvignon', 'Red Blend', 'Zinfandel', 'Syrah', 'Cabernet Sauvignon', 'Syrah-Cabernet']",US,California,"['Santa Barbara County', 'Central Coast']"
16079,Pianirossi,86.0,20.0,86.0,20.0,1,1,['Red Blend'],Italy,Tuscany,['Montecucco']
16080,Piantate Lunghe,85.7,29.0,85.0,29.0,3,2,"['Red Blend', 'Montepulciano']",Italy,Central Italy,['Rosso Conero']
16081,Piattelli,86.8,18.8,87.0,17.0,28,6,"['Bordeaux-style Red Blend', 'Malbec', 'Cabernet Sauvignon', 'Red Blend', 'Chardonnay', 'Rosé']",Argentina,Mendoza Province,['Luján de Cuyo']
16082,Piattelli,86.5,16.6,87.5,16.5,8,2,"['Malbec', 'Torrontés']",Argentina,Other,['Cafayate']
16083,Piazzano,86.8,22.6,87.0,21.0,10,5,"['Syrah', 'Sangiovese', 'Red Blend', 'Colorino', 'White Blend']",Italy,Tuscany,['Colli della Toscana Centrale']
16084,Piazzo Armando,90.2,38.9,90.0,40.0,18,2,"['Nebbiolo', 'Moscato']",Italy,Piedmont,['Barolo']
16085,Picardy,87.3,27.8,87.0,27.5,6,3,"['Pinot Noir', 'Bordeaux-style Red Blend', 'Chardonnay']",Australia,Western Australia,['Pemberton']
16086,Picayune,86.7,26.3,86.0,29.0,3,3,"['Bordeaux-style Red Blend', 'Pinot Noir', 'Sauvignon Blanc']",US,California,"['Napa Valley', 'Napa']"
16087,Picazo,89.0,73.0,89.0,80.0,5,4,"['Merlot-Cabernet Sauvignon', 'Sauvignon Blanc', 'Cabernet Sauvignon', 'Merlot']",US,California,"['California', 'California Other']"
16088,Picciau,84.0,13.0,84.0,13.0,1,1,['Vermentino'],Italy,Sicily & Sardinia,['Vermentino di Sardegna']
16089,Piccini,85.0,10.0,85.0,10.0,1,1,['Red Blend'],Italy,Italy Other,['Italy']
16090,Piccini,83.0,,83.0,,1,1,"[""Nero d'Avola""]",Italy,Sicily & Sardinia,['Sicilia']
16091,Piccini,87.1,26.1,87.0,16.0,47,4,"['Sangiovese', 'Red Blend', 'Sangiovese Grosso', 'White Blend']",Italy,Tuscany,['Brunello di Montalcino']
16092,Piccoli,88.0,32.0,88.0,32.0,2,1,['Red Blend'],Italy,Veneto,['Amarone della Valpolicella']
16093,Piccolo,86.5,25.0,86.5,25.0,2,2,"['Ribolla Gialla', 'Zinfandel']",US,California,"['Russian River Valley', 'Sonoma']"
16094,Pichard & Jourdan,87.0,,87.0,,1,1,['Cabernet Franc'],France,Loire Valley,['Chinon']
16095,Pichler-Krutzler,93.0,42.1,94.0,43.5,14,2,"['Riesling', 'Grüner Veltliner']",Austria,Wachau,[]
16096,Picket Fence,85.5,18.6,85.0,17.0,15,6,"['Chardonnay', 'Pinot Noir', 'Cabernet Sauvignon', 'Red Blend', 'Malbec', 'Sauvignon Blanc']",US,California,"['Russian River Valley', 'Sonoma']"
16097,Picnic at Pomar Junction,82.0,15.0,82.0,15.0,1,1,['Chardonnay'],US,California,"['Paso Robles', 'Central Coast']"
16098,Pico Cuadro,86.7,21.7,85.0,15.0,3,2,"['Tempranillo', 'Verdejo']",Spain,Northern Spain,['Ribera del Duero']
16099,Pico Maccario,87.2,17.0,87.0,14.5,16,4,"['Chardonnay', 'Barbera', 'White Blend', 'Red Blend']",Italy,Piedmont,['Piedmont']
16100,Pico Madama,89.0,36.0,89.0,36.0,1,1,['Red Blend'],Spain,Levante,['Jumilla']
16101,Picolino,88.5,17.5,88.5,17.5,2,1,['Red Blend'],Spain,Catalonia,['Priorat']
16102,Picos Pardos,85.5,18.5,85.5,18.5,2,2,"['Garnacha', 'Grenache Blend']",Spain,Northern Spain,['Calatayud']
16103,Pictor,89.7,45.7,90.0,30.0,3,1,['Tinta de Toro'],Spain,Northern Spain,['Toro']
16104,Piedra Creek,83.8,25.6,84.0,24.0,5,3,"['Zinfandel', 'Red Blend', 'Pinot Noir']",US,California,"['Paso Robles', 'Central Coast']"
16105,Piedra Hill,92.5,47.0,92.5,47.0,2,1,['Cabernet Sauvignon'],US,California,"['Howell Mountain', 'Napa']"
16106,Piedrasassi,91.3,46.0,91.0,46.0,3,1,['Syrah'],US,California,"['California', 'California Other']"
16107,Piegaia,85.0,19.0,85.0,16.0,3,1,['Sangiovese'],Italy,Tuscany,['Chianti Classico']
16108,Pier,87.2,57.5,87.5,50.0,8,2,"['Nebbiolo', 'Barbera']",Italy,Piedmont,['Barbaresco']
16109,Piera Martellozzo,84.0,18.0,84.0,18.0,1,1,['Ribolla Gialla'],Italy,Italy Other,['Vino Spumante']
16110,Piera Martellozzo,85.5,16.9,86.0,16.5,14,10,"['Red Blend', 'Malvasia', 'Pinot Grigio', 'Sauvignon', 'Sparkling Blend', 'Müller-Thurgau', 'Ribolla Gialla', 'Refosco', 'Traminer', 'Cabernet Franc']",Italy,Northeastern Italy,['Friuli Grave']
16111,Piera Martellozzo,85.5,15.8,85.0,15.0,11,2,"['Glera', 'Sparkling Blend']",Italy,Veneto,['Prosecco']
16112,Pierluigi Zampaglione,83.0,10.0,83.0,10.0,2,1,['Fiano'],Italy,Southern Italy,['Campania']
16113,Piero Busso,89.9,63.7,90.0,60.0,8,1,['Nebbiolo'],Italy,Piedmont,['Barbaresco']
16114,Piero Mancini,88.7,16.0,89.0,16.0,3,2,"['Vermentino', 'Cannonau']",Italy,Sicily & Sardinia,['Vermentino di Gallura']
16115,Pieropan,90.5,36.9,91.0,30.0,32,4,"['White Blend', 'Corvina, Rondinella, Molinara', 'Garganega', 'Red Blend']",Italy,Veneto,['Soave Classico']
16116,Pierpaolo Pecorari,84.5,17.5,84.5,17.5,2,2,"['Pinot Grigio', 'Sauvignon Blanc']",Italy,Northeastern Italy,['Venezia Giulia']
16117,Pierre Amadieu,90.3,36.3,91.0,35.0,3,1,['Rhône-style Red Blend'],France,Rhône Valley,['Gigondas']
16118,Pierre André,88.5,47.7,89.0,36.0,31,2,"['Pinot Noir', 'Chardonnay']",France,Burgundy,['Savigny-lès-Beaune']
16119,Pierre Archambault,90.0,20.0,90.0,20.0,1,1,['Sauvignon Blanc'],France,Loire Valley,['Sancerre']
16120,Pierre Besinet,81.5,,81.5,,2,2,"['Merlot-Syrah', 'Chardonnay-Sauvignon']",France,Languedoc-Roussillon,"[""Vin de Pays d'Oc""]"
16121,Pierre Boniface,84.5,18.0,84.5,18.0,2,2,"['White Blend', 'Sparkling Blend']",France,France Other,['Apremont']
16122,Pierre Chainier,83.0,8.0,83.0,8.0,1,1,['Syrah'],France,Languedoc-Roussillon,"[""Vin de Pays d'Oc""]"
16123,Pierre Chainier,85.4,13.0,85.0,13.0,9,3,"['Melon', 'Sauvignon Blanc', 'Chenin Blanc']",France,Loire Valley,['Muscadet Sèvre et Maine']
16124,Pierre Chardigny,85.0,23.5,85.0,23.5,2,1,['Chardonnay'],France,Burgundy,['Saint-Véran']
16125,Pierre Cornu Camus,87.0,33.3,88.0,30.0,3,1,['Pinot Noir'],France,Burgundy,['Savigny-lès-Beaune']
16126,Pierre Coursodon,89.0,25.0,89.0,25.0,1,1,['Syrah'],France,Rhône Valley,['Saint-Joseph']
16127,Pierre Deschamps,83.0,15.0,83.0,15.0,1,1,['Riesling'],France,Alsace,['Alsace']
16128,Pierre Dupond,85.5,8.0,85.5,8.0,2,1,['Gamay'],France,Beaujolais,['Beaujolais']
16129,Pierre Ferraud et Fils,87.0,,87.0,,1,1,['Gamay'],France,Beaujolais,['Beaujolais-Villages']
16130,Pierre Gaillard,91.0,25.0,91.0,25.0,1,1,['Rhône-style Red Blend'],France,Languedoc-Roussillon,['Faugères']
16131,Pierre Gaillard,89.0,28.0,89.0,28.0,1,1,['Roussanne'],France,Rhône Valley,['Saint-Joseph']
16132,Pierre Gerbais,92.0,62.6,92.0,61.0,5,4,"['Pinot Blanc', 'Chardonnay', 'Champagne Blend', 'Pinot Noir']",France,Champagne,['Champagne']
16133,Pierre Gimonnet et Fils,91.9,65.0,92.0,64.5,29,2,"['Champagne Blend', 'Chardonnay']",France,Champagne,['Champagne']
16134,Pierre Gonon,90.0,36.0,90.0,36.0,1,1,['Rhône-style White Blend'],France,Rhône Valley,['Saint-Joseph']
16135,Pierre Gruber,85.2,17.3,84.5,19.0,6,4,"['White Blend', 'Pinot Noir-Gamay', 'Chardonnay', 'Pinot Noir']",France,Burgundy,['Coteaux Bourguignons']
16136,Pierre Henri Morel,90.6,39.4,91.0,30.0,8,4,"['Rhône-style White Blend', 'Rhône-style Red Blend', 'G-S-M', 'Grenache']",France,Rhône Valley,['Côtes du Rhône Villages']
16137,Pierre Jacolin,85.5,20.0,85.5,20.0,2,1,['Sauvignon Blanc'],France,Loire Valley,['Menetou-Salon']
16138,Pierre Jean,83.0,7.0,83.0,7.0,1,1,['Merlot'],France,Languedoc-Roussillon,"[""Vin de Pays de L'Aude""]"
16139,Pierre Merguey,89.2,32.8,90.0,31.0,4,1,['Chardonnay'],France,Burgundy,['Pouilly-Fuissé']
16140,Pierre Moncuit,90.0,59.4,89.0,50.0,7,1,['Chardonnay'],France,Champagne,['Champagne']
16141,Pierre Morey,89.1,76.3,89.0,81.5,21,3,"['Chardonnay', 'Pinot Noir', 'Aligoté']",France,Burgundy,['Meursault']
16142,Pierre Morin,90.4,26.0,91.0,25.0,8,3,"['Sauvignon Blanc', 'Pinot Noir', 'Rosé']",France,Loire Valley,['Sancerre']
16143,Pierre Moulin,84.5,13.0,84.5,13.0,2,2,"['Chardonnay', 'Pinot Noir']",France,France Other,['Vin de France']
16144,Pierre Olivier,84.3,,85.0,,3,1,['Pinot Noir'],France,Burgundy,['Côtes de Nuits Villages']
16145,Pierre Ponnelle,83.0,13.0,83.0,13.0,1,1,['Pinot Noir'],France,Languedoc-Roussillon,"[""Vin de Pays d'Oc""]"
16146,Pierre Prieur et Fils,87.5,23.0,87.0,23.0,4,2,"['Sauvignon Blanc', 'Rosé']",France,Loire Valley,['Sancerre']
16147,Pierre Péters,90.7,58.0,90.0,58.0,3,2,"['Chardonnay', 'Champagne Blend']",France,Champagne,['Champagne']
16148,Pierre Qui Roule,87.0,10.0,87.0,10.0,1,1,['Rosé'],France,Languedoc-Roussillon,"[""Pays d'Oc""]"
16149,Pierre Sparr,87.0,22.1,87.0,18.0,78,9,"['Gewürztraminer', 'Alsace white blend', 'Riesling', 'White Blend', 'Pinot Gris', 'Pinot Blanc', 'Sparkling Blend', 'Pinot Noir', 'Pinot Blanc-Pinot Noir']",France,Alsace,['Alsace']
16150,Pierre Sparr,83.5,13.0,83.5,13.0,2,1,['Sparkling Blend'],France,France Other,['Vin Mousseux']
16151,Pierre Vessigaud,89.5,30.2,89.5,30.0,4,1,['Chardonnay'],France,Burgundy,['Pouilly-Fuissé']
16152,Pierre and Charles Sparr,86.4,15.0,86.0,14.0,10,5,"['Riesling', 'Pinot Gris', 'Gewürztraminer', 'Pinot Blanc', 'Pinot Noir']",France,Alsace,['Alsace']
16153,Pierre-Luc Bouchaud,87.7,14.3,88.0,15.0,3,1,['Melon'],France,Loire Valley,['Muscadet Sèvre et Maine']
16154,Pierre-Yves et Olivier Fichet,85.0,18.0,85.0,19.0,3,1,['Chardonnay'],France,Burgundy,[]
16155,Pierrick Harang,84.0,,84.0,,1,1,['Rosé'],France,Languedoc-Roussillon,"[""Pays d'Oc""]"
16156,Piersanti,86.0,10.0,86.0,10.0,1,1,['Verdicchio'],Italy,Central Italy,['Verdicchio dei Castelli di Jesi Classico']
16157,Pietra Santa,84.0,21.4,84.0,18.0,43,12,"['Merlot', 'Cabernet Sauvignon', 'Red Blend', 'Pinot Grigio', 'Sangiovese', 'Chardonnay', 'Cabernet Blend', 'Zinfandel', 'Dolcetto', 'Pinot Noir', 'Bordeaux-style Red Blend', 'Sangiovese-Cabernet Sauvignon']",US,California,"['Cienega Valley', 'Central Coast']"
16158,Pietracolata,82.0,10.0,82.0,10.0,1,1,['White Blend'],Italy,Central Italy,['Orvieto Classico']
16159,Pietracupa,89.2,33.7,89.0,28.0,4,3,"['Aglianico', 'Fiano', 'Greco']",Italy,Southern Italy,['Taurasi']
16160,Pietradolce,91.3,45.1,91.5,35.0,10,3,"['Carricante', 'Nerello Mascalese', 'Rosato']",Italy,Sicily & Sardinia,['Etna']
16161,Pietrafitta,86.6,17.9,86.5,17.0,14,4,"['Sangiovese', 'White Blend', 'Vernaccia', 'Red Blend']",Italy,Tuscany,['Toscana']
16162,Pietralta,88.5,22.0,88.5,22.0,2,2,"['Sangiovese', 'Red Blend']",Italy,Tuscany,['Chianti']
16163,Pietranera,90.0,53.3,90.0,52.5,9,2,"['Sangiovese', 'Sangiovese Grosso']",Italy,Tuscany,['Brunello di Montalcino']
16164,Pietraventosa,91.0,25.0,91.0,25.0,1,1,['Rosato'],Italy,Southern Italy,['Murgia']
16165,Pietro Beconcini,88.3,27.8,88.0,20.5,17,4,"['Red Blend', 'Tempranillo', 'Sangiovese', 'White Blend']",Italy,Tuscany,['Toscana']
16166,Pietro Caciorgna,89.5,46.8,89.5,53.0,4,1,['Red Blend'],Italy,Sicily & Sardinia,['Etna']
16167,Pietro Clementi,85.6,44.0,85.0,44.0,5,1,"['Corvina, Rondinella, Molinara']",Italy,Veneto,['Amarone della Valpolicella Classico']
16168,Pietro Rinaldi,89.9,52.1,90.0,51.0,13,2,"['Nebbiolo', 'Dolcetto']",Italy,Piedmont,['Barolo']
16169,Pietro Zardini,89.0,41.9,89.5,40.0,12,2,"['Corvina, Rondinella, Molinara', 'Red Blend']",Italy,Veneto,['Amarone della Valpolicella']
16170,Pietroso,89.7,48.8,90.0,55.0,10,2,"['Sangiovese Grosso', 'Sangiovese']",Italy,Tuscany,['Brunello di Montalcino']
16171,Pievalta,87.8,25.2,88.0,25.0,5,1,['Verdicchio'],Italy,Central Italy,['Verdicchio dei Castelli di Jesi Classico Superiore']
16172,Pieve Santa Restituta,92.7,158.6,92.0,160.0,7,2,"['Sangiovese Grosso', 'Sangiovese']",Italy,Tuscany,['Brunello di Montalcino']
16173,Pieve Santo Stefano,87.5,28.0,87.5,28.0,2,1,['Red Blend'],Italy,Tuscany,['Toscana']
16174,Pieve Vecchia,87.2,17.0,87.0,18.0,13,6,"['Syrah', 'Rosé', 'Red Blend', 'White Blend', 'Sangiovese', 'Vermentino']",Italy,Tuscany,['Maremma']
16175,Pieve de' Pitti,86.8,20.0,87.0,20.5,6,3,"['Sangiovese', 'Trebbiano', 'Red Blend']",Italy,Tuscany,['Chianti Superiore']
16176,Pig & Poke,88.0,16.0,88.0,16.0,1,1,['Merlot'],US,California,"['Napa Valley', 'Napa']"
16177,Piggy Bank,84.0,12.7,83.0,13.0,3,2,"['Syrah', 'Sauvignon Blanc']",Chile,Elqui Valley,[]
16178,Pighin,86.7,18.8,87.0,18.0,12,3,"['Pinot Grigio', 'Sauvignon', 'White Blend']",Italy,Northeastern Italy,['Collio']
16179,Pigro,82.0,15.0,82.0,15.0,1,1,['Montepulciano'],Italy,Central Italy,"[""Montepulciano d'Abruzzo""]"
16180,Pike Road,89.0,17.0,89.0,17.0,2,2,"['Pinot Noir', 'Pinot Gris']",US,Oregon,"['Willamette Valley', 'Willamette Valley']"
16181,Pikes,88.4,25.3,89.0,23.0,15,5,"['Riesling', 'Red Blend', 'White Blend', 'Sangiovese', 'Shiraz']",Australia,South Australia,['Clare Valley']
16182,Piko,87.0,16.0,87.0,16.0,1,1,['Sauvignon Blanc'],New Zealand,Marlborough,[]
16183,Piko,88.0,18.0,88.0,18.0,1,1,['Pinot Noir'],New Zealand,South Island,[]
16184,Pilandro,89.0,18.0,89.0,18.0,1,1,['Turbiana'],Italy,Lombardy,['Lugana']
16185,Piližota,88.0,21.0,88.0,22.0,3,2,"['Red Blend', 'Babić']",Croatia,North Dalmatia,[]
16186,Pillar Rock,93.0,125.0,93.0,125.0,1,1,['Cabernet Sauvignon'],US,California,"['Stags Leap District', 'Napa']"
16187,Pillitteri,87.9,44.1,87.0,45.0,15,6,"['Gewürztraminer-Riesling', 'Vidal Blanc', 'Cabernet Sauvignon', 'Vidal', 'Riesling', 'Cabernet Franc']",Canada,Ontario,['Niagara-On-The-Lake']
16188,Pillsbury,85.8,32.7,86.0,32.0,9,8,"['Chenin Blanc', 'Petite Sirah', 'Pinot Gris', 'Chardonnay', 'Symphony', 'Red Blend', 'Rhône-style Red Blend', 'Viognier']",US,Arizona,['Cochise County']
16189,Pinanfarina,84.0,55.0,84.0,55.0,1,1,['Bordeaux-style Red Blend'],US,California,"['Napa Valley', 'Napa']"
16190,Pindal,83.0,10.0,83.0,10.0,1,1,['Torrontés'],Argentina,Mendoza Province,['Mendoza']
16191,Pindar Vineyards,86.0,20.2,86.0,19.0,16,10,"['Merlot', 'Johannisberg Riesling', 'Chardonnay', 'Syrah', 'Port', 'Viognier', 'Cabernet Sauvignon', 'Red Blend', 'Riesling', 'Sauvignon Blanc']",US,New York,"['North Fork of Long Island', 'Long Island']"
16192,Pine & Brown,90.1,57.7,91.0,60.0,7,4,"['Sauvignon Blanc', 'Cabernet Sauvignon', 'Bordeaux-style Red Blend', 'Red Blend']",US,California,"['Napa Valley', 'Napa']"
16193,Pine & Post,85.4,7.0,86.0,7.0,13,5,"['Chardonnay', 'Merlot', 'Cabernet Sauvignon', 'Red Blend', 'Riesling']",US,Washington,"['Washington', 'Washington Other']"
16194,Pine Crest,85.0,14.2,84.5,14.5,4,3,"['Chardonnay', 'Cabernet Sauvignon', 'Pinotage']",South Africa,Coastal Region,[]
16195,Pine Ridge,88.6,70.9,88.0,62.0,56,7,"['Cabernet Sauvignon', 'Chardonnay', 'Bordeaux-style Red Blend', 'White Blend', 'Red Blend', 'Merlot', 'Chenin Blanc-Viognier']",US,California,"['Napa Valley', 'Napa']"
16196,Pingao,87.0,13.0,87.0,13.0,2,1,['Tempranillo'],Spain,Northern Spain,['Rioja']
16197,Pingón,89.2,37.5,89.5,36.5,4,1,['Tempranillo Blend'],Spain,Northern Spain,['Ribera del Duero']
16198,Pinhal da Torre,91.0,25.7,92.0,29.0,3,3,"['Touriga Nacional', 'Touriga Nacional Blend', 'Portuguese Red']",Portugal,Ribatejano,[]
16199,Pinhal da Torre,89.7,23.3,89.0,24.0,3,3,"['Touriga Nacional', 'Portuguese Red', 'Fernão Pires']",Portugal,Ribatejo,[]
16200,Pinhal da Torre,88.9,16.8,90.0,13.5,14,6,"['Portuguese White', 'Portuguese Red', 'Touriga Nacional Blend', 'Fernão Pires', 'Syrah', 'Touriga Nacional']",Portugal,Tejo,[]
16201,Pininfarina,90.0,95.0,90.0,95.0,1,1,['Red Blend'],US,California,"['Napa Valley', 'Napa']"
16202,Pinino,89.1,39.1,88.0,45.0,17,2,"['Sangiovese', 'Sangiovese Grosso']",Italy,Tuscany,['Brunello di Montalcino']
16203,Pink Flamingo,85.0,9.0,85.0,9.0,1,1,['Rosé'],France,Languedoc-Roussillon,['Vin de Pays des Sables du Golfe du Lion']
16204,Pink Truck,82.0,9.0,82.0,9.0,1,1,['Rosé'],US,California,"['California', 'California Other']"
16205,Pink by Yellowglen,84.0,12.0,84.0,12.0,1,1,['Champagne Blend'],Australia,Australia Other,['South Eastern Australia']
16206,Pino,86.8,19.0,87.0,19.0,4,2,"['Pinot Noir', 'Pinot Gris']",US,Oregon,"['Oregon', 'Oregon Other']"
16207,Pinord,86.5,24.2,87.0,18.5,22,6,"['Tempranillo', 'Sparkling Blend', 'Cabernet Sauvignon', 'Red Blend', 'Rosé', 'White Blend']",Spain,Catalonia,['Penedès']
16208,Pinord,87.0,15.0,87.0,15.0,1,1,['Tempranillo'],Spain,Northern Spain,['Ribera del Duero']
16209,Pinord,86.0,13.0,86.0,13.0,1,1,['Moscato'],Spain,Spain Other,['Spain']
16210,Pinot Evil,85.0,15.0,85.0,15.0,1,1,['Pinot Noir'],US,California,"['Edna Valley', 'Central Coast']"
16211,Pinot Patch,86.3,14.7,87.0,14.0,3,3,"['Rosé', 'Pinot Noir', 'Pinot Grigio']",US,California,"['Sonoma County', 'Sonoma']"
16212,Pinot d'Oro,85.0,26.0,85.0,26.0,1,1,['Pinot Noir'],US,California,"['Monterey County', 'Central Coast']"
16213,Pintia,92.0,65.0,92.5,69.0,4,2,"['Tempranillo', 'Tinta de Toro']",Spain,Northern Spain,['Toro']
16214,Pinuaga,84.0,16.0,84.0,16.0,1,1,['Tempranillo'],Spain,Central Spain,['Vino de la Tierra de Castilla']
16215,Pio Cesare,89.5,59.7,90.0,60.0,53,6,"['Nebbiolo', 'Barbera', 'Dolcetto', 'Arneis', 'Chardonnay', 'Cortese']",Italy,Piedmont,['Barolo']
16216,Pio Wines,86.0,,86.0,,1,1,['Sangiovese'],Italy,Tuscany,['Chianti']
16217,Piocho,90.8,29.2,90.5,28.5,4,2,"['Sauvignon Blanc', 'Bordeaux-style Red Blend']",US,California,"['Happy Canyon of Santa Barbara', 'Central Coast']"
16218,Pioiero,86.3,23.0,87.0,23.0,3,2,"['Arneis', 'Nebbiolo']",Italy,Piedmont,['Roero Arneis']
16219,Piollot Père et Fils,88.5,47.5,88.5,47.5,2,2,"['Pinot Noir', 'Pinot Blanc']",France,Champagne,['Champagne']
16220,Piombaia Rossi-Cantini,89.0,57.0,89.0,57.0,1,1,['Sangiovese Grosso'],Italy,Tuscany,['Brunello di Montalcino']
16221,Piot-Sévillano,87.7,,87.0,,3,1,['Champagne Blend'],France,Champagne,['Champagne']
16222,Piper Sonoma,86.0,17.2,85.5,17.0,4,1,['Sparkling Blend'],US,California,"['Sonoma County', 'Sonoma']"
16223,Piper-Heidsieck,89.8,64.9,89.5,50.0,24,1,['Champagne Blend'],France,Champagne,['Champagne']
16224,Pipers Brook Vineyard Estate,87.0,19.0,87.0,19.0,1,1,['Riesling'],Australia,Tasmania,['Tasmania']
16225,Pipestone Vineyards,86.5,35.0,86.5,35.0,2,2,"['Cabernet Sauvignon-Syrah', 'G-S-M']",US,California,"['Paso Robles', 'Central Coast']"
16226,Pipeta,89.0,17.0,89.0,17.0,1,1,['Verdejo'],Spain,Northern Spain,['Rueda']
16227,Piping Shrike,88.5,15.5,88.5,15.5,2,1,['Shiraz'],Australia,South Australia,['Barossa Valley']
16228,Pippin Hill Farm,86.0,24.0,86.0,24.0,2,2,"['Sauvignon Blanc', 'Viognier']",US,Virginia,['Monticello']
16229,Piquentum,84.8,20.3,86.0,20.0,6,2,"['Malvasia', 'Teran']",Croatia,Istria,[]
16230,Pirathon,93.0,30.0,93.0,30.0,1,1,['Shiraz'],Australia,South Australia,['Barossa Valley']
16231,Pircas Negras,83.3,10.7,84.0,10.0,3,2,"['Cabernet Sauvignon', 'Torrontés']",Argentina,Other,['Famatina Valley']
16232,Piro,93.7,40.0,93.0,44.0,3,1,['Pinot Noir'],US,California,"['Santa Maria Valley', 'Central Coast']"
16233,Piro Piro Piccolo,88.0,20.0,88.0,20.0,1,1,['Pinot Grigio'],US,California,"['Santa Barbara County', 'Central Coast']"
16234,Pirouette,92.5,58.1,92.0,55.0,13,2,"['Bordeaux-style Red Blend', 'Red Blend']",US,Washington,"['Columbia Valley (WA)', 'Columbia Valley']"
16235,Pirro Varone,88.3,25.0,88.0,27.0,3,3,"['Red Blend', 'Fiano', 'Primitivo']",Italy,Southern Italy,['Salento']
16236,Pisa Range,86.5,32.5,86.5,32.5,2,1,['Pinot Noir'],New Zealand,Central Otago,[]
16237,Pisano,87.0,21.8,87.5,18.5,12,4,"['Tannat', 'Pinot Noir', 'Cabernet Sauvignon', 'Tannat-Merlot']",Uruguay,Progreso,[]
16238,Pisano Arretxea,88.0,46.0,88.0,46.0,1,1,['Red Blend'],Uruguay,Progreso,[]
16239,Pisoni,87.4,24.0,87.0,20.0,7,3,"['White Blend', 'Nosiola', 'Rebo']",Italy,Northeastern Italy,['Vigneti delle Dolomiti']
16240,Pisoni,92.6,60.0,93.0,60.0,7,1,['Pinot Noir'],US,California,"['Santa Lucia Highlands', 'Central Coast']"
16241,Pitars,85.8,14.0,86.0,14.0,5,3,"['Pinot Grigio', 'Chardonnay', 'Friulano']",Italy,Northeastern Italy,['Friuli Grave']
16242,Pitars,86.0,17.0,86.0,17.0,3,2,"['Glera', 'Prosecco']",Italy,Veneto,['Prosecco']
16243,Pittacum,90.0,37.0,91.0,34.5,8,3,"['Mencía', 'Rosado', 'Garnacha Tintorera']",Spain,Northern Spain,['Bierzo']
16244,Pittnauer,90.0,35.0,90.0,35.0,1,1,['White Blend'],Austria,Austria,[]
16245,Pittnauer,89.9,42.3,89.0,48.0,11,4,"['St. Laurent', 'Red Blend', 'Pinot Noir', 'Blaufränkisch']",Austria,Burgenland,[]
16246,Pittsburgh,85.0,55.0,85.0,55.0,1,1,['Cabernet Sauvignon'],US,California,"['Napa Valley', 'Napa']"
16247,Piziali,90.0,32.0,90.0,32.0,1,1,['Sauvignon Blanc'],US,California,"['Lake County', 'Mendocino/Lake Counties']"
16248,Pizzato,85.0,50.0,85.0,50.0,1,1,['Merlot'],Brazil,Vale dos Vinhedos,[]
16249,Pizzolato,84.8,12.8,84.5,12.0,26,10,"['Glera', 'White Blend', 'Red Blend', 'Pinot Grigio', 'Chardonnay', 'Cabernet Sauvignon', 'Merlot', 'Cabernet', 'Prosecco', 'Sparkling Blend']",Italy,Veneto,['Prosecco']
16250,Pizzorno,89.0,20.0,89.0,20.0,2,2,"['Tannat', 'Red Blend']",Uruguay,Canelones,[]
16251,Pizzorno,91.0,50.0,91.0,50.0,1,1,['Red Blend'],Uruguay,Uruguay,[]
16252,Piña,91.5,79.5,92.0,85.0,31,2,"['Cabernet Sauvignon', 'Chardonnay']",US,California,"['Rutherford', 'Napa']"
16253,Placido,86.0,9.0,86.0,9.0,1,1,['Pinot Grigio'],Italy,Northeastern Italy,['Delle Venezie']
16254,Placido,89.0,8.0,89.0,8.0,1,1,['Sangiovese'],Italy,Tuscany,['Chianti']
16255,Plaisance Ranch,87.7,27.1,87.0,25.0,31,13,"['Mondeuse', 'Chardonnay', 'Red Blend', 'Syrah', 'Merlot', 'Mourvèdre', 'Carmenère', 'Cabernet Franc', 'Pinot Noir', 'Petite Sirah', 'Bordeaux-style Red Blend', 'Tempranillo', 'Malbec']",US,Oregon,"['Applegate Valley', 'Southern Oregon']"
16256,Plaisir De Merle,87.2,22.0,87.0,23.5,5,4,"['Chardonnay', 'Merlot', 'Shiraz', 'Cabernet Sauvignon']",South Africa,Paarl,[]
16257,Plaisir De Merle,87.0,,87.0,,1,1,['Sauvignon Blanc'],South Africa,Western Cape,[]
16258,Plan B,84.0,34.0,84.0,36.0,3,3,"['Syrah', 'Zinfandel', 'Grenache']",US,California,"['Santa Ynez Valley', 'Central Coast']"
16259,Planeta,89.6,32.3,90.0,39.0,99,14,"['Frappato', 'Moscato', 'White Blend', ""Nero d'Avola"", 'Carricante', 'Fiano', 'Nerello Mascalese', 'Red Blend', 'Chardonnay', 'Grecanico', 'Syrah', 'Merlot', 'Rosé', 'Moscato di Noto']",Italy,Sicily & Sardinia,['Vittoria']
16260,Plantagenet,88.2,19.6,88.0,20.0,42,10,"['Pinot Noir', 'Cabernet Sauvignon', 'Sauvignon Blanc', 'Riesling', 'Chardonnay', 'Semillon-Sauvignon Blanc', 'Sauvignon Blanc-Semillon', 'Shiraz', 'Chenin Blanc', 'Shiraz-Viognier']",Australia,Western Australia,['Western Australia']
16261,Platform 9,82.0,18.7,82.0,19.0,3,1,['Merlot'],US,California,"['California', 'California Other']"
16262,Playtime,85.5,13.0,85.5,13.0,2,2,"['Red Blend', 'Chardonnay']",US,California,['Lake County']
16263,Plaza de Mulas,84.0,8.0,84.0,8.0,1,1,['Chardonnay'],Argentina,Mendoza Province,['Mendoza']
16264,Pleil,85.8,15.7,86.0,15.0,4,3,"['Riesling', 'Grüner Veltliner', 'Zweigelt']",Austria,Niederösterreich,[]
16265,Pleil,87.0,,87.0,,2,1,['Grüner Veltliner'],Austria,Weinviertel,[]
16266,Plowbuster,87.0,20.0,87.0,20.0,4,1,['Pinot Noir'],US,Oregon,"['Willamette Valley', 'Willamette Valley']"
16267,Plozner,86.7,18.2,87.0,17.0,21,5,"['Friulano', 'Chardonnay', 'Pinot Grigio', 'Sauvignon', 'Tocai']",Italy,Northeastern Italy,['Friuli Grave']
16268,Plozner,83.0,9.0,83.0,9.0,1,1,['Glera'],Italy,Veneto,['Prosecco']
16269,Plozza,89.8,60.0,90.0,60.0,4,1,['Nebbiolo'],Italy,Lombardy,['Valtellina Superiore']
16270,Plumb Cellars,88.5,28.8,89.0,26.0,11,6,"['Bordeaux-style Red Blend', 'Syrah', 'Sangiovese', 'Red Blend', 'Cabernet Sauvignon', 'Viognier']",US,Washington,"['Columbia Valley (WA)', 'Columbia Valley']"
16271,Plumia,92.0,24.0,92.0,24.0,1,1,['Red Blend'],Spain,Spanish Islands,['Vi de la Terra Mallorca']
16272,Plumpjack,89.4,67.6,90.0,68.0,5,2,"['Chardonnay', 'Cabernet Sauvignon']",US,California,"['Napa Valley', 'Napa']"
16273,Plungerhead,86.4,16.8,86.0,16.0,19,2,"['Zinfandel', 'Cabernet Sauvignon']",US,California,"['Lodi', 'Central Valley']"
16274,Plush,81.0,8.0,81.0,8.0,1,1,['Red Blend'],US,California,"['California', 'California Other']"
16275,Plush,86.0,50.0,86.0,50.0,1,1,['Pinot Noir'],US,Oregon,"['Willamette Valley', 'Willamette Valley']"
16276,Pluvium,84.3,9.3,84.0,9.0,3,3,"['Rosado', 'Merseguera-Sauvignon Blanc', 'Bobal-Cabernet Sauvignon']",Spain,Levante,['Valencia']
16277,PoderNuovo a Palazzone,88.4,28.4,89.0,27.0,7,2,"['Sangiovese', 'Red Blend']",Italy,Tuscany,['Toscana']
16278,Podere Brizio,91.8,70.6,91.5,67.5,16,3,"['Sangiovese', 'Sangiovese Grosso', 'Red Blend']",Italy,Tuscany,['Brunello di Montalcino']
16279,Podere Brizio Roberto Bellini,92.0,,92.0,,1,1,['Red Blend'],Italy,Tuscany,['Colli della Toscana Centrale']
16280,Podere Campriano,84.0,,84.0,,1,1,['Sangiovese'],Italy,Tuscany,['Chianti Classico']
16281,Podere Canalino,86.0,,86.0,,1,1,['Sangiovese Grosso'],Italy,Tuscany,['Brunello di Montalcino']
16282,Podere Capaccia,88.0,26.0,88.0,26.0,2,1,['Red Blend'],Italy,Tuscany,['Chianti Classico']
16283,Podere Castellinuzza,88.5,20.0,88.5,20.0,2,1,['Red Blend'],Italy,Tuscany,['Chianti Classico']
16284,Podere Ciona,86.8,22.5,87.0,22.5,4,2,"['Red Blend', 'Merlot']",Italy,Tuscany,['Chianti Classico']
16285,Podere Forte,91.0,151.0,91.0,143.0,6,2,"['Red Blend', 'Sangiovese']",Italy,Tuscany,['Toscana']
16286,Podere Guado al Melo,87.9,26.5,88.0,26.0,14,3,"['Sangiovese', 'Red Blend', 'White Blend']",Italy,Tuscany,['Bolgheri']
16287,Podere Il Castellaccio,87.0,19.5,87.0,19.5,2,2,"['Red Blend', 'Sangiovese']",Italy,Tuscany,['Toscana']
16288,Podere L'Aione,94.0,50.0,94.0,48.0,3,2,"['Sangiovese', 'Red Blend']",Italy,Tuscany,['Toscana']
16289,Podere La Berta,87.2,15.0,87.0,15.0,4,2,"['Albana', 'Sangiovese']",Italy,Central Italy,['Romagna']
16290,Podere La Cappella,85.0,22.0,85.0,22.0,2,2,"['Sangiovese', 'Red Blend']",Italy,Tuscany,['Chianti Classico']
16291,Podere La Vigna,88.6,55.1,88.5,55.0,14,2,"['Sangiovese', 'Sangiovese Grosso']",Italy,Tuscany,['Brunello di Montalcino']
16292,Podere Le Ripi,89.6,131.2,90.0,125.0,5,1,['Sangiovese'],Italy,Tuscany,['Brunello di Montalcino']
16293,Podere Monastero,90.5,55.0,90.5,55.0,2,2,"['Red Blend', 'Pinot Nero']",Italy,Tuscany,['Toscana']
16294,Podere Paganico,88.6,39.4,89.0,42.0,14,2,"['Sangiovese', 'Sangiovese Grosso']",Italy,Tuscany,['Brunello di Montalcino']
16295,Podere Prospero,87.0,46.0,87.0,46.0,1,1,['Red Blend'],Italy,Tuscany,['Bolgheri']
16296,Podere Provinciale Cantina Laimburg,84.0,18.0,84.0,18.0,1,1,['Pinot Grigio'],Italy,Northeastern Italy,['Alto Adige']
16297,Podere Rocche dei Manzoni,93.8,,93.5,,4,1,['Nebbiolo'],Italy,Piedmont,['Barolo']
16298,Podere Ruggeri Corsini,90.0,39.2,90.0,45.0,12,3,"['Nebbiolo', 'Rosato', 'Barbera']",Italy,Piedmont,['Barolo']
16299,Podere San Cristoforo,88.3,25.9,88.0,25.0,18,3,"['Sangiovese', 'Petit Verdot', 'White Blend']",Italy,Tuscany,['Maremma Toscana']
16300,Podere San Giacomo,90.0,51.5,90.0,51.5,2,1,['Sangiovese'],Italy,Tuscany,['Brunello di Montalcino']
16301,Podere San Luigi,89.5,,89.5,,2,1,['Red Blend'],Italy,Tuscany,['Toscana']
16302,Podere Sapaio,92.3,56.4,92.0,50.0,11,1,['Red Blend'],Italy,Tuscany,['Bolgheri Superiore']
16303,Podere Scopetone,89.3,59.0,90.0,60.0,3,1,['Sangiovese'],Italy,Tuscany,['Brunello di Montalcino']
16304,Podere Scurtarola,84.0,,84.0,,3,2,"['Vermentino', 'White Blend']",Italy,Tuscany,['Toscana']
16305,Podere ai Valloni,90.5,43.0,90.5,43.0,2,1,['Red Blend'],Italy,Piedmont,['Colline Novaresi']
16306,Podere dal Nespoli,86.5,22.0,86.5,22.0,2,1,['Sangiovese'],Italy,Central Italy,['Romagna']
16307,Podere dei Brichhi Astigiani,88.0,16.0,88.0,16.0,1,1,['Barbera'],Italy,Piedmont,"[""Barbera d'Asti""]"
16308,Podere il Caio,83.0,13.0,83.0,13.0,1,1,['Grechetto'],Italy,Central Italy,['Umbria']
16309,Podere il Pozzo,87.7,23.3,87.5,22.5,6,2,"['Red Blend', 'Sangiovese']",Italy,Tuscany,['Chianti Rufina']
16310,Podere la Marronaia,87.0,17.0,87.0,17.0,1,1,['Red Blend'],Italy,Tuscany,['Toscana']
16311,Poderi Alasia,86.5,28.0,86.5,28.0,2,2,"['Dolcetto', 'Sauvignon Blanc']",Italy,Piedmont,"[""Dolcetto d'Asti""]"
16312,Poderi Aldo Conterno,93.2,126.6,93.5,130.0,10,2,"['Nebbiolo', 'Barbera']",Italy,Piedmont,['Barolo']
16313,Poderi Angelini,86.0,20.0,86.0,20.0,1,1,['Susumaniello'],Italy,Southern Italy,['Tarantino']
16314,Poderi Arancio,83.0,15.0,83.0,15.0,1,1,['Moscato'],Italy,Veneto,['Colli Euganei']
16315,Poderi Arcangelo,87.0,16.0,87.0,16.0,1,1,['Vernaccia'],Italy,Tuscany,['Vernaccia di San Gimignano']
16316,Poderi Brizio,91.0,70.0,91.0,70.0,1,1,['Sangiovese'],Italy,Tuscany,['Brunello di Montalcino']
16317,Poderi Colla,89.1,48.3,90.0,56.0,26,4,"['Nebbiolo', 'Dolcetto', 'Barbera', 'Red Blend']",Italy,Piedmont,"[""Nebbiolo d'Alba""]"
16318,Poderi Elia,88.5,55.0,87.5,55.0,4,1,['Nebbiolo'],Italy,Piedmont,['Barbaresco']
16319,Poderi Foglia,87.0,16.0,87.0,16.0,1,1,['White Blend'],Italy,Southern Italy,['Galluccio']
16320,Poderi Luigi Einaudi,89.9,63.9,90.0,73.0,38,4,"['Nebbiolo', 'Dolcetto', 'Barbera', 'Red Blend']",Italy,Piedmont,['Barolo']
16321,Poderi Morini,86.7,15.2,86.5,14.5,6,1,['Sangiovese'],Italy,Central Italy,['Sangiovese di Romagna']
16322,Poderi San Lazzaro,89.0,25.0,89.0,25.0,1,1,['Pecorino'],Italy,Central Italy,['Offida Pecorino']
16323,Poderi dal Nespoli 1929,85.5,20.0,85.5,20.0,2,1,['Sangiovese'],Italy,Central Italy,['Sangiovese di Romagna Superiore']
16324,Poderi dei Bricchi Astigiani,88.0,25.0,88.0,25.0,3,1,['Barbera'],Italy,Piedmont,"[""Barbera d'Asti Superiore""]"
16325,Poderi del Paradiso,87.0,27.0,87.0,27.0,2,1,['Vernaccia'],Italy,Tuscany,['Vernaccia di San Gimignano']
16326,Podrumi Belje,84.5,14.0,84.5,14.0,2,2,"['Welschriesling', 'Pinot Noir']",Croatia,Podunavlje,[]
16327,Podversic Damijan,88.0,65.0,88.0,65.0,1,1,['White Blend'],Italy,Northeastern Italy,['Venezia Giulia']
16328,Poeira,91.5,51.3,92.0,42.5,16,2,"['Portuguese Red', 'Portuguese White']",Portugal,Douro,[]
16329,Poeira,89.0,,89.0,,1,1,['Portuguese White'],Portugal,Duriense,[]
16330,Poema,84.0,13.0,84.0,13.0,3,2,"['Sparkling Blend', 'Trepat']",Spain,Catalonia,['Cava']
16331,Poet's Leap,92.3,26.6,93.0,20.0,15,1,['Riesling'],US,Washington,"['Columbia Valley (WA)', 'Columbia Valley']"
16332,Poetic Cellars,89.0,32.0,89.0,32.0,1,1,['Pinot Noir'],US,California,"['Santa Cruz Mountains', 'Central Coast']"
16333,Poggi Wines,89.5,75.0,89.5,75.0,2,1,['Cabernet Sauvignon'],US,California,"['Diamond Mountain District', 'Napa']"
16334,Poggiarellino,92.2,45.0,93.0,45.0,4,2,"['Sangiovese', 'Sangiovese Grosso']",Italy,Tuscany,['Brunello di Montalcino']
16335,Poggio Ai Chiari,89.0,43.0,89.0,43.0,1,1,['Sangiovese'],Italy,Tuscany,['Toscana']
16336,Poggio Al Mulino,91.0,32.0,91.0,32.0,1,1,['Sangiovese'],Italy,Tuscany,['Toscana']
16337,Poggio Alloro,87.2,22.4,86.0,23.0,5,1,['Vernaccia'],Italy,Tuscany,['Vernaccia di San Gimignano']
16338,Poggio Antico,91.2,84.5,92.0,80.0,40,3,"['Sangiovese', 'Sangiovese Grosso', 'Red Blend']",Italy,Tuscany,['Brunello di Montalcino']
16339,Poggio Argentiera,88.6,31.9,89.0,27.0,14,2,"['Red Blend', 'Sangiovese']",Italy,Tuscany,['Morellino di Scansano']
16340,Poggio Bertaio,88.0,20.0,88.0,20.0,1,1,['Sangiovese'],Italy,Central Italy,['Umbria']
16341,Poggio Bonelli,86.6,28.5,87.0,28.0,8,2,"['Sangiovese', 'Red Blend']",Italy,Tuscany,['Chianti Classico']
16342,Poggio Borgoni,87.3,43.3,88.0,45.0,3,1,['Red Blend'],Italy,Tuscany,['Chianti Classico']
16343,Poggio Dei Poggi,85.0,16.5,85.0,16.5,2,1,['Sangiovese Grosso'],Italy,Tuscany,['Chianti Classico']
16344,Poggio Lungo,83.5,21.0,83.5,21.0,2,1,['Sangiovese'],Italy,Tuscany,['Morellino di Scansano']
16345,Poggio Mandorlo,89.6,47.0,89.0,42.5,10,2,"['Red Blend', 'Sangiovese']",Italy,Tuscany,['Toscana']
16346,Poggio Morino,87.0,15.0,87.0,15.0,2,2,"['Sangiovese', 'Red Blend']",Italy,Tuscany,['Morellino di Scansano']
16347,Poggio Nardone,88.9,41.1,88.0,44.0,27,3,"['Sangiovese', 'Sangiovese Grosso', 'Red Blend']",Italy,Tuscany,['Brunello di Montalcino']
16348,Poggio Nicchiaia,86.2,10.0,86.5,10.0,4,3,"['Vermentino', 'Red Blend', 'Sangiovese']",Italy,Tuscany,['Toscana']
16349,Poggio Rubino,89.5,60.0,90.0,60.0,4,2,"['Sangiovese Grosso', 'Sangiovese']",Italy,Tuscany,['Brunello di Montalcino']
16350,Poggio Salvi,85.7,13.0,86.0,12.0,3,2,"['Sangiovese', 'Red Blend']",Italy,Tuscany,['Chianti Colli Senesi']
16351,Poggio San Polo,88.5,,88.5,,2,2,"['Sangiovese Grosso', 'Sangiovese']",Italy,Tuscany,['Brunello di Montalcino']
16352,Poggio Scalette,90.7,49.2,90.0,60.0,12,2,"['Sangiovese', 'Red Blend']",Italy,Tuscany,['Chianti Classico']
16353,Poggio Stenti,89.0,34.6,89.0,30.0,5,1,['Sangiovese'],Italy,Tuscany,['Montecucco']
16354,Poggio Torselli,88.0,,88.0,,1,1,['Sangiovese'],Italy,Tuscany,['Chianti Classico']
16355,Poggio Trevvalle,86.0,20.0,86.0,20.0,1,1,['Red Blend'],Italy,Tuscany,['Morellino di Scansano']
16356,Poggio Verrano,90.1,45.2,90.0,49.0,13,2,"['Sangiovese', 'Red Blend']",Italy,Tuscany,['Maremma Toscana']
16357,Poggio al Casone,85.7,17.6,85.5,16.0,10,2,"['Red Blend', 'Sangiovese']",Italy,Tuscany,['Toscana']
16358,Poggio al Chiuso,86.3,22.0,87.0,25.0,3,2,"['Merlot', 'Red Blend']",Italy,Tuscany,['Toscana']
16359,Poggio al Lupo,87.0,62.0,87.0,62.0,1,1,['Cabernet Sauvignon'],Italy,Tuscany,['Toscana']
16360,Poggio al Tesoro,90.9,43.6,91.0,40.0,27,4,"['Red Blend', 'Cabernet Franc', 'Vermentino', 'Rosato']",Italy,Tuscany,['Toscana']
16361,Poggio al Tufo,86.5,18.8,86.5,18.0,4,4,"['Cabernet Sauvignon', 'Red Blend', 'Alicante', 'Vermentino']",Italy,Tuscany,['Toscana']
16362,Poggio al Vento,85.0,25.0,85.0,25.0,1,1,['Sangiovese'],Italy,Tuscany,['Orcia']
16363,Poggio alla Sala,87.8,24.6,88.0,20.0,9,3,"['Red Blend', 'Prugnolo Gentile', 'Sangiovese']",Italy,Tuscany,['Vino Nobile di Montepulciano']
16364,Poggio alle Querce,86.5,26.5,86.5,26.5,2,1,['Red Blend'],Italy,Tuscany,['Bolgheri']
16365,Poggio alle Sughere,86.4,20.6,87.0,15.0,5,2,"['Sangiovese', 'Red Blend']",Italy,Tuscany,['Toscana']
16366,Poggio dell'Aquila,87.0,,88.0,,7,2,"['Sangiovese', 'Sangiovese Grosso']",Italy,Tuscany,['Brunello di Montalcino']
16367,Poggio delle Robinie,85.0,,85.0,,1,1,['Glera'],Italy,Veneto,['Prosecco']
16368,Poggio di Bortolone,86.0,40.0,86.0,40.0,1,1,['Red Blend'],Italy,Sicily & Sardinia,['Cerasuolo di Vittoria Classico']
16369,Poggio di Sotto,92.5,259.0,93.0,259.0,13,2,"['Sangiovese Grosso', 'Sangiovese']",Italy,Tuscany,['Brunello di Montalcino']
16370,Poggio il Castellare,90.5,71.3,91.0,67.5,8,2,"['Sangiovese Grosso', 'Sangiovese']",Italy,Tuscany,['Brunello di Montalcino']
16371,Poggiobello,86.9,22.0,87.0,22.0,9,4,"['Sauvignon', 'Friulano', 'Pinot Grigio', 'Ribolla Gialla']",Italy,Northeastern Italy,['Colli Orientali del Friuli']
16372,Poggionotte,82.0,,82.0,,1,1,"[""Nero d'Avola""]",Italy,Sicily & Sardinia,['Sicilia']
16373,Poggiotondo,88.6,33.5,87.0,20.0,5,4,"['Vermentino', 'Sangiovese', 'Sangiovese Grosso', 'Red Blend']",Italy,Tuscany,['Toscana']
16374,Poggioventoso,86.7,25.0,87.0,19.0,3,3,"['Red Blend', 'White Blend', 'Rosato']",Italy,Tuscany,['Toscana']
16375,Poiema,88.3,20.7,89.0,20.0,3,2,"['Pinot Noir', 'Chardonnay']",US,California,"['Santa Lucia Highlands', 'Central Coast']"
16376,Point & Line,92.1,41.5,92.0,41.0,8,3,"['Pinot Noir', 'Sauvignon Blanc', 'Chardonnay']",US,California,"['Sta. Rita Hills', 'Central Coast']"
16377,Point Concepción,89.0,20.0,89.0,20.0,1,1,['Pinot Noir'],US,California,"['Santa Barbara County', 'Central Coast']"
16378,Point Ormond,92.0,15.0,92.0,15.0,1,1,['Sangiovese'],Australia,Victoria,['Grampians']
16379,Poissinet,89.0,51.0,89.0,51.0,3,2,"['Champagne Blend', 'Pinot Meunier']",France,Champagne,['Champagne']
16380,Pojer & Sandri,88.5,21.2,89.0,18.5,4,3,"['Müller-Thurgau', 'White Blend', 'Traminer']",Italy,Northeastern Italy,['Vigneti delle Dolomiti']
16381,Pol Roger,93.0,113.7,93.0,103.0,29,2,"['Chardonnay', 'Champagne Blend']",France,Champagne,['Champagne']
16382,Poliziano,89.7,39.1,90.0,30.0,24,4,"['Red Blend', 'Merlot', 'Prugnolo Gentile', 'Sangiovese']",Italy,Tuscany,['Vino Nobile di Montepulciano']
16383,Polkura,89.5,32.3,90.5,29.0,6,2,"['Syrah', 'Malbec']",Chile,Colchagua Valley,[]
16384,Polkura,82.0,14.0,82.0,14.0,1,1,['Sauvignon Blanc'],Chile,Leyda Valley,[]
16385,Polkura,90.2,28.3,91.0,23.0,13,3,"['Syrah', 'Malbec', 'Red Blend']",Chile,Marchigue,[]
16386,Poll-Fabaire,88.5,28.0,88.5,28.0,2,1,['Sparkling Blend'],Luxembourg,Moselle Luxembourgeoise,[]
16387,Pollak,86.2,30.0,86.0,27.0,10,7,"['Cabernet Franc', 'Pinot Gris', 'Meritage', 'Petit Verdot', 'Viognier', 'Merlot', 'Chardonnay']",US,Virginia,['Monticello']
16388,Polz,90.0,22.0,90.0,22.0,2,1,['Sauvignon Blanc'],Austria,Südsteiermark,[]
16389,Pomar Junction,85.6,33.3,86.0,34.0,24,10,"['Cabernet Sauvignon', 'Viognier', 'Syrah', 'Red Blend', 'Chardonnay', 'Merlot', 'Roussanne', 'Zinfandel', 'Grenache Blanc', 'G-S-M']",US,California,"['Paso Robles', 'Central Coast']"
16390,Pomar Viñedos,84.0,19.0,84.0,19.0,2,1,['Tempranillo'],Spain,Northern Spain,['Ribera del Duero']
16391,Pomelo,85.9,10.6,86.0,10.0,7,1,['Sauvignon Blanc'],US,California,"['California', 'California Other']"
16392,Pommery,88.6,69.7,89.0,55.0,37,2,"['Champagne Blend', 'Chardonnay']",France,Champagne,['Champagne']
16393,Pomum,88.3,28.9,89.0,32.0,11,8,"['Red Blend', 'Riesling', 'Syrah', 'Bordeaux-style Red Blend', 'Cabernet Sauvignon', 'Chardonnay', 'Graciano', 'Tempranillo']",US,Washington,"['Washington', 'Washington Other']"
16394,Pomum Cellars,86.0,30.0,86.0,28.5,4,3,"['Syrah', 'Bordeaux-style Red Blend', 'Red Blend']",US,Washington,"['Columbia Valley (WA)', 'Columbia Valley']"
16395,Ponchione Maurizio,87.7,22.0,87.5,21.5,6,2,"['Barbera', 'Nebbiolo']",Italy,Piedmont,"[""Barbera d'Alba""]"
16396,Pondera,88.0,34.3,88.0,34.0,26,6,"['Bordeaux-style Red Blend', 'Malbec', 'Cabernet Sauvignon', 'Red Blend', 'Cabernet Franc', 'Syrah']",US,Washington,"['Columbia Valley (WA)', 'Columbia Valley']"
16397,Ponga,87.3,15.3,87.0,16.0,3,2,"['Pinot Noir', 'Sauvignon Blanc']",New Zealand,Marlborough,[]
16398,Pont de Chevalier,89.6,65.7,90.0,45.0,7,3,"['Sauvignon Blanc', 'Cabernet Sauvignon', 'Chardonnay']",US,California,"['Knights Valley', 'Sonoma']"
16399,Pont du Rhône,86.0,12.0,86.0,12.0,1,1,['Rosé'],France,Rhône Valley,['Côtes du Rhône']
16400,Ponte,88.0,46.5,88.0,46.5,2,2,"['Rosé', 'Montepulciano']",US,California,"['Temecula', 'South Coast']"
16401,Ponte Vecchio,82.0,14.0,82.0,14.0,1,1,['Moscato'],Spain,Spain Other,['Spain']
16402,Ponte da Boga,86.0,27.5,86.0,27.5,2,2,"['Mencía', 'White Blend']",Spain,Galicia,['Ribeira Sacra']
16403,Pontecilla,84.0,10.0,84.0,10.0,1,1,['Tempranillo'],Spain,Northern Spain,['Calatayud']
16404,Pontin del Roza,86.0,13.6,87.0,12.0,5,5,"['Cabernet Sauvignon', 'Riesling', 'Pinot Grigio', 'Sangiovese', 'Chenin Blanc']",US,Washington,"['Yakima Valley', 'Columbia Valley']"
16405,Pontual,87.7,28.0,89.0,23.0,3,2,"['Portuguese Red', 'Syrah']",Portugal,Alentejano,[]
16406,Ponzi,91.2,44.5,91.0,35.0,81,7,"['Pinot Noir', 'Chardonnay', 'Rosé', 'Pinot Blanc', 'Pinot Gris', 'Riesling', 'Arneis']",US,Oregon,"['Willamette Valley', 'Willamette Valley']"
16407,Pooles Rock Wines,87.0,24.0,87.0,24.0,1,1,['Chardonnay'],Australia,New South Wales,['Hunter Valley']
16408,Pooles Rock Wines,85.0,14.0,85.0,14.0,1,1,['Chardonnay'],Australia,South Australia,['Adelaide Hills']
16409,Poonawatta Estate,89.5,65.0,89.5,65.0,2,2,"['Riesling', 'Shiraz']",Australia,South Australia,['Eden Valley']
16410,Popcorn,88.0,15.0,88.0,15.0,1,1,['Chardonnay'],US,California,"['California', 'California Other']"
16411,Pope Valley Winery,85.8,30.8,85.0,28.0,17,7,"['Merlot', 'Sangiovese', 'Red Blend', 'Sparkling Blend', 'Cabernet Sauvignon', 'Chenin Blanc', 'Zinfandel']",US,California,"['Napa Valley', 'Napa']"
16412,Porca de Murça,87.8,14.0,87.5,14.0,4,2,"['Portuguese Red', 'Portuguese White']",Portugal,Douro,[]
16413,Porcupine Ridge,86.0,12.6,87.0,13.0,8,2,"['Cabernet Sauvignon', 'Syrah']",South Africa,Coastal Region,[]
16414,Porcupine Ridge,87.0,12.5,87.0,13.0,8,4,"['Merlot', 'Cabernet Sauvignon', 'Sauvignon Blanc', 'Syrah']",South Africa,Western Cape,[]
16415,Porta,86.8,26.1,86.5,19.5,10,2,"['Cabernet Sauvignon', 'Syrah']",Chile,Aconcagua Valley,[]
16416,Porta,84.7,14.4,84.5,13.0,12,3,"['Sauvignon Blanc', 'Pinot Noir', 'Malbec']",Chile,Bío Bío Valley,[]
16417,Porta,85.0,11.7,86.0,13.0,3,1,['Chardonnay'],Chile,Cachapoal Valley,[]
16418,Porta,80.0,11.0,80.0,11.0,1,1,['Chardonnay'],Chile,Central Valley,[]
16419,Porta,83.5,13.0,83.5,13.0,2,2,"['Cabernet Sauvignon-Carmenère', 'Cabernet Blend']",Chile,Chile,[]
16420,Porta,84.9,10.8,85.5,11.0,8,3,"['Carmenère', 'Merlot', 'Cabernet Sauvignon']",Chile,Maipo Valley,[]
16421,Portal,86.0,,86.0,,1,1,['Port'],Portugal,Port,[]
16422,Portal Del Alto,87.0,12.0,87.0,12.0,1,1,['Chardonnay'],Chile,Central Valley,[]
16423,Portal Del Alto,85.7,15.7,86.5,15.0,6,4,"['Cabernet Sauvignon', 'Carmenère', 'Merlot', 'Chardonnay']",Chile,Maipo Valley,[]
16424,Portal Del Alto,84.5,14.6,84.0,15.0,11,7,"['Syrah', 'Carmenère', 'Chardonnay', 'Cabernet Sauvignon', 'Merlot-Cabernet', 'Syrah-Cabernet', 'Merlot']",Chile,Maule Valley,[]
16425,Portal del Montsant,88.1,31.1,89.0,31.0,15,4,"['Red Blend', 'White Blend', 'Cariñena-Garnacha', 'Rosé']",Spain,Catalonia,['Montsant']
16426,Portal del Priorat,87.8,32.1,88.0,23.0,9,5,"['Carignan', 'Grenache Blanc', 'Grenache-Carignan', 'Red Blend', 'Carignan-Grenache']",Spain,Catalonia,['Priorat']
16427,Portal do Fidalgo,87.0,15.0,87.0,15.0,1,1,['Alvarinho'],Portugal,Vinho Verde,[]
16428,Portalupi,88.6,41.4,89.0,39.0,20,5,"['Zinfandel', 'Barbera', 'Vermentino', 'Pinot Noir', 'Charbono']",US,California,"['Russian River Valley', 'Sonoma']"
16429,Porter Family Vineyards,87.5,52.1,88.0,48.0,10,7,"['Chardonnay', 'Bordeaux-style Red Blend', 'Cabernet Sauvignon-Merlot', 'Syrah', 'Cabernet Sauvignon', 'Rosé', 'Red Blend']",US,California,"['Napa Valley', 'Napa']"
16430,Portfolio,93.0,138.0,95.0,140.0,5,2,"['Bordeaux-style Red Blend', 'Red Blend']",US,California,"['Napa Valley', 'Napa']"
16431,Portia,86.7,36.2,87.0,35.0,7,3,"['Tempranillo', 'Tinto del Pais', 'Tempranillo Blend']",Spain,Northern Spain,['Ribera del Duero']
16432,Portinari,88.0,,88.0,,1,1,['Garganega'],Italy,Veneto,['Soave']
16433,Portlandia,88.0,25.1,87.5,25.0,8,3,"['Pinot Gris', 'Pinot Noir', 'Rosé']",US,Oregon,"['Willamette Valley', 'Willamette Valley']"
16434,Porto Carras,87.5,51.0,87.5,51.0,2,2,"['Syrah', 'Malagouzia']",Greece,Halkidiki,[]
16435,Porto Carras,89.5,22.0,89.5,22.0,2,2,"['Malagousia', 'Assyrtico']",Greece,Sithonia,[]
16436,Porto Reccua Vinhos,86.5,14.0,86.5,14.0,2,1,['Port'],Portugal,Port,[]
16437,Porto Solene,88.0,40.0,88.0,40.0,1,1,['Port'],Portugal,Port,[]
16438,Portola Vineyards,88.7,34.0,88.0,34.0,6,2,"['Pinot Noir', 'Chardonnay']",US,California,"['Santa Clara Valley', 'Central Coast']"
16439,Ports of New York,83.5,45.0,83.5,45.0,2,2,"['White Blend', 'Red Blend']",US,New York,"['New York', 'New York Other']"
16440,Poseidon,90.2,39.8,91.0,32.0,13,2,"['Pinot Noir', 'Chardonnay']",US,California,"['Los Carneros', 'Napa-Sonoma']"
16441,Posh,83.7,12.0,84.0,13.0,3,2,"['Red Blend', 'Pinot Grigio']",US,California,"['Napa Valley', 'Napa']"
16442,Post House,87.1,22.3,87.0,24.0,11,5,"['Chenin Blanc', 'Red Blend', 'Cabernet Sauvignon', 'Chenin Blanc-Sauvignon Blanc', 'Merlot']",South Africa,Stellenbosch,[]
16443,Posto Bello,85.0,17.0,85.0,17.0,1,1,['Pinot Grigio'],Italy,Northeastern Italy,['Alto Adige']
16444,Potek,91.2,47.5,91.5,47.5,4,3,"['Riesling', 'Pinot Noir', 'Syrah']",US,California,"['Santa Barbara County', 'Central Coast']"
16445,Potel-Aviron,88.0,13.0,88.0,13.0,1,1,['Gamay'],France,Beaujolais,['Beaujolais-Villages']
16446,Potomac Point,84.7,23.3,85.0,23.0,6,5,"['Chardonnay', 'Bordeaux-style Red Blend', 'Cabernet Franc', 'Norton', 'Red Blend']",US,Virginia,['Virginia']
16447,Potter's Vineyard,88.0,25.0,88.0,25.0,1,1,['Pinot Noir'],US,Oregon,"['Chehalem Mountains', 'Willamette Valley']"
16448,Poupille,89.0,35.0,89.0,35.0,1,1,['Merlot'],France,Bordeaux,['Castillon Côtes de Bordeaux']
16449,Powers,87.0,20.3,88.0,15.0,12,6,"['Cabernet Sauvignon', 'Bordeaux-style Red Blend', 'Syrah', 'Merlot', 'Red Blend', 'Chardonnay']",US,Washington,"['Columbia Valley (WA)', 'Columbia Valley']"
16450,Powicana Farm,88.0,38.0,88.0,38.0,1,1,['Petite Sirah'],US,California,['Redwood Valley']
16451,Pozo Valley,84.0,21.0,84.0,21.0,1,1,['Zinfandel'],US,California,"['San Luis Obispo County', 'Central Coast']"
16452,Pozzi,84.0,10.0,84.0,10.0,1,1,['Pinot Grigio'],Italy,Northeastern Italy,['Delle Venezie']
16453,Poças,88.9,25.6,88.5,18.0,36,2,"['Portuguese Red', 'Portuguese White']",Portugal,Douro,[]
16454,Poças,88.7,40.0,89.0,26.0,48,1,['Port'],Portugal,Port,[]
16455,Pošip Čara,86.5,22.0,86.5,22.0,2,1,['Posip'],Croatia,Korčula,[]
16456,Prada A Tope,86.5,19.7,87.0,20.0,6,2,"['Mencía', 'Godello']",Spain,Northern Spain,['Bierzo']
16457,Pradio,87.0,10.0,87.0,10.0,1,1,['Chardonnay'],Italy,Northeastern Italy,['Friuli Grave']
16458,Prado Rey,86.2,22.1,87.0,19.0,25,7,"['Verdejo', 'Rosé', 'Verdejo-Sauvignon Blanc', 'Tempranillo', 'Tinta Fina', 'Tempranillo-Merlot', 'Tempranillo Blend']",Spain,Northern Spain,['Rueda']
16459,Pradorey,86.0,24.1,87.0,22.0,13,6,"['Tinta Fina', 'Tempranillo Blend', 'Verdejo', 'Red Blend', 'Rosado', 'Tinto del Pais']",Spain,Northern Spain,['Ribera del Duero']
16460,Prager,91.4,53.0,93.0,48.0,20,2,"['Grüner Veltliner', 'Riesling']",Austria,Wachau,[]
16461,Prager,86.4,49.3,86.5,49.5,24,4,"['Port', 'Riesling', 'Chardonnay', 'Petite Sirah']",US,California,"['Napa Valley', 'Napa']"
16462,Prahova Valley,87.0,10.0,87.0,10.0,1,1,['Pinot Noir'],Romania,Dealu Mare,[]
16463,Prahova Valley,86.0,10.0,86.0,10.0,2,2,"['Cabernet Sauvignon', 'Merlot']",Romania,Dealurile Munteniei,[]
16464,Prahova Valley,83.0,10.0,83.0,10.0,1,1,['Chardonnay'],Romania,Sebes,[]
16465,Pratello,89.0,17.2,89.5,16.5,4,2,"['Turbiana', 'Rosato']",Italy,Lombardy,['Lugana']
16466,Pratesi,89.1,24.4,89.0,25.0,17,2,"['Red Blend', 'Sangiovese']",Italy,Tuscany,['Toscana']
16467,Prats & Symington LDA,90.9,39.2,91.0,27.0,21,2,"['Portuguese Red', 'Red Blend']",Portugal,Douro,[]
16468,Prats & Symington LDA,94.0,,94.0,,1,1,['Port'],Portugal,Port,[]
16469,Pratsch,87.7,21.3,88.0,20.0,46,10,"['Rosé', 'Riesling', 'Zweigelt', 'Scheurebe', 'Sauvignon Blanc', 'Grüner Veltliner', 'Cabernet Sauvignon', 'Austrian Red Blend', 'White Blend', 'St. Laurent']",Austria,Niederösterreich,[]
16470,Pratsch,87.2,18.0,88.0,19.0,5,1,['Grüner Veltliner'],Austria,Weinviertel,[]
16471,Pratsch,84.0,17.0,84.0,17.0,1,1,['Sparkling Blend'],Austria,Österreichischer Sekt,[]
16472,Praxis,84.3,18.6,84.0,18.0,7,5,"['Viognier', 'Pinot Noir', 'Merlot', 'Lagrein', 'Sauvignon Blanc']",US,California,"['Sonoma County', 'Sonoma']"
16473,PreVail,91.0,90.0,91.0,90.0,1,1,['Cabernet Sauvignon'],US,California,"['Alexander Valley', 'Sonoma']"
16474,Precedent,86.0,25.0,86.0,25.0,1,1,['Zinfandel'],US,California,"['Contra Costa County', 'Central Coast']"
16475,Predator,83.5,15.0,84.0,15.0,4,2,"['Cabernet Sauvignon', 'Zinfandel']",US,California,"['California', 'California Other']"
16476,Preece,87.0,15.0,87.0,15.0,1,1,['Sauvignon Blanc'],Australia,Victoria,['Victoria']
16477,Preisinger,88.2,40.4,89.0,40.0,5,5,"['Zweigelt', 'Grüner Veltliner', 'Austrian Red Blend', 'Red Blend', 'Blaufränkisch']",Austria,Burgenland,[]
16478,Prejean,85.3,12.5,86.0,12.5,6,3,"['Riesling', 'Chardonnay', 'Gewürztraminer']",US,New York,"['Finger Lakes', 'Finger Lakes']"
16479,Prelius,88.0,18.0,88.0,16.5,6,3,"['Cabernet Sauvignon', 'Vermentino', 'Red Blend']",Italy,Tuscany,['Maremma Toscana']
16480,Preludio,85.8,21.5,85.5,17.0,4,3,"['Tempranillo', 'Malbec-Cabernet Sauvignon', 'Malbec']",Argentina,Mendoza Province,['Mendoza']
16481,Premius,85.0,10.0,85.0,10.0,3,2,"['Sauvignon Blanc', 'Bordeaux-style Red Blend']",France,Bordeaux,['Bordeaux Blanc']
16482,Première,83.0,13.0,83.0,13.0,1,1,['Chenin Blanc'],France,Loire Valley,['Vouvray']
16483,Presidential,87.0,20.0,87.0,20.0,1,1,['Port'],Portugal,Port,[]
16484,Presidio,87.0,18.0,87.0,18.0,1,1,['Merlot'],US,California,"['Santa Barbara County', 'Central Coast']"
16485,Presqu'ile,90.3,40.7,91.0,42.0,27,5,"['Sauvignon Blanc', 'Pinot Noir', 'Syrah', 'Chardonnay', 'Sparkling Blend']",US,California,"['Santa Maria Valley', 'Central Coast']"
16486,Press Cellars,89.0,30.0,89.0,30.0,1,1,['Pinot Noir'],US,California,['Anderson Valley']
16487,Pressed,92.0,40.0,92.0,40.0,1,1,['Pinot Noir'],US,California,"['Central Coast', 'Central Coast']"
16488,Preston,86.8,27.8,87.0,25.0,5,5,"['Zinfandel', 'Carignane', 'Syrah-Petite Sirah', 'Rhône-style Red Blend', 'Mourvèdre']",US,California,"['Dry Creek Valley', 'Sonoma']"
16489,Preston,86.2,13.2,86.0,14.0,5,4,"['Chardonnay', 'Sauvignon Blanc', 'Merlot', 'Cabernet Sauvignon']",US,Washington,"['Columbia Valley (WA)', 'Columbia Valley']"
16490,Prestwood,85.0,79.0,85.0,79.0,1,1,['Cabernet Sauvignon'],US,California,"['Napa Valley', 'Napa']"
16491,Pretty Sally,88.0,25.0,88.0,25.0,1,1,['Cabernet Sauvignon'],Australia,Victoria,['Victoria']
16492,Pretty-Smith,84.0,24.5,84.5,25.0,4,4,"['Cabernet Sauvignon', 'Bordeaux-style Red Blend', 'Sauvignon Blanc', 'Cabernet Franc']",US,California,"['Paso Robles', 'Central Coast']"
16493,Previous,86.2,24.8,86.5,25.0,4,4,"['Chardonnay', 'Merlot', 'Sauvignon Blanc', 'Pinot Noir']",US,California,"['Sonoma County', 'Sonoma']"
16494,Pricum,85.3,68.0,85.0,69.0,3,1,['Prieto Picudo'],Spain,Northern Spain,['Tierra de León']
16495,Pride Mountain,90.5,74.2,91.0,60.0,97,9,"['Cabernet Sauvignon', 'Merlot', 'Chardonnay', 'Syrah', 'Viognier', 'Cabernet Franc', 'Claret', 'Sangiovese', 'Bordeaux-style Red Blend']",US,California,"['Sonoma-Napa', 'Napa-Sonoma']"
16496,Prieler,91.1,41.5,91.0,24.5,15,5,"['Red Blend', 'Blaufränkisch', 'Pinot Noir', 'Pinot Blanc', 'Chardonnay']",Austria,Burgenland,[]
16497,Prieler,92.1,72.0,92.5,61.0,12,2,"['Blaufränkisch', 'Pinot Blanc']",Austria,Leithaberg,[]
16498,Priest Ranch,88.2,39.2,88.0,24.0,5,4,"['Cabernet Sauvignon', 'Sauvignon Blanc', 'Bordeaux-style Red Blend', 'Grenache Blanc']",US,California,"['Napa Valley', 'Napa']"
16499,Prieure Saint-Hippolyte,86.0,13.0,86.0,13.0,1,1,['Rosé'],France,Languedoc-Roussillon,['Coteaux du Languedoc']
16500,Prieuré St. Jean de Bébian,93.0,45.0,93.0,45.0,1,1,['Rhône-style Red Blend'],France,Languedoc-Roussillon,['Coteaux du Languedoc']
16501,Prieuré de Montézargues,88.5,24.5,89.0,24.5,4,1,['Rosé'],France,Rhône Valley,['Tavel']
16502,Prim Family,91.8,55.0,91.5,57.5,4,2,"['Cabernet Sauvignon', 'Pinot Noir']",US,California,"['Howell Mountain', 'Napa']"
16503,Prima & Nuova Cantina,83.0,12.0,83.0,12.0,1,1,['Pinot Grigio'],Italy,Northeastern Italy,['Alto Adige']
16504,Prima Cuvee,86.0,14.0,86.0,14.0,1,1,['Glera'],Italy,Veneto,['Prosecco']
16505,Prima Cuvée,87.0,16.0,87.0,16.0,1,1,['Glera'],Italy,Veneto,['Valdobbiadene Prosecco Superiore']
16506,Prima Materia,89.6,26.8,91.0,26.0,5,5,"['Nebbiolo', 'Aglianico', 'Cabernet Franc', 'Sangiovese', 'Mourvèdre']",US,California,['Kelsey Bench-Lake County']
16507,Prima Mazzo,83.0,13.0,83.0,13.0,1,1,['Brachetto'],Italy,Piedmont,['Piedmont']
16508,Primarius,86.9,16.8,87.0,16.0,9,2,"['Pinot Noir', 'Pinot Gris']",US,Oregon,"['Oregon', 'Oregon Other']"
16509,Prime,90.8,48.9,92.0,47.0,12,2,"['Chardonnay', 'Cabernet Sauvignon']",US,California,"['Coombsville', 'Napa']"
16510,Prime Solum,90.9,71.2,92.0,79.0,8,2,"['Cabernet Sauvignon', 'Cabernet Franc']",US,California,"['Napa Valley', 'Napa']"
16511,Primo Estate,86.4,19.4,86.0,19.0,5,3,"['White Blend', 'Red Blend', 'Colombard']",Australia,South Australia,['McLaren Vale']
16512,Primo Volo,90.0,,90.0,,1,1,['Red Blend'],Italy,Italy Other,['Italy']
16513,Primos,82.0,25.0,82.0,25.0,1,1,['Sangiovese'],US,California,"['Redwood Valley', 'Mendocino/Lake Counties']"
16514,Primosic,88.2,22.6,88.0,20.5,13,5,"['Pinot Grigio', 'White Blend', 'Sauvignon', 'Chardonnay', 'Ribolla Gialla']",Italy,Northeastern Italy,['Collio']
16515,Primus,88.0,20.0,88.0,20.0,2,1,['Malbec'],Argentina,Mendoza Province,['Mendoza']
16516,Primus,84.6,19.2,84.0,20.0,5,2,"['Red Blend', 'Bordeaux-style Red Blend']",Chile,Casablanca Valley,[]
16517,Primus,88.6,20.1,89.0,20.0,11,4,"['Red Blend', 'Cabernet Sauvignon', 'Cabernet Blend', 'Carmenère']",Chile,Colchagua Valley,[]
16518,Primus,86.0,20.0,86.0,20.0,2,1,['Cabernet Sauvignon'],Chile,Maipo Valley,[]
16519,Prince Michel,82.5,15.0,82.5,15.0,2,2,"['Viognier', 'Cabernet Franc']",US,Virginia,['Virginia']
16520,Prince de Tabourg,87.5,20.0,87.5,20.0,2,1,['Sauvignon Blanc'],France,Bordeaux,['Bordeaux Blanc']
16521,Princesa,88.0,19.0,88.0,19.0,1,1,['Sparkling Blend'],Spain,Catalonia,['Cava']
16522,Principe Corsini,89.0,35.0,89.0,35.0,5,1,['Red Blend'],Italy,Tuscany,['Chianti Classico']
16523,Principe Corsini Fattoria Le Corti,89.5,39.7,90.0,45.0,11,4,"['White Blend', 'Red Blend', 'Sangiovese', 'Vermentino']",Italy,Tuscany,['Vin Santo del Chianti Classico']
16524,Principe Pallavicini,86.7,17.1,86.0,18.0,7,4,"['Syrah', ""Cesanese d'Affile"", 'White Blend', 'Cesanese']",Italy,Central Italy,['Lazio']
16525,Principe di Corleone,86.4,18.0,86.0,14.5,16,7,"['Grillo', ""Nero d'Avola"", 'White Blend', 'Cabernet Sauvignon', 'Red Blend', 'Inzolia', 'Chardonnay']",Italy,Sicily & Sardinia,['Sicilia']
16526,Principessa Gavia,86.0,14.4,86.0,14.0,6,2,"['Sparkling Blend', 'Cortese']",Italy,Piedmont,['Gavi']
16527,Principessa Perlante,84.0,17.0,84.0,17.0,1,1,['Cortese'],Italy,Piedmont,['Gavi']
16528,Principi di Porcìa,83.8,11.2,83.5,10.0,4,3,"['Sauvignon', 'Chardonnay', 'Pinot Grigio']",Italy,Northeastern Italy,['Friuli Grave']
16529,Principi di Spadafora,88.7,28.9,88.0,19.0,28,9,"['Red Blend', 'Syrah', ""Nero d'Avola"", 'Chardonnay', 'White Blend', 'Rosato', 'Cabernet Sauvignon', 'Cabernet Blend', 'Grillo']",Italy,Sicily & Sardinia,['Sicilia']
16530,Principiano,87.0,14.0,87.0,14.0,1,1,['Dolcetto'],Italy,Piedmont,"[""Dolcetto d'Alba""]"
16531,Principiano Ferdinando,89.2,36.6,89.0,30.0,10,3,"['Barbera', 'Nebbiolo', 'Dolcetto']",Italy,Piedmont,"[""Barbera d'Alba""]"
16532,Principiano Ferdinando,89.3,29.7,89.0,27.0,3,1,['Ribolla Gialla'],Slovenia,Goriska Brda,[]
16533,Prinsi,87.2,45.4,87.0,48.0,17,3,"['Nebbiolo', 'Dolcetto', 'Barbera']",Italy,Piedmont,['Barbaresco']
16534,Prinz,89.3,26.3,89.0,22.0,10,1,['Riesling'],Germany,Rheingau,[]
16535,Prinz Salm,90.4,61.2,91.0,49.0,35,1,['Riesling'],Germany,Nahe,[]
16536,Prinz Salm,90.3,50.6,90.0,65.0,12,2,"['Riesling', 'Weissburgunder']",Germany,Rheinhessen,[]
16537,Prinz von Hessen,89.0,37.5,89.0,37.5,2,1,['Riesling'],Germany,Rheingau,[]
16538,Prior Art,87.0,18.0,87.0,18.0,1,1,['Red Blend'],Spain,Catalonia,['Priorat']
16539,Prior Pons,87.0,46.0,87.0,46.0,1,1,['Red Blend'],Spain,Catalonia,['Priorat']
16540,Privitera,85.0,13.0,85.0,13.0,1,1,"[""Nero d'Avola""]",Italy,Sicily & Sardinia,['Terre Siciliane']
16541,Prix,90.3,57.0,92.0,60.0,3,3,"['Red Blend', 'Chardonnay', 'Cabernet Franc']",US,California,"['Napa Valley', 'Napa']"
16542,Prizm,87.0,60.0,87.0,60.0,1,1,['Cabernet Sauvignon'],US,California,"['Paso Robles', 'Central Coast']"
16543,Procrastinate,82.0,10.0,82.0,10.0,1,1,['Pinot Grigio'],US,California,"['California', 'California Other']"
16544,Prodigal,92.0,46.7,92.0,45.0,3,1,['Pinot Noir'],US,California,"['Sta. Rita Hills', 'Central Coast']"
16545,Prodigo,86.0,11.0,86.0,11.0,1,1,"[""Nero d'Avola""]",Italy,Sicily & Sardinia,['Terre Siciliane']
16546,Producta Vignobles,85.6,13.9,85.0,13.0,18,4,"['Bordeaux-style Red Blend', 'Rosé', 'Bordeaux-style White Blend', 'Sauvignon']",France,Bordeaux,['Bordeaux']
16547,Producta Vignobles,87.0,,87.0,,1,1,['Bordeaux-style White Blend'],France,Southwest France,['Monbazillac']
16548,Producteurs Plaimont,87.5,20.1,87.5,15.5,56,9,"['Tannat-Cabernet', 'Red Blend', 'White Blend', 'Colombard', 'Rosé', 'Tannat-Cabernet Franc', 'Tannat', 'Gros and Petit Manseng', 'Colombard-Sauvignon Blanc']",France,Southwest France,['Madiran']
16549,Produttori Colterenzio,89.2,27.8,89.0,28.5,4,3,"['Sauvignon Blanc', 'Pinot Grigio', 'Chardonnay']",Italy,Northeastern Italy,['Alto Adige']
16550,Produttori Moscato d'Asti Associati,87.0,,87.0,,1,1,['Moscato'],Italy,Piedmont,"[""Moscato d'Asti""]"
16551,Produttori Vini Manduria,88.0,13.7,87.5,13.0,4,2,"['Primitivo', 'Rosato']",Italy,Southern Italy,['Primitivo di Manduria']
16552,Produttori del Barbaresco,91.8,57.7,92.0,65.0,27,1,['Nebbiolo'],Italy,Piedmont,['Barbaresco']
16553,Proelio,89.0,26.7,89.0,20.0,3,2,"['Tempranillo', 'Rosado']",Spain,Northern Spain,['Rioja']
16554,Proemio,88.6,27.8,89.0,21.0,18,5,"['Malbec', 'Red Blend', 'Chardonnay', 'Cabernet Sauvignon', 'Bordeaux-style Red Blend']",Argentina,Mendoza Province,['Mendoza']
16555,Progettidivini,87.0,12.2,87.0,12.0,5,1,['Glera'],Italy,Veneto,['Conegliano Valdobbiadene Prosecco Superiore']
16556,Proidl,89.5,,89.5,,2,1,['Grüner Veltliner'],Austria,Kamptal,[]
16557,Proidl,92.8,43.0,93.0,42.0,11,2,"['Grüner Veltliner', 'Riesling']",Austria,Kremstal,[]
16558,Proidl,88.7,29.7,89.0,30.0,3,3,"['Grüner Veltliner', 'Riesling', 'Traminer']",Austria,Niederösterreich,[]
16559,Project Paso,84.7,13.3,85.0,14.0,3,2,"['Red Blend', 'Zinfandel']",US,California,"['Paso Robles', 'Central Coast']"
16560,Promessa,88.0,9.0,88.0,9.0,2,2,"['Red Blend', 'Negroamaro']",Italy,Southern Italy,['Apulia']
16561,Prominence,85.5,26.5,85.5,26.5,2,1,['Cabernet Sauvignon'],US,California,"['Rutherford', 'Napa']"
16562,Promise,93.0,225.0,93.0,225.0,1,1,['Cabernet Sauvignon'],US,California,"['Rutherford', 'Napa']"
16563,Proper,92.3,46.0,92.0,48.0,3,1,['Syrah'],US,Washington,"['Walla Walla Valley (WA)', 'Columbia Valley']"
16564,Prophecy,90.0,14.0,90.0,14.0,1,1,['Sauvignon Blanc'],New Zealand,Marlborough,[]
16565,Prophecy,86.0,14.0,86.0,14.0,1,1,['Red Blend'],US,America,[]
16566,Prophecy,87.0,14.0,86.0,14.0,3,2,"['Pinot Noir', 'Red Blend']",US,California,"['California', 'California Other']"
16567,Prophet's Rock,89.5,39.2,90.0,38.0,6,2,"['Pinot Noir', 'Pinot Gris']",New Zealand,Central Otago,[]
16568,Proprietà Sperino,92.8,53.8,92.5,53.5,4,2,"['Red Blend', 'Nebbiolo']",Italy,Piedmont,['Coste della Sesia']
16569,Prospect 1870,85.0,30.0,85.0,30.0,1,1,['Cabernet Sauvignon'],South Africa,Robertson,[]
16570,Prospect 1870,89.0,48.0,89.0,48.0,1,1,['Red Blend'],South Africa,South Africa,[]
16571,Prospect 772,91.1,34.9,92.0,36.0,30,9,"['Rhône-style Red Blend', 'G-S-M', 'Red Blend', 'Syrah', 'Syrah-Viognier', 'Grenache-Syrah', 'Syrah-Petite Sirah', 'Grenache Blanc', 'Grenache']",US,California,"['California', 'California Other']"
16572,Prosper,86.0,35.0,86.0,35.0,1,1,['Pinot Noir'],US,California,"['Sonoma Coast', 'Sonoma']"
16573,Prosper Maufoux,88.2,37.3,89.0,36.0,13,3,"['Pinot Noir', 'Chardonnay', 'Aligoté']",France,Burgundy,['Pommard']
16574,Prospero,84.8,23.6,85.0,22.0,5,5,"['Cabernet Sauvignon', 'Merlot', 'Cabernet Franc', 'Petite Sirah', 'Pinot Noir']",US,California,"['Sonoma County', 'Sonoma']"
16575,Protea,86.0,18.0,86.0,18.0,2,2,"['Chenin Blanc', 'Rosé']",South Africa,Coastal Region,[]
16576,Protea,87.5,18.0,87.5,18.0,2,1,['Chenin Blanc'],South Africa,Western Cape,[]
16577,Proteus,93.0,28.0,93.0,28.0,1,1,['Pinot Noir'],US,Oregon,"['Willamette Valley', 'Willamette Valley']"
16578,Protopapas,83.8,17.2,83.0,17.0,5,5,"['Syrah', 'Traminer', 'White Blend', 'Sauvignon Blanc', 'Cabernet Sauvignon']",Greece,Greece,[]
16579,Protopapas,85.2,17.2,85.0,17.0,5,5,"['Merlot', 'Sauvignon Blanc', 'Traminer', 'Syrah', 'Chardonnay']",Greece,Pageon,[]
16580,Protos,88.8,41.7,89.0,30.0,26,3,"['Verdejo', 'Tempranillo', 'Tinto Fino']",Spain,Northern Spain,['Rueda']
16581,Proulx,88.7,37.0,89.0,33.0,39,8,"['Petite Sirah', 'Zinfandel', 'Rosé', 'Mission', 'Grenache', 'Red Blend', 'Syrah', 'Pinot Noir']",US,California,"['Paso Robles', 'Central Coast']"
16582,Provam,90.9,18.3,91.0,16.0,19,2,"['Alvarinho', 'Portuguese White']",Portugal,Vinho Verde,[]
16583,Provenance Vineyards,88.8,55.6,88.0,45.0,42,4,"['Cabernet Sauvignon', 'Merlot', 'Bordeaux-style Red Blend', 'Sauvignon Blanc']",US,California,"['Rutherford', 'Napa']"
16584,Provence Rosé,84.0,13.5,84.0,13.5,2,1,['Rosé'],France,Provence,['Côtes de Provence']
16585,Provence Wine Maker,88.7,19.7,88.0,20.0,3,2,"['Rosé', 'White Blend']",France,Provence,['Côtes de Provence']
16586,Provenza,84.0,12.0,84.0,12.0,1,1,['White Blend'],Greece,Naoussa,[]
16587,Proverbial,87.0,28.0,87.0,28.0,2,1,['Cabernet Sauvignon'],US,California,"['Alexander Valley', 'Sonoma']"
16588,Provincial Vineyards,89.0,28.3,89.0,24.0,3,2,"['Pinot Noir', 'Pinot Gris']",US,Oregon,"['Willamette Valley', 'Willamette Valley']"
16589,Provolo,91.5,92.5,91.5,92.5,2,1,"['Corvina, Rondinella, Molinara']",Italy,Veneto,['Amarone della Valpolicella']
16590,Proximity,93.0,80.0,93.0,80.0,1,1,['Bordeaux-style Red Blend'],US,California,"['Santa Ynez Valley', 'Central Coast']"
16591,Proximity Twenty Six,88.0,75.0,88.0,75.0,1,1,['Bordeaux-style Red Blend'],US,California,"['Santa Ynez Valley', 'Central Coast']"
16592,Pruneto,82.0,28.0,82.0,28.0,1,1,['Sangiovese'],Italy,Tuscany,['Chianti Classico']
16593,Prunotto,89.7,53.2,90.0,51.5,33,4,"['Nebbiolo', 'Barbera', 'Dolcetto', 'Moscato']",Italy,Piedmont,['Barolo']
16594,Prà,88.2,28.8,88.0,23.5,12,3,"['Corvina, Rondinella, Molinara', 'Garganega', 'Red Blend']",Italy,Veneto,['Valpolicella Superiore']
16595,Préselö,88.5,15.0,88.5,15.0,2,2,"['Muscat', 'Furmint']",Hungary,Tokaj,[]
16596,Prêt a Boire,87.0,75.0,87.0,75.0,1,1,['Rosé'],US,California,"['Napa Valley', 'Napa']"
16597,Príncipe de Viana,86.2,15.8,86.0,15.0,26,8,"['Rosé', 'Red Blend', 'Tempranillo Blend', 'Rosado', 'Garnacha', 'Chardonnay', 'Tempranillo', 'Grenache']",Spain,Northern Spain,['Navarra']
16598,Psagot,89.3,51.7,89.0,40.0,3,2,"['Cabernet Sauvignon', 'Bordeaux-style Red Blend']",Israel,Jerusalem Hills,[]
16599,Psagot,87.7,30.0,87.0,30.0,19,8,"['Bordeaux-style Red Blend', 'Chardonnay', 'Merlot', 'Cabernet Sauvignon', 'Cabernet Franc', 'Shiraz', 'Red Blend', 'Viognier']",Israel,Judean Hills,[]
16600,Publix,85.7,22.5,86.0,22.5,6,3,"['Chardonnay', 'Cabernet Sauvignon', 'Pinot Noir']",US,California,"['Russian River Valley', 'Sonoma']"
16601,Puccioni,87.5,29.1,87.0,28.0,11,2,"['Zinfandel', 'Petite Sirah']",US,California,"['Dry Creek Valley', 'Sonoma']"
16602,Pueblo del Sol,84.0,14.8,83.0,10.0,4,1,['Tannat'],Uruguay,Juanico,[]
16603,Puelles,88.7,35.0,89.0,35.0,3,1,['Tempranillo'],Spain,Northern Spain,['Rioja']
16604,Puerta Colorada,84.0,10.0,84.0,10.0,1,1,['Tempranillo'],Spain,Northern Spain,['Rioja']
16605,Puerta Palma,80.0,13.0,80.0,13.0,1,1,['Tempranillo Blend'],Spain,Central Spain,['Ribera del Guadiana']
16606,Puertas Novas,87.0,20.0,87.0,20.0,1,1,['Tinta de Toro'],Spain,Northern Spain,['Toro']
16607,Puget Purveyors,88.0,25.0,88.0,25.0,1,1,['Cabernet Sauvignon'],US,Washington,"['Washington', 'Washington Other']"
16608,Pugilist,87.5,22.5,87.5,22.5,2,2,"['Cabernet Sauvignon', 'Viognier']",US,California,"['Happy Canyon of Santa Barbara', 'Central Coast']"
16609,Pugliese,83.0,14.0,83.0,14.0,1,1,['Riesling'],US,New York,"['North Fork of Long Island', 'Long Island']"
16610,Pugnane,91.0,45.0,91.0,45.0,2,1,['Nebbiolo'],Italy,Piedmont,['Barolo']
16611,Puiatti,85.5,21.5,85.5,21.5,2,2,"['Pinot Grigio', 'Friulano']",Italy,Northeastern Italy,['Collio']
16612,Pujanza,89.6,54.0,89.0,34.5,8,3,"['Red Blend', 'Tempranillo', 'Tempranillo Blend']",Spain,Northern Spain,['Rioja']
16613,Puklavec & Friends,87.0,11.0,87.0,11.0,1,1,['Red Blend'],Greece,Macedonia,[]
16614,Puklavec & Friends,87.0,12.0,87.0,12.0,4,4,"['Moscato', 'Pinot Grigio', 'Sauvignon Blanc', 'White Blend']",Slovenia,Štajerska,[]
16615,Pulchella,90.9,45.5,91.0,40.0,13,9,"['Zinfandel', 'Red Blend', 'Tannat', 'Grenache-Syrah', 'Rhône-style Red Blend', 'Pinot Noir', 'Tempranillo', 'Syrah', 'Tannat-Syrah']",US,California,"['Monterey', 'Central Coast']"
16616,Pulchrum,87.0,52.0,87.0,52.0,1,1,['Crespiello'],Spain,Northern Spain,['Cariñena']
16617,Pulden,86.0,9.0,86.0,9.0,2,2,"['Merlot', 'Mavrud']",Bulgaria,Thracian Valley,[]
16618,Pulenta Estate,86.7,25.3,86.5,16.0,20,10,"['Chardonnay', 'Rosé', 'Pinot Noir', 'Pinot Gris', 'Cabernet Franc', 'Malbec', 'Red Blend', 'Bordeaux-style Red Blend', 'Sauvignon Blanc', 'Cabernet Sauvignon']",Argentina,Mendoza Province,['Mendoza']
16619,Pull,87.3,18.0,87.0,18.0,9,6,"['Cabernet Sauvignon', 'Cabernet Sauvignon-Merlot', 'Rhône-style Red Blend', 'Bordeaux-style Red Blend', 'Chardonnay', 'Merlot']",US,California,"['Paso Robles', 'Central Coast']"
16620,Pullus,85.8,16.1,86.0,15.0,9,6,"['Pinot Grigio', 'Sauvignon', 'Welschriesling', 'Traminer', 'Pinot Noir', 'Sauvignon Blanc']",Slovenia,Štajerska,[]
16621,Puma Road,88.0,32.5,88.0,32.5,2,2,"['Rosé', 'Pinot Noir']",US,California,"['Paicines', 'Central Coast']"
16622,Pumphouse,85.0,11.0,85.0,11.0,2,2,"['Red Blend', 'White Blend']",US,New York,"['North Fork of Long Island', 'Long Island']"
16623,Punch,87.8,45.0,87.5,35.0,4,1,['Cabernet Sauvignon'],US,California,"['California', 'California Other']"
16624,Punga Cove,81.0,15.0,81.0,15.0,1,1,['Pinot Noir'],New Zealand,Marlborough,[]
16625,Punk Dog,84.0,20.0,84.0,20.0,1,1,['Red Blend'],US,California,"['Napa County', 'Napa']"
16626,Punset,88.9,37.8,89.0,41.5,17,3,"['Nebbiolo', 'Arneis', 'Barbera']",Italy,Piedmont,['Barbaresco']
16627,Punt Road,88.5,24.5,88.5,21.0,4,4,"['Shiraz', 'Pinot Gris', 'Cabernet Sauvignon', 'Pinot Noir']",Australia,Victoria,['Yarra Valley']
16628,Punta del Cielo,87.0,25.0,87.0,25.0,1,1,['Cabernet Sauvignon'],Argentina,Mendoza Province,['Mendoza']
16629,Punters Corner,87.3,24.0,87.5,25.5,6,5,"['Cabernet Sauvignon', 'Red Blend', 'Cabernet Sauvignon-Merlot', 'Shiraz', 'Chardonnay']",Australia,South Australia,['Coonawarra']
16630,Punto y Coma,88.0,15.0,88.0,15.0,1,1,['Garnacha'],Spain,Northern Spain,['Calatayud']
16631,Puntí Ferrer,90.0,35.0,90.0,35.0,1,1,['Cabernet Sauvignon'],Chile,Curicó Valley,[]
16632,Pura 8,85.0,17.3,86.0,16.0,3,3,"['Pinot Noir', 'Malbec', 'Chardonnay']",Chile,Rapel Valley,[]
16633,Pura Vida,86.0,45.0,86.0,45.0,1,1,['Bordeaux-style Red Blend'],US,Washington,"['Columbia Valley (WA)', 'Columbia Valley']"
16634,Puramun,90.2,39.0,91.0,39.0,4,2,"['Malbec', 'Malbec-Petit Verdot']",Argentina,Mendoza Province,['Uco Valley']
16635,Purcari,89.6,25.2,90.0,22.0,16,8,"['White Blend', 'Bordeaux-style Red Blend', 'Red Blend', 'Sauvignon Blanc', 'Pinot Grigio', 'Cabernet Sauvignon', 'Rara Neagra', 'Rosé']",Moldova,Moldova,[]
16636,Pure,84.5,14.0,84.5,14.0,4,4,"['Cabernet Sauvignon', 'Sauvignon Blanc', 'Zinfandel', 'Chardonnay']",US,California,"['Lake County', 'Mendocino/Lake Counties']"
16637,Pure Cru,88.0,41.6,88.0,38.0,14,7,"['Bordeaux-style White Blend', 'Red Blend', 'Sangiovese', 'Cabernet Sauvignon', 'Chardonnay', 'Cabernet Franc', 'Pinot Noir']",US,California,"['Napa Valley', 'Napa']"
16638,Pure Provence,84.5,14.5,84.5,14.5,2,1,['Rosé'],France,Provence,['Côtes de Provence']
16639,Purely Greece,86.0,8.0,86.0,8.0,1,1,['Malagouzia-Chardonnay'],Greece,Central Greece,[]
16640,Purlieu,89.7,49.7,89.0,45.0,3,2,"['Sauvignon Blanc', 'Cabernet Sauvignon']",US,California,"['Napa Valley', 'Napa']"
16641,Puro Uno,83.0,45.0,83.0,45.0,1,1,['Malbec'],Argentina,Mendoza Province,['Mendoza']
16642,Purple Cowboy,82.8,11.4,81.0,11.0,5,3,"['Cabernet Sauvignon', 'Merlot', 'Red Blend']",US,California,"['Paso Robles', 'Central Coast']"
16643,Purple Hands,89.6,40.4,90.0,40.0,29,2,"['Pinot Noir', 'Red Blend']",US,Oregon,['Willamette Valley']
16644,Purple Heart Wines,87.0,20.0,87.0,20.0,2,1,['Bordeaux-style Red Blend'],US,California,"['Napa Valley', 'Napa']"
16645,Purple Star,88.6,16.9,89.0,18.0,7,3,"['Syrah', 'Cabernet Sauvignon', 'Sauvignon Blanc']",US,Washington,"['Columbia Valley (WA)', 'Columbia Valley']"
16646,Pursued by Bear,91.1,64.9,91.0,65.0,8,2,"['Cabernet Sauvignon', 'Syrah']",US,Washington,"['Columbia Valley (WA)', 'Columbia Valley']"
16647,Pursuit,87.0,45.0,87.0,45.0,1,1,['Red Blend'],US,California,"['Napa Valley', 'Napa']"
16648,Push Me to the Floor,86.0,15.0,86.0,15.0,1,1,['White Blend'],South Africa,Coastal Region,[]
16649,Pushpin,83.0,10.0,83.0,10.0,1,1,['Rosé'],Spain,Northern Spain,['Campo de Borja']
16650,Putah Creek,86.8,31.2,87.0,30.0,12,8,"['Tannat', 'Sauvignon Blanc', 'Cabernet Sauvignon', 'Grenache', 'Barbera', 'Moscato', 'Syrah', 'Bordeaux-style Red Blend']",US,California,"['Solano County', 'North Coast']"
16651,Puydeval,87.0,14.0,87.0,14.0,1,1,['Red Blend'],France,Languedoc-Roussillon,"[""Vin de Pays d'Oc""]"
16652,Pyramid Valley,91.0,60.0,91.0,60.0,1,1,['Pinot Noir'],New Zealand,Canterbury,[]
16653,Pyrenees,85.0,20.0,85.0,20.0,3,3,"['Pinot Gris', 'Sémillon', 'Riesling']",US,Oregon,"['Umpqua Valley', 'Southern Oregon']"
16654,Páramo de Guzmán,87.0,31.0,87.0,31.0,1,1,['Tempranillo'],Spain,Northern Spain,['Ribera del Duero']
16655,Pátria,83.0,10.0,83.0,10.0,1,1,['Portuguese White'],Portugal,Vinho Verde,[]
16656,Père Anselme,85.6,20.7,85.0,11.0,7,2,"['Rhône-style Red Blend', 'Rhône-style White Blend']",France,Rhône Valley,['Côtes du Rhône']
16657,Pöckl,88.2,43.0,88.5,33.5,4,3,"['Red Blend', 'Blaufränkisch', 'Zweigelt']",Austria,Burgenland,[]
16658,Q,84.8,15.6,84.0,14.0,20,7,"['Cabernet Sauvignon', 'Meritage', 'Chardonnay', 'Pinot Noir', 'Syrah', 'Zinfandel', 'Merlot']",US,California,"['Sonoma County', 'Sonoma']"
16659,Q & A,85.0,14.0,85.0,14.0,1,1,['Red Blend'],US,California,"['California', 'California Other']"
16660,Q Collection,89.0,32.5,89.0,32.5,2,1,['Cabernet Sauvignon'],US,California,"['Napa Valley', 'Napa']"
16661,Q Sonoma,85.0,17.0,85.0,17.0,1,1,['Merlot'],US,California,"['Sonoma County', 'Sonoma']"
16662,Qaramy,90.5,25.0,90.5,25.0,2,1,['Red Blend'],Argentina,Mendoza Province,['Mendoza']
16663,Quackenbush,84.5,21.0,84.5,21.0,2,1,['Zinfandel'],US,California,"['Lake County', 'Mendocino/Lake Counties']"
16664,Quadra,89.7,36.4,90.0,35.0,9,2,"['Chardonnay', 'Sparkling Blend']",Italy,Lombardy,['Franciacorta']
16665,Quadrant,87.0,16.0,87.0,16.0,6,3,"['White Blend', 'Red Blend', 'Rhône-style Red Blend']",US,California,"['Paso Robles', 'Central Coast']"
16666,Quadratus,88.0,15.0,88.0,15.0,1,1,['Pinot Noir'],Bulgaria,Danube River Plains,[]
16667,Quadratus,88.5,15.5,88.5,15.5,2,2,"['Cabernet Franc', 'Merlot']",Bulgaria,Thracian Valley,[]
16668,Quadri,87.0,8.0,87.0,8.0,1,1,['Pinot Grigio'],Italy,Northeastern Italy,['Trento']
16669,Quady,89.8,21.3,90.5,23.0,20,7,"['Moscato', 'Orange Muscat', 'Black Muscat', 'Red Blend', 'Palomino', 'Port', 'Muscat']",US,California,"['California', 'California Other']"
16670,Quady North,89.5,29.3,90.0,25.0,36,13,"['Cabernet Franc-Merlot', 'Rhône-style White Blend', 'Cabernet Franc-Malbec', 'Grenache', 'Rosé', 'Viognier', 'Syrah', 'Cabernet Franc', 'Red Blend', 'G-S-M', 'Grenache Blanc', 'White Blend', 'Bordeaux-style Red Blend']",US,Oregon,"['Applegate Valley', 'Southern Oregon']"
16671,Quai de la Lune,87.0,11.0,87.0,11.0,2,1,['Rosé'],France,Bordeaux,['Bordeaux Rosé']
16672,Quail Creek,85.0,10.0,84.5,10.0,4,3,"['Cabernet Sauvignon', 'Merlot', 'Chardonnay']",US,California,"['California', 'California Other']"
16673,Quail Ridge,87.8,28.8,88.0,28.0,4,2,"['Merlot', 'Cabernet Sauvignon']",US,California,"['Napa Valley', 'Napa']"
16674,Quails' Gate,89.8,24.6,90.0,20.0,9,4,"['Chardonnay', 'Pinot Noir', 'Chenin Blanc', 'Gewürztraminer']",Canada,British Columbia,['Okanagan Valley']
16675,Qualia,86.0,32.0,86.0,32.0,2,2,"['Syrah-Grenache', 'Syrah']",US,California,"['Sonoma County', 'Sonoma']"
16676,Quanta Terra,89.5,24.4,89.0,25.0,13,2,"['Portuguese Red', 'Portuguese White']",Portugal,Douro,[]
16677,Quara,84.9,19.7,85.0,17.0,15,4,"['Torrontés', 'Malbec', 'Cabernet Sauvignon', 'Tannat']",Argentina,Other,['Cafayate']
16678,Quarles Harris,88.5,16.0,88.5,17.0,4,1,['Port'],Portugal,Port,[]
16679,Quarticello,83.0,22.0,83.0,22.0,2,2,"['Malvasia', 'Lambrusco']",Italy,Central Italy,['Emilia']
16680,Quartz Reef,89.8,34.4,90.0,30.0,12,3,"['Pinot Noir', 'Sparkling Blend', 'Pinot Gris']",New Zealand,Central Otago,[]
16681,Quasar,85.4,11.2,86.0,10.0,5,3,"['Carmenère', 'Cabernet Sauvignon', 'Merlot']",Chile,Central Valley,[]
16682,Quasar,86.0,16.0,86.0,16.0,1,1,['Syrah'],Chile,Colchagua Valley,[]
16683,Quasar,84.5,8.9,85.0,8.0,15,6,"['Sauvignon Blanc', 'Cabernet Sauvignon', 'Carmenère', 'Merlot', 'Chardonnay', 'Cabernet Sauvignon-Merlot']",Chile,Curicó Valley,[]
16684,Quasar,82.7,8.0,82.0,8.0,3,3,"['Cabernet Sauvignon', 'Carmenère', 'Sauvignon Blanc']",Chile,Molina,[]
16685,Quasar,88.5,26.5,88.5,26.5,2,2,"['Red Blend', 'Tempranillo']",Spain,Northern Spain,['Rioja']
16686,Quattro Leoni,86.0,17.0,85.0,17.0,3,3,"['Barbera', 'White Blend', 'Grignolino']",Italy,Piedmont,"[""Barbera d'Asti""]"
16687,Quattrocchi,84.0,15.5,84.0,15.5,2,1,['Malbec'],Argentina,Mendoza Province,['Mendoza']
16688,Quattroventi,91.7,,93.0,,3,1,['Sangiovese Grosso'],Italy,Tuscany,['Brunello di Montalcino']
16689,Queen of Hearts,83.1,11.0,83.5,11.0,8,5,"['Chardonnay', 'Merlot', 'Sauvignon Blanc', 'Pinot Noir', 'Cabernet Sauvignon']",US,California,"['Santa Barbara County', 'Central Coast']"
16690,Queensgate,84.5,8.0,84.5,8.0,2,2,"['Chardonnay', 'Shiraz']",Australia,Australia Other,['South Eastern Australia']
16691,Querce Bettina,89.5,54.1,90.0,69.0,8,2,"['Sangiovese Grosso', 'Sangiovese']",Italy,Tuscany,['Brunello di Montalcino']
16692,Querceta,91.0,37.3,92.0,34.0,3,1,['Sangiovese Grosso'],Italy,Tuscany,['Brunello di Montalcino']
16693,Querceto,84.8,12.0,84.5,11.0,4,2,"['Sangiovese', 'Red Blend']",Italy,Tuscany,['Chianti Classico']
16694,Querceto di Castellina,89.6,28.6,89.0,27.0,7,2,"['Sangiovese', 'Red Blend']",Italy,Tuscany,['Chianti Classico']
16695,Quercia al Poggio,88.8,34.7,88.5,34.0,6,2,"['Red Blend', 'Sangiovese']",Italy,Tuscany,['Toscana']
16696,Querciabella,89.4,54.8,89.0,30.0,5,2,"['Red Blend', 'Sangiovese']",Italy,Tuscany,['Toscana']
16697,Querciavalle,88.2,34.1,88.0,33.5,16,3,"['Sangiovese', 'White Blend', 'Red Blend']",Italy,Tuscany,['Chianti Classico']
16698,Quest Cellars,92.0,26.0,92.0,26.0,1,1,['Pinot Noir'],US,Oregon,"['Willamette Valley', 'Willamette Valley']"
16699,Quevedo,87.5,16.8,87.0,13.0,17,2,"['Portuguese Red', 'Portuguese White']",Portugal,Douro,[]
16700,Quevedo,87.4,50.8,86.5,60.0,12,1,['Port'],Portugal,Port,[]
16701,Quickfire,85.0,19.8,85.0,18.0,9,6,"['Sauvignon Blanc', 'Pinot Gris', 'Merlot', 'Cabernet Sauvignon', 'Pinot Noir', 'Zinfandel']",US,California,"['Napa Valley', 'Napa']"
16702,Quiet Resolve,88.0,15.0,88.0,15.0,1,1,['Chardonnay'],South Africa,Western Cape,[]
16703,Quilceda Creek,94.2,87.4,94.0,90.0,27,4,"['Cabernet Sauvignon', 'Red Blend', 'Bordeaux-style Red Blend', 'Merlot']",US,Washington,"['Columbia Valley (WA)', 'Columbia Valley']"
16704,Quilici,84.0,12.0,84.0,12.0,1,1,['Sangiovese'],US,California,"['California', 'California Other']"
16705,Quilt,86.0,45.0,86.0,45.0,1,1,['Cabernet Sauvignon'],US,California,"['Napa Valley', 'Napa']"
16706,Quimay,85.7,16.5,85.0,16.5,3,2,"['Pinot Noir', 'Chardonnay']",Argentina,Other,['Neuquén']
16707,Quinola,92.0,75.0,92.0,75.0,1,1,['Tinta de Toro'],Spain,Northern Spain,['Toro']
16708,Quinson Fils,83.0,,83.0,,1,1,['Rosé'],France,Provence,['Côtes de Provence']
16709,Quinta Couselo,85.5,21.0,85.5,21.0,2,1,['Albariño'],Spain,Galicia,['Rías Baixas']
16710,Quinta Cruz,89.2,23.3,88.5,22.0,6,5,"['Graciano', 'Tempranillo', 'Port', 'Souzao', 'Albariño']",US,California,"['Clements Hills', 'Central Valley']"
16711,Quinta Dona Matilde,88.7,23.4,88.0,18.0,9,2,"['Portuguese Red', 'Portuguese White']",Portugal,Douro,[]
16712,Quinta Dona Matilde,87.0,40.0,87.0,40.0,2,1,['Port'],Portugal,Port,[]
16713,Quinta Foz Torto,88.5,40.0,88.5,40.0,2,1,['Portuguese Red'],Portugal,Douro,[]
16714,Quinta Monteiro de Matos,83.0,7.0,83.0,7.0,1,1,['Portuguese Red'],Portugal,Tejo,[]
16715,Quinta Nova de Nossa Senhora do Carmo,89.8,53.0,90.0,46.0,28,5,"['Portuguese White', 'Portuguese Rosé', 'Portuguese Red', 'Touriga Nacional', 'Rosé']",Portugal,Douro,[]
16716,Quinta Nova de Nossa Senhora do Carmo,88.0,,88.0,,1,1,['Moscatel'],Portugal,Moscatel do Douro,[]
16717,Quinta Nova de Nossa Senhora do Carmo,89.8,61.8,90.0,60.0,6,1,['Port'],Portugal,Port,[]
16718,Quinta Santa Eufemia,88.2,,88.0,,8,1,['Port'],Portugal,Port,[]
16719,Quinta Sardonia,90.0,50.0,90.0,50.0,1,1,['Red Blend'],Spain,Northern Spain,['Vino de la Tierra de Castilla y León']
16720,Quinta Seara d'Ordens,91.1,38.9,91.0,35.0,7,1,['Portuguese Red'],Portugal,Douro,[]
16721,Quinta Seara d'Ordens,88.2,68.3,87.0,65.0,6,1,['Port'],Portugal,Port,[]
16722,Quinta Vale Dona Maria,94.4,88.4,94.5,92.0,14,1,['Portuguese Red'],Portugal,Douro,[]
16723,Quinta Vale Dona Maria,89.8,48.2,89.0,43.5,11,1,['Port'],Portugal,Port,[]
16724,Quinta Vale de Fornos,88.0,10.5,88.0,10.5,2,2,"['Cabernet Sauvignon', 'Portuguese Red']",Portugal,Tejo,[]
16725,Quinta Vale do Armo,86.8,16.9,87.0,12.0,10,5,"['Portuguese Red', 'Touriga Nacional', 'Rosé', 'Siria', 'Touriga Nacional Blend']",Portugal,Tejo,[]
16726,Quinta da Alorna,86.4,13.2,85.0,12.0,5,3,"['Touriga Nacional', 'Portuguese Red', 'Rosé']",Portugal,Ribatejano,[]
16727,Quinta da Alorna,87.5,13.0,87.5,13.0,2,2,"['Portuguese White', 'Portuguese Red']",Portugal,Ribatejo,[]
16728,Quinta da Alorna,87.2,13.0,87.0,11.0,59,10,"['Sauvignon Blanc', 'Portuguese White', 'Fernão Pires', 'Portuguese Red', 'Touriga Nacional', 'Arinto', 'Rosé', 'Verdelho', 'Touriga Nacional-Cabernet Sauvignon', 'Alvarinho']",Portugal,Tejo,[]
16729,Quinta da Alorna,88.0,13.0,88.0,13.0,1,1,['Fernão Pires'],Portugal,Vinho Licoroso,[]
16730,Quinta da Aveleda,84.0,6.7,84.0,7.0,3,3,"['White Blend', 'Loureiro', 'Trajadura']",Portugal,Vinho Verde,[]
16731,Quinta da Beira,87.0,8.0,87.0,8.0,1,1,['Portuguese Red'],Portugal,Dão,[]
16732,Quinta da Calçada,88.5,19.7,88.5,18.0,6,2,"['Portuguese White', 'Alvarinho']",Portugal,Minho,[]
16733,Quinta da Calçada,84.9,13.8,85.0,13.0,7,2,"['Portuguese White', 'Rosé']",Portugal,Vinho Verde,[]
16734,Quinta da Carvalhosa,90.5,26.0,90.5,26.0,2,2,"['Portuguese Red', 'Red Blend']",Portugal,Douro,[]
16735,Quinta da Casaboa,88.0,27.0,88.0,27.0,2,2,"['Touriga Nacional', 'Portuguese Red']",Portugal,Lisboa,[]
16736,Quinta da Cortezia,86.6,11.0,86.0,11.0,5,3,"['Red Blend', 'Arinto', 'Portuguese Red']",Portugal,Estremadura,[]
16737,Quinta da Cortezia,87.0,11.3,86.0,9.0,3,3,"['Portuguese Red', 'Touriga Nacional', 'Portuguese White']",Portugal,Lisboa,[]
16738,Quinta da Devesa,91.7,71.5,92.0,71.5,3,1,['Port'],Portugal,Port,[]
16739,Quinta da Foz,91.3,46.8,93.0,55.0,11,2,"['Portuguese Red', 'Portuguese White']",Portugal,Douro,[]
16740,Quinta da Gaivosa,88.7,37.0,88.0,37.0,3,1,['Port'],Portugal,Port,[]
16741,Quinta da Lagoalva de Cima,89.5,20.0,89.5,20.0,2,1,['Portuguese Red'],Portugal,Douro,[]
16742,Quinta da Lagoalva de Cima,89.0,22.0,89.0,22.0,1,1,['Portuguese Red'],Portugal,Ribatejano,[]
16743,Quinta da Lagoalva de Cima,87.6,20.2,88.0,18.0,59,11,"['Portuguese White', 'Rosé', 'Portuguese Red', 'Syrah', 'White Blend', 'Alfrocheiro', 'Gewürztraminer-Riesling', 'Sparkling Blend', 'Portuguese Sparkling', 'Sauvignon Blanc', 'Touriga Nacional Blend']",Portugal,Tejo,[]
16744,Quinta da Lapa,86.3,15.7,86.0,14.5,35,9,"['Portuguese Sparkling', 'Portuguese Red', 'Portuguese White', 'Syrah', 'Touriga Nacional', 'Rosé', 'Arinto', 'Cabernet Sauvignon', 'Merlot']",Portugal,Tejo,[]
16745,Quinta da Lixa,88.3,15.0,89.0,15.0,3,2,"['Alvarinho', 'Portuguese White']",Portugal,Minho,[]
16746,Quinta da Lixa,85.0,9.9,85.0,10.0,7,1,['Portuguese White'],Portugal,Vinho Verde,[]
16747,Quinta da Maritávora,89.5,30.0,89.5,30.0,2,1,['Portuguese Red'],Portugal,Douro,[]
16748,Quinta da Maritávora,83.0,17.0,83.0,17.0,1,1,['Port'],Portugal,Port,[]
16749,Quinta da Mimosa,88.0,15.0,88.0,15.0,1,1,['Red Blend'],Portugal,Palmela,[]
16750,Quinta da Muradella,87.0,50.5,87.0,50.5,2,1,['Doña Blanca'],Spain,Galicia,['Monterrei']
16751,Quinta da Murta,86.0,10.0,86.0,10.0,1,1,['Arinto'],Portugal,Bucelas,[]
16752,Quinta da Nespereira,89.0,18.0,89.0,18.0,2,1,['Portuguese Red'],Portugal,Dão,[]
16753,Quinta da Pacheca,87.6,11.5,88.0,11.5,5,2,"['Portuguese Red', 'Portuguese White']",Portugal,Douro,[]
16754,Quinta da Pacheca,86.8,,87.0,,4,1,['Port'],Portugal,Port,[]
16755,Quinta da Padrela,86.0,22.0,85.0,20.0,3,1,['Portuguese Red'],Portugal,Douro,[]
16756,Quinta da Pedra,89.0,13.0,89.0,13.0,1,1,['Alvarinho'],Portugal,Vinho Verde,[]
16757,Quinta da Pedra Alta,87.0,,87.0,,1,1,['Port'],Portugal,Port,[]
16758,Quinta da Plansel,88.0,,89.0,,5,3,"['Portuguese Red', 'Touriga Nacional', 'Portuguese White']",Portugal,Alentejano,[]
16759,Quinta da Prelada,87.7,30.0,87.0,30.0,3,1,['Port'],Portugal,Port,[]
16760,Quinta da Raza,87.7,15.0,87.0,16.0,3,2,"['Portuguese White', 'Alvarinho']",Portugal,Minho,[]
16761,Quinta da Raza,85.9,14.2,86.0,15.0,18,4,"['Arinto', 'Portuguese White', 'Rosé', 'Azal']",Portugal,Vinho Verde,[]
16762,Quinta da Rede,89.3,19.2,90.0,16.5,19,2,"['Portuguese White', 'Portuguese Red']",Portugal,Douro,[]
16763,Quinta da Ribeirinha,80.0,12.0,80.0,12.0,1,1,['Portuguese Red'],Portugal,Ribatejo,[]
16764,Quinta da Ribeirinha,86.9,16.1,86.0,13.0,13,5,"['Fernão Pires', 'Portuguese Red', 'Touriga Nacional', 'Portuguese White', 'Rosado']",Portugal,Tejo,[]
16765,Quinta da Romaneira,91.3,41.4,92.0,34.5,22,2,"['Portuguese Red', 'Touriga Nacional']",Portugal,Douro,[]
16766,Quinta da Romaneira,90.3,33.4,90.0,32.0,10,5,"['Syrah', 'Petit Verdot', 'Portuguese Red', 'Touriga Nacional Blend', 'Touriga Nacional']",Portugal,Duriense,[]
16767,Quinta da Romaneira,89.4,41.7,90.0,50.0,11,1,['Port'],Portugal,Port,[]
16768,Quinta da Romeira,87.7,14.0,89.0,14.0,6,1,['Arinto'],Portugal,Bucelas,[]
16769,Quinta da Romeira,88.0,13.0,88.0,13.0,1,1,['Touriga Nacional'],Portugal,Estremadura,[]
16770,Quinta da Romeira,87.5,11.0,87.5,11.0,2,1,['Arinto'],Portugal,Lisboa,[]
16771,Quinta da Romeira,87.0,7.0,87.0,7.0,1,1,['Red Blend'],Portugal,Palmela,[]
16772,Quinta da Sequeira,89.4,29.9,90.0,30.0,7,4,"['Portuguese Red', 'Malvasia Fina', 'Portuguese White', 'Rosé']",Portugal,Douro,[]
16773,Quinta da Soalheiro,91.0,25.0,91.0,25.0,1,1,['Alvarinho'],Portugal,Minho,[]
16774,Quinta da Zaralhôa,92.0,60.0,92.0,60.0,1,1,['Portuguese Red'],Portugal,Douro,[]
16775,Quinta das Apegadas,88.0,14.5,88.0,14.5,2,1,['Portuguese Red'],Portugal,Douro,[]
16776,Quinta das Arcas,85.5,9.4,85.5,9.0,8,3,"['Loureiro', 'Portuguese White', 'Rosé']",Portugal,Vinho Verde,[]
16777,Quinta das Bandeiras,90.2,26.0,90.5,27.0,12,2,"['Portuguese Red', 'Portuguese White']",Portugal,Douro,[]
16778,Quinta das Bandeiras,88.0,,88.0,,1,1,['Port'],Portugal,Port,[]
16779,Quinta das Carvalhas,90.3,31.9,91.0,25.0,21,4,"['Touriga Nacional', 'Tinta Francisca', 'Portuguese Red', 'Portuguese White']",Portugal,Douro,[]
16780,Quinta das Carvalhas,89.4,49.5,90.0,60.0,5,1,['Port'],Portugal,Port,[]
16781,Quinta das Heredias,83.0,69.3,83.0,50.0,3,1,['Port'],Portugal,Port,[]
16782,Quinta das Maias,87.4,18.2,88.0,17.0,5,4,"['Jaen', 'Malvasia Fina', 'Portuguese Red', 'Portuguese White']",Portugal,Dão,[]
16783,Quinta das Marias,89.8,26.0,89.5,25.0,10,4,"['Alfrocheiro', 'Encruzado', 'Touriga Nacional', 'Portuguese Red']",Portugal,Dão,[]
16784,Quinta das Tecedeiras,91.0,28.0,91.0,28.0,1,1,['Portuguese Red'],Portugal,Douro,[]
16785,Quinta de Arcossó,87.3,41.0,88.0,33.0,3,2,"['Portuguese White', 'Portuguese Red']",Portugal,Trás-os-Montes,[]
16786,Quinta de Aves,83.0,14.0,83.0,14.0,1,1,['Tempranillo'],Spain,Central Spain,['Vino de la Tierra de Castilla']
16787,Quinta de Baixo,85.7,21.7,87.0,16.0,3,2,"['Portuguese White', 'Portuguese Red']",Portugal,Bairrada,[]
16788,Quinta de Bandeiras,88.5,,88.5,,2,2,"['Portuguese Red', 'Portuguese White']",Portugal,Douro,[]
16789,Quinta de Cabriz,89.0,7.0,89.0,7.0,1,1,['Portuguese Red'],Portugal,Dão,[]
16790,Quinta de Chocapalha,88.8,23.8,89.0,20.0,5,4,"['Arinto', 'Portuguese Red', 'Cabernet Sauvignon-Syrah', 'Portuguese White']",Portugal,Estremadura,[]
16791,Quinta de Chocapalha,89.6,23.4,89.0,18.0,37,6,"['Portuguese White', 'Arinto', 'Portuguese Red', 'Cabernet Sauvignon', 'Castelão', 'Touriga Nacional']",Portugal,Lisboa,[]
16792,Quinta de Covela,87.0,20.5,87.0,20.5,2,2,"['Rosé', 'Portuguese White']",Portugal,Minho,[]
16793,Quinta de Foz de Arouce,91.6,35.0,92.0,30.0,7,4,"['Portuguese Red', 'Baga', 'Portuguese White', 'Cerceal']",Portugal,Beira Atlantico,[]
16794,Quinta de Foz de Arouce,90.6,42.9,90.0,36.0,11,5,"['Baga-Touriga Nacional', 'Baga', 'Cerceal', 'Portuguese Red', 'Portuguese White']",Portugal,Beiras,[]
16795,Quinta de Gomariz,85.7,14.7,85.0,14.0,7,5,"['Portuguese White', 'Rosé', 'Alvarinho', 'Avesso', 'Loureiro']",Portugal,Vinho Verde,[]
16796,Quinta de Lemos,91.4,34.6,91.5,32.0,14,5,"['Alfrocheiro', 'Portuguese Red', 'Jaen', 'Tinta Roriz', 'Touriga Nacional']",Portugal,Dão,[]
16797,Quinta de Lourosa,90.0,,90.0,,1,1,['Alvarinho'],Portugal,Minho,[]
16798,Quinta de Lourosa,84.0,,84.0,,2,1,['Portuguese White'],Portugal,Vinho Verde,[]
16799,Quinta de Malho,87.0,55.0,87.0,55.0,1,1,['Portuguese Red'],Portugal,Douro,[]
16800,Quinta de Pancas,86.5,13.5,86.5,13.5,2,2,"['Touriga Nacional-Cabernet Sauvignon', 'Cabernet Sauvignon']",Portugal,Estremadura,[]
16801,Quinta de Parrotes,82.0,9.0,82.0,9.0,1,1,['Portuguese Red'],Portugal,Alenquer,[]
16802,Quinta de Paços,83.0,10.0,83.0,10.0,1,1,['Fernão Pires'],Portugal,Minho,[]
16803,Quinta de Paços,88.0,13.7,90.0,14.0,7,3,"['Alvarinho', 'Rosé', 'Loureiro-Arinto']",Portugal,Vinho Verde,[]
16804,Quinta de Porrais,88.0,14.6,88.0,15.0,25,3,"['Portuguese White', 'Portuguese Red', 'Rabigato']",Portugal,Douro,[]
16805,Quinta de Roriz,89.7,28.8,89.5,27.5,6,2,"['Portuguese Red', 'Port']",Portugal,Douro,[]
16806,Quinta de Roriz,90.0,55.0,90.0,55.0,2,1,['Port'],Portugal,Port,[]
16807,Quinta de Sant'Ana,88.9,24.4,89.0,22.0,25,9,"['Portuguese Red', 'Fernão Pires', 'Rosé', 'Verdelho', 'Sauvignon Blanc', 'Merlot', 'Riesling', 'Pinot Noir', 'Touriga Nacional']",Portugal,Lisboa,[]
16808,Quinta de Sant'Ana,89.0,28.0,89.0,28.0,2,1,['Pinot Noir'],Portugal,Portuguese Table Wine,[]
16809,Quinta de Santa Eufemia,88.0,22.0,88.0,22.0,1,1,['Port'],Portugal,Port,[]
16810,Quinta de Santa Maria,86.0,13.0,85.0,13.0,3,2,"['Rosé', 'Alvarinho']",Portugal,Minho,[]
16811,Quinta de Santa Maria,87.0,,87.0,,1,1,['Loureiro'],Portugal,Vinho Verde,[]
16812,Quinta de Santiago,88.3,18.0,88.0,19.0,3,1,['Alvarinho'],Portugal,Vinho Verde,[]
16813,Quinta de Serrade,87.0,17.0,87.0,17.0,1,1,['Alvarinho'],Portugal,Vinho Verde,[]
16814,Quinta de Soalheiro,91.0,19.5,91.0,19.5,2,2,"['Portuguese White', 'Alvarinho']",Portugal,Minho,[]
16815,Quinta de Soalheiro,90.2,25.3,90.0,22.0,9,2,"['Alvarinho', 'Portuguese White']",Portugal,Vinho Verde,[]
16816,Quinta de São José,90.9,30.5,90.5,25.5,8,3,"['Portuguese White', 'Portuguese Red', 'Touriga Nacional']",Portugal,Douro,[]
16817,Quinta de São Sebastião,91.0,32.7,91.0,20.0,3,1,['Portuguese Red'],Portugal,Alentejano,[]
16818,Quinta de São Sebastião,85.7,12.0,86.0,10.0,3,1,['Portuguese Red'],Portugal,Lisboa,[]
16819,Quinta de Vale Veados,91.0,25.0,91.0,25.0,1,1,['Portuguese Red'],Portugal,Tejo,[]
16820,Quinta de Ventozelo,86.7,15.9,87.0,15.0,38,6,"['Portuguese Red', 'Portuguese White', 'Touriga Nacional', 'Rosé', 'Tinta Roriz', 'Touriga Franca']",Portugal,Douro,[]
16821,Quinta de Ventozelo,88.0,39.4,88.0,40.0,16,1,['Port'],Portugal,Port,[]
16822,Quinta de la Rosa,90.3,29.9,90.0,22.0,36,3,"['Portuguese Red', 'Portuguese White', 'Port']",Portugal,Douro,[]
16823,Quinta de la Rosa,89.6,44.4,89.0,35.5,19,1,['Port'],Portugal,Port,[]
16824,Quinta do Ameal,92.0,25.0,92.0,25.0,1,1,['Loureiro'],Portugal,Minho,[]
16825,Quinta do Ameal,89.0,,89.0,,2,1,['Portuguese White'],Portugal,Portuguese Table Wine,[]
16826,Quinta do Ameal,90.0,17.2,90.0,15.5,5,1,['Loureiro'],Portugal,Vinho Verde,[]
16827,Quinta do Arrobe,87.0,27.0,87.0,25.0,10,5,"['Portuguese Red', 'Arinto', 'Cabernet Sauvignon', 'Syrah', 'Sparkling Blend']",Portugal,Tejo,[]
16828,Quinta do Avelar,88.0,,88.0,,1,1,['Arinto'],Portugal,Bucelas,[]
16829,Quinta do Boição,89.2,33.0,90.0,29.0,6,1,['Arinto'],Portugal,Bucelas,[]
16830,Quinta do Boição,90.0,24.0,90.0,24.0,2,1,['Portuguese Red'],Portugal,Estremadura,[]
16831,Quinta do Carmo,85.7,29.6,85.5,26.0,12,2,"['Red Blend', 'Portuguese Red']",Portugal,Alentejano,[]
16832,Quinta do Carneiro,85.5,11.0,85.5,11.0,2,2,"['Portuguese Red', 'Portuguese White']",Portugal,Alenquer,[]
16833,Quinta do Carneiro,85.0,13.0,85.0,13.0,1,1,['Touriga Nacional'],Portugal,Lisboa,[]
16834,Quinta do Casal Branco,85.8,8.5,86.5,8.5,4,2,"['Portuguese Red', 'Portuguese White']",Portugal,Ribatejano,[]
16835,Quinta do Casal Branco,89.2,14.2,89.0,13.0,5,2,"['Portuguese Red', 'Fernão Pires']",Portugal,Ribatejo,[]
16836,Quinta do Casal Branco,86.7,14.8,86.0,13.0,69,8,"['Portuguese Red', 'Fernão Pires', 'Touriga Nacional', 'Viognier', 'Portuguese White', 'Rosé', 'Alicante Bouschet', 'Portuguese Sparkling']",Portugal,Tejo,[]
16837,Quinta do Casal Monteiro,89.0,15.0,89.0,15.0,1,1,['Portuguese White'],Portugal,Lisboa,[]
16838,Quinta do Casal Monteiro,86.5,12.6,86.5,12.0,28,5,"['Portuguese White', 'Arinto', 'Portuguese Red', 'Touriga Nacional-Cabernet Sauvignon', 'Rosé']",Portugal,Tejo,[]
16839,Quinta do Castelinho,87.3,20.0,87.0,23.0,3,1,['Portuguese Red'],Portugal,Douro,[]
16840,Quinta do Cavalinho,88.0,20.0,88.0,20.0,1,1,['Moscatel'],Portugal,Portugal,[]
16841,Quinta do Cavalinho,91.0,29.0,91.0,29.0,1,1,['Portuguese Red'],Portugal,Ribatejo,[]
16842,Quinta do Cavalinho,85.9,15.9,86.0,15.0,18,6,"['Portuguese Red', 'Portuguese White', 'Rosé', 'Touriga Nacional-Cabernet Sauvignon', 'Touriga Nacional Blend', 'Touriga Nacional']",Portugal,Tejo,[]
16843,Quinta do Conde,85.8,12.5,85.5,12.5,4,1,['Portuguese Red'],Portugal,Lisboa,[]
16844,Quinta do Covão,90.5,45.0,90.5,45.0,2,2,"['Encruzado', 'Portuguese Red']",Portugal,Dão,[]
16845,Quinta do Crasto,90.5,55.9,91.0,40.0,31,7,"['Portuguese White', 'Portuguese Red', 'Touriga Nacional', 'Tinta Roriz', 'Port', 'Red Blend', 'Viosinho']",Portugal,Douro,[]
16846,Quinta do Crasto,92.0,35.0,92.0,35.0,1,1,['Syrah'],Portugal,Duriense,[]
16847,Quinta do Crasto,89.5,50.2,89.5,46.0,8,1,['Port'],Portugal,Port,[]
16848,Quinta do Cruzeiro,85.0,17.0,85.0,17.0,1,1,['Portuguese White'],Portugal,Vinho Verde,[]
16849,Quinta do Côa,83.0,16.0,83.0,16.0,1,1,['Red Blend'],Portugal,Douro,[]
16850,Quinta do Côtto,85.0,20.0,85.0,20.0,1,1,['Portuguese Red'],Portugal,Douro,[]
16851,Quinta do Estanho,88.0,28.0,88.0,28.0,1,1,['Port'],Portugal,Douro,[]
16852,Quinta do Estanho,86.3,,87.0,,3,1,['Port'],Portugal,Port,[]
16853,Quinta do Filoco,89.4,30.0,90.0,30.5,5,3,"['Portuguese Red', 'Portuguese White', 'Touriga Nacional']",Portugal,Douro,[]
16854,Quinta do Fojo,85.5,67.5,85.5,67.5,2,1,['Portuguese Red'],Portugal,Douro,[]
16855,Quinta do Gradil,86.2,9.5,86.5,9.0,4,4,"['Portuguese Red', 'Aragonês', 'Syrah', 'Touriga Nacional']",Portugal,Estremadura,[]
16856,Quinta do Gradil,84.5,10.0,84.5,10.0,2,2,"['Portuguese White', 'Portuguese Red']",Portugal,Lisboa,[]
16857,Quinta do Grifo,85.0,20.0,85.0,20.0,1,1,['Portuguese Red'],Portugal,Douro,[]
16858,Quinta do Grifo,85.0,16.0,85.0,16.0,1,1,['Portuguese Red'],Portugal,Douro Superior,[]
16859,Quinta do Infantado,88.0,25.0,88.0,25.0,1,1,['Portuguese Red'],Portugal,Douro,[]
16860,Quinta do Infantado,88.2,25.0,89.0,25.0,6,1,['Port'],Portugal,Port,[]
16861,Quinta do Judeu,85.5,22.0,85.5,22.0,2,2,"['Portuguese White', 'Portuguese Red']",Portugal,Douro,[]
16862,Quinta do Monte Xisto,91.5,80.0,91.5,80.0,2,1,['Portuguese Red'],Portugal,Douro,[]
16863,Quinta do Monte d'Oiro,90.5,35.4,90.0,35.0,13,6,"['Portuguese Red', 'Syrah', 'Tinta Roriz', 'Viognier', 'Portuguese White', 'Rhône-style Red Blend']",Portugal,Lisboa,[]
16864,Quinta do Mouro,88.7,31.3,88.0,26.0,3,1,['Portuguese Red'],Portugal,Alentejano,[]
16865,Quinta do Mourão,90.0,,90.0,,1,1,['Port'],Portugal,Port,[]
16866,Quinta do Noval,90.8,52.9,91.5,50.5,8,3,"['Portuguese Red', 'Touriga Nacional', 'Portuguese White']",Portugal,Douro,[]
16867,Quinta do Noval,89.5,22.0,89.5,22.0,2,1,['Portuguese Red'],Portugal,Duriense,[]
16868,Quinta do Noval,92.4,116.0,92.0,62.5,23,1,['Port'],Portugal,Port,[]
16869,Quinta do Passadouro,89.5,34.1,90.0,25.0,19,4,"['Portuguese White', 'Portuguese Red', 'Touriga Franca', 'Touriga Nacional']",Portugal,Douro,[]
16870,Quinta do Passadouro,88.9,45.7,88.0,40.0,10,1,['Port'],Portugal,Port,[]
16871,Quinta do Passadouro,91.0,70.0,91.0,70.0,1,1,['Port'],Portugal,Portugal,[]
16872,Quinta do Pego,94.0,75.0,94.0,75.0,1,1,['Port'],Portugal,Port,[]
16873,Quinta do Perdigão,91.3,30.8,92.0,32.0,6,4,"['Portuguese Red', 'Encruzado', 'Rosé', 'Alfrocheiro']",Portugal,Dão,[]
16874,Quinta do Pessegueiro,87.5,29.8,87.0,30.0,4,2,"['Touriga Nacional', 'Portuguese Red']",Portugal,Douro,[]
16875,Quinta do Pinto,89.0,,89.0,,1,1,['Portuguese Red'],Portugal,Alenquer,[]
16876,Quinta do Pinto,89.2,21.7,89.0,24.0,23,7,"['Portuguese White', 'Merlot-Syrah', 'Antão Vaz', 'Touriga Nacional', 'Portuguese Red', 'Viognier-Chardonnay', 'Tinta Miúda']",Portugal,Lisboa,[]
16877,Quinta do Portal,89.4,23.0,89.0,17.0,41,9,"['Portuguese Red', 'Portuguese Rosé', 'Rosé', 'Tinta Roriz', 'Touriga Nacional', 'Touriga Franca', 'Portuguese White', 'Red Blend', 'Tinta Barroca']",Portugal,Douro,[]
16878,Quinta do Portal,88.3,31.3,88.0,25.0,25,1,['Port'],Portugal,Port,[]
16879,Quinta do Portal,84.0,9.0,84.0,9.0,1,1,['Portuguese White'],Portugal,Vinho Verde,[]
16880,Quinta do Portal,92.0,29.0,92.0,29.0,1,1,['Red Blend'],Portugal,Vinho da Mesa,[]
16881,Quinta do Pôpa,89.3,26.7,88.0,23.0,10,4,"['Portuguese Red', 'Tinta Roriz', 'Portuguese White', 'Touriga Nacional']",Portugal,Douro,[]
16882,Quinta do Quetzal,88.9,19.1,88.0,14.0,15,3,"['Antão Vaz', 'Portuguese Red', 'Portuguese White']",Portugal,Alentejano,[]
16883,Quinta do Quetzal,92.0,45.0,92.0,45.0,2,2,"['Portuguese White', 'Portuguese Red']",Portugal,Alentejo,[]
16884,Quinta do Reguengo de Melgaco,88.0,15.0,88.0,15.0,1,1,['Alvarinho'],Portugal,Vinho Verde,[]
16885,Quinta do Romeu,85.7,21.7,85.5,19.5,6,1,['Portuguese Red'],Portugal,Douro,[]
16886,Quinta do Sagrado,90.3,27.2,91.0,24.0,15,3,"['Portuguese Red', 'Portuguese White', 'Portuguese Rosé']",Portugal,Douro,[]
16887,Quinta do Sagrado,88.0,19.0,88.0,19.0,1,1,['Port'],Portugal,Port,[]
16888,Quinta do Serrado,90.3,8.3,90.0,7.0,3,2,"['Portuguese Red', 'Portuguese White']",Portugal,Dão,[]
16889,Quinta do Sobral,90.3,17.3,91.0,13.0,3,2,"['Portuguese Red', 'Encruzado']",Portugal,Dão,[]
16890,Quinta do Sobreiró de Cima,85.5,,85.0,,6,2,"['Portuguese White', 'Portuguese Red']",Portugal,Trás-os-Montes,[]
16891,Quinta do Tamariz,87.0,15.0,87.0,15.0,1,1,['Loureiro'],Portugal,Vinho Verde,[]
16892,Quinta do Tedo,89.8,55.0,89.5,55.0,4,2,"['Portuguese Red', 'Port']",Portugal,Douro,[]
16893,Quinta do Tedo,89.3,,90.0,,3,1,['Port'],Portugal,Port,[]
16894,Quinta do Vale Bragão,91.0,30.0,91.0,30.0,1,1,['Portuguese Red'],Portugal,Douro,[]
16895,Quinta do Vale Meão,93.1,52.6,94.0,47.0,21,4,"['Portuguese Red', 'Touriga Nacional', 'Port', 'Red Blend']",Portugal,Douro,[]
16896,Quinta do Vale Meão,91.3,67.7,91.0,75.0,7,1,['Port'],Portugal,Port,[]
16897,Quinta do Vallado,89.9,49.8,89.0,50.0,48,6,"['Portuguese Red', 'Touriga Nacional', 'Portuguese White', 'Sousão', 'Moscatel', 'Rosé']",Portugal,Douro,[]
16898,Quinta do Vallado,90.7,100.2,91.0,110.0,10,1,['Port'],Portugal,Port,[]
16899,Quinta do Vesuvio,91.8,46.5,91.5,39.0,10,2,"['Port', 'Portuguese Red']",Portugal,Douro,[]
16900,Quinta do Vesuvio,93.9,80.8,94.0,65.5,9,1,['Port'],Portugal,Port,[]
16901,Quinta dos Aciprestes,90.0,27.8,89.5,19.5,4,1,['Portuguese Red'],Portugal,Douro,[]
16902,Quinta dos Avidagos,87.6,21.9,87.0,15.0,8,1,['Portuguese Red'],Portugal,Douro,[]
16903,Quinta dos Murças,89.4,28.2,88.0,14.0,15,3,"['Portuguese Red', 'Portuguese White', 'Rosé']",Portugal,Douro,[]
16904,Quinta dos Murças,91.0,47.5,91.0,47.5,2,1,['Port'],Portugal,Port,[]
16905,Quinta dos Poços,87.0,20.0,88.0,19.0,3,1,['Portuguese Red'],Portugal,Douro,[]
16906,Quinta dos Roques,89.5,23.5,90.0,26.0,11,5,"['Portuguese Red', 'Touriga Nacional', 'Alfrocheiro', 'Encruzado', 'Portuguese White']",Portugal,Dão,[]
16907,Quintana de Cue,90.0,35.0,90.0,35.0,1,1,['Tempranillo'],Spain,Northern Spain,['Ribera del Duero']
16908,Quintarelli,93.2,73.0,93.0,73.0,5,1,"['Corvina, Rondinella, Molinara']",Italy,Veneto,['Valpolicella Classico Superiore']
16909,Quintas de Melgaço,87.3,17.0,87.0,13.0,29,4,"['Rosé', 'Portuguese White', 'Alvarinho', 'White Blend']",Portugal,Vinho Verde,[]
16910,Quintay,86.8,14.9,87.0,15.0,32,5,"['Pinot Noir', 'Sauvignon Blanc', 'Chardonnay', 'Syrah', 'Rosé']",Chile,Casablanca Valley,[]
16911,Quintay,85.5,14.0,85.5,14.0,2,1,['Cabernet Sauvignon'],Chile,Maipo Valley,[]
16912,Quintay,83.2,14.5,84.0,14.5,4,1,['Carmenère'],Chile,Rapel Valley,[]
16913,Quintessa,91.8,117.5,93.5,130.0,6,4,"['Sauvignon Blanc', 'Bordeaux-style Red Blend', 'Cabernet Sauvignon', 'Red Blend']",US,California,"['Napa-Sonoma', 'North Coast']"
16914,Quintet,90.2,48.0,90.5,48.0,4,1,['Pinot Noir'],US,Oregon,"['Ribbon Ridge', 'Willamette Valley']"
16915,Quivet Cellars,88.0,47.0,87.0,38.0,3,2,"['Syrah', 'Cabernet Sauvignon']",US,California,"['Carneros', 'Napa-Sonoma']"
16916,Quivira,89.2,28.5,90.0,28.0,76,12,"['Red Blend', 'Grenache', 'Zinfandel', 'Syrah', 'Rosé', 'Petite Sirah', 'Mourvèdre', 'Sauvignon Blanc', 'Rhône-style Red Blend', 'Roussanne-Viognier', 'Cabernet Blend', 'G-S-M']",US,California,"['Dry Creek Valley', 'Sonoma']"
16917,Quiévremont,85.7,26.3,87.0,24.0,3,3,"['Meritage', 'Red Blend', 'Chardonnay']",US,Virginia,['Virginia']
16918,Quo,86.7,15.5,87.0,15.5,6,3,"['Grenache', 'White Blend', 'Garnacha']",Spain,Northern Spain,['Campo de Borja']
16919,Qupé,90.0,36.0,90.0,35.0,47,8,"['Syrah', 'Chardonnay', 'Viognier', 'Grenache', 'Red Blend', 'Marsanne', 'White Blend', 'Roussanne']",US,California,"['Edna Valley', 'Central Coast']"
16920,R & B Cellars,85.1,28.5,84.0,24.0,11,7,"['Merlot', 'Zinfandel', 'Cabernet Sauvignon', 'Sauvignon Blanc', 'Petite Sirah', 'Syrah', 'Cabernet Franc']",US,California,"['Napa County', 'Napa']"
16921,R Collection,84.5,14.0,84.5,14.0,2,2,"['Red Blend', 'Chardonnay']",US,California,"['California', 'California Other']"
16922,R Wines,88.0,15.0,88.0,15.0,1,1,['Merlot'],Australia,Australia Other,['South Eastern Australia']
16923,R Wines,87.6,21.2,87.0,18.0,14,5,"['Shiraz', 'Cabernet Sauvignon', 'Grenache', 'Chardonnay', 'Sparkling Blend']",Australia,South Australia,['McLaren Vale']
16924,R&A; Pfaffl,90.0,,90.0,,1,1,['Riesling'],Austria,Neusiedlersee-Hügelland,[]
16925,R&A; Pfaffl,89.8,27.9,89.0,15.5,35,7,"['Grüner Veltliner', 'Riesling', 'St. Laurent', 'Zweigelt', 'Red Blend', 'Chardonnay', 'Weissburgunder']",Austria,Niederösterreich,[]
16926,R&A; Pfaffl,90.0,,90.0,,1,1,['Pinot Noir'],Austria,Vienna,[]
16927,R&A; Pfaffl,89.9,28.8,90.0,22.0,21,1,['Grüner Veltliner'],Austria,Weinviertel,[]
16928,R+,87.0,13.0,87.0,14.0,3,1,['Tempranillo'],Spain,Northern Spain,['Ribera del Duero']
16929,R. Dubois et Fils,87.0,32.5,87.0,32.5,2,1,['Pinot Noir'],France,Burgundy,['Côte de Nuits-Villages']
16930,R. Lopez de Heredia,88.3,38.3,88.0,39.0,3,2,"['Tempranillo Blend', 'Tempranillo']",Spain,Northern Spain,['Rioja']
16931,R. Merlo,83.6,27.0,84.0,22.0,7,4,"['Syrah', 'Cabernet Sauvignon', 'Pinot Noir', 'Merlot']",US,California,"['Trinity County', 'North Coast']"
16932,R. Stuart & Co.,89.2,34.2,89.0,29.0,4,1,['Pinot Noir'],US,Oregon,"['Willamette Valley', 'Willamette Valley']"
16933,R. de Ayala Lete E Hijos,88.4,21.6,89.0,20.0,5,2,"['Tempranillo Blend', 'Tempranillo']",Spain,Northern Spain,['Rioja']
16934,R.H. Phillips,84.3,12.4,84.0,10.0,9,5,"['Chardonnay', 'Sauvignon Blanc', 'Merlot', 'Cabernet Sauvignon', 'Viognier']",US,California,"['Dunnigan Hills', 'Central Valley']"
16935,R.L. Buller & Son,90.1,40.8,90.5,16.0,14,6,"['Tokay', 'Muscat', 'Port', 'Shiraz', 'Red Blend', 'Durif']",Australia,Victoria,['Rutherglen']
16936,R.O.Q. Corp,85.0,20.0,85.0,20.0,1,1,['Carignan-Grenache'],Spain,Catalonia,['Montsant']
16937,R2,87.1,33.7,87.0,26.0,22,7,"['Grenache', 'Rhône-style Red Blend', 'Pinot Noir', 'Chardonnay', 'White Blend', 'Rhône-style White Blend', 'Grenache Blanc']",US,California,"['Santa Ynez Valley', 'Central Coast']"
16938,R35,86.5,15.0,86.5,15.0,2,2,"['Sauvignon Blanc', 'Zinfandel']",US,California,"['Napa Valley', 'Napa']"
16939,R8,84.0,14.0,84.0,14.0,2,2,"['Chardonnay', 'Red Blend']",US,California,"['California', 'California Other']"
16940,RBJ,87.0,10.0,87.0,10.0,1,1,['Grenache'],Australia,South Australia,['Barossa Valley']
16941,RMH,90.0,52.0,90.0,52.0,2,1,['Pinot Noir'],US,California,"['Russian River Valley', 'Sonoma']"
16942,RN Estate,90.0,46.9,91.0,48.0,7,3,"['Bordeaux-style Red Blend', 'Red Blend', 'Pinot Noir']",US,California,"['Paso Robles', 'Central Coast']"
16943,RR,86.0,14.0,86.0,14.0,1,1,['Riesling'],Germany,Nahe,[]
16944,Ra Nui,88.0,20.0,88.0,20.0,1,1,['Pinot Noir'],New Zealand,Wairau Valley,[]
16945,Raats Family,87.5,15.2,87.5,15.0,6,2,"['Chenin Blanc', 'Bordeaux-style Red Blend']",South Africa,Coastal Region,[]
16946,Raats Family,89.0,13.0,89.0,13.0,1,1,['Chenin Blanc'],South Africa,South Africa,[]
16947,Raats Family,88.1,24.3,88.0,23.0,9,3,"['Cabernet Franc', 'Chenin Blanc', 'Bordeaux-style Red Blend']",South Africa,Stellenbosch,[]
16948,Rabbit Ranch,86.0,29.0,86.0,29.0,1,1,['Pinot Noir'],New Zealand,Central Otago,[]
16949,Rabbit Ranch,85.0,21.5,85.0,21.5,2,1,['Sauvignon Blanc'],New Zealand,Marlborough,[]
16950,Rabble,88.6,21.0,88.0,25.0,5,5,"['Merlot', 'Red Blend', 'Rosé', 'Cabernet Sauvignon', 'Zinfandel']",US,California,"['Paso Robles', 'Central Coast']"
16951,Rabid Red,83.0,15.0,83.0,15.0,1,1,['Red Blend'],US,California,"['California', 'California Other']"
16952,Rabino,87.0,,87.0,,3,1,['Nebbiolo'],Italy,Piedmont,['Roero']
16953,Rabl,90.5,24.0,90.5,23.5,4,2,"['Riesling', 'Grüner Veltliner']",Austria,Kamptal,[]
16954,Raccaro,91.3,34.0,91.0,32.0,3,2,"['Friulano', 'Malvasia']",Italy,Northeastern Italy,['Collio']
16955,Racchus,87.0,12.0,87.0,12.0,1,1,['Chardonnay'],US,California,"['Central Coast', 'Central Coast']"
16956,Racemi,86.0,14.0,86.0,14.0,1,1,['Red Blend'],Italy,Southern Italy,['Puglia']
16957,Rack & Riddle,87.9,20.6,88.0,20.0,7,1,['Sparkling Blend'],US,California,"['North Coast', 'North Coast']"
16958,Raconteur,89.5,18.5,89.5,18.5,2,2,"['White Blend', 'Red Blend']",US,Washington,"['Washington', 'Washington Other']"
16959,Radar,83.0,15.0,83.0,15.0,1,1,['Syrah'],US,California,"['California', 'California Other']"
16960,Radford Dale,91.0,42.0,91.0,42.0,1,1,['Pinot Noir'],South Africa,Elgin,[]
16961,Radford Dale,87.9,31.8,88.0,30.0,14,7,"['Chardonnay', 'Chenin Blanc', 'Viognier', 'Shiraz', 'Red Blend', 'Shiraz-Viognier', 'Pinotage']",South Africa,Stellenbosch,[]
16962,Radikon,92.7,66.5,93.0,66.5,3,3,"['Ribolla Gialla', 'Friulano', 'White Blend']",Italy,Northeastern Italy,['Venezia Giulia']
16963,Radio Boca,86.0,8.0,86.0,8.0,1,1,['Tempranillo'],Spain,Levante,['Valencia']
16964,Radius,85.0,10.0,84.5,10.0,4,3,"['Riesling', 'Chardonnay', 'Red Blend']",US,Washington,"['Washington', 'Washington Other']"
16965,Radog,86.2,20.8,86.0,16.0,5,3,"['Pinot Noir', 'Sauvignon Blanc', 'Gewürztraminer']",US,California,"['Monterey', 'Central Coast']"
16966,Raeburn,86.7,20.0,86.0,20.0,3,1,['Chardonnay'],US,California,"['Russian River Valley', 'Sonoma']"
16967,Rafael Cambra,88.5,27.0,89.0,26.0,10,8,"['Garnacha', 'Forcallà', 'Monastrell', 'Garnacha Tintorera', 'Cabernet Sauvignon-Merlot', 'Cabernet Sauvignon-Cabernet Franc', 'Red Blend', 'Bordeaux-style Red Blend']",Spain,Levante,['Valencia']
16968,Rafael Palacios,92.0,35.0,92.0,35.0,1,1,['Godello'],Spain,Northern Spain,['Valdeorras']
16969,Raffaele Garbarino,83.0,75.0,83.0,75.0,1,1,['Bordeaux-style Red Blend'],US,California,"['Lodi', 'Central Valley']"
16970,Raffaldini,84.9,20.5,85.0,20.0,12,4,"['Sangiovese', 'Montepulciano', 'Rosé', 'Pinot Grigio']",US,North Carolina,['Swan Creek']
16971,Rafferty's Rules,86.0,18.5,86.0,18.5,2,2,"['Shiraz-Cabernet Sauvignon', 'Shiraz']",Australia,Australia Other,['South Eastern Australia']
16972,Raffy,90.5,32.0,90.5,32.0,2,1,['Malbec'],Argentina,Mendoza Province,['Tupungato']
16973,Raffy,84.0,13.0,84.0,13.0,1,1,['Torrontés'],Argentina,Other,['Salta']
16974,Rage,88.0,59.0,88.0,59.0,1,1,['Zinfandel'],US,California,"['Dry Creek Valley', 'Sonoma']"
16975,Rahn,88.0,45.0,88.0,55.0,3,2,"['Cabernet Sauvignon', 'Grenache-Mourvèdre']",US,California,"['Napa Valley', 'Napa']"
16976,Rai,80.0,11.0,80.0,11.0,1,1,['Sauvignon Blanc'],Chile,Central Valley,[]
16977,Rail2Rail,85.3,16.3,85.0,16.0,3,2,"['Zinfandel', 'Chardonnay']",US,California,"['Lodi', 'Central Valley']"
16978,Raimat,84.1,10.7,84.0,11.0,11,4,"['Chardonnay', 'Cabernet Sauvignon', 'Albariño', 'Tempranillo']",Spain,Catalonia,['Costers del Segre']
16979,Rain,87.0,14.0,87.0,14.0,1,1,['Sauvignon Blanc'],New Zealand,Marlborough,[]
16980,Rain Dance,90.0,22.0,90.0,22.0,2,2,"['Riesling', 'Rosé']",US,Oregon,"['Chehalem Mountains', 'Willamette Valley']"
16981,Rainbow Ridge,84.0,13.0,84.0,13.0,1,1,['Chardonnay'],US,California,"['California', 'California Other']"
16982,Rainer Sauer,90.0,22.0,90.0,22.0,1,1,['Silvaner'],Germany,Franken,[]
16983,Rainer Wess,90.7,40.2,90.5,40.0,6,2,"['Grüner Veltliner', 'Riesling']",Austria,Kremstal,[]
16984,Rainer Wess,89.8,31.7,90.0,32.0,13,2,"['Grüner Veltliner', 'Riesling']",Austria,Wachau,[]
16985,Raineri Gianmatteo,87.2,40.3,87.0,42.5,6,3,"['Nebbiolo', 'Barbera', 'Dolcetto']",Italy,Piedmont,['Barolo']
16986,Rainier Ridge,84.5,,84.5,,2,2,"['Red Blend', 'Merlot']",US,Washington,"['Washington', 'Washington Other']"
16987,Rainoldi,89.7,39.2,90.0,40.0,9,1,['Nebbiolo'],Italy,Lombardy,['Valtellina Superiore']
16988,Rainstorm,88.2,15.7,88.0,17.0,14,3,"['Rosé', 'Pinot Noir', 'Pinot Gris']",US,Oregon,"['Oregon', 'Oregon Other']"
16989,Raised By Wolves,85.0,30.0,85.0,30.0,2,1,['Cabernet Sauvignon'],US,Washington,"['Columbia Valley (WA)', 'Columbia Valley']"
16990,Raiza,86.3,11.3,86.0,12.5,6,1,['Tempranillo'],Spain,Northern Spain,['Rioja']
16991,Raka,85.0,15.0,85.0,15.0,2,2,"['Shiraz', 'Sauvignon Blanc']",South Africa,Klein River,[]
16992,Raka,91.0,21.5,91.0,21.5,2,2,"['Bordeaux-style Red Blend', 'Shiraz']",South Africa,Western Cape,[]
16993,Rally Point Wines,88.0,33.0,88.5,33.0,4,4,"['Chardonnay', 'Viognier', 'Pinot Noir', 'Marsanne-Roussanne']",US,California,"['Russian River Valley', 'Sonoma']"
16994,Ram,85.0,18.0,85.0,18.0,1,1,['White Blend'],US,Oregon,"['Willamette Valley', 'Willamette Valley']"
16995,Ram,85.5,25.0,85.5,25.0,2,2,"['Cabernet Franc', 'Malbec']",US,Washington,"['Columbia Valley (WA)', 'Columbia Valley']"
16996,Ram's Gate,90.5,61.2,91.0,64.0,31,6,"['Chardonnay', 'Cabernet Sauvignon', 'Pinot Blanc', 'Pinot Noir', 'Syrah', 'Grenache']",US,California,"['Carneros', 'Napa-Sonoma']"
16997,Ram's Leap,85.5,13.0,85.5,13.0,2,1,['Shiraz'],Australia,New South Wales,['Western Plains']
16998,Rambaldi Vladimiro,90.0,,90.0,,1,1,['Nebbiolo'],Italy,Piedmont,['Barolo']
16999,Ramey,92.8,68.9,93.0,65.0,37,6,"['Syrah', 'Chardonnay', 'Cabernet Sauvignon', 'Claret', 'Cabernet Franc', 'Pinot Noir']",US,California,"['Sonoma Coast', 'Sonoma']"
17000,Ramian,91.5,59.8,91.0,57.5,4,3,"['Red Blend', 'Bordeaux-style Red Blend', 'Cabernet Sauvignon']",US,California,"['Sierra Foothills', 'Sierra Foothills']"
17001,Ramirez de la Piscina,87.5,21.0,87.0,20.0,11,3,"['Tempranillo', 'Tempranillo Blend', 'Viura']",Spain,Northern Spain,['Rioja']
17002,Ramiro's Wine Cellar,91.0,67.5,91.0,67.5,2,1,['Tempranillo'],Spain,Northern Spain,['Vino de la Tierra de Castilla y León']
17003,Ramos-Pinto,89.1,29.7,89.0,30.0,38,5,"['Portuguese White', 'Portuguese Red', 'White Port', 'Port', 'Touriga Nacional']",Portugal,Douro,[]
17004,Ramos-Pinto,89.4,49.9,89.0,40.0,37,2,"['White Port', 'Port']",Portugal,Port,[]
17005,Ramos-Pinto,90.0,59.0,90.0,59.0,2,1,['Port'],Portugal,Portugal,[]
17006,Rampa di Fugnano,87.0,20.0,87.0,20.0,1,1,['Vernaccia'],Italy,Tuscany,['Vernaccia di San Gimignano']
17007,Rampoldi,84.0,9.0,84.0,9.0,1,1,['Negroamaro'],Italy,Southern Italy,['Copertino']
17008,Ramsay,82.0,19.0,82.0,19.0,1,1,['Petite Sirah'],US,California,"['North Coast', 'North Coast']"
17009,Ramseyer,90.0,40.0,90.0,40.0,2,1,['Bordeaux-style Red Blend'],US,Washington,"['Yakima Valley', 'Columbia Valley']"
17010,Ramspeck,85.3,19.2,86.0,19.0,6,4,"['Merlot', 'Cabernet Sauvignon', 'Pinot Grigio', 'Pinot Noir']",US,California,"['Napa Valley', 'Napa']"
17011,Ramspur,86.0,61.5,86.0,61.5,2,2,"['Pinot Noir', 'Merlot']",US,California,"['Carneros', 'Napa-Sonoma']"
17012,Ramón Bilbao,86.6,14.4,86.0,15.0,5,1,['Albariño'],Spain,Galicia,['Rías Baixas']
17013,Ramón Bilbao,87.4,26.5,87.0,19.5,32,3,"['Tempranillo', 'Tempranillo Blend', 'Garnacha']",Spain,Northern Spain,['Rioja']
17014,Ranch 32,86.0,18.0,86.0,18.0,1,1,['Pinot Noir'],US,California,"['Monterey', 'Central Coast']"
17015,Ranchero Cellars,88.3,29.7,89.0,30.0,7,3,"['Viognier', 'Carignan', 'Grenache Blanc']",US,California,"['Paso Robles', 'Central Coast']"
17016,Ranchita Canyon,86.5,23.0,86.5,23.0,2,2,"['Red Blend', 'Rhône-style Red Blend']",US,California,"['Paso Robles', 'Central Coast']"
17017,Rancho Arroyo Grande,86.3,24.5,86.0,20.0,15,7,"['Syrah', 'Zinfandel', 'Rhône-style Red Blend', 'Chardonnay', 'Mourvèdre', 'Viognier', 'Red Blend']",US,California,"['Arroyo Grande Valley', 'Central Coast']"
17018,Rancho Maria,88.5,34.5,88.5,32.0,4,2,"['Zinfandel', 'Petite Sirah']",US,California,"['Dry Creek Valley', 'Sonoma']"
17019,Rancho Sisquoc,87.1,24.1,87.0,24.5,70,12,"['Malbec', 'Merlot', 'Chardonnay', 'Cabernet Sauvignon', 'Syrah', 'Pinot Noir', 'Red Blend', 'Sylvaner', 'Riesling', 'Sauvignon Blanc', 'Meritage', 'Silvaner']",US,California,"['Santa Barbara County', 'Central Coast']"
17020,Rancho Zabaco,87.2,22.6,87.0,18.0,30,3,"['Zinfandel', 'Sauvignon Blanc', 'Pinot Gris']",US,California,"['Dry Creek Valley', 'Sonoma']"
17021,Randall Harris,88.0,10.0,88.0,10.0,1,1,['Merlot'],US,Washington,"['Washington', 'Washington Other']"
17022,Random Wine,87.0,29.5,87.0,29.5,2,2,"['Petit Verdot', 'Syrah']",US,Washington,"['Columbia Valley (WA)', 'Columbia Valley']"
17023,Ranfurlys Way,86.3,27.7,86.0,29.0,3,3,"['Chardonnay', 'Cabernet Sauvignon', 'Riesling']",Australia,South Australia,['Adelaide Hills']
17024,Rangeland,86.0,28.5,86.5,29.0,4,4,"['Zinfandel', 'Petite Sirah', 'Merlot', 'Cabernet Sauvignon']",US,California,"['Paso Robles', 'Central Coast']"
17025,Ransom,87.0,27.0,87.0,27.0,1,1,['Pinot Noir'],US,Oregon,"['Eola-Amity Hills', 'Willamette Valley']"
17026,Rapaura Springs,85.0,40.0,85.0,40.0,1,1,['Pinot Noir'],New Zealand,Central Otago,[]
17027,Raphael,86.0,,86.0,,1,1,['Verdicchio'],Italy,Central Italy,['Verdicchio dei Castelli di Jesi Classico']
17028,Raphael,87.6,28.4,87.0,23.0,40,11,"['Chardonnay', 'Merlot', 'Sauvignon Blanc', 'Cabernet Franc', 'Bordeaux-style Red Blend', 'Riesling', 'Pinot Noir', 'Cabernet Sauvignon', 'Pinot Grigio', 'White Blend', 'Petit Verdot']",US,New York,"['North Fork of Long Island', 'Long Island']"
17029,Raphael Dal Bo,87.8,16.5,88.0,16.5,4,1,['Glera'],Italy,Veneto,['Conegliano Valdobbiadene Prosecco Superiore']
17030,Raphael Sallet,87.0,15.0,87.0,15.0,1,1,['Chardonnay'],France,Burgundy,['Mâcon-Uchizy']
17031,Rapido,84.0,,84.0,,1,1,['Glera'],Italy,Veneto,['Prosecco']
17032,Rapido Red,85.0,12.0,85.0,12.0,1,1,['Barbera'],Italy,Piedmont,['Piedmont']
17033,Rapido Red,85.0,10.0,85.0,10.0,1,1,['Sangiovese'],Italy,Southern Italy,['Puglia']
17034,Raposeira,85.8,16.5,86.0,16.5,4,1,['Portuguese Sparkling'],Portugal,Vinho Espumante de Qualidade,[]
17035,Rappahannock Cellars,85.0,29.0,86.0,28.0,13,6,"['Merlot', 'Chardonnay', 'Cabernet Franc', 'Meritage', 'Viognier', 'Rosé']",US,Virginia,['Virginia']
17036,Raptor Ridge,89.0,35.1,89.0,38.0,50,7,"['Pinot Gris', 'Pinot Noir', 'Grüner Veltliner', 'Auxerrois', 'Tempranillo', 'Rosé', 'Chardonnay']",US,Oregon,"['Willamette Valley', 'Willamette Valley']"
17037,Rare,84.8,10.3,85.0,10.0,6,3,"['Red Blend', 'Rosé', 'White Blend']",US,California,"['California', 'California Other']"
17038,Rarecat,91.0,82.5,91.0,82.5,2,2,"['Chardonnay', 'Cabernet Sauvignon']",US,California,"['Russian River Valley', 'Sonoma']"
17039,Rasa,91.3,66.7,91.0,55.0,3,3,"['Bordeaux-style Red Blend', 'Mourvèdre', 'Grenache']",US,Oregon,"['Walla Walla Valley (OR)', 'Oregon Other']"
17040,Rasa,91.5,63.5,92.0,60.0,34,11,"['Riesling', 'Syrah', 'Bordeaux-style Red Blend', 'Petit Verdot', 'Cabernet Sauvignon', 'Chardonnay', 'Cabernet Franc', 'Rhône-style Red Blend', 'Mourvèdre', 'Red Blend', 'Grenache']",US,Washington,"['Columbia Valley (WA)', 'Columbia Valley']"
17041,Rascal,86.0,13.0,86.0,13.0,1,1,['Pinot Gris'],US,America,[]
17042,Rascal,83.3,10.3,84.0,13.0,3,2,"['Riesling', 'Pinot Noir']",US,Oregon,"['Willamette Valley', 'Willamette Valley']"
17043,Rasciatano,87.0,,87.0,,1,1,['Malvasia Bianca'],Italy,Southern Italy,['Puglia']
17044,Rascioni e Cecconello,88.2,23.2,88.0,24.0,4,3,"['Red Blend', 'Ciliegiolo', 'White Blend']",Italy,Tuscany,['Maremma']
17045,Rasi,93.0,42.0,93.0,42.0,1,1,['Pinot Noir'],US,California,"['Sta. Rita Hills', 'Central Coast']"
17046,Rattalino,88.6,58.0,88.5,52.0,10,1,['Nebbiolo'],Italy,Piedmont,['Barolo']
17047,Raumland,87.0,39.5,87.0,39.5,2,1,['Sparkling Blend'],Germany,Germany,[]
17048,Ravenswood,89.1,37.8,89.0,35.0,61,8,"['Zinfandel', 'Merlot-Cabernet Sauvignon', 'Red Blend', 'Bordeaux-style Red Blend', 'Chardonnay', 'Cabernet Sauvignon', 'Merlot', 'Petite Sirah']",US,California,"['California', 'California Other']"
17049,Raventós I Blanc,90.2,27.4,91.0,26.0,10,2,"['Sparkling Blend', 'Xarel-lo']",Spain,Catalonia,['Cava']
17050,Raventós I Blanc,90.8,68.0,90.5,60.0,4,1,['Sparkling Blend'],Spain,Spain Other,['Spain']
17051,Raventós de Alella,84.8,17.8,84.5,17.5,4,1,['Pansa Blanca'],Spain,Catalonia,['Alella']
17052,Ravines,86.5,20.8,87.0,19.0,20,10,"['Chardonnay', 'Riesling', 'Pinot Noir', 'Rosé', 'Cabernet Franc', 'Bordeaux-style Red Blend', 'Sauvignon Blanc', 'Pinot Gris', 'Meritage', 'Champagne Blend']",US,New York,"['Finger Lakes', 'Finger Lakes']"
17053,Ravoire et Fils,84.8,9.2,84.0,10.0,5,1,['Rosé'],France,France Other,['Mediterranée']
17054,Ravoire et Fils,86.9,15.1,87.0,14.0,47,3,"['Rosé', 'Rhône-style Red Blend', 'Red Blend']",France,Provence,['Bandol']
17055,Ravoire et Fils,87.5,27.5,87.5,27.5,2,1,['Rhône-style Red Blend'],France,Rhône Valley,['Châteauneuf-du-Pape']
17056,Rawson's,86.0,10.0,86.0,10.0,1,1,['Shiraz'],South Africa,Breede River Valley,[]
17057,Ray's Station Vineyards,88.8,28.0,88.5,28.5,4,2,"['Red Blend', 'Merlot']",US,California,"['Mendocino', 'Mendocino/Lake Counties']"
17058,RayLen,83.5,17.5,83.5,16.0,4,3,"['Red Blend', 'Bordeaux-style Red Blend', 'Riesling']",US,North Carolina,['North Carolina']
17059,Raye's Hill,87.3,28.0,86.0,26.0,3,2,"['Pinot Noir', 'Bordeaux-style Red Blend']",US,California,"['Anderson Valley', 'Mendocino/Lake Counties']"
17060,Raylee,86.5,27.0,86.5,27.0,2,2,"['Red Blend', 'Pinot Noir']",US,Oregon,"['Columbia Valley (OR)', 'Oregon Other']"
17061,Raymond,88.7,47.2,89.0,38.0,107,9,"['Cabernet Sauvignon', 'Malbec', 'Merlot', 'Sauvignon Blanc', 'Chardonnay', 'Red Blend', 'Syrah', 'Petite Sirah', 'Meritage']",US,California,"['St. Helena', 'Napa']"
17062,Raymond Beck,87.0,12.0,87.0,12.0,1,1,['Sparkling Blend'],France,Rhône Valley,['Clairette de Die Méthode Dioise Ancestrale']
17063,Raymond Burr,87.0,34.7,87.0,38.0,3,3,"['Chardonnay', 'Cabernet Sauvignon', 'Cabernet Franc']",US,California,"['Sonoma County', 'Sonoma']"
17064,Rayun,83.5,8.2,83.5,8.0,6,3,"['Sauvignon Blanc', 'Cabernet Sauvignon', 'Chardonnay']",Chile,Central Valley,[]
17065,Rayun,87.0,8.0,87.0,8.0,1,1,['Syrah'],Chile,Rapel Valley,[]
17066,Raza,85.6,23.8,86.0,13.0,5,3,"['Malbec', 'Syrah', 'Torrontés']",Argentina,Other,['Famatina Valley']
17067,Razor's Edge,87.3,12.0,88.0,12.0,6,4,"['Chardonnay', 'Cabernet Sauvignon', 'Shiraz-Grenache', 'Shiraz']",Australia,South Australia,['South Australia']
17068,Raúl Pérez,89.0,102.0,89.0,102.0,1,1,['Red Blend'],Spain,Galicia,['Ribeira Sacra']
17069,Raúl Pérez,90.5,87.5,90.5,87.5,2,2,"['Godello', 'Mencía']",Spain,Northern Spain,['Bierzo']
17070,RdV,91.0,81.5,91.0,81.5,2,1,['Bordeaux-style Red Blend'],US,Virginia,['Virginia']
17071,Re Manfredi,88.9,36.1,90.0,35.0,9,2,"['Aglianico', 'Rosato']",Italy,Southern Italy,['Aglianico del Vulture']
17072,Real Companhia Velha,88.8,19.7,88.0,18.0,31,3,"['Portuguese Red', 'Portuguese White', 'Sémillon']",Portugal,Douro,[]
17073,Real Companhia Velha,87.4,23.8,87.0,22.5,9,5,"['Chardonnay', 'Alvarinho', 'Sauvignon Blanc', 'Gewürztraminer', 'Pinot Noir']",Portugal,Duriense,[]
17074,Real Companhia Velha,87.0,24.5,87.0,24.5,2,1,['Port'],Portugal,Port,[]
17075,Real Compañia de Vinos,84.8,10.0,84.0,10.0,4,2,"['Tempranillo', 'White Blend']",Spain,Central Spain,['Vino de la Tierra de Castilla']
17076,Real Compañia de Vinos,83.0,10.0,83.0,10.0,2,2,"['Garnacha', 'Rosado']",Spain,Spain Other,['Spain']
17077,Real Sitio de Ventosilla,88.0,75.0,88.0,75.0,1,1,['Tempranillo'],Spain,Northern Spain,['Ribera del Duero']
17078,Real del Pedro,84.0,7.0,84.0,7.0,1,1,['Malbec'],Argentina,Mendoza Province,['Mendoza']
17079,Reaper,88.9,29.8,88.0,30.0,9,4,"['Pinot Noir', 'Cabernet Sauvignon', 'Red Blend', 'Chardonnay']",US,California,"['Sonoma County', 'Sonoma']"
17080,Reasons,89.8,36.2,89.5,35.0,4,3,"['Malbec', 'Cabernet Sauvignon', 'Syrah']",US,Washington,"['Horse Heaven Hills', 'Columbia Valley']"
17081,Reata,88.0,27.5,88.0,25.0,8,2,"['Pinot Noir', 'Chardonnay']",US,California,"['Central Coast', 'Central Coast']"
17082,Rebecca Salmond,84.0,25.0,84.0,25.0,1,1,['Chardonnay'],New Zealand,Gisborne,[]
17083,Rebecca Salmond,83.0,15.0,83.0,15.0,1,1,['Sauvignon Blanc'],New Zealand,Marlborough,[]
17084,Rebusity,85.3,10.7,85.0,10.0,3,3,"['Pinot Grigio', 'Red Blend', 'Chardonnay']",US,California,"['California', 'California Other']"
17085,Recanati,88.0,25.0,88.0,25.0,1,1,['Merlot'],Israel,Ella Valley,[]
17086,Recanati,87.7,23.6,88.0,17.0,80,19,"['Syrah-Viognier', 'Chardonnay', 'Shiraz', 'Merlot', 'Cabernet Sauvignon', 'Rosé', 'Cabernet Sauvignon-Merlot', 'Bordeaux-style Red Blend', 'Red Blend', 'Syrah', 'White Blend', 'Cabernet Franc', 'Merlot-Cabernet Sauvignon', 'Chardonnay-Sauvignon Blanc', 'Marawi', 'Marselan', 'Petite Sirah', 'Roussanne-Marsanne', 'Chardonnay-Sauvignon']",Israel,Galilee,[]
17087,Recanati,91.0,50.0,91.0,50.0,1,1,['Carignan'],Israel,Israel,[]
17088,Recanati,90.7,54.0,90.0,56.0,3,1,['Carignan'],Israel,Judean Hills,[]
17089,Recanati,85.7,13.1,85.0,13.0,10,2,"['Sauvignon Blanc', 'White Blend']",Israel,Shomron,[]
17090,Recanati,90.8,17.0,91.0,17.0,4,4,"['Chardonnay', 'Merlot', 'Cabernet Sauvignon', 'Shiraz']",Israel,Upper Galilee,[]
17091,Recchia,89.0,29.8,89.0,34.0,9,2,"['Corvina, Rondinella, Molinara', 'Red Blend']",Italy,Veneto,['Amarone della Valpolicella Classico']
17092,Recoletas,88.7,24.7,88.0,28.0,3,1,['Tempranillo'],Spain,Northern Spain,['Ribera del Duero']
17093,Recorba,84.9,13.6,86.0,12.0,7,4,"['Tempranillo', 'Tempranillo Blend', 'White Blend', 'Rosé']",Spain,Northern Spain,['Ribera del Duero']
17094,Record Family Wines,87.4,27.4,89.0,28.0,5,5,"['Merlot', 'Grenache-Syrah', 'Syrah', 'Viognier', 'Red Blend']",US,California,"['Paso Robles', 'Central Coast']"
17095,Rectoral de Amandi,85.0,19.5,85.0,19.5,2,1,['Mencía'],Spain,Galicia,['Ribeira Sacra']
17096,Rectoral do Mar,89.0,20.0,89.0,20.0,1,1,['Albariño'],Spain,Galicia,['Rías Baixas']
17097,Rectoral do Umia,85.0,17.0,85.0,17.0,2,1,['Albariño'],Spain,Galicia,['Rías Baixas']
17098,Recuerdo,87.0,35.2,87.0,22.0,4,2,"['Malbec', 'Red Blend']",Argentina,Mendoza Province,['Mendoza']
17099,Recuerdo,88.0,13.5,88.0,13.5,2,1,['Torrontés'],Argentina,Other,['La Rioja']
17100,Red 7,85.0,24.0,85.0,24.0,1,1,['Red Blend'],US,California,"['North Coast', 'North Coast']"
17101,Red Beret,86.0,11.0,86.0,11.0,1,1,['Rosé'],France,Rhône Valley,['Côtes du Rhône']
17102,Red Bicyclette,84.7,11.5,85.0,11.5,3,3,"['Chardonnay', 'Rosé', 'Merlot']",France,Languedoc-Roussillon,"[""Vin de Pays d'Oc""]"
17103,Red Bucket,85.0,13.0,85.0,13.0,1,1,['Semillon-Sauvignon Blanc'],Australia,South Australia,['Adelaide Hills']
17104,Red C,88.3,37.3,88.0,44.0,3,2,"['Red Blend', 'Sauvignon Blanc']",US,California,"['Napa-Sonoma', 'Napa-Sonoma']"
17105,Red Cap,86.0,22.0,86.0,22.0,1,1,['Sauvignon Blanc'],US,California,"['Rutherford', 'Napa']"
17106,Red Car,90.8,52.5,92.0,50.0,22,4,"['Pinot Noir', 'Syrah', 'Chardonnay', 'Roussanne']",US,California,"['Sonoma Coast', 'Sonoma']"
17107,Red Côte,82.0,13.0,82.0,13.0,1,1,['Rosé'],US,California,"['Suisun Valley', 'North Coast']"
17108,Red Earth,83.7,12.0,84.0,12.0,3,3,"['Cabernet Sauvignon', 'Merlot', 'Chardonnay']",Australia,South Australia,['Adelaide Plains']
17109,Red Electra,88.5,14.0,88.5,14.0,2,2,"['Muscat', 'Moscato']",US,California,"['California', 'California Other']"
17110,Red Fox,83.0,7.0,83.0,7.0,1,1,['Portuguese Red'],Portugal,Alentejo,[]
17111,Red Guitar,85.2,12.5,85.0,12.5,4,3,"['Tempranillo-Garnacha', 'Garnacha', 'Rosé']",Spain,Northern Spain,['Navarra']
17112,Red Hill (NZ),83.5,11.0,83.5,11.0,2,2,"['Sauvignon Blanc', 'Riesling']",New Zealand,Marlborough,[]
17113,Red Knot,85.6,13.0,86.0,12.0,9,2,"['Cabernet Sauvignon', 'Shiraz']",Australia,South Australia,['South Australia']
17114,Red Lava,90.0,25.0,90.0,25.0,1,1,['Syrah'],US,California,"['Red Hills Lake County', 'Mendocino/Lake Counties']"
17115,Red Mare,91.0,40.0,91.0,40.0,1,1,['Chardonnay'],US,California,"['Russian River Valley', 'Sonoma']"
17116,Red Mud,84.0,15.3,85.0,15.0,3,2,"['Cabernet Sauvignon', 'Chardonnay']",Australia,South Australia,['South Australia']
17117,Red Newt Cellars,87.9,21.7,88.0,20.0,59,7,"['Riesling', 'Cabernet Franc', 'Pinot Gris', 'Gewürztraminer', 'Bordeaux-style Red Blend', 'Red Blend', 'Cabernet Sauvignon']",US,New York,"['Finger Lakes', 'Finger Lakes']"
17118,Red Poets,91.0,68.0,91.0,68.0,1,1,['Red Blend'],US,California,"['Paso Robles', 'Central Coast']"
17119,Red Pony Ranch,84.7,16.6,84.0,16.5,11,3,"['Pinot Noir', 'Chardonnay', 'Pinot Gris']",US,California,"['Santa Barbara County', 'Central Coast']"
17120,Red Puro,86.0,15.0,86.0,15.0,1,1,['Chardonnay'],Argentina,Mendoza Province,['Mendoza']
17121,Red Rock,84.0,14.0,84.0,14.0,1,1,['Malbec'],Argentina,Mendoza Province,['Mendoza']
17122,Red Rock,85.4,13.7,85.0,14.0,15,4,"['Red Blend', 'Pinot Noir', 'Merlot', 'Malbec']",US,California,"['California', 'California Other']"
17123,Red Rover,83.5,9.0,83.5,9.0,2,2,"['Pinot Grigio', 'Chardonnay']",US,California,"['California', 'California Other']"
17124,Red Sky,88.8,32.1,89.0,30.0,8,5,"['Syrah', 'Bordeaux-style Red Blend', 'Cabernet Sauvignon', 'Cabernet Franc', 'Cabernet Sauvignon-Malbec']",US,Washington,"['Washington', 'Washington Other']"
17125,Red Stich,93.0,54.0,93.0,54.0,1,1,['Pinot Noir'],US,California,"['Santa Lucia Highlands', 'Central Coast']"
17126,Red Stitch,92.2,53.2,92.0,54.0,5,2,"['Pinot Noir', 'Chardonnay']",US,California,"['Santa Lucia Highlands', 'Central Coast']"
17127,Red Table Cellars,87.0,25.0,87.0,25.0,2,2,"['Zinfandel', 'Cabernet Sauvignon']",US,California,"['San Francisco Bay', 'Central Coast']"
17128,Red Tail Ridge,87.8,22.8,88.0,19.0,19,7,"['Chardonnay', 'Riesling', 'Blaufränkisch', 'Rosé', 'Lemberger', 'Teroldego', 'Pinot Noir']",US,New York,"['Finger Lakes', 'Finger Lakes']"
17129,Red Theory,85.0,12.0,85.0,12.0,2,2,"['Chardonnay', 'Red Blend']",US,Washington,"['Columbia Valley (WA)', 'Columbia Valley']"
17130,Red Thread Wines,88.0,65.0,88.0,65.0,1,1,['Red Blend'],US,California,"['Howell Mountain', 'Napa']"
17131,Red Truck,84.2,11.0,84.5,11.0,10,7,"['Petite Sirah', 'Cabernet Sauvignon', 'Merlot', 'Red Blend', 'Rosé', 'Zinfandel', 'Pinot Noir']",US,California,"['California', 'California Other']"
17132,Red XS,85.0,15.0,85.0,15.0,1,1,['Red Blend'],US,California,"['California', 'California Other']"
17133,Redbank,86.4,12.8,87.0,14.0,12,6,"['Pinot Grigio', 'Chardonnay', 'Shiraz', 'Pinot Gris', 'Cabernet Sauvignon-Merlot', 'Cabernet Sauvignon-Shiraz']",Australia,Victoria,['Victoria']
17134,Redbone,87.0,18.0,87.0,18.0,1,1,['Zinfandel'],US,California,"['Dry Creek Valley', 'Sonoma']"
17135,Redbreast,85.0,14.5,85.0,14.5,2,1,['Riesling'],Germany,Mosel,[]
17136,Redbud,81.0,5.0,81.0,5.0,1,1,['Viognier'],US,California,"['California', 'California Other']"
17137,Redcliffe,85.5,11.0,85.5,11.0,4,1,['Sauvignon Blanc'],New Zealand,Marlborough,[]
17138,Redcliffe,87.0,12.0,87.0,12.0,1,1,['Riesling'],New Zealand,South Island,[]
17139,Redd Brand,88.5,15.0,88.5,15.0,2,2,"['Malbec', 'Syrah']",US,Washington,"['Yakima Valley', 'Columbia Valley']"
17140,Redemption,85.0,22.0,85.0,22.0,1,1,['Zinfandel'],US,California,"['Dry Creek Valley', 'Sonoma']"
17141,Redgate,83.5,22.5,83.5,22.5,2,2,"['Pinot Noir', 'Pinot Gris']",US,Oregon,"['Willamette Valley', 'Willamette Valley']"
17142,Redhawk,88.0,23.0,88.0,21.0,20,2,"['Pinot Noir', 'Pinot Gris']",US,Oregon,"['Eola-Amity Hills', 'Willamette Valley']"
17143,Redline,83.0,24.0,83.0,24.0,1,1,['Syrah'],US,California,"['Paso Robles', 'Central Coast']"
17144,Redmon,94.3,61.0,93.0,65.0,3,1,['Cabernet Sauvignon'],US,California,"['Napa Valley', 'Napa']"
17145,Redtree,84.0,8.2,84.0,8.0,23,7,"['Chardonnay', 'Moscato', 'Pinot Grigio', 'Pinot Noir', 'Zinfandel', 'Cabernet Sauvignon', 'Petite Sirah']",US,California,"['California', 'California Other']"
17146,Redwood,83.7,8.7,83.0,9.0,3,3,"['Barbera', 'Rosé', 'Merlot']",US,California,"['California', 'California Other']"
17147,Redwood Creek,84.0,8.1,83.0,8.0,9,6,"['Merlot', 'Chardonnay', 'Zinfandel', 'Sauvignon Blanc', 'Cabernet Sauvignon', 'Pinot Grigio']",US,California,"['California', 'California Other']"
17148,Redwood Empire,84.0,24.0,84.0,24.0,1,1,['Pinot Noir'],US,California,"['Sonoma Coast', 'Sonoma']"
17149,Redwood Ridge Estate,91.0,25.0,91.0,25.0,1,1,['Red Blend'],US,California,"['Santa Cruz Mountains', 'Central Coast']"
17150,Reeves Ranch,84.0,36.0,84.0,36.0,1,1,['Syrah'],US,California,"['Santa Ynez Valley', 'Central Coast']"
17151,Reflections,84.5,52.5,84.5,52.5,2,1,['Meritage'],US,California,"['Alexander Valley', 'Sonoma']"
17152,Refugio Ranch,89.3,32.2,89.0,29.0,25,10,"['Syrah-Petite Sirah', 'Rhône-style White Blend', 'Rhône-style Red Blend', 'Red Blend', 'Sauvignon Blanc', 'Petite Sirah', 'Roussanne-Viognier', 'Viognier', 'Malvasia Bianca', 'Rosé']",US,California,"['Santa Ynez Valley', 'Central Coast']"
17153,Regale Winery and Vineyards,87.8,54.2,87.0,50.0,5,2,"['Pinot Noir', 'Cabernet Sauvignon']",US,California,"['Russian River Valley', 'Sonoma']"
17154,Regan,85.0,31.5,85.0,31.5,2,2,"['Sauvignon Blanc', 'Red Blend']",US,California,"['Rutherford', 'Napa']"
17155,Regina Viarum,91.0,20.0,91.0,20.0,2,1,['Mencía'],Spain,Galicia,['Ribeira Sacra']
17156,Reginato,82.4,17.4,83.0,17.0,5,2,"['Sparkling Blend', 'Malbec']",Argentina,Mendoza Province,['Mendoza']
17157,Regio Cantina,89.0,30.0,89.0,30.0,2,1,['Aglianico'],Italy,Southern Italy,['Aglianico del Vulture']
17158,Region 1,82.3,9.4,82.0,8.0,10,4,"['Chardonnay', 'Moscato', 'Malbec', 'Cabernet Sauvignon']",Argentina,Mendoza Province,['Mendoza']
17159,Regusci,92.3,46.0,92.0,48.0,3,2,"['Cabernet Sauvignon', 'Merlot']",US,California,"['Stags Leap District', 'Napa']"
17160,Reichsgraf von Kesselstatt,91.4,43.7,92.0,34.0,57,2,"['Riesling', 'Pinot Blanc']",Germany,Mosel,[]
17161,Reichsgraf von Kesselstatt,88.6,26.2,89.0,24.0,12,1,['Riesling'],Germany,Mosel-Saar-Ruwer,[]
17162,Reid Family Vineyards,91.5,31.5,91.5,31.5,2,1,['Red Blend'],US,California,"['Napa Valley', 'Napa']"
17163,Reif Estate,86.3,49.0,86.0,50.0,3,3,"['Vidal Blanc', 'Merlot', 'Cabernet Merlot']",Canada,Ontario,['Niagara Peninsula']
17164,Reign,88.0,45.0,88.0,45.0,1,1,['Merlot'],US,California,"['Napa Valley', 'Napa']"
17165,Reignac,87.0,,87.0,,2,2,"['Bordeaux-style White Blend', 'Bordeaux-style Red Blend']",France,Bordeaux,['Bordeaux Blanc']
17166,Reilly's,87.7,19.8,88.0,17.0,15,5,"['Riesling', 'Grenache', 'Shiraz', 'Cabernet Sauvignon', 'Grenache-Shiraz']",Australia,South Australia,['Clare Valley']
17167,Reina de Castilla,86.6,15.9,86.0,15.0,9,4,"['Verdejo-Viura', 'Verdejo', 'Tempranillo', 'Sauvignon']",Spain,Northern Spain,['Rueda']
17168,Reinert Project,85.0,,85.0,,1,1,['Chardonnay'],US,California,"['Monterey', 'Central Coast']"
17169,Reinhold Haart,91.5,40.0,91.5,40.0,2,1,['Riesling'],Germany,Mosel,[]
17170,Reininger,90.1,41.5,90.0,42.0,40,9,"['Merlot', 'Sémillon', 'Malbec', 'Syrah', 'Carmenère', 'Cabernet Sauvignon', 'Sangiovese', 'Chardonnay', 'Red Blend']",US,Washington,"['Walla Walla Valley (WA)', 'Columbia Valley']"
17171,Reino de los Mallos,81.0,20.0,81.0,20.0,1,1,['Red Blend'],Spain,Northern Spain,['Vino de la Tierra Ribera del Gállego-Cinco Villas']
17172,Rejadorada,87.8,24.6,87.5,20.0,10,3,"['Tempranillo Blend', 'Tinta de Toro', 'Verdejo']",Spain,Northern Spain,['Ribera del Duero']
17173,Releaf,85.8,10.5,86.0,10.0,4,2,"['Cabernet Sauvignon-Merlot-Shiraz', 'Chenin Blanc']",South Africa,Western Cape,[]
17174,Relic,87.0,66.5,87.0,66.5,2,2,"['Pinot Noir', 'Cabernet Sauvignon']",US,California,"['Sonoma Coast', 'Sonoma']"
17175,Relincho,82.0,7.0,82.0,7.0,1,1,['Cabernet Sauvignon-Merlot'],Argentina,Mendoza Province,['Mendoza']
17176,Remelluri,91.1,53.8,91.0,41.5,8,4,"['Tempranillo Blend', 'White Blend', 'Tempranillo', 'Red Blend']",Spain,Northern Spain,['Rioja']
17177,Remhoogte,89.0,25.0,89.0,24.0,4,4,"['Merlot', 'Red Blend', 'Pinotage', 'Cabernet Blend']",South Africa,Simonsberg-Stellenbosch,[]
17178,Remhoogte,90.4,37.0,90.0,39.0,5,3,"['Chenin Blanc', 'Red Blend', 'Cabernet Blend']",South Africa,Stellenbosch,[]
17179,Remo Farina,90.0,52.1,90.0,50.0,11,2,"['Corvina, Rondinella, Molinara', 'Red Blend']",Italy,Veneto,['Valpolicella Classico Superiore Ripasso']
17180,Remoissenet Père et Fils,92.0,114.5,92.0,114.5,3,1,['Chardonnay'],France,Burgundy,['Puligny-Montrachet']
17181,Remy,86.0,50.0,86.0,50.0,1,1,['Lagrein'],US,Oregon,"['Willamette Valley', 'Willamette Valley']"
17182,Remy-Pannier,84.7,14.6,84.0,12.0,36,8,"['Sauvignon Blanc', 'Cabernet Franc', 'Melon', 'Chenin Blanc', 'Chardonnay', 'White Blend', 'Red Blend', 'Rosé']",France,Loire Valley,['Sancerre']
17183,Remírez de Ganuza,91.5,73.2,91.0,77.0,14,3,"['Tempranillo', 'Tempranillo Blend', 'White Blend']",Spain,Northern Spain,['Rioja']
17184,Renaissance,84.2,36.2,84.5,32.5,4,3,"['Viognier', 'Chardonnay', 'Red Blend']",US,California,"['North Yuba', 'Sierra Foothills']"
17185,Renato Buganza,88.0,,88.0,,2,1,['Nebbiolo'],Italy,Piedmont,['Roero']
17186,Renato Keber,88.0,25.0,88.0,25.0,1,1,['Pinot Grigio'],Italy,Northeastern Italy,['Collio']
17187,Renato Ratti,90.1,55.1,91.0,52.5,25,5,"['Nebbiolo', 'Barbera', 'Dolcetto', 'Red Blend', 'Sauvignon Blanc']",Italy,Piedmont,['Barolo']
17188,Renaudin,92.0,18.0,92.0,18.0,1,1,['Syrah'],US,California,"['Carneros', 'Napa-Sonoma']"
17189,Rendarrio Vineyards,90.8,35.9,91.0,34.0,8,6,"['Rhône-style Red Blend', 'Cabernet Sauvignon', 'Chardonnay', 'Syrah', 'Bordeaux-style Red Blend', 'Grenache-Syrah']",US,California,"['Paso Robles', 'Central Coast']"
17190,Rendition,87.5,9.0,87.5,9.0,2,2,"['Petite Sirah', 'Zinfandel']",US,California,"['Alexander Valley', 'Sonoma']"
17191,Rendola,92.0,,92.0,,1,1,['Sangiovese Grosso'],Italy,Tuscany,['Brunello di Montalcino']
17192,Renegade,87.8,12.0,88.0,12.0,6,3,"['Bordeaux-style Red Blend', 'Chardonnay', 'Rosé']",US,Washington,"['Columbia Valley (WA)', 'Columbia Valley']"
17193,Renieri,88.8,39.4,88.0,30.0,48,6,"['Sangiovese', 'Red Blend', 'Merlot', 'Sangiovese Grosso', 'Syrah', 'White Blend']",Italy,Tuscany,['Brunello di Montalcino']
17194,Rentas de Fincas,84.5,16.5,84.5,16.5,2,2,"['Tempranillo Blend', 'Red Blend']",Spain,Northern Spain,['Rioja']
17195,Renteria,89.4,42.1,90.0,40.0,16,3,"['Cabernet Sauvignon', 'Pinot Noir', 'Chardonnay']",US,California,"['Napa Valley', 'Napa']"
17196,Rento,86.8,68.8,87.5,67.5,4,2,"['Tempranillo', 'Tinto del Pais']",Spain,Northern Spain,['Ribera del Duero']
17197,Renwood,87.6,33.0,88.0,30.0,109,14,"['Zinfandel', 'Tempranillo', 'Barbera', 'Port', 'White Blend', 'Red Blend', 'Syrah', 'Orange Muscat', 'Pinot Grigio', 'Viognier', 'Sangiovese', 'Sauvignon Blanc', 'Rosé', 'Petite Sirah']",US,California,"['Amador County', 'Sierra Foothills']"
17198,Renzo Marinai,88.5,79.0,88.5,79.0,2,1,['Sangiovese'],Italy,Tuscany,['Chianti Classico']
17199,Renzo Masi,87.0,9.0,87.5,9.0,4,2,"['Red Blend', 'Sangiovese']",Italy,Tuscany,['Rosso di Toscana']
17200,Renzo Seghesio,87.2,79.6,87.0,65.0,5,2,"['Nebbiolo', 'Barbera']",Italy,Piedmont,['Barolo']
17201,René Barbier,83.5,6.9,84.0,6.0,10,5,"['White Blend', 'Rosé', 'Tempranillo-Merlot', 'Tempranillo', 'Chardonnay']",Spain,Catalonia,['Catalunya']
17202,René Geoffroy,88.5,64.7,88.5,60.0,6,1,['Champagne Blend'],France,Champagne,['Champagne']
17203,René Muré,90.8,38.0,92.0,30.0,59,8,"['Sylvaner', 'Pinot Noir', 'Gewürztraminer', 'Riesling', 'Pinot Gris', 'Pinot Blanc', 'Sparkling Blend', 'Champagne Blend']",France,Alsace,['Alsace']
17204,René Sparr,86.5,14.0,86.5,13.0,6,5,"['Sparkling Blend', 'Gewürztraminer', 'Pinot Blanc', 'White Blend', 'Pinot Gris']",France,Alsace,"[""Crémant d'Alsace""]"
17205,Replica,87.6,16.3,88.0,16.0,7,4,"['Pinot Noir', 'Red Blend', 'Chardonnay', 'Cabernet Sauvignon']",US,California,"['California', 'California Other']"
17206,Repolusk,85.5,24.0,86.0,23.5,8,8,"['Muskateller', 'Chardonnay', 'White Blend', 'Traminer', 'Rosé', 'Red Blend', 'Sauvignon Blanc', 'Welschriesling']",Austria,Austria,[]
17207,Republic of Wine,87.0,14.0,87.0,14.0,1,1,['Grenache-Syrah'],France,Rhône Valley,['Côtes du Rhône']
17208,Resalte,88.8,51.2,89.0,38.0,20,2,"['Tempranillo', 'Tempranillo Blend']",Spain,Northern Spain,['Ribera del Duero']
17209,Resilience,84.0,17.0,84.0,17.0,1,1,['Merlot'],US,California,"['Chalk Hill', 'Sonoma']"
17210,Resonata,84.0,10.0,84.0,10.0,1,1,"[""Nero d'Avola""]",Italy,Sicily & Sardinia,['Sicilia']
17211,Respite,90.2,48.8,90.0,48.0,4,1,['Cabernet Sauvignon'],US,California,"['Alexander Valley', 'Sonoma']"
17212,Ressia,88.4,36.7,88.0,35.0,7,1,['Nebbiolo'],Italy,Piedmont,['Barbaresco']
17213,Ressò,85.0,8.0,85.0,8.0,4,2,"['Garnacha Blanca', 'Garnacha']",Spain,Catalonia,['Catalunya']
17214,Resta,85.0,14.0,85.0,14.0,1,1,['Red Blend'],Italy,Southern Italy,['Salice Salentino']
17215,Restivo,83.7,10.0,83.0,10.0,3,2,"['Malbec', 'Torrontés']",Argentina,Mendoza Province,['Mendoza']
17216,Restivo,86.0,14.0,85.0,14.0,4,2,"['Cabernet Sauvignon', 'Malbec']",Argentina,Other,['Patagonia']
17217,Retorno,85.5,10.0,85.5,10.0,2,1,['Garnacha'],Spain,Northern Spain,['Calatayud']
17218,Retour,90.0,65.0,90.0,65.0,1,1,['Pinot Noir'],US,Oregon,"['Willamette Valley', 'Willamette Valley']"
17219,Retro,92.2,38.8,92.0,38.0,6,1,['Petite Sirah'],US,California,"['Napa Valley', 'Napa']"
17220,Retzlaff,88.0,39.0,88.0,39.0,1,1,['Cabernet Sauvignon-Merlot'],US,California,"['Livermore Valley', 'Central Coast']"
17221,Reula,81.5,14.0,81.5,14.0,2,2,"['Red Blend', 'Tempranillo-Merlot']",Spain,Northern Spain,['Cariñena']
17222,Reuling Vineyard,93.2,70.0,93.0,70.0,5,2,"['Pinot Noir', 'Chardonnay']",US,California,"['Sonoma Coast', 'Sonoma']"
17223,Reustle,86.8,31.0,87.0,30.0,42,11,"['Grüner Veltliner', 'Syrah', 'Riesling', 'Malbec', 'Grenache', 'Pinot Noir', 'Merlot', 'Viognier', 'Tempranillo', 'Sauvignon Blanc', 'Red Blend']",US,Oregon,"['Umpqua Valley', 'Southern Oregon']"
17224,Revana,94.0,105.0,94.0,105.0,1,1,['Cabernet Sauvignon'],US,California,"['St. Helena', 'Napa']"
17225,Revancha,89.5,27.5,89.5,27.5,2,2,"['Malbec', 'Bordeaux-style Red Blend']",Argentina,Mendoza Province,['Mendoza']
17226,Revello Fratelli,88.5,57.2,88.0,56.0,10,1,['Nebbiolo'],Italy,Piedmont,['Barolo']
17227,Revelry,88.1,42.7,88.0,52.0,17,7,"['Syrah', 'Cabernet Sauvignon', 'Bordeaux-style Red Blend', 'Red Blend', 'Riesling', 'Cabernet Franc', 'Merlot']",US,Washington,"['Wahluke Slope', 'Columbia Valley']"
17228,Reverdito,87.6,44.0,88.0,41.5,5,1,['Nebbiolo'],Italy,Piedmont,['Barolo']
17229,Reverie,89.1,65.4,90.0,65.0,30,7,"['Cabernet Sauvignon', 'Petite Verdot', 'Cabernet Franc', 'Barbera', 'Merlot', 'Cabernet Blend', 'Petit Verdot']",US,California,"['Diamond Mountain District', 'Napa']"
17230,Reversanti,87.5,31.0,87.5,31.0,2,1,['Nebbiolo'],Italy,Piedmont,['Barolo']
17231,Revival,91.0,125.0,91.0,125.0,1,1,['Cabernet Sauvignon'],US,California,"['Napa Valley', 'Napa']"
17232,Revolution,88.0,21.0,88.0,21.0,1,1,['Shiraz'],Australia,South Australia,['McLaren Vale']
17233,Rex Hill,89.9,44.6,90.0,49.0,93,6,"['Pinot Noir', 'Pinot Gris', 'Chardonnay', 'Sauvignon Blanc', 'Rosé', 'Champagne Blend']",US,Oregon,"['Willamette Valley', 'Willamette Valley']"
17234,Rexach Baqués,89.0,22.0,89.0,22.0,1,1,['Sparkling Blend'],Spain,Catalonia,['Cava']
17235,Rexford,89.3,32.1,90.0,35.0,9,5,"['Tempranillo', 'Merlot', 'Pinot Noir', 'Pinot Gris', 'Pinot Blanc']",US,California,"['Arroyo Seco', 'Central Coast']"
17236,Reyes,84.4,24.4,85.0,22.0,5,5,"['Cabernet Sauvignon', 'Red Blend', 'White Blend', 'Pinot Grigio', 'Rosé']",US,California,"['Sierra Pelona Valley', 'South Coast']"
17237,Reyneke,90.7,51.7,91.0,50.0,3,3,"['Sauvignon Blanc', 'Chenin Blanc', 'Syrah-Cabernet Sauvignon']",South Africa,Stellenbosch,[]
17238,Reyneke,90.0,28.0,90.0,28.0,1,1,['Sauvignon Blanc'],South Africa,Western Cape,[]
17239,Reynolds,86.0,12.5,86.0,12.5,2,2,"['Sauvignon Blanc', 'Chardonnay']",Australia,New South Wales,['Orange']
17240,Reynolds Family Winery,91.6,68.2,90.0,78.0,5,2,"['Cabernet Sauvignon', 'Merlot']",US,California,"['Napa Valley', 'Napa']"
17241,Reynoso,87.2,34.0,87.0,35.0,4,2,"['Syrah', 'Cabernet Sauvignon']",US,California,"['Alexander Valley', 'Sonoma']"
17242,Reynvaan Family Vineyards,92.2,71.8,92.0,70.0,22,3,"['Syrah', 'White Blend', 'Cabernet Sauvignon']",US,Washington,"['Walla Walla Valley (WA)', 'Columbia Valley']"
17243,Reyter,81.5,10.5,81.5,10.5,2,2,"['Malbec', 'Chardonnay']",Argentina,Mendoza Province,['Mendoza']
17244,Rezabal,86.0,20.0,86.0,20.0,1,1,['Hondarrabi Zuri'],Spain,Northern Spain,['Getariako Txakolina']
17245,Rezonja,82.0,31.3,83.0,30.0,3,3,"['Cabernet Sauvignon', 'Merlot', 'Bordeaux-style Red Blend']",US,California,"['Alexander Valley', 'Sonoma']"
17246,Rhapsody,83.0,13.0,83.0,13.0,1,1,['White Blend'],US,California,"['Napa County', 'Napa']"
17247,Rheingraf,88.7,50.2,89.0,60.5,12,1,['Riesling'],Germany,Rheinhessen,[]
17248,Rheinkilometer 501,87.0,22.0,87.0,22.0,1,1,['Riesling'],Germany,Rheingau,[]
17249,Rhiannon,84.3,12.3,84.0,12.0,3,1,['Red Blend'],US,California,"['Napa Valley', 'Napa']"
17250,Rhodan,84.0,19.0,84.0,19.0,1,1,['Syrah'],France,Rhône Valley,['Crozes-Hermitage']
17251,Rhous,88.0,21.0,88.0,21.0,1,1,['White Blend'],Greece,Crete,[]
17252,Riaza,84.6,25.2,85.0,26.0,5,5,"['Graciano', 'Tempranillo Blend', 'Garnacha', 'Tempranillo', 'Verdejo']",US,California,"['Clements Hills', 'Central Valley']"
17253,Ribafreixo,87.5,17.5,87.0,13.0,11,4,"['Verdelho', 'Portuguese Red', 'Portuguese White', 'Antão Vaz']",Portugal,Alentejano,[]
17254,Ribafreixo,87.0,14.0,86.5,12.5,8,4,"['Alvarinho', 'Portuguese White', 'Antão Vaz', 'Verdelho']",Portugal,Alentejo,[]
17255,Ribafreixo,90.3,19.7,90.0,20.0,3,1,['Chenin Blanc'],Portugal,Portuguese Table Wine,[]
17256,Ribas de Cabrera,86.0,82.0,86.0,82.0,1,1,['Red Blend'],Spain,Spanish Islands,['Vi de la Terra Illes Balears']
17257,Ribas del Cúa,83.5,31.5,83.5,31.5,2,1,['Mencía'],Spain,Northern Spain,['Bierzo']
17258,Ribbon Cliff,87.4,31.0,88.0,30.0,5,4,"['Red Blend', 'Malbec', 'Cabernet Franc', 'Sangiovese']",US,Washington,"['Columbia Valley (WA)', 'Columbia Valley']"
17259,Ribbon Ridge,90.0,35.0,90.0,35.0,2,1,['Pinot Noir'],US,Oregon,"['Ribbon Ridge', 'Willamette Valley']"
17260,Ribbonwood,88.0,17.0,88.0,17.0,1,1,['Pinot Noir'],New Zealand,Marlborough,[]
17261,Ribera de Ulver,84.5,13.0,84.5,13.0,2,1,['Mencía'],Spain,Northern Spain,['Bierzo']
17262,Riberal,81.0,13.0,81.0,13.0,1,1,['Tinto del Pais'],Spain,Northern Spain,['Ribera del Duero']
17263,Riboli,88.5,55.6,88.0,60.0,8,1,['Cabernet Sauvignon'],US,California,"['Rutherford', 'Napa']"
17264,Ribota,83.5,13.5,83.5,13.5,2,1,['Tempranillo'],Spain,Central Spain,['Vino de la Tierra de Castilla']
17265,Ricardo Santos,85.9,19.4,86.0,19.0,21,3,"['Malbec', 'Cabernet Sauvignon', 'Sémillon']",Argentina,Mendoza Province,['Mendoza']
17266,Ricardus Corculum,84.0,40.0,84.0,40.0,1,1,['Zinfandel'],US,California,"['Dry Creek Valley', 'Sonoma']"
17267,Ricci Curbastro,87.8,37.6,88.0,40.0,19,4,"['Red Blend', 'Sparkling Blend', 'Chardonnay', 'Pinot Bianco']",Italy,Lombardy,['Curtefranca']
17268,Rich & Creamy,85.0,15.0,85.0,15.0,1,1,['Chardonnay'],US,California,"['California', 'California Other']"
17269,Rich Table,88.0,20.0,88.0,20.0,1,1,['Cabernet Sauvignon'],US,Washington,"['Columbia Valley (WA)', 'Columbia Valley']"
17270,Richard Bourgeois,84.5,19.5,84.5,19.5,2,1,['Sauvignon Blanc'],France,Loire Valley,['Sancerre']
17271,Richard Böcking,89.2,32.6,89.0,35.0,9,1,['Riesling'],Germany,Mosel,[]
17272,Richard Hamilton,87.0,20.0,87.0,20.0,1,1,['Grenache-Shiraz'],Australia,South Australia,['McLaren Vale']
17273,Richard Leroy,89.0,,89.0,,2,1,['Chenin Blanc'],France,Loire Valley,['Anjou']
17274,Richard Partridge,85.0,68.0,85.0,68.0,3,1,['Cabernet Sauvignon'],US,California,"['Napa Valley', 'Napa']"
17275,Richard Perry,87.5,48.0,87.5,48.0,2,2,"['Cabernet Sauvignon', 'Syrah']",US,California,"['Coombsville', 'Napa']"
17276,Richard Rottiers,91.6,25.1,91.0,26.0,9,1,['Gamay'],France,Beaujolais,['Moulin-à-Vent']
17277,Richmond Plains,86.0,,86.0,,1,1,['Pinot Noir'],New Zealand,Nelson,[]
17278,Riché,88.0,24.0,88.0,24.0,1,1,['Red Blend'],US,California,"['Paso Robles', 'Central Coast']"
17279,Rickshaw,87.0,15.0,87.0,15.0,1,1,['Pinot Noir'],US,California,"['California', 'California Other']"
17280,Ricochet,87.0,20.0,87.0,20.0,1,1,['Chardonnay'],US,California,"['Sonoma Coast', 'Sonoma']"
17281,Ricominciare,87.1,23.6,87.5,25.0,8,5,"['Malbec', 'Cabernet Franc', 'Malbec-Tannat', 'Malbec-Cabernet Franc', 'Cabernet Franc-Cabernet Sauvignon']",Argentina,Mendoza Province,['Uco Valley']
17282,Ricordi,84.0,14.0,84.0,14.0,1,1,['Cabernet Sauvignon'],Argentina,Mendoza Province,['Mendoza']
17283,Ricossa,86.6,23.6,86.0,17.0,17,6,"['Moscato', 'Barbera', 'Red Blend', 'Malvasia Nera', 'Nebbiolo', 'Cortese']",Italy,Piedmont,"[""Moscato d'Asti""]"
17284,Riddoch Estate,88.0,18.0,88.0,18.0,1,1,['Shiraz'],Australia,South Australia,['Coonawarra']
17285,Rideau,89.1,45.6,89.0,43.0,32,12,"['Syrah', 'Mourvèdre', 'Chardonnay', 'Petite Sirah', 'Viognier', 'Red Blend', 'Riesling', 'Pinot Noir', 'Grenache', 'Malbec', 'Sangiovese', 'Rosé']",US,California,"['Santa Barbara County', 'Central Coast']"
17286,Ridge,88.4,42.6,88.0,35.0,50,8,"['Zinfandel', 'Red Blend', 'Cabernet Sauvignon-Merlot', 'Chardonnay', 'Merlot', 'Bordeaux-style Red Blend', 'Petite Sirah', 'Cabernet Sauvignon']",US,California,"['Paso Robles', 'Central Coast']"
17287,Ridgeback,90.0,20.0,90.0,20.0,1,1,['Viognier'],South Africa,Paarl,[]
17288,Ridgeline,87.0,40.0,87.0,40.0,1,1,['Cabernet Sauvignon'],US,California,"['Alexander Valley', 'Sonoma']"
17289,Ridgeview Estate,91.1,41.8,91.0,40.5,12,2,"['Sparkling Blend', 'Chardonnay']",England,England,[]
17290,Ridolfi,89.7,53.6,89.0,47.5,11,2,"['Sangiovese', 'Sangiovese Grosso']",Italy,Tuscany,['Brunello di Montalcino']
17291,Riebeek Cellars,86.4,9.9,86.0,10.0,9,5,"['Chardonnay', 'Sauvignon Blanc', 'Pinotage', 'Cabernet Sauvignon', 'Chenin Blanc']",South Africa,Swartland,[]
17292,Riecine,89.0,27.8,89.5,26.5,4,1,['Sangiovese'],Italy,Tuscany,['Chianti Classico']
17293,Rieflé,89.1,30.5,89.0,28.0,35,7,"['Pinot Gris', 'Sparkling Blend', 'Riesling', 'Gewürztraminer', 'Pinot Blanc', 'Pinot Noir', 'Tokay Pinot Gris']",France,Alsace,['Alsace']
17294,Rietvallei Estate Wine,87.1,13.0,87.0,13.0,14,8,"['Red Blend', 'Shiraz', 'Chardonnay', 'White Blend', 'Cabernet Sauvignon', 'Muscadel', 'Sauvignon Blanc', 'Chenin Blanc']",South Africa,Robertson,[]
17295,Rieutort,85.0,,85.0,,3,3,"['Chardonnay', 'Colombard-Sauvignon Blanc', 'Red Blend']",France,Southwest France,['Côtes de Gascogne']
17296,Rigal,86.0,17.5,85.0,14.0,7,2,"['Malbec-Merlot', 'Malbec']",France,Southwest France,['Cahors']
17297,Rigg Estate Vineyards,85.0,85.0,85.0,85.0,1,1,['Cabernet Sauvignon'],US,California,"['Livermore Valley', 'Central Coast']"
17298,Righteous,85.0,20.0,85.0,22.0,4,4,"['Sangiovese', 'Tempranillo', 'Malbec', 'Red Blend']",US,Washington,"['Walla Walla Valley (WA)', 'Columbia Valley']"
17299,Riglos,90.5,35.0,90.5,33.5,18,5,"['Cabernet Sauvignon', 'Red Blend', 'Malbec', 'Cabernet Franc', 'Bordeaux-style Red Blend']",Argentina,Mendoza Province,['Tupungato']
17300,Rignana,87.2,31.8,88.0,33.0,4,1,['Red Blend'],Italy,Tuscany,['Chianti Classico']
17301,Rigo Filippo - Ai Rabaj,85.0,,85.0,,1,1,['Nebbiolo'],Italy,Piedmont,['Barbaresco']
17302,Rijckaert,89.3,32.9,88.5,30.0,10,1,['Chardonnay'],France,Burgundy,['Saint-Véran']
17303,Rijckaert,90.3,27.0,90.0,27.0,10,2,"['Savagnin', 'Chardonnay']",France,France Other,['Arbois']
17304,Rijk's,90.0,40.0,90.0,40.0,1,1,['Chenin Blanc'],South Africa,Coastal Region,[]
17305,Rijk's,89.1,53.3,89.5,47.5,8,4,"['Pinotage', 'Chenin Blanc', 'Shiraz', 'Syrah']",South Africa,Tulbagh,[]
17306,Rijk's Private Cellar,88.0,,88.0,,1,1,['Cabernet Sauvignon'],South Africa,Tulbagh,[]
17307,Rimauresq,87.5,18.2,87.5,17.5,4,2,"['Red Blend', 'Rosé']",France,Provence,['Côtes de Provence']
17308,Rimu Grove,84.5,24.5,84.5,24.5,2,2,"['Pinot Noir', 'Pinot Gris']",New Zealand,Nelson,[]
17309,Rinaldi,86.4,22.6,87.0,20.0,5,3,"['Barbera', 'Moscato', 'Brachetto']",Italy,Piedmont,"[""Barbera d'Asti Superiore""]"
17310,Rinaldini,86.7,15.0,87.0,15.0,3,1,['Lambrusco'],Italy,Central Italy,"[""Lambrusco dell'Emilia""]"
17311,Rincón de Guadalupe,88.5,31.0,88.5,31.0,2,2,"['Tempranillo', 'Red Blend']",Mexico,San Vicente,[]
17312,Ringbolt,89.0,22.0,89.0,17.0,5,1,['Cabernet Sauvignon'],Australia,Western Australia,['Margaret River']
17313,Ringenbach Moser,84.0,,84.0,,1,1,['Riesling'],France,Alsace,['Alsace']
17314,Ringer,88.0,10.0,88.0,10.0,1,1,['Cabernet Sauvignon-Syrah'],US,California,"['Santa Barbara County', 'Central Coast']"
17315,Rio Alto,89.0,30.0,89.0,30.0,1,1,['Red Blend'],Chile,Aconcagua Valley,[]
17316,Rio Madre,86.2,10.6,87.0,11.0,5,3,"['Graciano', 'Tempranillo', 'Rosé']",Spain,Northern Spain,['Rioja']
17317,Rio Perdido,83.5,12.0,83.0,12.0,4,2,"['Malbec', 'Cabernet Sauvignon']",Argentina,Mendoza Province,['Mendoza']
17318,Rio Seco,82.1,11.0,83.0,8.0,7,5,"['Pinot Noir', 'Cabernet Sauvignon', 'Torrontés', 'Malbec', 'Chardonnay']",Argentina,Mendoza Province,['Mendoza']
17319,Rio Seco,82.0,30.0,82.0,30.0,1,1,['Bordeaux-style Red Blend'],US,California,"['Paso Robles', 'Central Coast']"
17320,Rioja Vega,86.5,23.9,87.0,19.0,19,3,"['Tempranillo Blend', 'Tempranillo', 'Tempranillo-Garnacha']",Spain,Northern Spain,['Rioja']
17321,Riondo,85.0,10.0,85.0,10.0,1,1,['Pinot Grigio'],Italy,Northeastern Italy,['Delle Venezie']
17322,Riondo,86.2,15.2,85.0,13.0,9,5,"['Corvina, Rondinella, Molinara', 'Sparkling Blend', 'Glera', 'Raboso', 'Garganega']",Italy,Veneto,['Amarone della Valpolicella']
17323,Rios de Chile,87.2,20.5,87.0,19.5,16,6,"['Syrah', 'Red Blend', 'Cabernet Sauvignon', 'Pinot Noir', 'Carmenère', 'Merlot']",Chile,Cachapoal Valley,[]
17324,Rios de Chile,86.7,16.0,87.0,16.0,3,2,"['Sauvignon Blanc', 'Pinot Noir']",Chile,Casablanca Valley,[]
17325,Rios de Chile,84.5,12.0,84.0,12.0,4,3,"['Sauvignon Blanc', 'Chardonnay', 'Merlot']",Chile,Central Valley,[]
17326,Rios de Chile,83.0,17.0,83.0,17.0,1,1,['Sauvignon Blanc'],Chile,Leyda Valley,[]
17327,Rios de Chile,87.0,16.0,87.0,16.0,1,1,['Carmenère'],Chile,Peumo,[]
17328,Rios de Chile,84.0,16.0,84.0,16.0,1,1,['Cabernet Sauvignon'],Chile,Pirque,[]
17329,Rios de Tinta,85.0,14.2,84.5,14.0,4,2,"['Tempranillo', 'Tinto Fino']",Spain,Northern Spain,['Ribera del Duero']
17330,Riparian,85.0,7.0,85.0,7.0,1,1,['Sauvignon Blanc'],New Zealand,Marlborough,[]
17331,Ripken,84.5,26.7,85.5,26.5,6,6,"['Primitivo', 'Tempranillo', 'Graciano', 'Zinfandel', 'Petite Sirah', 'Malbec']",US,California,"['Lodi', 'Central Valley']"
17332,Riposte,88.3,20.7,88.0,21.0,3,2,"['Pinot Noir', 'Sauvignon Blanc']",Australia,South Australia,['Adelaide Hills']
17333,Rippey,86.5,25.0,86.0,25.0,4,4,"['Merlot', 'Pinot Noir', 'Sauvignon Blanc', 'Red Blend']",US,California,"['Napa Valley', 'Napa']"
17334,Rippon,88.6,44.7,88.0,45.0,7,3,"['Pinot Noir', 'Gewürztraminer', 'Riesling']",New Zealand,Central Otago,[]
17335,Risata,84.0,16.0,84.0,16.0,1,1,['Red Blend'],Italy,Italy Other,['Italy']
17336,Risata,86.0,14.0,86.0,14.0,1,1,['Pinot Grigio'],Italy,Northeastern Italy,['Friuli']
17337,Risata,84.0,16.0,84.0,16.0,1,1,['Moscato'],Italy,Piedmont,"[""Moscato d'Asti""]"
17338,Riscal,85.0,8.5,85.0,8.5,2,1,['Tempranillo'],Spain,Northern Spain,['Vino de la Tierra de Castilla y León']
17339,Riseccoli,89.0,23.0,89.0,25.0,3,2,"['Red Blend', 'Sangiovese']",Italy,Tuscany,['Chianti Classico']
17340,Ristow Estate,88.5,61.5,88.5,61.5,2,1,['Cabernet Sauvignon'],US,California,"['Napa Valley', 'Napa']"
17341,Ritual,87.4,20.4,87.5,20.0,14,5,"['Pinot Noir', 'Sauvignon Blanc', 'Syrah', 'Chardonnay', 'Merlot']",Chile,Casablanca Valley,[]
17342,Rivalta,86.5,18.0,86.5,18.0,2,1,['Prosecco'],Italy,Veneto,['Prosecco di Valdobbiadene']
17343,Rivani,83.0,7.0,83.0,7.0,1,1,['Moscato'],Italy,Veneto,['Veneto']
17344,Rivarey,85.0,8.0,84.0,8.0,3,1,['Tempranillo'],Spain,Northern Spain,['Rioja']
17345,Rivata,88.0,33.0,88.0,33.0,1,1,['Nebbiolo'],Italy,Piedmont,['Barolo']
17346,Rive Droite Rive Gauche,86.0,15.0,86.0,15.0,1,1,['Rhône-style White Blend'],France,Rhône Valley,['Côtes du Rhône']
17347,Rivella Silvia,86.0,,86.0,,1,1,['Nebbiolo'],Italy,Piedmont,['Barbaresco']
17348,River Ford,87.0,16.0,87.0,16.0,1,1,['Sauvignon Blanc'],New Zealand,Marlborough,[]
17349,River Road,85.9,19.3,86.0,18.5,40,8,"['Chardonnay', 'Rosé', 'Sparkling Blend', 'Pinot Noir', 'Pinot Meunier', 'Syrah', 'Pinot Gris', 'Zinfandel']",US,California,"['Russian River Valley', 'Sonoma']"
17350,River Rock,85.0,30.0,85.0,30.0,1,1,['Pinot Noir'],US,California,"['Russian River Valley', 'Sonoma']"
17351,River Star,84.8,25.0,85.5,27.0,6,5,"['Red Blend', 'Syrah', 'Merlot', 'Cabernet Sauvignon', 'Sauvignon Blanc']",US,California,"['Paso Robles', 'Central Coast']"
17352,River's Edge,88.8,22.4,89.0,21.5,16,2,"['Pinot Noir', 'Pinot Gris']",US,Oregon,"['Umpqua Valley', 'Southern Oregon']"
17353,RiverAerie,86.8,16.8,87.0,16.0,23,12,"['Rosé', 'Syrah', 'Red Blend', 'Merlot', 'Sangiovese', 'Malbec', 'Viognier', 'Pinot Gris', 'Chardonnay', 'Barbera', 'Gewürztraminer', 'Cabernet Sauvignon']",US,Washington,"['Columbia Valley (WA)', 'Columbia Valley']"
17354,Rivera,87.7,22.5,87.0,15.0,23,10,"['Nero di Troia', 'Red Blend', 'Sauvignon', 'Aglianico', 'Rosé', 'Bombino Nero', 'White Blend', 'Moscato', 'Rosato', 'Primitivo']",Italy,Southern Italy,['Castel del Monte']
17355,Rivera,88.0,85.0,88.0,85.0,1,1,['Cabernet Sauvignon'],US,California,"['Atlas Peak', 'Napa']"
17356,Rivera de Castilla,83.7,11.0,84.0,11.0,3,2,"['Tempranillo', 'Viura-Verdejo']",Spain,Northern Spain,['Vino de la Tierra de Castilla y León']
17357,Riverbench,89.4,36.4,90.0,36.0,47,3,"['Pinot Noir', 'Chardonnay', 'Sparkling Blend']",US,California,"['Santa Maria Valley', 'Central Coast']"
17358,Riverbend,85.0,18.0,85.0,18.0,1,1,['Syrah'],US,California,"['Humboldt County', 'North Coast']"
17359,Riverhaven,90.5,31.0,90.5,31.0,2,2,"['Cabernet Sauvignon', 'Syrah']",US,Oregon,"['Walla Walla Valley (OR)', 'Oregon Other']"
17360,Riverina Estates,84.0,7.5,84.0,7.5,2,2,"['Semillon-Chardonnay', 'Cabernet Sauvignon']",Australia,Australia Other,['South Eastern Australia']
17361,Riverina Estates,85.0,10.0,85.0,10.0,2,2,"['Shiraz', 'Chardonnay']",Australia,New South Wales,['New South Wales']
17362,Riverside,85.0,12.0,85.0,12.0,1,1,['Sauvignon Blanc'],New Zealand,Hawke's Bay,[]
17363,Riverside,83.0,20.0,83.0,20.0,1,1,['Chardonnay'],New Zealand,Stirling,[]
17364,Riverside,82.8,7.2,83.0,8.0,5,4,"['Zinfandel', 'Chardonnay', 'Cabernet Sauvignon', 'Syrah']",US,California,"['California', 'California Other']"
17365,Rivetti Massimo,89.7,35.3,90.0,33.0,3,2,"['Red Blend', 'Sparkling Blend']",Italy,Italy Other,['Vino Spumante']
17366,Rivetti Massimo,88.9,38.3,89.5,37.5,24,5,"['Nebbiolo', 'Barbera', 'Moscato', 'Dolcetto', 'Pinot Nero']",Italy,Piedmont,['Barbaresco']
17367,Rivetto,93.0,,93.0,,2,1,['Nebbiolo'],Italy,Italy Other,[]
17368,Rivetto,91.8,68.7,92.0,51.5,34,3,"['Nebbiolo', 'Barbera', 'Dolcetto']",Italy,Piedmont,['Barolo']
17369,Rivino,86.7,27.2,87.0,25.0,13,6,"['Viognier', 'Sangiovese', 'Chardonnay', 'Cabernet Franc', 'Red Blend', 'Pinot Blanc']",US,California,"['Mendocino', 'Mendocino/Lake Counties']"
17370,Rivka Simone,84.0,28.0,84.0,28.0,1,1,['Viognier'],US,California,"['Russian River Valley', 'Sonoma']"
17371,Rizieri,89.3,52.3,90.0,54.0,3,1,['Nebbiolo'],Italy,Piedmont,['Barolo']
17372,Rizzi,91.8,29.0,92.0,29.0,4,2,"['Sparkling Blend', 'White Blend']",Italy,Italy Other,['Vino Spumante']
17373,Rizzi,90.7,43.1,91.0,46.5,33,6,"['Nebbiolo', 'White Blend', 'Barbera', 'Chardonnay', 'Dolcetto', 'Moscato']",Italy,Piedmont,['Barbaresco']
17374,Road i Red,84.7,10.0,84.0,10.0,3,1,['Red Blend'],US,California,"['Mendocino County', 'Mendocino/Lake Counties']"
17375,Road i White,84.0,10.0,84.0,10.0,1,1,['White Blend'],US,California,"['Mendocino County', 'Mendocino/Lake Counties']"
17376,Roadhouse Winery,88.8,50.3,89.0,49.0,31,3,"['Pinot Noir', 'Zinfandel', 'Sauvignon Blanc']",US,California,"['Green Valley', 'Sonoma']"
17377,Roagna,90.2,102.0,90.0,100.0,5,1,['Nebbiolo'],Italy,Piedmont,['Barbaresco']
17378,Roanoke Vineyards,84.8,32.2,85.0,33.0,4,3,"['Bordeaux-style Red Blend', 'Chardonnay', 'Cabernet Franc']",US,New York,"['North Fork of Long Island', 'Long Island']"
17379,Roar,91.6,47.2,91.0,50.0,30,3,"['Pinot Noir', 'Chardonnay', 'Syrah']",US,California,"['Santa Lucia Highlands', 'Central Coast']"
17380,Roark Wine Co.,90.5,36.3,90.5,29.0,10,7,"['Merlot', 'Pinot Noir', 'Chenin Blanc', 'Sauvignon Blanc', 'Malbec', 'Syrah', 'Cabernet Franc']",US,California,"['Santa Ynez Valley', 'Central Coast']"
17381,Rob Murray Vineyards,91.0,,91.0,,1,1,['Chardonnay'],US,California,"['Santa Barbara County', 'Central Coast']"
17382,Robalino,85.0,17.5,85.0,17.5,2,1,['Albariño'],Spain,Galicia,['Rías Baixas']
17383,Roberedo Madeira,89.5,25.0,89.5,25.0,2,1,['Touriga Nacional'],Portugal,Douro,[]
17384,Robert Biale,92.4,52.1,92.5,50.0,38,3,"['Zinfandel', 'Petite Sirah', 'Syrah-Petite Sirah']",US,California,"['Rockpile', 'Sonoma']"
17385,Robert Craig,90.7,57.1,92.0,55.0,27,6,"['Cabernet Sauvignon', 'Zinfandel', 'Chardonnay', 'Syrah', 'Cabernet Blend', 'Bordeaux-style Red Blend']",US,California,"['Howell Mountain', 'Napa']"
17386,Robert Foley,90.6,50.3,91.0,38.0,7,5,"['Charbono', 'Red Blend', 'Merlot', 'Cabernet Blend', 'Petite Sirah']",US,California,"['Napa Valley', 'Napa']"
17387,Robert Gilliard,90.0,29.0,90.0,29.0,2,2,"['Chasselas', 'Pinot Noir-Gamay']",Switzerland,Valais,[]
17388,Robert Giraud,81.0,7.0,81.0,7.0,1,1,['Cabernet Sauvignon'],France,Languedoc-Roussillon,"[""Vin de Pays d'Oc""]"
17389,Robert Goulley,85.0,20.0,85.0,20.0,1,1,['Rosé'],France,Burgundy,['Bourgogne']
17390,Robert Goyette,83.0,20.0,83.0,20.0,2,2,"['Pinot Noir', 'Cabernet Sauvignon']",US,California,"['Sonoma Coast', 'Sonoma']"
17391,Robert Hall,86.2,21.4,86.0,20.0,88,14,"['Port', 'Sauvignon Blanc', 'Meritage', 'Cabernet Sauvignon', 'Viognier', 'Orange Muscat', 'Syrah', 'Chardonnay', 'Rhône-style Red Blend', 'Merlot', 'Rosé', 'Rhône-style White Blend', 'Grenache', 'Zinfandel']",US,California,"['Paso Robles', 'Central Coast']"
17392,Robert Hunter,88.0,30.0,88.0,30.0,1,1,['Champagne Blend'],US,California,"['Sonoma Valley', 'Sonoma']"
17393,Robert James Lynch,85.0,45.3,84.0,49.0,3,3,"['Cabernet Sauvignon', 'Bordeaux-style Red Blend', 'Red Blend']",US,California,"['Carneros', 'Napa-Sonoma']"
17394,Robert James Wines,87.8,41.2,87.5,40.0,4,2,"['Pinot Noir', 'Chardonnay']",US,California,"['Russian River Valley', 'Sonoma']"
17395,Robert John,88.7,61.7,89.0,75.0,6,2,"['Sauvignon Blanc', 'Cabernet Sauvignon']",US,California,"['Napa Valley', 'Napa']"
17396,Robert Karcher et Fils,88.0,23.4,88.5,23.5,8,4,"['Pinot Gris', 'Riesling', 'Gewürztraminer', 'Pinot Noir']",France,Alsace,['Alsace']
17397,Robert Karl,90.3,29.5,90.5,29.0,34,8,"['Red Blend', 'Cabernet Sauvignon', 'Syrah', 'Bordeaux-style Red Blend', 'Malbec', 'Merlot', 'Claret', 'Meritage']",US,Washington,"['Horse Heaven Hills', 'Columbia Valley']"
17398,Robert Klingenfus,86.5,24.7,86.0,20.0,15,8,"['Muscat', 'Riesling', 'Pinot Gris', 'Pinot Noir', 'Gewürztraminer', 'Pinot Blanc', 'Sylvaner', 'Chardonnay']",France,Alsace,['Alsace']
17399,Robert Losey,86.0,26.0,86.0,26.0,1,1,['Merlot'],US,California,"['Napa Valley', 'Napa']"
17400,Robert Mondavi,88.2,34.8,88.0,23.0,182,15,"['Merlot', 'Fumé Blanc', 'Chardonnay', 'Pinot Noir', 'Cabernet Sauvignon', 'Pinot Grigio', 'Sauvignon Blanc', 'Meritage', 'Syrah', 'Riesling', 'Zinfandel', 'Moscato', 'Johannisberg Riesling', 'Bordeaux-style Red Blend', 'Cabernet Franc']",US,California,"['Napa Valley', 'Napa']"
17401,Robert O. Smasne,90.3,60.3,90.0,68.0,3,3,"['Rhône-style Red Blend', 'Bordeaux-style Red Blend', 'White Blend']",US,Washington,"['Columbia Valley (WA)', 'Columbia Valley']"
17402,Robert Oatley,86.8,21.0,87.0,19.0,6,5,"['Shiraz', 'Chardonnay', 'Gewürztraminer', 'Rosé', 'Sangiovese']",Australia,New South Wales,['Mudgee']
17403,Robert Oatley,86.5,17.8,86.5,17.5,4,2,"['Pinot Grigio', 'G-S-M']",Australia,South Australia,['Adelaide Hills']
17404,Robert Oatley,86.2,20.8,87.0,19.0,4,2,"['Pinot Noir', 'Tempranillo']",Australia,Victoria,['Victoria']
17405,Robert Oatley,89.5,28.0,90.0,30.0,22,4,"['Chardonnay', 'Cabernet Sauvignon', 'Sauvignon Blanc', 'Riesling']",Australia,Western Australia,['Margaret River']
17406,Robert Pecota,88.0,19.5,87.5,15.5,4,3,"['Muscat Canelli', 'Sauvignon Blanc', 'Cabernet Sauvignon']",US,California,"['Napa Valley', 'Napa']"
17407,Robert Pepi,86.0,11.0,86.0,11.0,2,2,"['Pinot Grigio', 'Sauvignon Blanc']",US,California,"['California', 'California Other']"
17408,Robert Perroud,88.8,21.5,88.0,22.0,13,2,"['Gamay', 'Chardonnay']",France,Beaujolais,['Côte de Brouilly']
17409,Robert Ramsay,88.5,33.7,89.0,35.0,21,8,"['Mourvèdre', 'Syrah', 'Grenache', 'Cinsault', 'Cabernet Sauvignon', 'Rhône-style Red Blend', 'Counoise', 'Red Blend']",US,Washington,"['Horse Heaven Hills', 'Columbia Valley']"
17410,Robert Renzoni,88.5,34.6,89.0,33.0,19,11,"['Tempranillo', 'Pinot Grigio', 'Montepulciano', 'Red Blend', 'Chardonnay', 'Cabernet Sauvignon', 'Sangiovese', 'Syrah', 'White Blend', 'Vermentino', 'Cabernet Franc']",US,California,"['Temecula Valley', 'South Coast']"
17411,Robert Sinskey,90.5,46.0,90.5,46.0,2,1,['Pinot Noir'],US,California,"['Carneros', 'Napa-Sonoma']"
17412,Robert Skalli,86.0,17.5,86.0,17.5,2,1,['Chardonnay'],France,Languedoc-Roussillon,"[""Vin de Pays d'Oc""]"
17413,Robert Stemmler,87.8,37.4,88.5,36.0,24,2,"['Chardonnay', 'Pinot Noir']",US,California,"['Carneros', 'Napa-Sonoma']"
17414,Robert Weil,92.2,169.3,92.0,88.0,67,2,"['Riesling', 'Sparkling Blend']",Germany,Rheingau,[]
17415,Robert Young,91.2,47.8,92.0,42.0,17,4,"['Chardonnay', 'Cabernet Sauvignon', 'Merlot', 'Cabernet Blend']",US,California,"['Alexander Valley', 'Sonoma']"
17416,Robert et Bernard Plageoles,87.3,25.3,88.0,24.0,3,3,"['Mauzac', 'Muscadel', 'Duras']",France,Southwest France,['Gaillac']
17417,Robert's Rock,84.7,7.3,84.0,8.0,3,2,"['Chenin Blanc-Chardonnay', 'Cabernet Sauvignon-Merlot']",South Africa,Western Cape,[]
17418,Roberto Cipresso,89.0,25.0,89.0,25.0,1,1,['Red Blend'],Italy,Sicily & Sardinia,['Sicilia']
17419,Roberto Cosimi,92.0,40.0,92.0,40.0,2,1,['Sangiovese'],Italy,Tuscany,['Brunello di Montalcino']
17420,Roberto Mascelloni,91.0,30.0,91.0,30.0,2,2,"['Red Blend', 'Sangiovese']",Italy,Tuscany,['Orcia']
17421,Roberto Sarotto,92.5,,92.5,,2,1,['Nebbiolo'],Italy,Piedmont,['Barolo']
17422,Roberts & Rogers,90.2,69.0,90.0,75.0,5,1,['Cabernet Sauvignon'],US,California,"['Howell Mountain', 'Napa']"
17423,Robertson Winery,86.0,13.9,86.0,10.0,36,9,"['Chardonnay', 'Shiraz', 'Red Blend', 'Chenin Blanc', 'Sauvignon Blanc', 'Pinotage', 'Cabernet Sauvignon', 'Pinot Noir', 'Merlot']",South Africa,Robertson,[]
17424,Robinson Family Vineyards,88.2,67.4,90.0,62.0,5,3,"['Cabernet Franc', 'Merlot', 'Cabernet Sauvignon']",US,California,"['Stags Leap District', 'Napa']"
17425,Roblar,88.8,38.3,89.0,40.0,13,7,"['Cabernet Sauvignon-Syrah', 'Pinot Noir', 'Chardonnay', 'Sangiovese', 'Sauvignon Blanc', 'Red Blend', 'Bordeaux-style Red Blend']",US,California,"['Santa Barbara County', 'Central Coast']"
17426,Robledo,87.8,39.5,88.0,34.0,6,4,"['Sauvignon Blanc', 'Cabernet Sauvignon', 'Pinot Noir', 'Cabernet Blend']",US,California,"['Lake County', 'Mendocino/Lake Counties']"
17427,Rocca,89.7,71.5,90.0,60.0,19,4,"['Cabernet Sauvignon', 'Red Blend', 'Syrah', 'Bordeaux-style Red Blend']",US,California,"['Yountville', 'Napa']"
17428,Rocca Bernarda,87.8,24.4,86.0,19.0,5,4,"['Picolit', 'Pinot Grigio', 'White Blend', 'Friulano']",Italy,Northeastern Italy,['Colli Orientali del Friuli']
17429,Rocca Felice,88.4,24.9,88.5,24.0,8,2,"['Nebbiolo', 'Red Blend']",Italy,Piedmont,['Barolo']
17430,Rocca Giovanni,90.2,53.3,90.5,45.0,6,1,['Nebbiolo'],Italy,Piedmont,['Barolo']
17431,Rocca del Dragone,87.0,14.0,87.0,14.0,1,1,['Aglianico'],Italy,Southern Italy,['Campania']
17432,Rocca del Principe,86.7,23.6,87.0,24.0,6,2,"['Fiano', 'Aglianico']",Italy,Southern Italy,['Fiano di Avellino']
17433,Rocca delle Macìe,84.3,10.3,84.0,10.0,3,1,['White Blend'],Italy,Central Italy,['Orvieto Classico']
17434,Rocca delle Macìe,88.7,27.9,88.0,24.0,79,7,"['Red Blend', 'Sangiovese', 'Vernaccia', 'Vermentino', 'Sangiovese Grosso', 'Cabernet Sauvignon', 'Cabernet Sauvignon-Sangiovese']",Italy,Tuscany,['Toscana']
17435,Rocca di Castagnoli,89.4,32.1,89.0,32.0,9,4,"['Sangiovese', 'Cabernet Sauvignon', 'Red Blend', 'Merlot']",Italy,Tuscany,['Chianti Classico']
17436,Rocca di Fabbri,87.2,19.0,87.0,17.0,5,3,"['Sagrantino', 'Red Blend', 'Grechetto']",Italy,Central Italy,['Sagrantino di Montefalco']
17437,Rocca di Frassinello,88.9,49.4,89.0,35.0,21,2,"['Merlot', 'Red Blend']",Italy,Tuscany,['Maremma Toscana']
17438,Rocca di Montegrossi,87.3,31.3,88.0,29.5,7,2,"['Sangiovese', 'Red Blend']",Italy,Tuscany,['Chianti Classico']
17439,Rocca di Montemassi,88.7,18.9,88.0,15.0,12,4,"['Vermentino', 'Red Blend', 'Sangiovese', 'Viognier']",Italy,Tuscany,['Maremma']
17440,Roccafiore,87.0,20.5,87.0,18.5,9,5,"['Grechetto', 'Sangiovese', 'Red Blend', 'Sagrantino', 'White Blend']",Italy,Central Italy,['Todi']
17441,Rocche Castamagna,87.3,15.0,87.0,15.0,3,2,"['Dolcetto', 'Barbera']",Italy,Piedmont,"[""Dolcetto d'Alba""]"
17442,Rocche Costamagna,90.2,48.8,90.0,49.0,14,3,"['Nebbiolo', 'Barbera', 'Dolcetto']",Italy,Piedmont,['Barolo']
17443,Rocche dei Manzoni,87.0,105.0,87.0,105.0,1,1,['Nebbiolo'],Italy,Piedmont,['Barolo']
17444,Roccheviberti,91.5,44.0,91.5,42.0,4,1,['Nebbiolo'],Italy,Piedmont,['Barolo']
17445,Roccolo Grassi,90.7,55.9,90.0,45.0,11,2,"['Garganega', 'Corvina, Rondinella, Molinara']",Italy,Veneto,['Soave']
17446,Roccolo del Lago,88.0,15.0,88.0,15.0,1,1,['Red Blend'],Italy,Veneto,['Bardolino Classico']
17447,Roche,87.4,28.7,88.0,28.0,23,6,"['Chardonnay', 'Merlot', 'Pinot Noir', 'Syrah', 'Muscat Canelli', 'Red Blend']",US,California,"['Sonoma Valley', 'Sonoma']"
17448,Roche de Bellene,91.6,123.2,92.0,70.0,54,3,"['Pinot Noir', 'Chardonnay', 'Pinot Noir-Gamay']",France,Burgundy,['Volnay']
17449,Rochford,86.0,25.0,86.0,25.0,1,1,['Pinot Noir'],Australia,Victoria,['Macedon Ranges']
17450,Rochioli,91.0,56.2,91.0,55.5,57,3,"['Pinot Noir', 'Chardonnay', 'Sauvignon Blanc']",US,California,"['Russian River Valley', 'Sonoma']"
17451,Rock & Vine,87.0,17.0,87.0,17.0,1,1,['Cabernet Sauvignon'],US,California,"['Central Coast', 'Central Coast']"
17452,Rock Hollow,85.2,14.6,86.0,13.0,5,3,"['Sauvignon Blanc', 'Chardonnay', 'Cabernet Sauvignon']",US,California,"['Santa Barbara County', 'Central Coast']"
17453,Rock Lobster,83.5,16.0,83.5,16.0,2,1,['Zinfandel'],US,California,"['Lodi', 'Central Valley']"
17454,Rock Point,85.0,13.0,85.0,12.5,4,3,"['Pinot Noir', 'Red Blend', 'White Blend']",US,Oregon,"['Oregon', 'Oregon Other']"
17455,Rock Rabbit,87.5,10.0,87.5,10.0,2,2,"['Sauvignon Blanc', 'Syrah']",US,California,"['Central Coast', 'Central Coast']"
17456,Rock Stream,85.0,15.5,85.0,15.0,4,3,"['Riesling', 'Chardonnay', 'Pinot Noir']",US,New York,"['Seneca Lake', 'Finger Lakes']"
17457,Rock View,86.0,25.0,86.0,23.0,5,3,"['Cabernet Sauvignon', 'Chardonnay', 'Pinot Noir']",US,California,"['Alexander Valley', 'Sonoma']"
17458,Rock View,84.0,10.0,84.0,10.0,1,1,['Riesling'],US,Washington,"['Columbia Valley (WA)', 'Columbia Valley']"
17459,Rock Wall,87.5,30.7,87.0,29.0,88,18,"['Viognier', 'Zinfandel', 'Sparkling Blend', 'Sauvignon Blanc', 'Cabernet Franc', 'White Blend', 'Red Blend', 'Cabernet Sauvignon', 'Chardonnay', 'Pinot Noir', 'Tannat', 'Petite Sirah', 'Rosé', 'Teroldego', 'Merlot', 'Fiano', 'Grenache', 'Montepulciano']",US,California,"['California', 'California Other']"
17460,Rock Wren,86.8,25.2,87.5,25.0,4,1,['Syrah'],US,California,"['Solano County', 'North Coast']"
17461,RockBare,84.4,18.2,84.0,18.0,5,3,"['Chardonnay', 'Shiraz', 'Sauvignon Blanc']",Australia,South Australia,['McLaren Vale']
17462,Rockburn,88.8,30.2,88.0,30.0,13,5,"['Pinot Noir', 'Chardonnay', 'Riesling', 'Sauvignon Blanc', 'Pinot Gris']",New Zealand,Central Otago,[]
17463,Rockford,91.4,,92.0,,5,5,"['Shiraz', 'Cabernet Sauvignon', 'Rhône-style Red Blend', 'Shiraz-Cabernet Sauvignon', 'Alicante Bouschet']",Australia,South Australia,['Barossa Valley']
17464,Rockgarden,83.5,27.0,83.5,27.0,2,2,"['Red Blend', 'Bordeaux-style Red Blend']",US,Virginia,['Virginia']
17465,Rocking Horse,86.0,24.0,86.0,24.0,2,2,"['Merlot', 'Zinfandel']",US,California,"['Rutherford', 'Napa']"
17466,Rocking K,84.0,55.0,84.0,55.0,1,1,['Pinot Noir'],US,California,"['Carneros', 'Napa-Sonoma']"
17467,Rockledge Vineyards,85.8,39.8,84.0,32.0,5,3,"['Cabernet Sauvignon', 'Zinfandel', 'Primitivo']",US,California,"['St. Helena', 'Napa']"
17468,Rockpile,83.0,35.0,83.0,35.0,1,1,['Zinfandel'],US,California,"['Rockpile', 'Sonoma']"
17469,Rockroom Winemaking Cooperative,89.4,47.6,89.0,44.0,16,4,"['Pinot Noir', 'Chardonnay', 'Syrah', 'Cabernet Sauvignon']",US,California,"['Russian River Valley', 'Sonoma']"
17470,Rocky Gully,88.4,14.6,89.0,14.0,5,3,"['Riesling', 'Shiraz', 'Shiraz-Viognier']",Australia,Western Australia,['Frankland River']
17471,Rocky Hill,89.3,33.7,89.0,38.0,7,3,"['Red Blend', 'White Blend', 'Pinot Gris']",US,California,"['Sonoma Mountain', 'Sonoma']"
17472,Rocky Point,89.5,59.2,89.5,65.0,4,2,"['Pinot Noir', 'Sauvignon Blanc']",US,Oregon,"['Dundee Hills', 'Willamette Valley']"
17473,Rocky Point,83.0,35.0,83.0,35.0,1,1,['Rosé'],US,Washington,"['Yakima Valley', 'Columbia Valley']"
17474,Rocland Estate,88.2,15.9,87.5,10.0,8,5,"['Red Blend', 'Chardonnay', 'Rhône-style Red Blend', 'Shiraz', 'Grenache']",Australia,South Australia,['South Australia']
17475,Roco,90.4,53.7,90.0,50.0,31,3,"['Pinot Noir', 'Chardonnay', 'Sparkling Blend']",US,Oregon,"['Chehalem Mountains', 'Willamette Valley']"
17476,Rodney Strong,88.7,34.6,88.0,27.0,132,11,"['Chardonnay', 'Cabernet Sauvignon', 'Meritage', 'Pinot Noir', 'Malbec', 'Sauvignon Blanc', 'Merlot', 'Zinfandel', 'Bordeaux-style Red Blend', 'Cabernet Blend', 'Syrah']",US,California,"['Sonoma Coast', 'Sonoma']"
17477,Rodolfo Cosimi,89.0,50.0,89.0,50.0,2,1,['Sangiovese Grosso'],Italy,Tuscany,['Brunello di Montalcino']
17478,Rodrigue Molyneaux,86.4,30.2,87.0,30.0,5,2,"['Red Blend', 'Cabernet Sauvignon']",US,California,"['Livermore Valley', 'Central Coast']"
17479,Rodriguez Sanzo,84.5,12.0,84.5,12.0,2,1,['Tempranillo'],Spain,Northern Spain,['Rioja']
17480,Roederer Estate,91.3,33.1,92.0,27.0,31,2,"['Sparkling Blend', 'Champagne Blend']",US,California,"['Anderson Valley', 'Mendocino/Lake Counties']"
17481,Roessler,89.5,40.8,90.0,45.0,40,3,"['Pinot Noir', 'Chardonnay', 'Riesling']",US,California,"['Sonoma Coast', 'Sonoma']"
17482,Roger Goulart,82.8,21.5,82.5,19.5,4,1,['Sparkling Blend'],Spain,Catalonia,['Cava']
17483,Roger Lassarat,90.0,30.5,90.0,30.5,2,1,['Chardonnay'],France,Burgundy,['Pouilly-Fuissé']
17484,Roger Luquet,83.0,25.0,83.0,25.0,1,1,['Chardonnay'],France,Burgundy,['Pouilly-Fuissé']
17485,Roger Roessler,90.0,54.0,90.0,54.0,1,1,['Pinot Noir'],US,California,"['Russian River Valley', 'Sonoma']"
17486,Roger et Didier Raimbault,89.1,36.1,89.0,37.5,29,3,"['Sauvignon Blanc', 'Pinot Noir', 'Rosé']",France,Loire Valley,['Sancerre']
17487,Rogers & Rufus,86.0,24.0,86.0,24.0,1,1,['Rosé'],Australia,South Australia,['Barossa']
17488,Rojo Mojo,82.5,9.5,82.5,9.5,2,1,['Tempranillo'],Spain,Central Spain,['La Mancha']
17489,Roku,84.0,12.0,84.0,12.0,1,1,['Riesling'],US,California,"['Monterey County', 'Central Coast']"
17490,Roland Champion,89.2,64.0,89.5,62.0,8,2,"['Champagne Blend', 'Chardonnay']",France,Champagne,['Champagne']
17491,Roland Grangier,90.0,,90.0,,1,1,['Viognier'],France,Rhône Valley,['Condrieu']
17492,Roland Lavantureux,90.0,18.0,90.0,18.0,1,1,['Chardonnay'],France,Burgundy,['Petit Chablis']
17493,Roland Tissier et Fils,85.7,25.3,86.0,25.0,3,3,"['Sauvignon Blanc', 'Rosé', 'Pinot Noir']",France,Loire Valley,['Sancerre']
17494,Rolf Binder,92.0,31.7,92.0,28.0,3,3,"['Shiraz', 'Rhône-style Red Blend', 'Shiraz-Grenache']",Australia,South Australia,['Barossa Valley']
17495,Rolland & Galarreta,86.0,24.5,86.0,24.5,2,2,"['Verdejo', 'Tempranillo-Merlot']",Spain,Northern Spain,['Rueda']
17496,Rolling,86.3,10.9,86.0,10.0,7,3,"['Shiraz', 'Sauvignon Blanc-Semillon', 'Chardonnay']",Australia,Australia Other,['Central Ranges']
17497,Rolling Bay Winery,88.0,24.0,88.0,24.0,1,1,['Red Blend'],US,Washington,"['Yakima Valley', 'Columbia Valley']"
17498,Romain Bouchard,89.1,32.8,89.0,36.0,9,1,['Chardonnay'],France,Burgundy,['Chablis']
17499,Romain Reverdy,88.0,25.0,88.0,25.0,1,1,['Sauvignon Blanc'],France,Loire Valley,['Sancerre']
17500,Romana Carlo,88.0,,88.0,,2,2,"['Dolcetto', 'Barbera']",Italy,Piedmont,['Dolcetto di Dogliani']
17501,Romanelli,88.3,30.7,88.0,35.0,3,2,"['Sagrantino', 'Red Blend']",Italy,Central Italy,['Montefalco Sagrantino']
17502,Romantic,84.5,10.0,84.5,10.0,2,2,"['Merlot', 'Cabernet Sauvignon']",France,France Other,['Vin de France']
17503,Romariz,92.0,55.0,92.0,55.0,1,1,['Port'],Portugal,Port,[]
17504,Rombauer,87.8,59.8,88.0,55.0,12,3,"['Cabernet Sauvignon', 'Sauvignon Blanc', 'Merlot']",US,California,"['Napa Valley', 'Napa']"
17505,Romeo,89.4,45.8,89.0,49.0,8,2,"['Red Blend', 'Sangiovese']",Italy,Tuscany,['Vino Nobile di Montepulciano']
17506,Romililly,86.7,36.7,87.0,35.0,7,3,"['Pinot Noir', 'Zinfandel', 'Chardonnay']",US,California,"['Russian River Valley', 'Sonoma']"
17507,Rominger West,83.0,21.0,83.0,21.0,2,2,"['Syrah', 'Bordeaux-style Red Blend']",US,California,"['Yolo County', 'Central Valley']"
17508,Ron Rubin,90.0,33.0,91.0,32.0,5,3,"['Syrah', 'Pinot Noir', 'Pinot Blanc']",US,California,"['Green Valley', 'Sonoma']"
17509,Ronan,81.0,16.3,80.0,17.0,3,3,"['Cabernet Sauvignon', 'Zinfandel', 'Syrah']",US,California,"['Monterey County', 'Central Coast']"
17510,Ronca,85.7,18.7,86.0,20.0,3,3,"['Garganega', 'Rosé', 'Corvina']",Italy,Veneto,['Veronese']
17511,Ronchi San Giuseppe,86.0,16.0,86.0,16.0,2,2,"['Friulano', 'Pinot Grigio']",Italy,Northeastern Italy,['Colli Orientali del Friuli']
17512,Ronchi di Cialla,87.2,40.0,87.5,34.5,4,3,"['White Blend', 'Ribolla Gialla', 'Picolit']",Italy,Northeastern Italy,['Colli Orientali del Friuli']
17513,Ronchi di Giancarlo Rocca,88.0,45.0,88.0,45.0,1,1,['Nebbiolo'],Italy,Piedmont,['Barbaresco']
17514,Ronchi di Manzano,91.0,,91.0,,1,1,['Tocai'],Italy,Northeastern Italy,['Colli Orientali del Friuli']
17515,Ronco Blanchis,87.9,17.6,88.0,16.0,12,6,"['Sauvignon', 'Tocai Friulano', 'Pinot Grigio', 'Ribolla Gialla', 'Friulano', 'White Blend']",Italy,Northeastern Italy,['Collio']
17516,Ronco Calino,88.4,34.4,88.0,32.0,10,3,"['Sparkling Blend', 'Chardonnay', 'Pinot Nero']",Italy,Lombardy,['Franciacorta']
17517,Ronco Dei Pini,86.3,19.0,86.0,19.0,3,3,"['Sauvignon', 'Pinot Grigio', 'Friulano']",Italy,Northeastern Italy,['Collio']
17518,Ronco Severo,86.0,,86.0,,3,3,"['Chardonnay', 'Tocai Friulano', 'Sauvignon']",Italy,Northeastern Italy,['Colli Orientali del Friuli']
17519,Ronco dei Tassi,88.2,20.1,88.0,20.0,9,5,"['White Blend', 'Friulano', 'Pinot Grigio', 'Sauvignon', 'Malvasia']",Italy,Northeastern Italy,['Collio']
17520,Ronco del Gelso,88.7,25.0,88.5,24.0,16,10,"['Pinot Grigio', 'Friulano', 'Malvasia Istriana', 'Riesling', 'Tocai Friulano', 'Chardonnay', 'White Blend', 'Sauvignon', 'Malvasia', 'Traminer']",Italy,Northeastern Italy,['Friuli Isonzo']
17521,Ronco del Gnemiz,87.0,23.0,87.0,23.0,1,1,['Sauvignon'],Italy,Northeastern Italy,['Colli Orientali del Friuli']
17522,Ronco delle Betulle,86.9,28.7,87.0,24.0,7,5,"['Red Blend', 'Pinot Grigio', 'Sauvignon', 'Ribolla Gialla', 'Tocai Friulano']",Italy,Northeastern Italy,['Colli Orientali del Friuli']
17523,Roncolato,88.3,,89.0,,3,1,"['Corvina, Rondinella, Molinara']",Italy,Veneto,['Amarone della Valpolicella']
17524,Roncão,86.3,22.7,88.0,20.0,3,1,['Portuguese Red'],Portugal,Douro,[]
17525,Roney,86.0,34.0,86.0,34.0,1,1,['Cabernet Sauvignon'],US,California,"['Stags Leap District', 'Napa']"
17526,Rontana,86.5,15.5,86.5,15.5,2,1,['Sangiovese'],Italy,Central Italy,['Colli di Faenza']
17527,Ronção Pequeno,89.0,,89.0,,1,1,['Portuguese Red'],Portugal,Douro,[]
17528,Roodeberg,87.0,12.0,87.0,12.0,2,1,['Red Blend'],South Africa,Western Cape,[]
17529,Rooiberg,84.9,10.7,85.0,10.0,10,6,"['Pinotage', 'Shiraz', 'Cabernet Sauvignon-Merlot', 'Chenin Blanc', 'Chardonnay', 'Sauvignon Blanc']",South Africa,Robertson,[]
17530,Roos Family,84.0,,84.0,,1,1,['Merlot-Cabernet Franc'],South Africa,Western Cape,[]
17531,Rooster Hill,86.2,18.1,86.0,16.0,38,11,"['Chardonnay', 'Gewürztraminer', 'Cabernet Sauvignon', 'Riesling', 'Cabernet Franc', 'Pinot Noir', 'Lemberger', 'Vidal Blanc', 'Meritage', 'Sparkling Blend', 'Cabernet Franc-Lemberger']",US,New York,"['Finger Lakes', 'Finger Lakes']"
17532,Root:1,84.4,12.2,84.5,12.0,12,3,"['Sauvignon Blanc', 'Chardonnay', 'Pinot Noir']",Chile,Casablanca Valley,[]
17533,Root:1,84.6,12.2,85.0,12.0,9,2,"['Carmenère', 'Cabernet Sauvignon']",Chile,Colchagua Valley,[]
17534,Root:1,84.5,12.0,84.5,12.0,2,1,['Cabernet Sauvignon'],Chile,Maipo Valley,[]
17535,Roots,88.6,35.0,89.0,40.0,7,4,"['Riesling', 'Pinot Noir', 'Chardonnay', 'Melon']",US,Oregon,"['Columbia Gorge (OR)', 'Oregon Other']"
17536,Ropiteau,85.0,10.0,85.0,10.0,1,1,['Chardonnay'],France,France Other,['Vin de France']
17537,Roque Colás,89.0,37.0,89.0,37.0,1,1,['Red Blend'],Spain,Northern Spain,['Calatayud']
17538,Roquero,83.0,12.0,83.0,12.0,1,1,['Monastrell'],Spain,Levante,['Jumilla']
17539,Roquesán,83.0,15.0,83.0,15.0,1,1,['Rosado'],Spain,Northern Spain,['Ribera del Duero']
17540,Roquette e Cazes,91.0,56.0,90.0,56.0,3,1,['Portuguese Red'],Portugal,Douro,[]
17541,Roquevale,85.9,13.3,85.5,13.5,10,3,"['Portuguese Red', 'Rosé', 'Portuguese White']",Portugal,Alentejano,[]
17542,Roquevale,87.6,19.4,88.0,19.0,7,2,"['Portuguese Red', 'Portuguese White']",Portugal,Alentejo,[]
17543,Rosa Nautica,88.0,25.0,88.0,25.0,1,1,['Albariño'],Spain,Galicia,['Rías Baixas']
17544,Rosa d'Oro,86.9,22.7,87.5,20.0,26,15,"['Red Blend', 'Barbera', 'Syrah', 'Primitivo', 'Refosco', 'Muscat', 'Nebbiolo', 'Dolcetto', 'Montepulciano', 'Sangiovese', 'White Blend', 'Vermentino', 'Bordeaux-style Red Blend', 'Cabernet Franc', 'Aglianico']",US,California,"['Yolo County', 'Central Valley']"
17545,Rosati Family,81.0,30.0,81.0,30.0,2,1,['Cabernet Sauvignon'],US,California,['Mendocino County']
17546,Rose & Son,87.0,24.5,87.0,24.5,2,2,"['Red Blend', 'Sauvignon Blanc']",US,California,"['Santa Barbara County', 'Central Coast']"
17547,Rose & Thistle,88.0,35.0,88.0,35.0,2,1,['Rosé'],US,California,"['Napa Valley', 'Napa']"
17548,Rose 'N' Blum,86.0,12.0,86.0,12.0,2,2,"['Moscato', 'Pinot Grigio']",US,California,"['California', 'California Other']"
17549,Rosedale Wines,89.0,20.0,89.0,20.0,2,2,"['Shiraz', 'Cabernet Sauvignon']",Australia,South Australia,['Barossa']
17550,Rosehall Run,86.0,30.0,86.0,30.0,1,1,['Chardonnay'],Canada,Ontario,['Prince Edward County']
17551,Rosemont,84.9,20.2,85.0,19.0,15,8,"['Merlot', 'Syrah', 'Traminette', 'Rosé', 'Bordeaux-style Red Blend', 'Cabernet Franc', 'Red Blend', 'Pinot Grigio']",US,Virginia,['Virginia']
17552,Rosemount,85.4,10.9,86.0,12.0,29,14,"['Chardonnay', 'Pinot Grigio', 'Cabernet Sauvignon', 'Shiraz-Grenache', 'Sauvignon Blanc', 'Shiraz', 'Cabernet Sauvignon-Merlot', 'White Blend', 'Riesling', 'Merlot', 'Pinot Noir', 'Rhône-style Red Blend', 'Sémillon', 'Red Blend']",Australia,Australia Other,['South Eastern Australia']
17553,Rosemount,87.1,21.8,86.5,18.5,12,4,"['Chardonnay', 'Merlot', 'Cabernet Sauvignon', 'Cabernet Sauvignon-Shiraz']",Australia,New South Wales,['Hunter Valley']
17554,Rosemount,90.2,33.0,90.0,24.0,5,4,"['Shiraz', 'G-S-M', 'Cabernet Sauvignon', 'Syrah']",Australia,South Australia,['McLaren Vale']
17555,Rosenblum,86.5,29.4,87.0,28.0,78,14,"['Red Blend', 'Zinfandel', 'Sauvignon Blanc', 'Petite Sirah', 'Viognier', 'Bordeaux-style Red Blend', 'Merlot', 'Mourvèdre', 'Syrah', 'Cabernet Sauvignon', 'Rosé', 'Marsanne', 'Roussanne', 'Black Muscat']",US,California,"['California', 'California Other']"
17556,Rosenhof,89.7,26.5,90.0,29.0,19,8,"['St. Laurent', 'Zweigelt', 'Chardonnay', 'Grüner Veltliner', 'Traminer', 'Muskat Ottonel', 'Welschriesling', 'Blaufränkisch']",Austria,Burgenland,[]
17557,Rosenthal,87.5,31.5,87.0,31.0,4,3,"['Chardonnay', 'Cabernet Sauvignon', 'Merlot']",US,California,"['Malibu-Newton Canyon', 'South Coast']"
17558,Rosenthal-Malibu Estate,88.0,40.3,87.0,26.0,3,3,"['Chardonnay', 'Cabernet Sauvignon', 'Merlot']",US,California,"['Malibu-Newton Canyon', 'South Coast']"
17559,Roshambo,87.4,23.6,87.0,23.0,14,8,"['Sauvignon Blanc', 'Traminer', 'Zinfandel', 'Viognier', 'Syrah', 'Red Blend', 'Petite Sirah', 'Chardonnay']",US,California,"['Dry Creek Valley', 'Sonoma']"
17560,Ross Andrew,89.3,25.9,89.0,16.0,7,3,"['Pinot Noir', 'Pinot Gris', 'White Blend']",US,Oregon,"['Willamette Valley', 'Willamette Valley']"
17561,Ross Andrew,89.1,28.4,89.0,21.0,21,5,"['Pinot Gris', 'Cabernet Sauvignon', 'Syrah', 'Red Blend', 'Rosé']",US,Washington,"['Columbia Valley (WA)', 'Columbia Valley']"
17562,Ross Estate,88.5,22.5,87.0,20.0,11,5,"['Shiraz', 'Grenache', 'Bordeaux-style Red Blend', 'Cabernet Sauvignon', 'Chardonnay']",Australia,South Australia,['Barossa Valley']
17563,Rossi Wallace,88.7,28.6,87.0,28.0,7,3,"['Pinot Noir', 'Zinfandel', 'Chardonnay']",US,California,"['Napa Valley', 'Napa']"
17564,Rosé de Guiet,85.0,18.0,85.0,18.0,1,1,['Rosé'],France,Bordeaux,['Bordeaux Rosé']
17565,Rotari,88.4,18.5,89.0,14.0,34,3,"['Sparkling Blend', 'Chardonnay', 'Champagne Blend']",Italy,Northeastern Italy,['Trentino']
17566,Rotation Vineyards,82.0,10.0,82.0,10.0,1,1,['Chardonnay'],US,California,"['California', 'California Other']"
17567,Roth,87.0,25.0,87.0,28.0,25,6,"['Red Blend', 'Pinot Noir', 'Merlot', 'Chardonnay', 'Cabernet Sauvignon', 'Sauvignon Blanc']",US,California,"['Sonoma County', 'Sonoma']"
17568,Rothburg,84.0,11.0,84.0,11.0,1,1,['Riesling'],Germany,Mosel,[]
17569,Rothbury Estate,87.0,8.0,86.0,8.0,3,1,['Chardonnay'],Australia,Australia Other,['South Eastern Australia']
17570,Rotllan Torra,88.7,74.0,91.0,75.0,3,1,['Red Blend'],Spain,Catalonia,['Priorat']
17571,Rotta,88.2,30.7,87.0,30.0,9,7,"['Syrah', 'Cabernet Sauvignon', 'Port', 'Black Monukka', 'Red Blend', 'Zinfandel', 'Grenache']",US,California,"['San Luis Obispo County', 'Central Coast']"
17572,Round Barn,82.5,26.5,82.5,23.0,4,4,"['Pinot Noir', 'Cabernet Franc', 'Chardonnay', 'White Blend']",US,Michigan,['Lake Michigan Shore']
17573,Round Hill,84.2,8.2,84.0,8.0,13,5,"['Merlot', 'Cabernet Sauvignon', 'Pinot Grigio', 'Chardonnay', 'Zinfandel']",US,California,"['California', 'California Other']"
17574,Round Pond,89.2,47.5,88.5,46.0,24,6,"['Sauvignon Blanc', 'Cabernet Sauvignon', 'Red Blend', 'White Blend', 'Bordeaux-style Red Blend', 'Nebbiolo']",US,California,"['Rutherford', 'Napa']"
17575,Route 45,83.0,12.0,83.0,12.0,1,1,['Shiraz'],South Africa,Coastal Region,[]
17576,RouteStock,89.2,16.0,89.5,16.0,4,2,"['Chardonnay', 'Sauvignon Blanc']",US,California,"['Carneros', 'Napa-Sonoma']"
17577,RouteStock,88.0,22.0,88.0,22.0,1,1,['Pinot Noir'],US,Oregon,"['Willamette Valley', 'Willamette Valley']"
17578,RouteStock Cellars,84.5,19.2,84.0,20.0,6,2,"['Cabernet Sauvignon', 'Chardonnay']",US,California,"['Napa Valley', 'Napa']"
17579,RouteStock Cellars,86.8,19.2,87.0,19.0,4,1,['Pinot Noir'],US,Oregon,"['Willamette Valley', 'Willamette Valley']"
17580,Roux Père et Fils,89.3,60.7,89.0,56.0,69,2,"['Chardonnay', 'Pinot Noir']",France,Burgundy,['Corton-Charlemagne']
17581,Rovisco Garcia,86.0,22.5,86.0,22.5,2,2,"['Rosé', 'Portuguese Red']",Portugal,Alentejano,[]
17582,Row Eleven,88.0,26.5,88.5,28.5,6,1,['Pinot Noir'],US,California,"['Santa Maria Valley', 'Central Coast']"
17583,Rowland,85.7,24.0,86.0,22.0,3,1,['Pinot Noir'],New Zealand,Central Otago,[]
17584,Rowland,91.0,125.0,91.0,125.0,1,1,['Cabernet Sauvignon'],US,California,"['Yountville', 'Napa']"
17585,Roxanich,90.0,41.0,90.0,41.0,1,1,['White Blend'],Croatia,Istria,[]
17586,Roxo Port Cellars,87.0,59.5,87.0,59.5,2,2,"['Bordeaux-style Red Blend', 'Cabernet Sauvignon-Syrah']",US,California,"['Paso Robles', 'Central Coast']"
17587,RoxyAnn,87.2,24.4,87.0,26.0,19,9,"['Cabernet Franc', 'Viognier', 'Syrah', 'Tempranillo', 'Red Blend', 'Pinot Gris', 'Claret', 'Chardonnay', 'Merlot']",US,Oregon,"['Rogue Valley', 'Southern Oregon']"
17588,Roy Estate,93.0,117.5,93.0,117.5,2,2,"['Cabernet Sauvignon', 'Bordeaux-style Red Blend']",US,California,"['Napa Valley', 'Napa']"
17589,Roy J. Maier,88.0,54.5,88.0,54.5,2,1,['Cabernet Sauvignon'],US,California,"['Sonoma County', 'Sonoma']"
17590,Royal Muscato,83.5,8.0,83.5,8.0,2,1,['Sparkling Blend'],France,France Other,['Vin Mousseux']
17591,Royal Oaks,86.1,19.6,86.0,20.0,7,4,"['Merlot', 'Chardonnay', 'Sauvignon Blanc', 'Syrah']",US,California,"['Santa Ynez Valley', 'Central Coast']"
17592,Royal Oporto,88.8,44.4,88.0,30.0,12,1,['Port'],Portugal,Port,[]
17593,Royal Tokaji,88.0,19.3,87.0,20.0,3,3,"['White Blend', 'Furmint', 'Tokaji']",Hungary,Hungary,[]
17594,Royal Tokaji,89.0,60.0,89.0,60.0,2,2,"['Tokaji', 'Furmint']",Hungary,Tokaj,[]
17595,Royal Tokaji,91.5,103.6,91.0,54.0,30,3,"['Furmint', 'Tokaji', 'White Blend']",Hungary,Tokaji,[]
17596,Royal de Jarras,89.0,14.0,89.0,14.0,1,1,['Rosé'],France,Languedoc-Roussillon,['Sable de Camargue']
17597,Royale NV Brut,82.0,15.0,82.0,15.0,1,1,['Champagne Blend'],France,Alsace,['Alsace']
17598,Roza Ridge,86.8,16.8,87.0,16.0,13,6,"['Syrah', 'Malbec', 'Merlot', 'Red Blend', 'Petit Verdot', 'Cabernet Sauvignon']",US,Washington,"['Rattlesnake Hills', 'Columbia Valley']"
17599,Rozes,88.0,18.4,88.0,17.0,9,3,"['Portuguese Red', 'Malvasia Fina', 'Portuguese White']",Portugal,Douro,[]
17600,Rozes,87.2,49.8,87.0,50.0,21,1,['Port'],Portugal,Port,[]
17601,Rua,88.5,42.0,88.5,42.0,2,1,['Merlot-Cabernet Franc'],US,California,"['Napa Valley', 'Napa']"
17602,Rubberneck,82.5,11.0,82.5,11.0,2,2,"['Cabernet Sauvignon', 'Chardonnay']",US,California,"['Paso Robles', 'Central Coast']"
17603,Rubeus of Lore,87.0,20.0,87.0,20.0,1,1,['Pinot Noir'],Australia,Victoria,['Yarra Valley']
17604,Rubicon Estate,91.9,85.8,93.0,75.0,21,7,"['Cabernet Sauvignon', 'Cabernet Franc', 'Zinfandel', 'Bordeaux-style Red Blend', 'Cabernet Blend', 'Rhône-style White Blend', 'Syrah']",US,California,"['Rutherford', 'Napa']"
17605,Rubiejo,86.5,14.8,86.5,15.0,4,2,"['Tempranillo', 'Tinto del Pais']",Spain,Northern Spain,['Ribera del Duero']
17606,Rubinelli Vajol,87.6,46.3,87.0,37.5,12,2,"['Corvina, Rondinella, Molinara', 'Red Blend']",Italy,Veneto,['Amarone della Valpolicella Classico']
17607,Rubines,86.0,21.0,86.0,21.0,1,1,['Albariño'],Spain,Galicia,['Rías Baixas']
17608,Rubinna,87.0,60.0,87.0,60.0,2,2,"['Pinot Noir', 'Cabernet Sauvignon']",US,California,"['Sonoma Coast', 'Sonoma']"
17609,Rubino Estates Winery,90.0,30.1,91.0,28.0,9,5,"['Red Blend', 'Cabernet Sauvignon', 'Barbera', 'Sangiovese', 'Chardonnay']",US,California,"['Livermore Valley', 'Central Coast']"
17610,Rubissow,89.6,90.6,90.0,75.0,9,3,"['Cabernet Sauvignon', 'Bordeaux-style Red Blend', 'Merlot']",US,California,"['Mount Veeder', 'Napa']"
17611,Rubissow-Sargent,87.0,30.0,87.0,30.0,1,1,['Cabernet Sauvignon'],US,California,"['Mount Veeder', 'Napa']"
17612,Rubissow-Sargent Reserve,90.0,125.0,90.0,125.0,1,1,['Cabernet Sauvignon'],US,California,"['Mount Veeder', 'Napa']"
17613,Rubus,88.0,20.0,88.0,20.0,1,1,['Malbec'],Argentina,Mendoza Province,['Mendoza']
17614,Rubus,92.0,19.0,92.0,19.0,1,1,['Shiraz'],Australia,South Australia,['Barossa']
17615,Rubus,84.8,15.8,85.0,15.0,4,1,['Chardonnay'],Chile,Colchagua Valley,[]
17616,Rubus,85.0,10.0,85.0,10.0,1,1,['White Blend'],France,France Other,['Vin de France']
17617,Rubus,90.0,17.0,90.0,17.0,1,1,['Sauvignon Blanc'],New Zealand,Waipara,[]
17618,Rubus,87.5,19.0,87.5,19.0,2,1,['Zinfandel'],US,California,"['Lodi', 'Central Valley']"
17619,Ruby,90.7,41.0,91.0,36.0,3,1,['Pinot Noir'],US,Oregon,"['Chehalem Mountains', 'Willamette Valley']"
17620,Ruby Hill Winery,90.0,32.4,92.0,27.5,22,6,"['Red Blend', 'Zinfandel', 'Chardonnay', 'Cabernet Sauvignon', 'Sauvignon Blanc', 'Petite Sirah']",US,California,"['Livermore Valley', 'Central Coast']"
17621,Ruby Red,85.5,20.5,85.5,20.5,2,2,"['Cabernet Sauvignon', 'Sauvignon Blanc']",US,California,"['Dry Creek Valley', 'Sonoma']"
17622,Ruca Malen,87.0,23.8,87.0,18.0,45,10,"['Cabernet Sauvignon', 'Malbec', 'Chardonnay', 'Red Blend', 'Malbec-Cabernet Sauvignon', 'Bonarda', 'Sparkling Blend', 'Champagne Blend', 'Petit Verdot', 'Bordeaux-style Red Blend']",Argentina,Mendoza Province,['Mendoza']
17623,Ruca Malen,86.7,19.0,87.0,13.0,3,2,"['Sparkling Blend', 'Torrontés']",Argentina,Other,['Argentina']
17624,Rudd,89.5,55.8,89.5,35.0,4,3,"['Chardonnay', 'Sauvignon Blanc', 'Cabernet Sauvignon']",US,California,"['Carneros', 'Napa-Sonoma']"
17625,Rudeles,88.5,36.5,88.5,36.5,2,1,['Tempranillo Blend'],Spain,Northern Spain,['Ribera del Duero']
17626,Rudera,90.0,30.0,90.0,30.0,1,1,['Chenin Blanc'],South Africa,Elgin,[]
17627,Rudera,91.0,22.0,91.0,22.0,1,1,['Cabernet Sauvignon'],South Africa,South Africa,[]
17628,Rudera,87.9,30.1,89.0,27.0,7,3,"['Chenin Blanc', 'Cabernet Sauvignon', 'Syrah']",South Africa,Stellenbosch,[]
17629,Rudi Pichler,90.9,55.9,91.0,59.0,19,4,"['Grüner Veltliner', 'Riesling', 'Weissburgunder', 'Roter Veltliner']",Austria,Wachau,[]
17630,Rudi Schultz,89.5,34.7,90.0,37.0,6,1,['Syrah'],South Africa,Stellenbosch,[]
17631,Rudi Wiest,86.0,10.0,86.0,10.0,1,1,['Riesling'],Germany,Mosel-Saar-Ruwer,[]
17632,Rudi Wiest,85.0,10.0,85.0,10.0,1,1,['Riesling'],Germany,Rheinhessen,[]
17633,Rudius,91.0,58.0,91.0,58.0,1,1,['Syrah'],US,Oregon,"['Walla Walla Valley (OR)', 'Oregon Other']"
17634,Rudolf Eilenz,87.5,17.2,87.5,17.5,4,1,['Riesling'],Germany,Mosel-Saar-Ruwer,[]
17635,Rudolf Fürst,93.0,65.0,93.0,65.0,2,1,['Spätburgunder'],Germany,Franken,[]
17636,Rudolf Müller,83.8,12.2,83.5,12.5,6,1,['Riesling'],Germany,Mosel-Saar-Ruwer,[]
17637,Rudolf Müller,90.0,19.0,90.0,19.0,1,1,['Riesling'],Germany,Pfalz,[]
17638,Rudolf Müller,86.0,21.0,86.0,21.0,2,2,"['Riesling', 'White Blend']",Germany,Rheinhessen,[]
17639,Rued,87.1,25.5,87.0,18.0,11,5,"['Chardonnay', 'Sauvignon Blanc', 'Pinot Noir', 'Cabernet Sauvignon', 'Zinfandel']",US,California,"['Russian River Valley', 'Sonoma']"
17640,Ruffino,86.0,11.0,86.0,11.0,1,1,['White Blend'],Italy,Central Italy,['Orvieto']
17641,Ruffino,85.5,13.0,85.5,13.0,2,1,['Pinot Grigio'],Italy,Northeastern Italy,['Venezia Giulia']
17642,Ruffino,89.2,43.3,89.5,30.0,40,5,"['Red Blend', 'Sangiovese Grosso', 'Sangiovese', 'Chardonnay', 'Pinot Nero']",Italy,Tuscany,['Chianti Classico']
17643,Ruffino,86.0,15.0,86.0,15.0,1,1,['Glera'],Italy,Veneto,['Prosecco']
17644,Ruggeri & C.,88.0,,88.0,,1,1,['Sparkling Blend'],Italy,Italy Other,['Italy']
17645,Ruggeri & C.,87.9,23.5,88.0,19.0,29,2,"['Glera', 'Prosecco']",Italy,Veneto,['Conegliano Valdobbiadene Prosecco Superiore']
17646,Ruhlmann,87.9,17.0,89.0,15.0,18,7,"['Pinot Blanc', 'Sylvaner', 'Gewürztraminer', 'Riesling', 'Pinot Gris', 'Sparkling Blend', 'Pinot Noir']",France,Alsace,['Alsace']
17647,Rui Reguinga,93.0,40.0,93.0,40.0,1,1,['Rhône-style Red Blend'],Portugal,Tejo,[]
17648,Rui Roboredo Madeira,88.5,15.4,88.0,16.0,11,2,"['Portuguese Red', 'Portuguese White']",Portugal,Beira Interior,[]
17649,Rui Roboredo Madeira,89.0,21.6,88.0,19.0,22,2,"['Portuguese Red', 'Portuguese White']",Portugal,Douro,[]
17650,Ruinart,91.5,116.1,92.0,80.0,24,2,"['Chardonnay', 'Champagne Blend']",France,Champagne,['Champagne']
17651,Rule of Three,89.5,60.0,89.5,60.0,2,1,['Malbec'],Argentina,Mendoza Province,['Uco Valley']
17652,Rulo,92.1,24.3,92.0,20.0,21,7,"['Sauvignon Blanc', 'Syrah', 'Cabernet Sauvignon', 'Chardonnay', 'Viognier', 'Red Blend', 'Cabernet Sauvignon-Syrah']",US,Washington,"['Columbia Valley (WA)', 'Columbia Valley']"
17653,Rulo Winery,90.8,18.4,91.0,19.0,5,4,"['Sauvignon Blanc', 'Viognier', 'Chardonnay', 'Syrah']",US,Washington,"['Columbia Valley (WA)', 'Columbia Valley']"
17654,Rumelia Wine Cellar,86.0,19.0,86.0,19.0,1,1,['Merlot'],Bulgaria,Thracian Valley,[]
17655,Rumpus,86.0,22.7,86.0,25.0,3,2,"['Albariño', 'Red Blend']",US,California,"['Sonoma Coast', 'Sonoma']"
17656,Running Brook,84.0,17.0,84.0,17.0,3,3,"['Vidal Blanc', 'Chardonnay', 'Pinot Gris']",US,Massachusetts,['Southeastern New England']
17657,Running with Bulls,90.0,20.0,90.0,20.0,1,1,['Tempranillo'],Australia,South Australia,['Barossa']
17658,Rupert & Rothschild,88.0,20.0,88.0,20.0,1,1,['Bordeaux-style Red Blend'],South Africa,Coastal Region,[]
17659,Rupert & Rothschild,86.0,24.0,86.0,24.0,1,1,['Bordeaux-style Red Blend'],South Africa,Franschhoek,[]
17660,Rusack,90.7,37.4,91.0,36.0,72,7,"['Chardonnay', 'Zinfandel', 'Syrah', 'Pinot Noir', 'Sangiovese', 'Bordeaux-style Red Blend', 'Sauvignon Blanc']",US,California,"['California', 'California Other']"
17661,Rusden,88.0,85.0,88.0,85.0,1,1,['Zinfandel'],Australia,South Australia,['Barossa Valley']
17662,Rush Vineyards,82.0,29.0,82.0,29.0,1,1,['Cabernet Sauvignon'],US,California,"['Napa Valley', 'Napa']"
17663,Russell Creek,88.0,32.0,88.0,32.0,1,1,['Merlot'],US,Washington,"['Columbia Valley (WA)', 'Columbia Valley']"
17664,Russian Hill,86.2,34.2,87.0,32.0,13,3,"['Syrah', 'Pinot Noir', 'Chardonnay']",US,California,"['Russian River Valley', 'Sonoma']"
17665,Russian Ridge,85.6,28.7,86.0,30.0,10,7,"['Petite Sirah', 'Syrah', 'Chardonnay', 'Merlot', 'Cabernet Sauvignon', 'Bordeaux-style Red Blend', 'Pinot Noir']",US,California,"['Paso Robles', 'Central Coast']"
17666,Russian River Vineyards,88.0,40.5,88.0,40.5,2,2,"['Chardonnay', 'Pinot Noir']",US,California,"['Sonoma Coast', 'Sonoma']"
17667,Russiz Superiore,89.5,30.8,90.0,28.0,31,6,"['Sauvignon', 'Pinot Bianco', 'White Blend', 'Friulano', 'Pinot Grigio', 'Red Blend']",Italy,Northeastern Italy,['Collio']
17668,Russo,87.2,43.8,87.0,37.5,4,2,"['Red Blend', 'Cabernet Sauvignon']",Italy,Tuscany,['Val di Cornia Suvereto']
17669,Rust en Vrede,89.9,30.9,90.5,29.0,16,4,"['Red Blend', 'Shiraz', 'Cabernet Sauvignon', 'Merlot']",South Africa,Stellenbosch,[]
17670,RustRidge,87.1,39.8,87.0,37.5,8,4,"['Chardonnay', 'Cabernet Sauvignon', 'Zinfandel', 'Petite Sirah']",US,California,"['Napa Valley', 'Napa']"
17671,Rustenberg,89.7,30.7,91.0,30.0,3,3,"['Cabernet Sauvignon', 'Rosé', 'Bordeaux-style Red Blend']",South Africa,Simonsberg-Stellenbosch,[]
17672,Rustenberg,89.5,32.6,90.0,30.0,17,4,"['Bordeaux-style Red Blend', 'Chardonnay', 'Red Blend', 'Cabernet Sauvignon']",South Africa,Stellenbosch,[]
17673,Rustenberg,88.0,20.0,88.0,20.0,1,1,['Sauvignon Blanc'],South Africa,Western Cape,[]
17674,Ruston,89.0,50.0,89.0,50.0,2,2,"['Bordeaux-style Red Blend', 'Cabernet Blend']",US,California,"['St. Helena', 'Napa']"
17675,Ruta 22,86.0,12.5,86.0,12.5,2,1,['Malbec'],Argentina,Mendoza Province,['Mendoza']
17676,Ruta 22,86.5,13.0,86.5,13.0,4,1,['Malbec'],Argentina,Other,['Patagonia']
17677,Rutherford Grove,88.6,44.2,88.0,45.0,19,4,"['Cabernet Sauvignon', 'Petite Sirah', 'Merlot', 'Sauvignon Blanc']",US,California,"['Howell Mountain', 'Napa']"
17678,Rutherford Hill,87.1,34.4,87.0,28.0,64,11,"['Merlot', 'Red Blend', 'Cabernet Sauvignon', 'Sauvignon Blanc', 'Rosé', 'Bordeaux-style Red Blend', 'Chardonnay', 'Syrah', 'Petit Verdot', 'Malbec', 'Cabernet Franc']",US,California,"['Atlas Peak', 'Napa']"
17679,Rutherford Ranch,86.3,26.9,86.0,19.0,44,7,"['Merlot', 'Sauvignon Blanc', 'Cabernet Sauvignon', 'Chardonnay', 'Zinfandel', 'Red Blend', 'Bordeaux-style Red Blend']",US,California,"['Napa Valley', 'Napa']"
17680,Rutherford Vintners,82.7,12.3,83.0,12.0,3,3,"['Chardonnay', 'Cabernet Sauvignon', 'Syrah']",US,California,"['Napa Valley', 'Napa']"
17681,Rutherglen Estates,86.0,14.0,86.0,14.0,1,1,['White Blend'],Australia,Victoria,['Rutherglen']
17682,Rutini,85.8,18.8,86.0,12.0,49,9,"['Malbec', 'Chardonnay', 'Cabernet Sauvignon', 'Merlot', 'Torrontés', 'Malbec-Syrah', 'Pinot Noir', 'Cabernet Sauvignon-Malbec', 'Bordeaux-style Red Blend']",Argentina,Mendoza Province,['Mendoza']
17683,Rutini,92.5,75.0,92.5,75.0,2,2,"['Malbec', 'Bordeaux-style Red Blend']",Argentina,Other,['Argentina']
17684,Rutz,86.4,33.6,86.0,30.0,14,2,"['Chardonnay', 'Pinot Noir']",US,California,"['Russian River Valley', 'Sonoma']"
17685,Ryan Cochrane,92.9,40.8,93.0,43.0,11,2,"['Pinot Noir', 'Chardonnay']",US,California,"['Santa Maria Valley', 'Central Coast']"
17686,Ryan Patrick,88.0,21.7,88.0,20.0,39,10,"['Red Blend', 'Chardonnay', 'Riesling', 'Cabernet Sauvignon', 'Barbera', 'Bordeaux-style Red Blend', 'Syrah', 'Sauvignon Blanc', 'Grenache', 'Rosé']",US,Washington,"['Columbia Valley (WA)', 'Columbia Valley']"
17687,Ryker's Cellars,86.5,20.5,86.5,20.5,2,2,"['Red Blend', 'Petite Sirah']",US,America,[]
17688,Ryzin,86.0,15.0,86.0,15.0,1,1,['Zinfandel'],US,California,"['Central Coast', 'Central Coast']"
17689,Régis Jouan,84.0,25.0,84.0,25.0,1,1,['Sauvignon Blanc'],France,Loire Valley,['Sancerre']
17690,Régis Minet,88.0,,88.0,,1,1,['Sauvignon Blanc'],France,Loire Valley,['Pouilly-Fumé']
17691,Rémy-Pannier,85.0,19.0,85.0,17.0,3,2,"['Chenin Blanc', 'Sauvignon Blanc']",France,Loire Valley,['Vouvray']
17692,Réserve des Oliviers,87.7,49.0,88.0,45.0,3,2,"['Rhône-style White Blend', 'Rhône-style Red Blend']",France,Rhône Valley,['Châteauneuf-du-Pape']
17693,Résonance,93.2,55.8,93.0,57.5,6,2,"['Pinot Noir', 'Chardonnay']",US,Oregon,['Willamette Valley']
17694,Réva,88.0,80.0,88.0,80.0,1,1,['Nebbiolo'],Italy,Piedmont,['Barolo']
17695,Rôtie Cellars,90.5,38.8,90.5,35.0,24,7,"['Red Blend', 'Rhône-style White Blend', 'Syrah', 'Rhône-style Red Blend', 'Grenache Blanc', 'Grenache', 'Marsanne']",US,Washington,"['Washington', 'Washington Other']"
17696,S&G; Estate,90.5,85.0,90.5,85.0,2,1,['Merlot-Cabernet Sauvignon'],US,California,"['Paso Robles', 'Central Coast']"
17697,S. Anderson,89.2,41.4,90.0,30.0,5,3,"['Merlot', 'Cabernet Sauvignon', 'Champagne Blend']",US,California,"['Stags Leap District', 'Napa']"
17698,S. Cristina,86.0,,86.0,,1,1,['White Blend'],Italy,Lombardy,['Lugana']
17699,S. Delafont,88.0,24.0,88.0,24.0,2,2,"['Rosé', 'Chardonnay']",France,Languedoc-Roussillon,['Languedoc']
17700,S. Lucia,88.0,54.0,88.0,54.0,2,1,['Sangiovese Grosso'],Italy,Tuscany,['Brunello di Montalcino']
17701,S. P. Drummer,88.2,44.7,88.0,45.0,6,2,"['Cabernet Sauvignon-Cabernet Franc', 'Cabernet Sauvignon']",US,California,"['Napa Valley', 'Napa']"
17702,S.A. Prüm,91.3,74.9,92.0,35.0,37,1,['Riesling'],Germany,Mosel,[]
17703,S.A. Prüm,87.5,48.7,86.0,24.0,13,1,['Riesling'],Germany,Mosel-Saar-Ruwer,[]
17704,S.C. Pannell,89.0,66.3,89.0,69.0,3,3,"['Red Blend', 'Shiraz', 'Grenache']",Australia,South Australia,['Adelaide']
17705,S.R. Tonella,90.5,51.5,90.5,51.5,2,2,"['Sauvignon Blanc', 'Cabernet Sauvignon']",US,California,"['Rutherford', 'Napa']"
17706,SERVE,85.0,26.0,84.0,10.0,3,3,"['Cabernet Sauvignon', 'Chardonnay', 'White Blend']",Romania,Dealu Mare,[]
17707,SERVE,85.0,8.0,85.0,8.0,1,1,['Pinot Noir'],Romania,Dealurile Munteniei,[]
17708,SIP,85.0,15.0,85.0,15.0,2,2,"['Moscato', 'Rosé']",US,California,"['California', 'California Other']"
17709,SJ Montigny,90.6,27.3,90.0,22.0,7,2,"['Riesling', 'Gewürztraminer']",Germany,Nahe,[]
17710,SKN,84.8,14.0,85.0,15.0,6,4,"['Merlot', 'Chardonnay', 'Cabernet Sauvignon', 'Sauvignon Blanc']",US,California,"['Napa Valley', 'Napa']"
17711,SOLID,90.0,25.0,90.0,25.0,1,1,['Red Blend'],US,California,"['California', 'California Other']"
17712,STG,83.0,13.7,82.0,14.0,3,3,"['Zinfandel', 'Merlot', 'Chardonnay']",US,California,"['Dry Creek Valley', 'Sonoma']"
17713,SVI,87.0,34.0,87.0,34.0,1,1,['Cabernet Sauvignon'],US,California,"['Santa Barbara County', 'Central Coast']"
17714,Sabartés,86.7,16.3,87.0,16.0,3,1,['Sparkling Blend'],Spain,Catalonia,['Cava']
17715,Sabina Vineyards,91.8,100.0,92.0,100.0,5,1,['Cabernet Sauvignon'],US,California,"['St. Helena', 'Napa']"
17716,Sabina Vineyards,92.0,55.0,92.0,55.0,1,1,['Pinot Noir'],US,Oregon,"['Willamette Valley', 'Willamette Valley']"
17717,Sabine,87.0,12.0,87.0,12.0,1,1,['Syrah-Grenache'],France,Provence,"[""Coteaux d'Aix-en-Provence""]"
17718,Sables d'Azur,86.0,12.0,86.0,12.0,1,1,['Rosé'],France,Provence,['Côtes de Provence']
17719,Sabotage,92.0,50.0,92.0,50.0,1,1,['Cabernet Sauvignon'],US,California,"['Napa Valley', 'Napa']"
17720,Sacha Lichine,85.2,12.0,85.0,12.0,5,3,"['Rosé', 'Red Blend', 'White Blend']",France,France Other,['Vin de France']
17721,Sacred Hill,90.1,42.1,91.0,40.0,17,8,"['Bordeaux-style Red Blend', 'Red Blend', 'Merlot', 'Sauvignon Blanc', 'Chardonnay', 'Cabernet Sauvignon', 'Merlot-Cabernet Sauvignon', 'Syrah']",New Zealand,Hawke's Bay,[]
17722,Sacred Hill,87.0,20.3,87.0,22.0,3,2,"['Sauvignon Blanc', 'Pinot Noir']",New Zealand,Marlborough,[]
17723,Sacred Stone,83.0,9.5,83.0,9.5,2,2,"['Rhône-style Red Blend', 'Red Blend']",US,California,"['California', 'California Other']"
17724,Sada,88.5,32.5,88.0,23.0,6,2,"['Red Blend', 'Vermentino']",Italy,Tuscany,['Toscana']
17725,Saddle Ranch,83.0,33.0,83.0,33.0,1,1,['Pinot Noir'],US,California,"['Central Coast', 'Central Coast']"
17726,Saddleback,86.2,35.2,85.5,29.0,20,9,"['Cabernet Sauvignon', 'Merlot', 'Zinfandel', 'Chardonnay', 'Gewürztraminer', 'Viognier', 'Pinot Grigio', 'Sangiovese', 'Pinot Blanc']",US,California,"['Napa Valley', 'Napa']"
17727,Saddleback Cellars,88.8,37.2,88.5,32.5,4,4,"['Cabernet Sauvignon', 'Merlot', 'Chardonnay', 'Sauvignon Blanc']",US,California,"['Napa Valley', 'Napa']"
17728,Sadie Family,92.0,73.5,91.5,55.5,4,4,"['Rhône-style Red Blend', 'Tinta Barroca', 'Cinsault', 'White Blend']",South Africa,Swartland,[]
17729,Saenz-Olazabal,84.0,18.0,84.0,18.0,1,1,['Red Blend'],Spain,Northern Spain,['Navarra']
17730,Saffron Fields Vineyard,91.3,50.4,92.0,50.0,7,1,['Pinot Noir'],US,Oregon,['Willamette Valley']
17731,Sage Road,85.0,20.0,85.0,20.0,1,1,['Syrah'],US,California,"['Arroyo Grande Valley', 'Central Coast']"
17732,Sagebrush Annie's,87.0,37.0,87.0,37.0,2,2,"['Merlot', 'Cabernet Sauvignon']",US,California,"['Santa Barbara County', 'Central Coast']"
17733,Sagelands,85.4,12.1,85.0,10.0,27,7,"['Chardonnay', 'Riesling', 'Merlot', 'Cabernet Sauvignon', 'Malbec', 'Red Blend', 'Pinot Gris']",US,Washington,"['Columbia Valley (WA)', 'Columbia Valley']"
17734,Saget la Perrière,85.2,12.7,85.0,12.5,6,3,"['Pinot Noir', 'Rosé', 'Sauvignon Blanc']",France,France Other,['Vin de France']
17735,Saget la Perrière,89.0,32.7,89.0,26.5,27,3,"['Cabernet Franc', 'Sauvignon Blanc', 'Chenin Blanc']",France,Loire Valley,['Chinon']
17736,Saggi,90.8,45.5,91.0,45.0,10,1,['Red Blend'],US,Washington,"['Columbia Valley (WA)', 'Columbia Valley']"
17737,Sahara Vineyards,83.7,,84.0,,3,3,"['Grenache', 'Chenin Blanc', 'Viognier']",Egypt,Egypt,[]
17738,Saini,85.3,32.7,85.0,36.0,6,1,['Zinfandel'],US,California,"['Dry Creek Valley', 'Sonoma']"
17739,Saint André de Figuière,87.0,15.5,87.0,15.5,2,2,"['Rosé', 'White Blend']",France,Provence,['Côtes de Provence']
17740,Saint Clair,87.0,16.0,87.0,16.0,1,1,['Merlot'],New Zealand,Hawke's Bay,[]
17741,Saint Clair,88.3,23.4,88.0,24.0,71,5,"['Sauvignon Blanc', 'Pinot Noir', 'Merlot', 'Riesling', 'Chardonnay']",New Zealand,Marlborough,[]
17742,Saint Clair,87.0,14.0,87.0,14.0,1,1,['Riesling'],New Zealand,New Zealand,[]
17743,Saint Cosme,91.3,65.0,91.0,65.0,3,3,"['Syrah', 'Rhône-style Red Blend', 'Viognier']",France,Rhône Valley,['Côte Rôtie']
17744,Saint Gregory,87.6,20.1,87.5,19.0,18,5,"['Pinot Noir', 'Pinot Meunier', 'Pinot Blanc', 'Champagne Blend', 'Red Blend']",US,California,"['Mendocino County', 'Mendocino/Lake Counties']"
17745,Saint Helena Winery,90.0,75.0,90.0,75.0,1,1,['Cabernet Sauvignon'],US,California,"['St. Helena', 'Napa']"
17746,Saint John's Road,84.0,20.0,84.0,20.0,1,1,['Sémillon'],Australia,South Australia,['Barossa Valley']
17747,Saint K,91.0,32.0,90.5,33.0,4,3,"['Mourvèdre', 'Syrah', 'Grenache Blanc']",US,California,"['Paso Robles', 'Central Coast']"
17748,Saint Laurent,87.5,24.4,87.5,25.0,8,7,"['Chardonnay', 'Riesling', 'White Blend', 'Syrah', 'Cabernet', 'Merlot', 'Cabernet Sauvignon']",US,Washington,"['Columbia Valley (WA)', 'Columbia Valley']"
17749,Saint M,86.0,12.0,86.0,12.0,3,1,['Riesling'],Germany,Pfalz,[]
17750,Saint-Hilaire,87.0,12.0,87.0,12.0,1,1,['Sparkling Blend'],France,Languedoc-Roussillon,['Blanquette de Limoux']
17751,Saint-Jean des Sources,85.0,13.0,85.0,13.0,1,1,['Picpoul'],France,Languedoc-Roussillon,['Languedoc']
17752,Sainte Marie des Crozes,84.0,16.0,84.0,16.0,1,1,['Sauvignon Blanc'],France,Languedoc-Roussillon,"[""Pays d'Oc""]"
17753,Saints Hills,85.0,32.0,85.0,32.0,2,1,['White Blend'],Croatia,Istria,[]
17754,Saints Hills,82.0,65.0,82.0,65.0,1,1,['Plavac Mali'],Croatia,Middle and South Dalmatia,[]
17755,Saints Hills,89.0,65.0,89.0,65.0,1,1,['Plavac Mali'],Croatia,Peljesac,[]
17756,Saintsbury,89.9,46.0,90.0,47.0,64,3,"['Pinot Noir', 'Syrah', 'Chardonnay']",US,California,"['Carneros', 'Napa-Sonoma']"
17757,Sakonnet,90.0,25.0,90.0,25.0,1,1,['Champagne Blend'],US,Rhode Island,['Southeastern New England']
17758,Saladini Pilastri,86.5,13.2,86.0,13.0,11,3,"['Red Blend', 'White Blend', 'Pecorino']",Italy,Central Italy,['Rosso Piceno']
17759,Saladini Pilastri,85.0,26.0,85.0,26.0,1,1,['Pecorino'],Italy,Italy Other,['Vino Spumante']
17760,Salatin,84.7,17.0,85.0,16.0,3,1,['Glera'],Italy,Veneto,['Conegliano Valdobbiadene Prosecco Superiore']
17761,Salcheto,88.1,30.3,88.0,25.0,21,4,"['Red Blend', 'Sangiovese', 'Rosé', 'Prugnolo Gentile']",Italy,Tuscany,['Vino Nobile di Montepulciano']
17762,Salcis,89.0,40.0,89.0,40.0,2,1,['Tempranillo'],Spain,Northern Spain,['Ribera del Duero']
17763,Saldo,91.0,30.0,91.0,30.0,1,1,['Zinfandel'],US,California,"['California', 'California Other']"
17764,Salem Wine Company,89.0,25.0,89.0,25.0,1,1,['Gamay Noir'],US,Oregon,"['Eola-Amity Hills', 'Willamette Valley']"
17765,Salena Estate,85.0,10.5,85.0,10.5,2,1,['Chardonnay'],Australia,Australia Other,['South Eastern Australia']
17766,Salena Estate,85.5,10.5,85.5,10.5,2,2,"['Petit Verdot', 'Chardonnay']",Australia,South Australia,['South Australia']
17767,Salentein,87.6,26.9,87.0,19.0,65,13,"['Cabernet Sauvignon', 'Chardonnay', 'Malbec-Cabernet Sauvignon', 'Merlot', 'Malbec', 'Pinot Noir', 'Sauvignon Blanc', 'Malbec-Merlot', 'Syrah', 'Red Blend', 'Torrontés', 'Cabernet Franc', 'Bordeaux-style Red Blend']",Argentina,Mendoza Province,['Uco Valley']
17768,Salexis,90.5,36.0,90.5,36.0,2,2,"['Merlot', 'Chardonnay']",US,California,"['Napa Valley', 'Napa']"
17769,Salgari,87.0,,87.0,,1,1,"['Corvina, Rondinella, Molinara']",Italy,Veneto,['Amarone della Valpolicella Classico']
17770,Salicutti,90.7,79.3,90.0,95.0,3,1,['Sangiovese'],Italy,Tuscany,['Brunello di Montalcino']
17771,Salida,90.6,24.0,90.0,24.0,5,3,"['Tempranillo', 'Tempranillo-Malbec', 'Red Blend']",US,Washington,"['Yakima Valley', 'Columbia Valley']"
17772,Salis 1637,86.5,34.0,86.5,34.0,2,1,['Nebbiolo'],Italy,Lombardy,['Valtellina Superiore']
17773,Salitage,84.0,25.3,84.0,20.0,3,2,"['Bordeaux-style Red Blend', 'Pinot Noir']",Australia,Western Australia,['Pemberton']
17774,Sallier de la Tour,85.8,10.4,86.0,10.0,10,6,"['Merlot', 'Cabernet Sauvignon', 'Syrah', ""Nero d'Avola"", 'Inzolia', 'Grillo']",Italy,Sicily & Sardinia,['Sicilia']
17775,Salmon Harbor,85.0,9.0,85.0,9.0,1,1,['Merlot'],US,Washington,"['Washington', 'Washington Other']"
17776,Salomon & Andrew,90.0,,90.0,,1,1,['Pinot Noir'],New Zealand,Central Otago,[]
17777,Salomon Estate,92.0,42.0,92.0,42.0,2,2,"['Cabernet Sauvignon', 'G-S-M']",Australia,South Australia,['Fleurieu Peninsula']
17778,Salomon-Undhof,91.0,35.7,91.0,29.5,61,3,"['Grüner Veltliner', 'Riesling', 'Gelber Traminer']",Austria,Kremstal,[]
17779,Salomon-Undhof,89.2,24.5,89.0,23.0,13,3,"['Grüner Veltliner', 'Riesling', 'Gelber Traminer']",Austria,Niederösterreich,[]
17780,Salomon-Undhof,91.0,30.0,91.0,30.0,1,1,['Sparkling Blend'],Austria,Österreichischer Sekt,[]
17781,Salon,96.0,353.5,96.0,325.0,8,1,['Chardonnay'],France,Champagne,['Champagne']
17782,Saltbird,88.0,27.0,88.0,27.0,1,1,['Sauvignon Blanc'],US,New York,"['North Fork of Long Island', 'Long Island']"
17783,Salton,84.7,23.5,85.0,23.5,3,2,"['Sparkling Blend', 'Red Blend']",Brazil,Brazil,[]
17784,Salton,84.0,26.0,84.0,26.0,4,4,"['Tannat', 'Cabernet Franc', 'Pinot Noir', 'Red Blend']",Brazil,Campanha,[]
17785,Salton,86.0,,86.0,,1,1,['Sparkling Blend'],Brazil,Serra Gaúcha,[]
17786,Salustri,89.3,29.0,89.0,28.0,3,1,['Sangiovese'],Italy,Tuscany,['Montecucco']
17787,SalvaTerra,85.0,,85.0,,1,1,['Pinot Grigio'],Italy,Northeastern Italy,['Delle Venezie']
17788,SalvaTerra,87.5,41.0,87.5,41.0,4,2,"['Corvina, Rondinella, Molinara', 'Red Blend']",Italy,Veneto,['Valpolicella Classico Superiore Ripasso']
17789,Salvano,87.2,27.6,87.0,24.0,9,6,"['Red Blend', 'Dolcetto', 'Barbera', 'Nebbiolo', 'Chardonnay', 'Arneis']",Italy,Piedmont,['Langhe']
17790,Salvatore Molettieri,88.8,54.2,89.0,54.0,5,2,"['Fiano', 'Aglianico']",Italy,Southern Italy,['Fiano di Avellino']
17791,Salvatore Principe,86.0,10.8,87.0,10.0,5,3,"['Chardonnay', 'Cabernet Sauvignon', 'Malbec']",Argentina,Mendoza Province,['Mendoza']
17792,Salvatore Principe,83.5,10.0,83.5,10.0,4,3,"['Malbec', 'Cabernet Sauvignon', 'Torrontés']",Argentina,Other,['Cafayate']
17793,Salvatore Principe,85.0,13.0,85.0,13.0,1,1,['Sauvignon Blanc'],New Zealand,Marlborough,[]
17794,Salvatore Principe,85.8,10.3,86.0,10.0,6,3,"['Cabernet Sauvignon', 'Zinfandel', 'Chardonnay']",US,California,"['California', 'California Other']"
17795,Salvestrin,89.7,61.2,90.0,54.0,19,4,"['Cabernet Sauvignon', 'Petite Sirah', 'Sauvignon Blanc', 'Red Blend']",US,California,"['St. Helena', 'Napa']"
17796,Salviano,86.0,14.0,86.0,13.0,3,1,['White Blend'],Italy,Central Italy,['Orvieto Classico Superiore']
17797,Salvioni,91.0,254.5,91.0,254.5,2,1,['Sangiovese'],Italy,Tuscany,['Brunello di Montalcino']
17798,Salwey,94.0,25.0,94.0,25.0,1,1,['Pinot Noir'],Germany,Baden,[]
17799,Salzl Seewinkelhof,83.0,15.0,83.0,15.0,1,1,['Zweigelt'],Austria,Burgenland,[]
17800,Samos,86.5,18.8,86.5,18.5,4,1,['Muscat'],Greece,Samos,[]
17801,Samsara,92.2,41.0,93.0,42.0,22,3,"['Syrah', 'Pinot Noir', 'Grenache']",US,California,"['Sta. Rita Hills', 'Central Coast']"
17802,Samson,86.0,17.0,85.5,17.0,4,4,"['Syrah', 'Chardonnay', 'Merlot', 'Riesling']",US,Washington,"['Horse Heaven Hills', 'Columbia Valley']"
17803,Samuel Louis Smith,92.0,38.5,92.0,38.5,2,2,"['Pinot Noir', 'Syrah']",US,California,"['Sta. Rita Hills', 'Central Coast']"
17804,Samuel Robert,87.2,26.5,87.0,26.5,6,3,"['Pinot Noir', 'Riesling', 'Rosé']",US,Oregon,"['Willamette Valley', 'Willamette Valley']"
17805,Samuel Tinon,90.2,38.8,90.0,36.5,4,1,['Furmint'],Hungary,Tokaj,[]
17806,San Antonio,84.8,32.0,84.0,30.0,17,4,"['Red Blend', 'Bordeaux-style Red Blend', 'White Blend', 'Rhône-style Red Blend']",US,California,"['Paso Robles', 'Central Coast']"
17807,San Antonio Abad,85.0,10.0,85.0,10.0,1,1,['Tempranillo'],Spain,Central Spain,['La Mancha']
17808,San Benedetto,89.0,19.3,89.0,20.0,3,1,['Vernaccia'],Italy,Tuscany,['Vernaccia di San Gimignano']
17809,San Biagio,89.8,59.6,90.0,60.0,17,1,['Nebbiolo'],Italy,Piedmont,['Barolo']
17810,San Carlo,88.2,80.0,88.5,80.0,4,2,"['Sangiovese Grosso', 'Sangiovese']",Italy,Tuscany,['Brunello di Montalcino']
17811,San Cassiano,87.0,52.4,86.5,60.0,8,2,"['Corvina, Rondinella, Molinara', 'Red Blend']",Italy,Veneto,['Amarone della Valpolicella']
17812,San Elias,84.0,9.5,84.0,9.0,12,7,"['Syrah', 'Sauvignon Blanc', 'Chardonnay', 'Cabernet Sauvignon', 'Shiraz', 'Carmenère', 'Merlot']",Chile,Central Valley,[]
17813,San Fabiano,85.7,23.3,85.0,19.0,3,2,"['Sangiovese', 'Red Blend']",Italy,Tuscany,['Chianti']
17814,San Fabiano Calcinaia,88.4,31.8,87.0,29.0,18,4,"['Red Blend', 'Cabernet Sauvignon', 'Sangiovese', 'Chardonnay']",Italy,Tuscany,['Toscana']
17815,San Felice,90.7,49.8,90.5,50.0,22,4,"['Pugnitello', 'Red Blend', 'Sangiovese Grosso', 'Sangiovese']",Italy,Tuscany,['Toscana']
17816,San Felipe,84.0,10.5,84.0,10.0,6,4,"['Chardonnay', 'Cabernet Sauvignon', 'Malbec', 'Torrontés']",Argentina,Mendoza Province,['Mendoza']
17817,San Fereolo,89.0,16.0,89.0,16.0,1,1,['Dolcetto'],Italy,Piedmont,['Dolcetto di Dogliani']
17818,San Fernando,85.0,16.0,85.0,16.0,2,2,"['Carmenère', 'Merlot']",Chile,Central Valley,[]
17819,San Filippo,87.5,44.7,87.0,45.0,4,2,"['Sangiovese Grosso', 'Sangiovese']",Italy,Tuscany,['Brunello di Montalcino']
17820,San Filippo di Giannelli,91.2,62.8,92.0,60.0,5,1,['Sangiovese Grosso'],Italy,Tuscany,['Brunello di Montalcino']
17821,San Francisco Wine Press,87.0,20.0,87.0,20.0,1,1,['Red Blend'],US,California,"['Mendocino County', 'Mendocino/Lake Counties']"
17822,San Gabriel,85.0,20.0,85.0,20.0,1,1,['Tempranillo'],Spain,Northern Spain,['Ribera del Duero']
17823,San Giacomo,89.0,43.3,88.0,50.0,3,1,['Sangiovese'],Italy,Tuscany,['Brunello di Montalcino']
17824,San Giorgio a Lapi,85.0,10.0,85.0,10.0,1,1,['Sangiovese'],Italy,Tuscany,['Chianti Colli Senesi']
17825,San Giorgio di Perdomini,87.0,19.0,87.0,19.0,1,1,['Barbera'],Italy,Lombardy,['Oltrepò Pavese']
17826,San Giuseppe,85.1,22.2,85.0,19.5,11,5,"['Pinot Grigio', 'Prosecco', 'Corvina, Rondinella, Molinara', 'Red Blend', 'Pinot Noir']",Italy,Veneto,['Veneto']
17827,San Giusto a Rentennano,92.6,41.0,93.0,23.0,5,3,"['Red Blend', 'Sangiovese', 'Merlot']",Italy,Tuscany,['Chianti Classico']
17828,San Huberto,90.0,40.0,90.0,40.0,1,1,['Malbec'],Argentina,Mendoza Province,['Mendoza']
17829,San Huberto,84.3,12.6,84.0,10.0,14,9,"['Cabernet Sauvignon', 'Malbec', 'Bonarda', 'Chardonnay', 'Syrah', 'Cabernet Sauvignon-Syrah', 'Red Blend', 'Cabernet Sauvignon-Malbec', 'Torrontés']",Argentina,Other,['Argentina']
17830,San Jacopo da Vicchiomaggio,89.0,18.0,89.0,18.0,1,1,['Sangiovese'],Italy,Tuscany,['Chianti Classico']
17831,San Juan Vineyards,90.0,19.0,90.0,19.0,1,1,['Chardonnay'],US,Oregon,"['Columbia Gorge (OR)', 'Oregon Other']"
17832,San Juan Vineyards,85.9,17.8,86.0,17.5,34,16,"['Chardonnay', 'Cabernet Franc', 'Red Blend', 'Riesling', 'Sangiovese', 'Madeleine Angevine', 'Siegerrebe', 'Syrah', 'Semillon-Chardonnay', 'Cabernet Merlot', 'Cabernet Sauvignon', 'Angevine', 'Cabernet Blend', 'Pinot Gris', 'Cabernet Sauvignon-Merlot', 'Merlot']",US,Washington,"['Yakima Valley', 'Columbia Valley']"
17833,San Leonino,88.5,29.0,89.0,29.0,4,1,['Sangiovese'],Italy,Tuscany,['Chianti Classico']
17834,San Lorenzo,86.8,24.8,87.0,23.0,6,2,"['Montepulciano', 'Pecorino']",Italy,Central Italy,"[""Montepulciano d'Abruzzo""]"
17835,San Lorenzo,89.7,44.1,90.0,50.0,11,2,"['Sangiovese Grosso', 'Sangiovese']",Italy,Tuscany,['Brunello di Montalcino']
17836,San Lorenzo Vini,86.0,21.8,86.0,14.5,4,3,"['Trebbiano', 'Rosato', 'Montepulciano']",Italy,Central Italy,"[""Trebbiano d'Abruzzo""]"
17837,San Luciano,88.5,29.5,88.5,29.5,2,1,['Red Blend'],Italy,Tuscany,['Toscana']
17838,San Luis Canyon,82.0,9.0,82.0,9.0,1,1,['Chardonnay'],US,California,"['Central Coast', 'Central Coast']"
17839,San Marcos Creek,83.7,27.9,82.0,28.5,10,6,"['Bordeaux-style Red Blend', 'Zinfandel', 'Red Blend', 'Cabernet Sauvignon', 'Syrah', 'Petite Sirah']",US,California,"['Paso Robles', 'Central Coast']"
17840,San Martino,89.3,26.3,90.5,24.0,6,2,"['Aglianico', 'Rosato']",Italy,Southern Italy,['Aglianico del Vulture']
17841,San Michele Eppan,87.7,29.7,88.0,30.0,3,3,"['Gewürztraminer', 'Sauvignon Blanc', 'Pinot Bianco']",Italy,Northeastern Italy,['Alto Adige']
17842,San Nicolas,83.2,10.9,83.5,10.5,16,5,"['Cabernet Sauvignon', 'Sauvignon Blanc', 'Chardonnay', 'Merlot', 'Carmenère']",Chile,Curicó Valley,[]
17843,San Nicolas,86.0,12.0,86.0,12.0,1,1,['Chardonnay'],Chile,Maule Valley,[]
17844,San Osvaldo,86.0,16.0,86.0,16.0,2,2,"['Pinot Grigio', 'Refosco']",Italy,Veneto,['Lison-Pramaggiore']
17845,San Patrignano,88.8,47.3,88.5,45.0,6,3,"['Cabernet Sauvignon', 'Sangiovese', 'Red Blend']",Italy,Central Italy,['Colli di Rimini']
17846,San Pedro,87.0,11.0,87.0,11.0,1,1,['Malbec'],Argentina,Mendoza Province,['Mendoza']
17847,San Pedro,88.6,26.2,89.0,25.0,16,6,"['Syrah', 'Red Blend', 'Cabernet Sauvignon-Syrah', 'Merlot', 'Cabernet Sauvignon', 'Syrah-Cabernet']",Chile,Cachapoal Valley,[]
17848,San Pedro,84.8,11.2,85.0,11.5,4,1,['Chardonnay'],Chile,Casablanca Valley,[]
17849,San Pedro,83.4,9.1,83.0,11.0,14,5,"['Sauvignon Blanc', 'Cabernet Sauvignon', 'Chardonnay', 'Merlot', 'Red Blend']",Chile,Central Valley,[]
17850,San Pedro,87.5,44.0,87.5,44.0,2,2,"['Red Blend', 'Rosé']",Chile,Chile,[]
17851,San Pedro,88.0,26.2,89.0,12.0,5,3,"['Pinot Noir', 'Red Blend', 'Syrah']",Chile,Curicó Valley,[]
17852,San Pedro,87.5,27.2,88.0,25.0,17,4,"['Syrah', 'Sauvignon Blanc', 'Chardonnay', 'Pinot Noir']",Chile,Elqui Valley,[]
17853,San Pedro,89.3,17.8,90.0,19.0,9,1,['Sauvignon Blanc'],Chile,Leyda Valley,[]
17854,San Pedro,84.5,16.3,84.0,11.0,12,5,"['Merlot', 'Chardonnay', 'Cabernet Sauvignon', 'Shiraz', 'Sauvignon Blanc']",Chile,Lontué Valley,[]
17855,San Pedro,85.4,18.8,85.0,19.0,9,2,"['Cabernet Sauvignon', 'Syrah']",Chile,Maipo Valley,[]
17856,San Pedro,87.0,21.1,87.0,19.0,23,3,"['Carmenère', 'Malbec', 'Shiraz']",Chile,Maule Valley,[]
17857,San Pedro,87.0,15.0,87.0,15.0,1,1,['Tempranillo'],Spain,Northern Spain,['Rioja']
17858,San Pedro de Yacochuya,89.0,33.0,89.5,27.5,4,4,"['Red Blend', 'Malbec', 'Torrontés', 'Malbec-Cabernet Sauvignon']",Argentina,Other,['Salta']
17859,San Polino,91.5,66.1,92.0,69.0,15,2,"['Sangiovese', 'Sangiovese Grosso']",Italy,Tuscany,['Brunello di Montalcino']
17860,San Polo,84.3,21.0,84.0,16.0,3,2,"['Malbec', 'Merlot']",Argentina,Mendoza Province,['Mendoza']
17861,San Polo,89.4,50.5,90.0,60.0,17,2,"['Sangiovese', 'Sangiovese Grosso']",Italy,Tuscany,['Brunello di Montalcino']
17862,San Quirico,86.9,14.2,87.0,14.0,9,2,"['Sangiovese', 'Vernaccia']",Italy,Tuscany,['Chianti Colli Senesi']
17863,San Romano,87.0,20.0,87.0,20.0,1,1,['Dolcetto'],Italy,Piedmont,['Dolcetto di Dogliani']
17864,San Rustico,89.5,48.3,90.0,54.0,23,2,"['Red Blend', 'Corvina, Rondinella, Molinara']",Italy,Veneto,['Amarone della Valpolicella Classico']
17865,San Saba,85.6,21.0,85.0,22.0,7,4,"['Merlot', 'Pinot Noir', 'Chardonnay', 'Sauvignon Blanc']",US,California,"['Monterey', 'Central Coast']"
17866,San Sakana,86.0,43.8,85.0,42.5,4,3,"['Syrah', 'Mourvèdre', 'Viognier']",US,California,"['Santa Barbara', 'Central Coast']"
17867,San Silvestro,86.7,16.7,86.5,17.0,6,5,"['Barbera', 'Cortese', 'Arneis', 'Nascetta', 'Dolcetto']",Italy,Piedmont,"[""Barbera d'Asti""]"
17868,San Simeon,86.3,24.3,85.0,24.0,79,12,"['Syrah', 'Merlot', 'Mourvèdre', 'Chardonnay', 'Sauvignon Blanc', 'Cabernet Sauvignon', 'Petite Sirah', 'Pinot Noir', 'Pinot Gris', 'Viognier', 'Cabernet Franc', 'Bordeaux-style Red Blend']",US,California,"['Paso Robles', 'Central Coast']"
17869,San Simone,85.5,15.5,85.5,15.0,4,2,"['Chardonnay', 'Pinot Grigio']",Italy,Northeastern Italy,['Friuli Grave']
17870,San Simone,85.5,14.0,85.5,14.0,2,1,['Glera'],Italy,Veneto,['Prosecco']
17871,San Telmo,83.0,7.0,83.0,7.0,4,4,"['Chardonnay', 'Merlot', 'Shiraz', 'Malbec']",Argentina,Mendoza Province,['Mendoza']
17872,San Valentino,90.0,,90.0,,2,1,['Sangiovese'],Italy,Central Italy,['Sangiovese di Romagna Superiore']
17873,San Vicente,92.8,59.8,93.0,62.0,5,2,"['Tempranillo', 'Tempranillo Blend']",Spain,Northern Spain,['Rioja']
17874,San Vincenti,87.0,17.0,87.0,17.0,1,1,['Red Blend'],Italy,Tuscany,['Chianti Classico']
17875,San..Torini Winery,84.0,21.0,84.0,21.0,1,1,['Red Blend'],Greece,Greece,[]
17876,San..Torini Winery,88.0,22.0,88.0,22.0,1,1,['Assyrtico'],Greece,Santorini,[]
17877,Sanchez Muliterno,82.0,14.0,82.0,14.0,1,1,['Tempranillo Blend'],Spain,Central Spain,['Tierra de Castilla']
17878,Sanchez Romate,91.7,14.3,92.5,15.0,6,2,"['Sherry', 'Pedro Ximénez']",Spain,Andalucia,['Jerez']
17879,Sancho Barón,86.0,25.0,86.0,25.0,2,1,['Tempranillo'],Spain,Northern Spain,['Rioja']
17880,Sanctuary,90.4,34.3,90.0,33.5,14,4,"['Pinot Noir', 'Cabernet Sauvignon', 'Zinfandel', 'Chardonnay']",US,California,"['Santa Maria Valley', 'Central Coast']"
17881,Sanctum,89.0,17.5,89.0,17.5,2,2,"['Chardonnay', 'Pinot Noir']",Slovenia,Štajerska,[]
17882,Sanctum,90.0,48.0,90.0,48.0,1,1,['Shiraz'],South Africa,Western Cape,[]
17883,Sanctus,91.3,,91.0,,3,1,['Bordeaux-style Red Blend'],France,Bordeaux,['Saint-Émilion']
17884,Sand Dollar,85.5,15.0,85.5,15.0,2,2,"['Cabernet Sauvignon', 'Chardonnay']",US,California,"['Central Coast', 'Central Coast']"
17885,Sand Hill,85.8,44.8,85.5,44.5,4,2,"['Pinot Noir', 'Chardonnay']",US,California,"['Sonoma Valley', 'Sonoma']"
17886,Sand Point,86.0,12.0,86.0,12.0,7,5,"['Pinot Noir', 'Cabernet Sauvignon', 'Merlot', 'Sauvignon Blanc', 'Chardonnay']",US,California,"['California', 'California Other']"
17887,Sandalford,88.2,21.6,88.0,22.0,5,5,"['Cabernet Sauvignon', 'Shiraz', 'Riesling', 'Chardonnay', 'Merlot']",Australia,Western Australia,['Mount Barker & Margaret River']
17888,Sandeman,87.8,36.1,87.5,30.0,24,1,['Port'],Portugal,Port,[]
17889,Sandeman,92.7,24.7,93.0,25.0,3,2,"['Pedro Ximénez', 'Sherry']",Spain,Andalucia,['Jerez']
17890,Sander,84.5,24.8,84.0,26.5,4,3,"['Riesling', 'White Blend', 'Sauvignon Blanc']",Germany,Rheinhessen,[]
17891,Sanders Ridge,82.0,18.0,82.0,18.0,2,1,['Bordeaux-style Red Blend'],US,North Carolina,['Yadkin Valley']
17892,Sandhi,91.8,54.5,92.5,50.0,18,2,"['Pinot Noir', 'Chardonnay']",US,California,"['Santa Maria Valley', 'Central Coast']"
17893,Sandihurst,86.5,18.0,86.5,18.0,2,1,['Pinot Noir'],New Zealand,Canterbury,[]
17894,Sandler,90.3,37.3,90.5,38.0,10,4,"['Pinot Noir', 'Chardonnay', 'Syrah', 'Cabernet Sauvignon']",US,California,"['Santa Maria Valley', 'Central Coast']"
17895,Sandro de Bruno,86.0,28.0,86.0,28.0,2,2,"['Pinot Bianco', 'Chardonnay']",Italy,Northeastern Italy,['Garda']
17896,Sandro de Bruno,87.2,23.2,87.0,22.5,12,3,"['Garganega', 'White Blend', 'Durello']",Italy,Veneto,['Soave Colli Scaligeri']
17897,Sandrone,91.0,87.8,90.5,58.0,16,3,"['Nebbiolo', 'Dolcetto', 'Barbera']",Italy,Piedmont,"[""Nebbiolo d'Alba""]"
17898,Sands Point,84.0,15.0,84.0,15.0,1,1,['Pinot Noir'],US,California,"['Central Coast', 'Central Coast']"
17899,Sanfeletto,88.5,19.0,88.5,19.0,2,1,['Glera'],Italy,Veneto,['Conegliano Valdobbiadene Prosecco Superiore']
17900,Sanford,89.7,40.6,90.0,40.0,53,5,"['Pinot Noir', 'Chardonnay', 'Viognier', 'Rosé', 'Sauvignon Blanc']",US,California,"['Sta. Rita Hills', 'Central Coast']"
17901,Sanford & Benedict,92.0,,92.0,,1,1,['Pinot Noir'],US,California,"['Santa Ynez Valley', 'Central Coast']"
17902,Sangenís I Vaqué,90.0,45.1,90.0,45.0,7,2,"['Red Blend', 'Garnacha-Cariñena']",Spain,Catalonia,['Priorat']
17903,Sangervasio,87.7,35.7,88.0,45.0,7,5,"['White Blend', 'Sangiovese', 'Merlot', 'Red Blend', 'Cabernet Sauvignon']",Italy,Tuscany,['Colli Etruria Centrale']
17904,Sanglier Cellars,88.1,34.4,89.0,30.0,25,12,"['Pinot Noir', 'Syrah', 'Chardonnay', 'Red Blend', 'Rosé', 'Cabernet Sauvignon', 'Rhône-style Red Blend', 'White Blend', 'Grenache', 'Sauvignon Blanc', 'Merlot', 'Rhône-style White Blend']",US,California,"['Russian River Valley', 'Sonoma']"
17905,Sanguinhal,85.6,8.8,85.0,7.0,9,4,"['Portuguese Red', 'Aragonez', 'Touriga Nacional', 'Portuguese White']",Portugal,Lisboa,[]
17906,Sanguinhal,88.5,23.3,88.5,29.0,8,1,['Portuguese Red'],Portugal,Obidos,[]
17907,Sanguis,92.2,66.8,93.0,70.0,44,9,"['Chardonnay', 'White Blend', 'Red Blend', 'Syrah', 'Viognier', 'Rhône-style Red Blend', 'Grenache', 'Pinot Noir', 'Rosé']",US,California,"['Santa Maria Valley', 'Central Coast']"
17908,Sannino,86.0,28.1,86.0,25.0,14,9,"['Chardonnay', 'Cabernet Franc', 'Merlot', 'Cabernet Sauvignon', 'Sauvignon Blanc', 'Viognier', 'Petit Verdot', 'Syrah', 'Bordeaux-style Red Blend']",US,New York,"['North Fork of Long Island', 'Long Island']"
17909,Sanpaolo,86.2,15.0,86.0,15.0,4,3,"['Aglianico', 'Greco', 'Fiano']",Italy,Southern Italy,['Irpinia']
17910,Sans Liege,89.5,30.5,89.5,30.5,2,2,"['Rhône-style Red Blend', 'Grenache']",US,California,"['Santa Barbara County', 'Central Coast']"
17911,Sans Wine Co,83.0,10.0,83.0,10.0,3,3,"['Sauvignon Blanc', 'Rosé', 'Zinfandel']",US,California,['Lake County']
17912,Sansonina,87.7,30.0,87.0,30.0,3,2,"['Turbiana', 'White Blend']",Italy,Lombardy,['Lugana']
17913,Sansonina,90.7,44.7,91.0,40.0,3,1,['Merlot'],Italy,Veneto,['Rosso del Veronese']
17914,Sant Agnese dei F.lli Gigli,90.8,55.0,90.0,55.0,5,1,['Red Blend'],Italy,Tuscany,['Toscana']
17915,Sant Eurosia,86.0,17.0,86.0,17.0,2,1,['Prosecco'],Italy,Veneto,['Prosecco di Valdobbiadene']
17916,Sant Rafel,85.0,15.0,85.0,15.0,1,1,['Garnacha'],Spain,Catalonia,['Montsant']
17917,Sant Wines,93.0,48.5,93.0,48.5,2,1,['Pinot Noir'],US,California,"['Sta. Rita Hills', 'Central Coast']"
17918,Sant'Andrea,86.3,,86.0,,3,2,"['Barbera', 'Rosé']",Italy,Lombardy,['Oltrepò Pavese']
17919,Sant'Andrea in Colle,85.0,15.0,85.0,15.0,1,1,['Red Blend'],Italy,Tuscany,['Chianti Classico']
17920,Sant'Anjelus,84.0,16.0,84.0,16.0,1,1,['Garganega'],Italy,Veneto,['Soave']
17921,Sant'Evasio,87.5,23.5,87.5,23.5,2,2,"['Red Blend', 'Cortese']",Italy,Piedmont,['Barolo']
17922,Santa Alba,86.6,15.0,86.0,10.0,5,4,"['Cabernet Sauvignon-Cabernet Franc', 'Merlot', 'Carmenère', 'Cabernet Sauvignon']",Chile,Curicó Valley,[]
17923,Santa Alba,84.5,11.2,84.5,10.0,4,3,"['Sauvignon Blanc', 'Chardonnay', 'Pinot Noir']",Chile,Maule Valley,[]
17924,Santa Alicia,84.0,11.0,84.0,11.0,2,1,['Pinot Noir'],Chile,Bío Bío Valley,[]
17925,Santa Alicia,82.0,25.0,82.0,25.0,2,2,"['Shiraz', 'Pinot Noir']",Chile,Casablanca Valley,[]
17926,Santa Alicia,85.8,11.8,85.5,11.0,4,3,"['Muscatel', 'White Blend', 'Moscatel']",Chile,Limarí Valley,[]
17927,Santa Alicia,85.8,12.4,86.0,12.0,100,12,"['Merlot', 'Red Blend', 'Chardonnay', 'Carmenère', 'Malbec', 'Cabernet Sauvignon', 'Bordeaux-style Red Blend', 'Cabernet Sauvignon-Syrah', 'Shiraz', 'Cabernet Sauvignon-Shiraz', 'Sauvignon Blanc', 'Rosé']",Chile,Maipo Valley,[]
17928,Santa Ana,83.0,11.5,83.0,11.5,2,2,"['Chardonnay', 'Malbec']",Argentina,Mendoza Province,['Mendoza']
17929,Santa Barbara,87.8,29.6,88.0,25.0,5,2,"['Verdicchio', 'Passerina']",Italy,Central Italy,['Verdicchio dei Castelli di Jesi Classico']
17930,Santa Barbara Winery,87.1,20.6,87.0,19.0,60,14,"['Primitivo', 'Chardonnay', 'Petit Verdot', 'Petite Sirah', 'Pinot Noir', 'Sangiovese', 'Sauvignon Blanc', 'Grenache', 'Riesling', 'Syrah', 'Lagrein', 'Red Blend', 'Rosé', 'Orange Muscat']",US,California,"['Santa Ynez Valley', 'Central Coast']"
17931,Santa Carolina,89.8,26.4,90.0,28.5,8,3,"['Carmenère', 'Red Blend', 'Mourvèdre']",Chile,Cachapoal Valley,[]
17932,Santa Carolina,84.4,13.7,85.0,12.0,13,2,"['Chardonnay', 'Pinot Noir']",Chile,Casablanca Valley,[]
17933,Santa Carolina,88.3,15.3,88.0,15.0,3,1,['Carignan'],Chile,Cauquenes Valley,[]
17934,Santa Carolina,86.0,10.0,86.0,10.0,1,1,['Syrah'],Chile,Central Valley,[]
17935,Santa Carolina,91.0,150.0,91.0,150.0,1,1,['Cabernet Sauvignon'],Chile,Chile,[]
17936,Santa Carolina,85.8,10.6,86.0,10.5,16,2,"['Cabernet Sauvignon', 'Merlot']",Chile,Colchagua Valley,[]
17937,Santa Carolina,87.0,18.0,87.0,18.0,1,1,['Red Blend'],Chile,Curicó Valley,[]
17938,Santa Carolina,85.5,11.8,85.0,11.0,15,4,"['Pinot Noir', 'Chardonnay', 'Sauvignon Blanc', 'Rosé']",Chile,Leyda Valley,[]
17939,Santa Carolina,85.5,20.0,85.5,20.0,2,1,['Chardonnay'],Chile,Limarí Valley,[]
17940,Santa Carolina,88.4,20.5,90.0,20.0,15,6,"['Cabernet Sauvignon', 'Red Blend', 'Chardonnay', 'Syrah', 'Cabernet Blend', 'Bordeaux-style Red Blend']",Chile,Maipo Valley,[]
17941,Santa Carolina,84.8,11.0,84.5,10.5,4,1,['Pinot Noir'],Chile,Maule Valley,[]
17942,Santa Carolina,92.5,92.5,92.5,90.0,4,1,['Carmenère'],Chile,Peumo,[]
17943,Santa Carolina,86.8,15.6,87.0,15.0,22,4,"['Malbec', 'Carmenère', 'Syrah', 'Sauvignon Blanc']",Chile,Rapel Valley,[]
17944,Santa Carolina,85.0,16.8,84.5,17.0,4,1,['Sauvignon Blanc'],Chile,San Antonio,[]
17945,Santa Cristina,86.0,13.0,86.0,13.0,2,2,"['Rosato', 'Red Blend']",Italy,Tuscany,['Toscana']
17946,Santa Cruz Mountain Vineyard,91.0,32.3,90.0,32.0,8,4,"['Grenache', 'Petite Sirah', 'Pinot Noir', 'Cabernet Sauvignon']",US,California,"['Santa Lucia Highlands', 'Central Coast']"
17947,Santa Duc,90.0,17.0,90.0,17.0,1,1,['Rhône-style Red Blend'],France,Rhône Valley,['Côtes du Rhône Villages']
17948,Santa Ema,86.3,25.2,86.0,12.0,33,6,"['Carmenère', 'Merlot', 'Syrah', 'Cabernet Sauvignon', 'Red Blend', 'Cabernet Blend']",Chile,Cachapoal Valley,[]
17949,Santa Ema,85.7,13.3,85.5,14.0,10,1,['Chardonnay'],Chile,Casablanca Valley,[]
17950,Santa Ema,86.5,18.6,86.5,18.0,18,3,"['Sauvignon Blanc', 'Chardonnay', 'Pinot Noir']",Chile,Leyda Valley,[]
17951,Santa Ema,85.4,17.0,86.0,12.0,68,9,"['Red Blend', 'Sauvignon Blanc', 'Cabernet Sauvignon', 'Merlot', 'Bordeaux-style Red Blend', 'Cabernet Sauvignon-Merlot', 'Malbec', 'Chardonnay', 'Rosé']",Chile,Maipo Valley,[]
17952,Santa Ema,88.5,27.0,88.5,27.0,2,1,['Carignan'],Chile,Maule Valley,[]
17953,Santa Ema,88.8,24.5,89.5,24.0,12,4,"['Red Blend', 'Merlot', 'Carignan', 'Cabernet Sauvignon']",Chile,Peumo,[]
17954,Santa Ema,85.6,20.4,85.0,28.0,5,4,"['Bordeaux-style Red Blend', 'Red Blend', 'Merlot', 'Carmenère']",Chile,Rapel Valley,[]
17955,Santa Faustina,84.0,25.0,85.0,20.0,5,3,"['Malbec', 'Red Blend', 'Syrah']",Argentina,Mendoza Province,['Mendoza']
17956,Santa Florentina,83.0,8.0,83.0,8.0,3,3,"['Merlot', 'Torrontés', 'Cabernet Sauvignon']",Argentina,Other,['Famatina Valley']
17957,Santa Giulia,84.0,,84.0,,1,1,['Sangiovese Grosso'],Italy,Tuscany,['Brunello di Montalcino']
17958,Santa Helena,85.5,10.5,85.5,10.5,2,1,['Chardonnay'],Chile,Casablanca Valley,[]
17959,Santa Helena,85.5,20.0,85.5,20.0,2,2,"['Sauvignon Blanc', 'Merlot']",Chile,Central Valley,[]
17960,Santa Helena,87.6,24.2,88.0,17.0,18,5,"['Sauvignon Blanc', 'Carmenère', 'Cabernet Sauvignon', 'Red Blend', 'Malbec']",Chile,Colchagua Valley,[]
17961,Santa Ines,87.5,8.0,87.5,8.0,2,2,"['Sauvignon Blanc', 'Chardonnay']",Chile,Maipo Valley,[]
17962,Santa Isle,87.0,20.0,87.0,20.0,1,1,['Cabernet Sauvignon'],Chile,Maule Valley,[]
17963,Santa Julia,85.4,10.6,86.0,11.0,77,11,"['Cabernet Sauvignon', 'Torrontés', 'Chardonnay', 'Malbec', 'Merlot', 'Sparkling Blend', 'Tempranillo', 'Viognier', 'Pinot Grigio', 'Malbec-Cabernet Franc', 'Cabernet Blend']",Argentina,Mendoza Province,['Mendoza']
17964,Santa Lucia,86.9,30.7,88.0,21.0,9,3,"['Nero di Troia', 'Uva di Troia', 'Fiano']",Italy,Southern Italy,['Castel del Monte']
17965,Santa Lucia,87.5,17.5,87.5,17.5,4,2,"['Sangiovese', 'Red Blend']",Italy,Tuscany,['Morellino di Scansano']
17966,Santa Luz,83.0,17.0,83.0,17.0,1,1,['Chardonnay'],Chile,Casablanca Valley,[]
17967,Santa Luz,84.6,8.8,85.0,8.0,5,4,"['Cabernet Sauvignon', 'Merlot', 'Malbec', 'Sauvignon Blanc']",Chile,Central Valley,[]
17968,Santa Luz,86.2,20.9,86.0,17.0,13,6,"['Cabernet Sauvignon', 'Carmenère', 'Red Blend', 'Malbec', 'Merlot', 'Shiraz']",Chile,Colchagua Valley,[]
17969,Santa Luz,86.0,19.0,86.0,19.0,2,1,['Sauvignon Blanc'],Chile,Leyda Valley,[]
17970,Santa Luz,86.0,12.0,86.0,12.0,1,1,['Pinot Noir'],Chile,Maule Valley,[]
17971,Santa Margherita,85.8,23.5,86.0,23.5,6,3,"['Pinot Grigio', 'Chardonnay', 'Pinot Bianco']",Italy,Northeastern Italy,['Alto Adige']
17972,Santa Margherita,87.0,22.0,87.0,22.0,1,1,['Sangiovese'],Italy,Tuscany,['Chianti Classico']
17973,Santa Margherita,87.1,20.9,87.0,21.0,12,3,"['Glera', 'Prosecco', 'Pinot Grigio']",Italy,Veneto,['Conegliano Valdobbiadene Prosecco Superiore']
17974,Santa Maria,83.0,18.0,83.0,18.0,1,1,['Merlot'],Chile,Casablanca Valley,[]
17975,Santa Maria,87.0,10.0,87.0,10.0,1,1,['Sauvignon Blanc'],Chile,Central Valley,[]
17976,Santa Maria,89.0,18.0,89.0,18.0,1,1,['Cabernet Sauvignon'],Chile,Maipo Valley,[]
17977,Santa Maria,91.0,85.0,91.0,85.0,1,1,['Sangiovese Grosso'],Italy,Tuscany,['Brunello di Montalcino']
17978,Santa Maria,88.0,30.0,88.0,30.0,1,1,['Chardonnay'],Italy,Veneto,['Veneto']
17979,Santa Maria La Palma,86.2,13.2,86.5,13.5,4,2,"['Cannonau', 'Vermentino']",Italy,Sicily & Sardinia,['Cannonau di Sardegna']
17980,Santa Monica,85.4,15.2,86.0,17.0,5,4,"['White Blend', 'Cabernet Sauvignon', 'Carmenère', 'Chardonnay']",Chile,Rapel Valley,[]
17981,Santa Quiteria,84.7,10.5,84.5,10.0,6,3,"['Alicante Bouschet', 'Garnacha', 'Garnacha Tintorera']",Spain,Central Spain,['Almansa']
17982,Santa Rita,83.0,8.5,83.5,8.5,4,2,"['Chardonnay', 'Pinot Noir']",Chile,Aconcagua Valley,[]
17983,Santa Rita,89.8,57.0,90.0,65.0,4,2,"['Carmenère', 'Cabernet Sauvignon']",Chile,Apalta,[]
17984,Santa Rita,84.9,12.8,85.0,12.0,17,2,"['Chardonnay', 'Sauvignon Blanc']",Chile,Casablanca Valley,[]
17985,Santa Rita,84.1,8.7,84.0,8.0,24,10,"['Chardonnay', 'Sauvignon Blanc', 'Syrah', 'Cabernet Sauvignon', 'Merlot', 'Carmenère', 'Red Blend', 'White Blend', 'Rosé', 'Pinot Noir']",Chile,Central Valley,[]
17986,Santa Rita,87.0,20.0,87.0,20.0,1,1,['Carmenère'],Chile,Colchagua Costa,[]
17987,Santa Rita,87.8,28.1,87.5,20.0,8,4,"['Malbec', 'Carmenère', 'Cabernet Sauvignon', 'Sauvignon Blanc']",Chile,Colchagua Valley,[]
17988,Santa Rita,86.9,18.7,87.0,18.0,9,2,"['Chardonnay', 'Sauvignon Blanc']",Chile,Leyda Valley,[]
17989,Santa Rita,84.0,12.5,84.0,12.5,2,2,"['Chardonnay', 'Moscato']",Chile,Limarí Valley,[]
17990,Santa Rita,83.8,8.0,84.0,8.0,5,2,"['Chardonnay', 'Sauvignon Blanc']",Chile,Lontué Valley,[]
17991,Santa Rita,88.0,30.9,88.0,18.0,49,8,"['Red Blend', 'Cabernet Sauvignon', 'Syrah', 'Chardonnay', 'Merlot', 'Shiraz', 'Bordeaux-style Red Blend', 'Petite Sirah']",Chile,Maipo Valley,[]
17992,Santa Rita,84.9,10.8,85.0,9.0,14,3,"['Carmenère', 'Cabernet Sauvignon', 'Merlot']",Chile,Rapel Valley,[]
17993,Santa Sofia,86.5,11.5,86.5,11.5,2,1,['Turbiana'],Italy,Lombardy,['Lugana']
17994,Santa Sofia,87.5,35.7,87.0,29.0,19,3,"['Corvina, Rondinella, Molinara', 'Garganega', 'Red Blend']",Italy,Veneto,['Valpolicella Superiore Ripasso']
17995,Santa Trinita,86.0,,86.0,,1,1,['Sangiovese'],Italy,Tuscany,['Chianti Classico']
17996,Santa Vitoria,86.7,17.0,88.0,13.0,3,1,['Red Blend'],Portugal,Alentejano,[]
17997,Santa Ynez Valley Vineyards,87.0,35.0,87.0,35.0,1,1,['Cabernet Sauvignon'],US,California,"['Santa Barbara County', 'Central Coast']"
17998,Santana,86.0,7.0,86.0,7.0,1,1,['Viura'],Spain,Central Spain,['Tierra Manchuela']
17999,Santana,84.0,7.0,84.0,7.0,1,1,['Tempranillo'],Spain,Northern Spain,['Rioja']
18000,Sante Arcangeli,91.4,41.8,92.0,37.5,14,2,"['Chardonnay', 'Pinot Noir']",US,California,"['Monterey', 'Central Coast']"
18001,Santero,85.0,12.0,85.0,12.0,2,1,['Moscato'],Italy,Piedmont,"[""Moscato d'Asti""]"
18002,Santero,84.0,6.0,84.0,6.0,1,1,['Moscato'],Italy,Southern Italy,['Puglia']
18003,Santi,86.0,,86.0,,1,1,['Trebbiano di Lugana'],Italy,Lombardy,['Lugana']
18004,Santi,85.2,13.2,85.5,13.5,4,1,['Pinot Grigio'],Italy,Northeastern Italy,['Delle Venezie']
18005,Santi,87.9,37.0,87.0,19.0,20,6,"['Garganega', 'Corvina, Rondinella, Molinara', 'Corvina', 'White Blend', 'Red Blend', 'Rosato']",Italy,Veneto,['Soave Classico']
18006,Santiago Ruiz,89.0,18.0,89.0,18.0,1,1,['White Blend'],Spain,Galicia,['Rías Baixas']
18007,Santini,84.0,7.0,84.0,7.0,1,1,['Moscato'],Italy,Piedmont,"[""Moscato d'Asti""]"
18008,Santino,82.0,19.0,82.0,19.0,1,1,['Zinfandel'],US,California,"['Fiddletown', 'Sierra Foothills']"
18009,Santo Stefano,86.0,30.0,86.0,30.0,1,1,['Cabernet Sauvignon'],US,California,"['Sonoma County', 'Sonoma']"
18010,Santo Wines,89.7,20.3,90.0,20.0,3,3,"['Assyrtiko', 'Assyrtico', 'White Blend']",Greece,Santorini,[]
18011,Santonegro,87.0,10.5,87.0,10.5,2,2,"['Monastrell', 'Red Blend']",Spain,Levante,['Jumilla']
18012,Santos & Santos,84.5,10.0,84.5,10.0,2,1,['Portuguese Red'],Portugal,Alentejano,[]
18013,Santos & Santos,84.0,13.0,84.0,13.0,1,1,['Portuguese Red'],Portugal,Lisboa,[]
18014,Santos & Seixo,87.3,11.0,87.0,9.0,9,2,"['Portuguese Red', 'Portuguese White']",Portugal,Alentejano,[]
18015,Santos & Seixo,88.2,23.6,88.0,15.0,6,3,"['Portuguese Red', 'Rosé', 'Portuguese White']",Portugal,Douro,[]
18016,Santos & Seixo,88.0,12.0,88.0,12.0,2,2,"['Alvarinho', 'Portuguese White']",Portugal,Vinho Verde,[]
18017,Santos Beck,83.5,14.0,83.5,14.0,2,2,"['Cabernet Sauvignon', 'Red Blend']",Argentina,Mendoza Province,['Mendoza']
18018,Santos Beck,83.0,15.0,83.0,15.0,1,1,['Chardonnay-Viognier'],Argentina,Other,['San Juan']
18019,Sao Pedro,86.0,,86.0,,1,1,['Port'],Portugal,Port,[]
18020,Sapolil Cellars,88.0,38.3,88.0,35.0,3,2,"['Cabernet Sauvignon', 'Syrah']",US,Washington,"['Walla Walla Valley (WA)', 'Columbia Valley']"
18021,Sapphire Hill,86.5,34.0,86.5,34.0,2,2,"['Pinot Noir', 'Zinfandel']",US,California,"['Russian River Valley', 'Sonoma']"
18022,Sapphire Mountain Cellars,90.0,18.0,90.0,18.0,1,1,['Chardonnay'],US,Washington,"['Columbia Valley (WA)', 'Columbia Valley']"
18023,Sapíens,83.0,10.0,83.0,10.0,1,1,['Chardonnay'],Italy,Sicily & Sardinia,['Sicilia']
18024,Saracco,88.6,19.5,89.0,16.0,7,3,"['Chardonnay', 'Moscato', 'Pinot Nero']",Italy,Piedmont,['Langhe']
18025,Saracina,89.9,27.9,91.0,24.0,17,6,"['Sauvignon Blanc', 'Chardonnay', 'Pinot Noir', 'Zinfandel', 'Cabernet Sauvignon', 'Malbec']",US,California,"['Mendocino County', 'Mendocino/Lake Counties']"
18026,Sarah's Vineyard,88.6,30.4,88.0,30.0,57,16,"['Charbono', 'Roussanne', 'Chardonnay', 'Rhône-style White Blend', 'Grenache Blanc', 'Marsanne', 'Pinot Noir', 'G-S-M', 'Merlot', 'Zinfandel', 'Viognier', 'Barbera', 'Cabernet Sauvignon', 'Red Blend', 'Syrah', 'Rhône-style Red Blend']",US,California,"['Santa Clara Valley', 'Central Coast']"
18027,Sardus Pater,85.0,32.7,85.0,26.0,3,2,"['Vermentino', 'Carignano']",Italy,Sicily & Sardinia,['Vermentino di Sardegna']
18028,Sariah Cellars,87.0,25.0,87.0,25.0,1,1,['Syrah'],US,Washington,"['Red Mountain', 'Columbia Valley']"
18029,Saronga,86.0,10.0,86.0,10.0,1,1,['Cabernet Sauvignon'],South Africa,Paarl,[]
18030,Saronsberg,89.0,22.0,89.0,22.0,1,1,['Shiraz'],South Africa,Coastal Region,[]
18031,Saronsberg,90.2,27.0,91.0,27.0,5,3,"['Rosé', 'Shiraz', 'Rhône-style Red Blend']",South Africa,Tulbagh,[]
18032,Sarotto,88.0,,88.0,,3,1,['Nebbiolo'],Italy,Piedmont,['Barolo']
18033,Sarotto Roberto,86.0,,86.0,,1,1,['Nebbiolo'],Italy,Piedmont,['Barolo']
18034,Sartarelli,86.2,17.9,87.0,17.0,11,2,"['Verdicchio', 'White Blend']",Italy,Central Italy,['Verdicchio dei Castelli di Jesi Classico']
18035,Sartori,85.3,11.3,85.0,12.0,3,1,['Pinot Grigio'],Italy,Northeastern Italy,['Delle Venezie']
18036,Sartori,88.8,33.1,88.0,40.0,31,4,"['Corvina, Rondinella, Molinara', 'Garganega', 'Red Blend', 'Corvina']",Italy,Veneto,['Valpolicella Classico Superiore']
18037,Sarzotti,87.0,30.0,87.0,30.0,2,2,"['Cabernet Franc', 'Zinfandel']",US,California,"['Paso Robles', 'Central Coast']"
18038,Sassi San Cristoforo,87.0,,87.0,,2,1,['Nebbiolo'],Italy,Piedmont,['Barbaresco']
18039,Sassocupo,86.0,,86.0,,1,1,['Sangiovese'],Italy,Tuscany,['Chianti Classico']
18040,SassodiSole,88.8,49.7,89.0,49.0,20,2,"['Sangiovese', 'Sangiovese Grosso']",Italy,Tuscany,['Brunello di Montalcino']
18041,Sassotondo,89.7,29.3,90.0,18.0,3,2,"['Ciliegiolo', 'Red Blend']",Italy,Tuscany,['Maremma']
18042,Sassy Bitch,83.0,10.0,83.0,10.0,3,3,"['Chardonnay', 'Cabernet Sauvignon', 'Pinot Noir']",Chile,Central Valley,[]
18043,Sassy Bitch,86.0,11.0,86.0,11.0,1,1,['Moscato'],US,California,"['California', 'California Other']"
18044,Satellite,85.0,15.0,85.0,15.0,1,1,['Sauvignon Blanc'],New Zealand,Marlborough,[]
18045,Sator,88.0,30.0,88.0,30.0,3,3,"['Sangiovese', 'Ciliegiolo', 'Red Blend']",Italy,Tuscany,['Toscana']
18046,Sattler,88.3,20.7,88.0,15.0,3,2,"['St. Laurent', 'Zweigelt']",Austria,Burgenland,[]
18047,Sattlerhof,89.8,32.7,89.5,28.0,24,4,"['Sauvignon Blanc', 'White Blend', 'Weissburgunder', 'Morillon']",Austria,Südsteiermark,[]
18048,Saturday Night Red,84.0,11.0,84.0,11.0,1,1,['Red Blend'],US,California,"['California', 'California Other']"
18049,Saturday Red,84.0,9.0,84.0,9.0,1,1,['Red Blend'],US,California,"['California', 'California Other']"
18050,Saucelito Canyon,86.2,27.3,86.0,30.0,9,2,"['Zinfandel', 'Cabernet Sauvignon']",US,California,"['Arroyo Grande Valley', 'Central Coast']"
18051,Saudade,90.2,43.0,89.5,43.0,4,1,['Pinot Noir'],US,California,"['Sonoma Coast', 'Sonoma']"
18052,Sausal,87.3,25.8,87.0,24.0,25,3,"['Zinfandel', 'Sangiovese', 'Cabernet Sauvignon']",US,California,"['Alexander Valley', 'Sonoma']"
18053,Sauska,88.7,52.7,89.0,42.0,9,3,"['White Blend', 'Tokaji', 'Furmint']",Hungary,Tokaj,[]
18054,Sauska,88.3,34.7,89.0,33.0,7,4,"['Rosé', 'Red Blend', 'Bordeaux-style Red Blend', 'Kekfrankos']",Hungary,Villány,[]
18055,Sauvignon Republic,86.5,18.2,85.5,18.0,4,1,['Sauvignon Blanc'],New Zealand,Marlborough,[]
18056,Sauvignon Republic,88.3,18.3,88.0,18.0,3,1,['Sauvignon Blanc'],South Africa,Stellenbosch,[]
18057,Sauvignon Republic,85.7,18.0,85.5,18.0,6,1,['Sauvignon Blanc'],US,California,"['Russian River Valley', 'Sonoma']"
18058,Sauvion,85.9,16.9,86.0,15.0,44,6,"['Rosé', 'Cabernet Franc', 'Melon', 'Sauvignon Blanc', 'Chenin Blanc', 'Sparkling Blend']",France,Loire Valley,"[""Rosé d'Anjou""]"
18059,Savage Grace,89.6,25.3,89.0,26.0,27,12,"['Riesling', 'Malbec', 'Chardonnay', 'Cabernet Franc', 'Gewürztraminer', 'Grüner Veltliner', 'Syrah', 'Rosé', 'Pinot Noir', 'Cabernet Sauvignon', 'Sauvignon Blanc', 'Syrah-Grenache']",US,Washington,"['Columbia Gorge (WA)', 'Washington Other']"
18060,Savannah-Chanelle,89.2,42.7,89.5,45.0,22,5,"['Pinot Noir', 'Chardonnay', 'Cabernet Franc', 'Zinfandel', 'Red Blend']",US,California,"['Santa Cruz Mountains', 'Central Coast']"
18061,Save Me San Francisco,84.6,11.4,85.5,11.0,8,5,"['Sauvignon Blanc', 'Chardonnay', 'Pinot Noir', 'Cabernet Sauvignon', 'Red Blend']",US,California,"['California', 'California Other']"
18062,Saveur des Vins de France,85.0,8.0,85.0,8.0,1,1,['Bordeaux-style White Blend'],France,Bordeaux,['Bordeaux Blanc']
18063,Saveurs du Temps,87.0,13.0,87.0,13.0,1,1,['Rosé'],France,Rhône Valley,['Costières de Nîmes']
18064,Saveé Sea,90.0,15.0,90.0,15.0,1,1,['Sauvignon Blanc'],New Zealand,Marlborough,[]
18065,Saveé Sea,84.0,16.0,84.0,16.0,1,1,['Pinot Noir'],New Zealand,Waipara,[]
18066,Saviah,90.1,33.9,90.0,32.0,66,13,"['Syrah', 'Red Blend', 'Cabernet Sauvignon', 'Bordeaux-style Red Blend', 'Petite Verdot', 'Cabernet Franc', 'Chardonnay', 'Malbec', 'Petit Verdot', 'G-S-M', 'Tempranillo', 'Riesling', 'Bordeaux-style White Blend']",US,Washington,"['Walla Walla Valley (WA)', 'Columbia Valley']"
18067,Saviez,84.0,28.0,84.0,28.0,1,1,['Zinfandel'],US,California,"['Napa Valley', 'Napa']"
18068,Savoia,86.5,,86.5,,2,1,"['Corvina, Rondinella, Molinara']",Italy,Veneto,['Amarone della Valpolicella Classico']
18069,Savor,90.0,16.0,90.0,16.0,1,1,['Sauvignon Blanc'],New Zealand,Marlborough,[]
18070,Sawbuck,82.8,10.0,82.5,10.0,4,3,"['Cabernet Sauvignon', 'Chardonnay', 'Malbec']",US,California,"['California', 'California Other']"
18071,Sawtooth,86.3,15.5,87.0,13.5,26,10,"['Riesling', 'Pinot Gris', 'Malbec', 'Syrah', 'Merlot', 'Cabernet Sauvignon', 'Chardonnay', 'Red Blend', 'Carmenère', 'Petite Sirah']",US,Idaho,[]
18072,Sawyer,86.0,37.6,85.0,42.0,17,5,"['Cabernet Sauvignon', 'Sauvignon Blanc', 'Merlot', 'Meritage', 'Cabernet Blend']",US,California,"['Rutherford', 'Napa']"
18073,Sawyer & Lindquist,94.0,50.0,94.0,50.0,1,1,['Pinot Noir'],US,California,"['Edna Valley', 'Central Coast']"
18074,Sawyer Cellars,91.0,46.0,91.0,46.0,1,1,['Cabernet Sauvignon'],US,California,"['Rutherford', 'Napa']"
18075,Saxenburg Estate,82.0,15.0,82.0,15.0,1,1,['Merlot'],South Africa,Coastal Region,[]
18076,Saxenburg Estate,87.5,18.8,88.0,20.0,6,5,"['Shiraz', 'Chardonnay', 'Sauvignon Blanc', 'Cabernet Sauvignon', 'Merlot']",South Africa,Stellenbosch,[]
18077,Saxon Brown,89.3,41.7,90.0,47.5,18,5,"['Chardonnay', 'Pinot Noir', 'Zinfandel', 'Sémillon', 'Syrah']",US,California,"['Sonoma Coast', 'Sonoma']"
18078,Saxum,90.9,51.9,92.0,55.0,17,2,"['Rhône-style Red Blend', 'Syrah']",US,California,"['Paso Robles', 'Central Coast']"
18079,Sbragia,90.3,46.3,91.0,40.0,61,7,"['Cabernet Sauvignon', 'Zinfandel', 'Chardonnay', 'Bordeaux-style Red Blend', 'Petite Sirah', 'Sauvignon Blanc', 'Merlot']",US,California,"['Mount Veeder', 'Napa']"
18080,Scacciadiavoli,88.5,35.0,88.5,35.0,2,2,"['Sagrantino', 'Red Blend']",Italy,Central Italy,['Sagrantino di Montefalco']
18081,Scaggs Vineyard,93.0,35.0,93.0,35.0,2,2,"['G-S-M', 'Rosé']",US,California,"['Mount Veeder', 'Napa']"
18082,Scagliola,87.2,27.2,88.0,18.5,5,2,"['Barbera', 'Moscato']",Italy,Piedmont,"[""Barbera d'Asti""]"
18083,Scala Dei,88.2,41.5,88.0,28.5,16,3,"['Red Blend', 'Garnacha', 'Grenache']",Spain,Catalonia,['Priorat']
18084,Scambia,85.5,16.5,85.5,16.5,2,2,"['Red Blend', 'White Blend']",Italy,Central Italy,['Umbria']
18085,Scanavino,86.0,17.0,86.0,17.0,1,1,['Glera'],Italy,Veneto,['Prosecco']
18086,Scandolera,86.5,20.0,86.5,20.0,6,2,"['Glera', 'Prosecco']",Italy,Veneto,['Conegliano Valdobbiadene Prosecco Superiore']
18087,Scar of the Sea,92.3,47.7,92.5,46.0,6,2,"['Chardonnay', 'Pinot Noir']",US,California,"['Central Coast', 'Central Coast']"
18088,Scaranto,86.7,32.3,86.0,33.0,3,1,['Red Blend'],Italy,Tuscany,['Toscana']
18089,Scarborough,87.9,28.6,88.0,30.0,7,5,"['Syrah', 'Rhône-style Red Blend', 'Cabernet Sauvignon', 'Bordeaux-style Red Blend', 'Riesling']",US,Washington,"['Yakima Valley', 'Columbia Valley']"
18090,Scarecrow,91.0,100.0,91.0,100.0,1,1,['Cabernet Sauvignon'],US,California,"['Rutherford', 'Napa']"
18091,Scarlet of Paris,84.0,10.0,84.0,10.0,1,1,['Rosé'],France,France Other,['Vin de France']
18092,Scarlett,88.7,58.3,90.0,60.0,3,1,['Cabernet Sauvignon'],US,California,"['Rutherford', 'Napa']"
18093,Scarzello,91.0,51.4,91.0,56.0,5,2,"['Nebbiolo', 'Barbera']",Italy,Piedmont,['Barolo']
18094,Scenic Valley Farms,89.7,20.3,90.0,20.0,3,2,"['Pinot Noir', 'Pinot Gris']",US,Oregon,"['Willamette Valley', 'Willamette Valley']"
18095,Schandl,88.0,,88.0,,1,1,['Austrian white blend'],Austria,Burgenland,[]
18096,Scharffenberger,90.1,20.9,90.0,20.0,16,4,"['Sparkling Blend', 'Pinot-Chardonnay', 'Champagne Blend', 'Chardonnay']",US,California,"['Anderson Valley', 'Mendocino/Lake Counties']"
18097,Scheiblhofer,91.7,29.7,92.0,37.0,3,2,"['Zweigelt', 'Blaufränkisch']",Austria,Burgenland,[]
18098,Scheid Vineyards,87.0,31.6,86.0,24.0,7,6,"['Sparkling Blend', 'Bordeaux-style Red Blend', 'Riesling', 'Syrah', 'Grenache', 'Pinot Noir']",US,California,"['Monterey', 'Central Coast']"
18099,Schermeister,92.0,47.0,92.0,47.0,1,1,['Pinot Noir'],US,California,"['Carneros', 'Napa-Sonoma']"
18100,Scherrer,87.0,28.0,87.5,29.0,6,5,"['Rosé', 'Zinfandel', 'Pinot Noir', 'Cabernet Sauvignon', 'Chardonnay']",US,California,"['Sonoma County', 'Sonoma']"
18101,Schiavenza,93.7,62.5,94.0,62.5,6,1,['Nebbiolo'],Italy,Piedmont,['Barolo']
18102,Schild Estate,88.3,33.1,88.0,23.0,26,8,"['Shiraz', 'Cabernet Sauvignon', 'G-S-M', 'Chardonnay', 'Red Blend', 'Rhône-style Red Blend', 'Riesling', 'Muscat Blanc à Petit Grain']",Australia,South Australia,['Barossa']
18103,Schiopetto,88.8,25.6,89.0,26.0,5,5,"['Pinot Bianco', 'Malvasia', 'Sauvignon', 'Friulano', 'Pinot Grigio']",Italy,Northeastern Italy,['Collio']
18104,Schlagel Santo,90.0,42.0,90.0,42.0,1,1,['G-S-M'],US,Washington,"['Red Mountain', 'Columbia Valley']"
18105,Schlink Haus,87.5,12.0,87.5,12.0,2,2,"['Riesling', 'Dornfelder']",Germany,Rheinhessen,[]
18106,Schloss Gobelsburg,87.0,16.0,87.0,16.0,1,1,['Grüner Veltliner'],Austria,Austria,[]
18107,Schloss Gobelsburg,91.4,35.6,92.0,32.5,49,3,"['Riesling', 'Grüner Veltliner', 'Zweigelt']",Austria,Kamptal,[]
18108,Schloss Gobelsburg,91.8,36.0,92.0,35.0,12,6,"['Riesling', 'Sparkling Blend', 'Grüner Veltliner', 'Zweigelt', 'Rosé', 'St. Laurent']",Austria,Niederösterreich,[]
18109,Schloss Gobelsburg,91.0,29.0,91.0,29.0,1,1,['Sparkling Blend'],Austria,Österreichischer Sekt,[]
18110,Schloss Halbturn,88.8,42.9,90.0,50.0,9,7,"['White Blend', 'Pinot Noir', 'Sauvignon Blanc-Chardonnay', 'Red Blend', 'Chardonnay', 'Grüner Veltliner', 'Zweigelt']",Austria,Burgenland,[]
18111,Schloss Johannisberger,91.5,111.2,92.0,55.0,33,1,['Riesling'],Germany,Rheingau,[]
18112,Schloss Koblenz,86.0,12.0,86.0,12.0,2,1,['Sparkling Blend'],Germany,Germany,[]
18113,Schloss Koblenz,88.0,11.0,88.0,11.0,1,1,['Riesling'],Germany,Mosel,[]
18114,Schloss Koblenz,85.0,12.0,85.0,12.0,1,1,['Blaufränkisch'],Hungary,Mátra,[]
18115,Schloss Lieser,91.0,,91.0,,1,1,['Rieslaner'],Germany,Mosel,[]
18116,Schloss Reinhartshausen,90.8,199.2,90.5,60.0,6,1,['Riesling'],Germany,Rheingau,[]
18117,Schloss Saarstein,90.7,65.6,90.0,38.0,25,2,"['Riesling', 'Pinot Blanc']",Germany,Mosel,[]
18118,Schloss Saarstein,89.1,29.6,89.5,24.0,10,1,['Riesling'],Germany,Mosel-Saar-Ruwer,[]
18119,Schloss Schönborn,91.0,35.5,91.0,35.5,2,1,['Riesling'],Germany,Rheingau,[]
18120,Schloss Vollrads,90.0,54.7,90.0,25.0,35,1,['Riesling'],Germany,Rheingau,[]
18121,Schloss Wallhausen,87.8,33.8,88.0,23.0,5,1,['Riesling'],Germany,Nahe,[]
18122,Schlossgut Diel,91.0,,91.0,,2,1,['Riesling'],Germany,Nahe,[]
18123,Schlumberger,83.0,19.0,83.0,19.0,1,1,['White Blend'],Austria,Österreichischer Sekt,[]
18124,Schlumberger,89.0,18.0,89.0,18.0,1,1,['Pinot Gris'],France,Alsace,['Alsace']
18125,Schlumberger Wein- und Sektkellerei,87.5,20.0,87.5,20.0,2,2,"['Sparkling Blend', 'Pinot Blanc']",Austria,Niederösterreich,[]
18126,Schlumberger Wein- und Sektkellerei,87.2,21.0,87.0,20.0,8,2,"['Sparkling Blend', 'Grüner Veltliner']",Austria,Österreichischer Sekt,[]
18127,Schmelz,92.2,33.3,93.0,39.0,11,2,"['Grüner Veltliner', 'Riesling']",Austria,Wachau,[]
18128,Schmidt,86.1,32.2,86.0,35.0,10,7,"['Chardonnay', 'Cabernet Sauvignon', 'Syrah', 'Merlot', 'Riesling', 'Malbec', 'Pinot Noir']",US,Oregon,"['Applegate Valley', 'Southern Oregon']"
18129,Schmitges,87.3,19.0,87.0,18.0,6,1,['Riesling'],Germany,Mosel,[]
18130,Schmitges,88.6,32.1,87.0,20.0,9,1,['Riesling'],Germany,Mosel-Saar-Ruwer,[]
18131,Schmitt Söhne,87.2,12.7,87.0,12.0,9,1,['Riesling'],Germany,Mosel,[]
18132,Schmitt Söhne,85.0,11.2,84.5,11.5,4,1,['Riesling'],Germany,Mosel-Saar-Ruwer,[]
18133,Schmitt Söhne,86.3,9.0,86.0,9.0,3,1,['Riesling'],Germany,Rheinhessen,[]
18134,Schmitt's Kinder,93.0,67.0,93.0,67.0,1,1,['Silvaner'],Germany,Franken,[]
18135,Schmitz 24 Brix,84.8,23.0,84.5,23.0,4,2,"['Sauvignon Blanc', 'Red Blend']",US,California,"['Sierra Foothills', 'Sierra Foothills']"
18136,Schnaitmann,90.0,25.0,90.0,25.0,1,1,['Lemberger'],Germany,Württemberg,[]
18137,Schneider,89.0,,89.0,,1,1,['Rotgipfler'],Austria,Thermenregion,[]
18138,Schneider,86.0,21.5,86.0,21.5,2,2,"['Cabernet Franc', 'Chardonnay']",US,New York,"['North Fork of Long Island', 'Long Island']"
18139,Schola Sarmenti di Terrulenta,87.6,,87.0,,7,5,"['Red Blend', 'Primitivo', 'Chardonnay', 'Rosé', 'Negroamaro']",Italy,Southern Italy,['Nardò']
18140,Schooler Nolan,85.0,27.0,85.0,27.0,1,1,['Cabernet Sauvignon'],US,Washington,"['Red Mountain', 'Columbia Valley']"
18141,Schrader,88.8,87.5,88.0,75.0,4,1,['Cabernet Sauvignon'],US,California,"['Rutherford', 'Napa']"
18142,Schramsberg,91.4,65.5,92.0,44.5,97,5,"['Sparkling Blend', 'Champagne Blend', 'Pinot Noir', 'Chardonnay', 'Rosé']",US,California,"['Carneros', 'Napa-Sonoma']"
18143,Schroeder Estate,88.0,20.0,88.0,20.0,1,1,['Malbec'],Argentina,Other,['Patagonia']
18144,Schröder & Schÿler,86.4,13.6,87.0,12.5,11,4,"['Bordeaux-style White Blend', 'Merlot-Cabernet', 'Sauvignon Blanc', 'Bordeaux-style Red Blend']",France,Bordeaux,['Bordeaux Blanc']
18145,Schröder et Schyler,84.0,,84.0,,1,1,['Bordeaux-style White Blend'],France,Bordeaux,['Bordeaux Blanc']
18146,Schubert,91.0,65.0,91.0,65.0,2,1,['Shiraz'],Australia,South Australia,['Barossa Valley']
18147,Schubert,93.0,,93.0,,1,1,['Pinot Noir'],New Zealand,Martinborough,[]
18148,Schubert,83.0,10.0,83.0,10.0,1,1,['White Blend'],New Zealand,New Zealand,[]
18149,Schubert,88.0,51.3,89.0,50.0,3,2,"['Syrah', 'Pinot Noir']",New Zealand,Wairarapa,[]
18150,Schuberth,86.0,16.0,86.0,16.0,1,1,['Grüner Veltliner'],Austria,Kamptal,[]
18151,Schuchmann Wines,88.0,13.8,88.5,12.5,6,5,"['Saperavi', 'Kisi', 'Mtsvane', 'Rosé', 'Rkatsiteli']",Georgia,Kakheti,[]
18152,Schug,87.7,30.2,88.0,28.0,110,7,"['Pinot Noir', 'Cabernet Sauvignon', 'Chardonnay', 'Sauvignon Blanc', 'Merlot', 'Sparkling Blend', 'Riesling']",US,California,"['Carneros', 'Napa-Sonoma']"
18153,Schultz,88.3,26.0,89.0,26.0,3,3,"['Merlot', 'Syrah', 'Pinot Noir']",US,Oregon,"['Rogue Valley', 'Southern Oregon']"
18154,Schulz,88.1,31.8,87.0,30.0,16,5,"['Red Blend', 'Cabernet Sauvignon', 'Zinfandel', 'Syrah', 'Albariño']",US,California,"['Mount Veeder', 'Napa']"
18155,Schumann-Nägler,86.0,15.3,85.0,14.0,3,1,['Riesling'],Germany,Rheingau,[]
18156,Schwarz Wein,91.5,,92.0,,4,4,"['Pinot Noir', 'Blaufränkisch', 'Zweigelt', 'White Blend']",Austria,Burgenland,[]
18157,Schwarz Wein,91.0,60.0,91.0,60.0,1,1,['Zweigelt'],Austria,Neusiedlersee,[]
18158,Schwarz Wine Company,85.0,23.0,85.0,23.0,1,1,['Rosé'],Australia,South Australia,['Barossa Valley']
18159,Schwarzböck,89.1,25.1,89.0,22.0,12,3,"['Grüner Veltliner', 'Gelber Muskateller', 'Riesling']",Austria,Niederösterreich,[]
18160,Schwarzböck,88.5,15.0,88.5,15.0,2,1,['Zweigelt'],Austria,Vienna,[]
18161,Schwarzböck,88.6,25.0,89.0,26.0,7,1,['Grüner Veltliner'],Austria,Weinviertel,[]
18162,Schweiger,87.3,46.7,88.0,45.0,3,3,"['Port', 'Chardonnay', 'Cabernet Sauvignon']",US,California,['Napa']
18163,Schäfer,87.4,13.9,88.0,14.0,12,5,"['Pinot Noir', 'Riesling', 'Dornfelder', 'Red Blend', 'Rosé']",Germany,Rheinhessen,[]
18164,Schäfer-Fröhlich,89.7,29.7,89.0,29.0,6,1,['Riesling'],Germany,Nahe,[]
18165,Sciandri Family,89.2,48.8,89.0,54.0,4,2,"['Cabernet Sauvignon', 'Red Blend']",US,California,"['Coombsville', 'Napa']"
18166,Sciarra,83.0,18.0,83.0,18.0,1,1,['Red Blend'],Italy,Central Italy,['Marche']
18167,Scilio,87.3,26.8,87.0,19.0,11,5,"['Red Blend', 'White Blend', 'Rosé', 'Nerello Mascalese', 'Carricante']",Italy,Sicily & Sardinia,['Etna']
18168,Scopetani,86.5,12.7,86.5,14.5,6,2,"['Sangiovese', 'Red Blend']",Italy,Tuscany,['Chianti']
18169,Scopone,85.5,70.0,85.5,70.0,2,1,['Sangiovese'],Italy,Tuscany,['Rosso di Montalcino']
18170,Scott,85.3,29.4,85.0,30.0,7,4,"['Pinot Noir', 'Red Blend', 'Syrah', 'Pinot Gris']",US,California,"['Arroyo Seco', 'Central Coast']"
18171,Scott Aaron,82.5,45.0,82.5,45.0,2,2,"['Viognier', 'Cabernet Blend']",US,California,"['Paso Robles', 'Central Coast']"
18172,Scott Cellars,84.0,32.6,84.0,34.0,5,4,"['Pinot Blanc-Chardonnay', 'Pinot Noir', 'Sangiovese', 'Sangiovese-Syrah']",US,California,"['Santa Barbara County', 'Central Coast']"
18173,Scott Family,86.7,31.4,87.0,30.0,17,2,"['Pinot Noir', 'Chardonnay']",US,California,"['Arroyo Seco', 'Central Coast']"
18174,Scott Harvey,87.7,28.6,88.0,28.0,27,4,"['Syrah', 'Zinfandel', 'Barbera', 'Red Blend']",US,California,"['Amador County', 'Sierra Foothills']"
18175,Scott Paul,89.0,35.0,89.0,35.0,1,1,['Chardonnay'],US,California,"['Sonoma County', 'Sonoma']"
18176,Scott Paul,91.8,51.2,91.0,45.0,21,1,['Pinot Noir'],US,Oregon,"['Dundee Hills', 'Willamette Valley']"
18177,Scotto Cellars,88.0,13.0,88.0,13.0,1,1,['Malbec'],US,California,"['Lodi', 'Central Valley']"
18178,Scotto Family Cellars,86.0,13.0,86.0,13.0,5,4,"['Chardonnay', 'Cabernet Sauvignon', 'Zinfandel', 'Rosé']",US,California,"['Lodi', 'Central Valley']"
18179,Scrapbook,82.0,10.0,82.0,10.0,1,1,['Cabernet Sauvignon'],US,California,"['California', 'California Other']"
18180,Scratch,89.7,30.7,89.0,30.0,10,4,"['Pinot Noir', 'Grenache', 'Riesling', 'Rosé']",US,California,"['Monterey County', 'Central Coast']"
18181,Scratchpad,83.0,15.0,83.0,15.0,3,3,"['Chardonnay', 'Sauvignon Blanc', 'Pinot Noir']",US,California,"['Central Coast', 'Central Coast']"
18182,Screaming Eagle,96.0,500.0,96.0,500.0,1,1,['Cabernet Blend'],US,California,"['Oakville', 'Napa']"
18183,Screen Door Cellars,91.0,57.5,91.0,57.5,2,1,['Pinot Noir'],US,California,"['Russian River Valley', 'Sonoma']"
18184,Screenplay Wines,88.0,25.0,88.0,25.0,1,1,['White Blend'],US,California,"['Carneros', 'Napa-Sonoma']"
18185,Screw Kappa Napa,84.7,13.6,85.0,14.0,9,5,"['Zinfandel', 'Cabernet Sauvignon', 'Merlot', 'Chardonnay', 'Sauvignon Blanc']",US,California,"['Napa Valley', 'Napa']"
18186,Screwed,85.0,10.0,85.0,10.0,1,1,['Semillon-Chardonnay'],Australia,South Australia,['McLaren Vale']
18187,Scriani,86.9,21.3,87.0,16.0,7,2,"['Red Blend', 'Corvina, Rondinella, Molinara']",Italy,Veneto,['Amarone della Valpolicella Classico']
18188,Scrimaglio,89.5,,89.5,,2,1,['Barbera'],Italy,Piedmont,"[""Barbera d'Asti Superiore""]"
18189,Script,90.5,46.7,90.5,50.0,6,3,"['Cabernet Franc', 'Cabernet Sauvignon', 'Bordeaux-style Red Blend']",US,Washington,"['Columbia Valley (WA)', 'Columbia Valley']"
18190,Script & Seal,87.0,14.3,88.0,15.0,3,3,"['Merlot', 'Syrah', 'Red Blend']",US,Washington,"['Washington', 'Washington Other']"
18191,Scroll,88.0,54.0,88.0,54.0,1,1,['Cabernet Sauvignon'],US,California,"['Rutherford', 'Napa']"
18192,Scubia,86.0,25.0,86.0,25.0,1,1,['Pinot Bianco'],Italy,Northeastern Italy,['Colli Orientali del Friuli']
18193,Scubla,89.8,29.9,90.0,23.0,9,5,"['Friulano', 'White Blend', 'Pinot Bianco', 'Verduzzo Friulano ', 'Verduzzo']",Italy,Northeastern Italy,['Colli Orientali del Friuli']
18194,Sculpterra,87.6,36.6,88.0,36.0,28,11,"['Bordeaux-style Red Blend', 'Merlot', 'Red Blend', 'Cabernet Sauvignon', 'Petite Sirah', 'Mourvèdre', 'Grenache', 'Rhône-style Red Blend', 'Primitivo', 'Viognier', 'Cabernet Franc']",US,California,"['Paso Robles', 'Central Coast']"
18195,Sea Breeze,85.0,11.0,85.0,11.0,1,1,['Sauvignon Blanc'],New Zealand,East Coast,[]
18196,Sea Change,88.0,17.0,88.0,17.0,1,1,['Shiraz'],Australia,South Australia,['McLaren Vale']
18197,Sea Fog,86.0,25.0,86.0,25.0,1,1,['Sauvignon Blanc'],US,California,"['Napa Valley', 'Napa']"
18198,Sea Mist,86.5,16.5,86.5,16.0,6,3,"['Chardonnay', 'Pinot Noir', 'Sauvignon Blanc']",US,California,"['Russian River Valley', 'Sonoma']"
18199,Sea Monster,88.7,19.0,89.0,20.0,3,2,"['Chardonnay', 'White Blend']",US,California,"['Santa Barbara County', 'Central Coast']"
18200,Sea Pearl,86.7,13.3,87.0,14.0,3,2,"['Pinot Noir', 'Sauvignon Blanc']",New Zealand,Marlborough,[]
18201,Sea Shell Cellars,86.7,29.3,87.0,28.0,3,1,['Red Blend'],US,California,"['Paso Robles', 'Central Coast']"
18202,Sea Slopes,94.0,34.0,94.0,34.0,1,1,['Pinot Noir'],US,California,"['Sonoma Coast', 'Sonoma']"
18203,Sea Smoke,92.7,63.5,93.0,60.0,22,2,"['Pinot Noir', 'Chardonnay']",US,California,"['Sta. Rita Hills', 'Central Coast']"
18204,SeaGlass,85.9,12.2,87.0,12.0,11,7,"['Pinot Noir', 'Sauvignon Blanc', 'Riesling', 'Cabernet Sauvignon', 'Pinot Grigio', 'Chardonnay', 'Rosé']",US,California,"['Santa Barbara County', 'Central Coast']"
18205,Seacampo,88.4,,89.0,,9,6,"['Touriga Nacional', 'Rosé', 'Jaen', 'Portuguese White', 'Encruzado', 'Portuguese Red']",Portugal,Dão,[]
18206,Seagrape,88.5,32.0,88.5,32.0,2,1,['Pinot Noir'],US,California,"['Sta. Rita Hills', 'Central Coast']"
18207,Seal Beach,93.0,36.5,93.0,36.5,2,2,"['Pinot Noir', 'Syrah']",US,California,"['Santa Barbara County', 'Central Coast']"
18208,Sean Minor,86.7,19.6,87.0,17.0,19,6,"['Chardonnay', 'Pinot Noir', 'Cabernet Sauvignon', 'Sauvignon Blanc', 'Merlot', 'Red Blend']",US,California,"['Central Coast', 'Central Coast']"
18209,Sean Thackrey,91.3,62.9,91.0,45.0,19,7,"['Red Blend', 'Viognier', 'Pinot Noir', 'Petite Sirah', 'Rhône-style Red Blend', 'Cabernet Sauvignon', 'Cabernet Franc']",US,California,"['St. Helena', 'Napa']"
18210,Seaside,87.0,18.0,87.0,18.0,1,1,['Pinot Noir'],New Zealand,Marlborough,[]
18211,Season,87.5,28.3,88.0,30.0,17,10,"['Malbec', 'Marsanne-Roussanne', 'Viognier', 'Grenache', 'Sparkling Blend', 'Syrah', 'Carmenère', 'Sauvignon Blanc', 'White Blend', 'Red Blend']",US,Oregon,"['Southern Oregon', 'Southern Oregon']"
18212,Seavey,92.0,64.8,92.0,59.5,4,2,"['Cabernet Sauvignon', 'Merlot']",US,California,"['Napa Valley', 'Napa']"
18213,Sebastiani,87.1,35.8,87.0,24.0,98,9,"['Merlot', 'Barbera', 'Cabernet Sauvignon', 'Zinfandel', 'Chardonnay', 'Pinot Noir', 'Red Blend', 'Sauvignon Blanc', 'Bordeaux-style Red Blend']",US,California,"['Sonoma County', 'Sonoma']"
18214,Sebastopol,88.6,29.2,87.0,25.0,5,2,"['Syrah', 'Pinot Noir']",US,California,"['Sonoma County', 'Sonoma']"
18215,Sebeka,86.7,9.1,87.0,10.0,7,4,"['Shiraz-Pinotage', 'Cabernet Blend', 'Sauvignon Blanc', 'Chenin Blanc']",South Africa,Western Cape,[]
18216,Second Growth,85.7,25.0,86.0,25.0,3,1,['Pinot Noir'],US,Oregon,"['Dundee Hills', 'Willamette Valley']"
18217,Seconda Stella a Destra,90.0,125.0,90.0,125.0,2,1,['Sangiovese'],Italy,Tuscany,['Brunello di Montalcino']
18218,Secondo Marco,88.7,60.0,88.0,60.0,7,2,"['Corvina, Rondinella, Molinara', 'Red Blend']",Italy,Veneto,['Valpolicella Classico Superiore Ripasso']
18219,Secret Cellars,86.0,14.0,86.0,14.0,1,1,['Pinot Noir'],US,California,"['Santa Lucia Highlands', 'Central Coast']"
18220,Secret House,85.0,26.0,85.0,26.0,2,1,['Pinot Noir'],US,Oregon,"['Umpqua Valley', 'Southern Oregon']"
18221,Secret Spot Wines,90.3,26.4,90.0,25.0,15,4,"['Portuguese Red', 'Rosé', 'Portuguese White', 'Moscatel']",Portugal,Douro,[]
18222,Secret Spot Wines,94.0,94.0,94.0,94.0,1,1,['Moscatel'],Portugal,Moscatel do Douro,[]
18223,Secret Spot Wines,90.0,60.0,90.0,60.0,1,1,['Portuguese Red'],Portugal,Trás-os-Montes,[]
18224,Secret Squirrel,90.5,25.0,90.5,25.0,2,2,"['Cabernet Sauvignon', 'Rhône-style Red Blend']",US,Washington,"['Columbia Valley (WA)', 'Columbia Valley']"
18225,Secua,83.0,37.0,83.0,37.0,1,1,['Cabernet Sauvignon-Syrah'],Spain,Central Spain,['Vino de la Tierra de Castilla']
18226,Sedition,90.0,75.0,90.0,75.0,1,1,['Pinot Noir'],US,California,"['Russian River Valley', 'Sonoma']"
18227,Sedosa,86.0,14.0,86.0,14.0,1,1,['Rosé'],Spain,Central Spain,['Vino de la Tierra de Castilla']
18228,Seebrich,88.8,27.2,88.0,22.0,4,1,['Riesling'],Germany,Rheinhessen,[]
18229,Seed,94.0,60.0,94.0,60.0,1,1,['Malbec'],Argentina,Mendoza Province,['Mendoza']
18230,Segal's,86.2,36.8,86.0,36.0,5,3,"['Argaman', 'Cabernet Sauvignon', 'Merlot']",Israel,Galil,[]
18231,Segal's,88.9,17.1,89.0,18.0,7,3,"['Cabernet Sauvignon', 'Chardonnay', 'Bordeaux-style Red Blend']",Israel,Galilee,[]
18232,Seghesio,90.5,100.0,90.5,100.0,2,1,['Nebbiolo'],Italy,Piedmont,['Barolo']
18233,Seghesio,90.0,37.0,90.5,38.0,42,6,"['Zinfandel', 'Red Blend', 'Barbera', 'Pinot Grigio', 'Arneis', 'Sangiovese']",US,California,"['Alexander Valley', 'Sonoma']"
18234,Segue,88.3,39.7,88.0,42.0,3,1,['Pinot Noir'],US,California,"['Russian River Valley', 'Sonoma']"
18235,Seguin-Manuel,89.7,43.2,90.5,36.0,10,2,"['Pinot Noir', 'Chardonnay']",France,Burgundy,['Beaune']
18236,Segura Viudas,86.1,13.6,87.0,12.0,70,4,"['Sparkling Blend', 'Pinot Noir', 'Xarel-lo', 'Tempranillo']",Spain,Catalonia,['Cava']
18237,Sei Amici,83.0,7.0,83.0,7.0,2,1,['Lambrusco'],Italy,Central Italy,"[""Lambrusco dell'Emilia""]"
18238,Seia,88.8,25.8,89.0,26.5,4,1,['Syrah'],US,Washington,"['Wahluke Slope', 'Columbia Valley']"
18239,Seidelberg,86.7,17.8,86.5,18.0,6,5,"['Red Blend', 'Syrah', 'Pinotage', 'Chenin Blanc', 'Sauvignon Blanc']",South Africa,Paarl,[]
18240,Seifried,87.3,19.1,87.0,17.5,33,8,"['Sauvignon Blanc', 'Riesling', 'Pinot Noir', 'Gewürztraminer', 'Chardonnay', 'Zweigelt', 'Pinot Gris', 'Bordeaux-style Red Blend']",New Zealand,Nelson,[]
18241,Seigneurs de Bergerac,82.0,8.2,81.5,8.0,4,2,"['Bordeaux-style Red Blend', 'White Blend']",France,Southwest France,['Bergerac']
18242,Seis de Azul y Garanza,86.0,21.0,86.0,21.0,1,1,['Cabernet Sauvignon-Merlot'],Spain,Northern Spain,['Navarra']
18243,Selaks,88.0,,88.0,,1,1,['Merlot'],New Zealand,Hawke's Bay,[]
18244,Selaks,87.9,15.8,88.0,16.5,12,6,"['Sauvignon Blanc', 'Chardonnay', 'Pinot Gris', 'Merlot', 'Riesling', 'Pinot Noir']",New Zealand,Marlborough,[]
18245,Selbach Söhne,81.0,13.0,81.0,13.0,1,1,['Sparkling Blend'],Germany,Germany,[]
18246,Selbach-Oster,88.0,26.0,88.0,26.0,1,1,['Riesling'],Germany,Mosel-Saar-Ruwer,[]
18247,Selby,86.7,30.0,87.0,28.0,3,3,"['Chardonnay', 'Merlot', 'Cabernet Franc']",US,California,"['Sonoma County', 'Sonoma']"
18248,Selendi,86.5,90.0,86.5,90.0,2,2,"['Red Blend', 'Merlot']",Turkey,Aegean,[]
18249,Selene,90.2,39.8,90.0,35.0,17,4,"['Cabernet Sauvignon', 'Bordeaux-style Red Blend', 'Merlot', 'Sauvignon Blanc']",US,California,"['Napa Valley', 'Napa']"
18250,Sella & Mosca,87.9,23.9,88.0,16.0,27,8,"['Carignano', 'Torbato', 'Cabernet Sauvignon', 'Vermentino', 'Cannonau', 'Red Blend', 'White Blend', 'Sauvignon Blanc']",Italy,Sicily & Sardinia,['Carignano del Sulcis']
18251,Selva Capuzza,89.9,28.8,90.0,29.0,10,1,['Turbiana'],Italy,Lombardy,['Lugana']
18252,Selvanova,88.0,24.0,88.0,24.0,2,2,"['Pallagrello Nero', 'Pallagrello Bianco']",Italy,Southern Italy,['Terre del Volturno']
18253,Selvapiana,89.6,25.6,89.0,23.0,7,2,"['Red Blend', 'Sangiovese']",Italy,Tuscany,['Pomino']
18254,Sembro,83.3,15.7,84.0,15.0,3,2,"['Tempranillo', 'Tempranillo Blend']",Spain,Northern Spain,['Ribera del Duero']
18255,Semeli,89.0,18.0,89.0,18.0,1,1,['Moschofilero'],Greece,Mantinia,[]
18256,Semeli,88.0,23.5,88.0,23.5,2,1,['Agiorgitiko'],Greece,Nemea,[]
18257,Semeli,87.0,14.0,88.0,14.0,3,3,"['Agiorgitiko', 'Red Blend', 'White Blend']",Greece,Peloponnese,[]
18258,Semifonte,86.0,31.0,86.0,31.0,1,1,['Sangiovese'],Italy,Tuscany,['Chianti Classico']
18259,Semper,96.0,85.0,96.0,85.0,2,1,['Pinot Noir'],US,California,"['Russian River Valley', 'Sonoma']"
18260,Senator,87.0,10.5,87.0,10.5,2,2,"['Feteasca Neagra', 'Sarba']",Romania,Dealurile Hușilor,[]
18261,Senator,87.0,10.0,87.0,10.0,1,1,['Sauvignon Blanc'],Romania,Viile Carasului,[]
18262,Senda 66,87.0,16.0,87.0,16.0,1,1,['Tempranillo'],Spain,Central Spain,['La Mancha']
18263,Senda Verde,86.5,13.0,86.5,13.0,2,2,"['Godello', 'Mencía']",Spain,Northern Spain,['Bierzo']
18264,Senders,84.8,35.0,85.0,35.0,4,3,"['Pinot Noir', 'Cabernet Sauvignon', 'Bordeaux-style Red Blend']",US,California,"['Carneros', 'Napa-Sonoma']"
18265,Seneca Shore,85.6,14.8,85.0,15.0,5,5,"['Riesling', 'Pinot Noir', 'Cabernet Franc', 'Pinot Grigio', 'Lemberger']",US,New York,"['Seneca Lake', 'Finger Lakes']"
18266,Senhora do Convento,85.0,,85.0,,1,1,['Portuguese Red'],Portugal,Douro,[]
18267,Senhora do Convento,89.7,,91.0,,3,1,['Port'],Portugal,Port,[]
18268,Senorio de San Vincente,93.0,57.0,93.0,57.0,1,1,['Tempranillo'],Spain,Northern Spain,['Rioja']
18269,Senses,91.0,41.5,91.5,40.0,8,3,"['Chardonnay', 'Pinot Noir', 'Rosé']",US,California,"['Sonoma Coast', 'Sonoma']"
18270,Sensi,86.7,25.0,87.0,19.0,7,3,"['Red Blend', 'Sangiovese', 'Vernaccia']",Italy,Tuscany,['Chianti Classico']
18271,Sensorium,88.8,34.0,89.5,36.0,6,3,"['Cabernet Sauvignon', 'Syrah', 'Viognier']",US,California,"['Napa Valley', 'Napa']"
18272,Sentinel,85.5,14.0,85.5,14.0,2,1,['Sauvignon Blanc'],New Zealand,Marlborough,[]
18273,Sepp Moser,89.0,20.0,89.0,20.0,2,1,['Zweigelt'],Austria,Burgenland,[]
18274,Sepp Moser,89.3,22.6,90.0,25.0,10,3,"['Grüner Veltliner', 'Riesling', 'Sauvignon Blanc']",Austria,Kremstal,[]
18275,Sepp Moser,84.0,10.0,84.0,10.0,1,1,['Zweigelt'],Austria,Neusiedlersee,[]
18276,Seppeltsfield,90.7,45.0,90.0,40.0,3,1,['Port'],Australia,South Australia,['Barossa Valley']
18277,Seppeltsfield,87.5,32.5,87.5,32.5,2,1,['Muscat'],Australia,Victoria,['Rutherglen']
18278,Seppi Landmann,87.0,18.0,87.0,18.0,1,1,['Sylvaner'],France,Alsace,['Alsace']
18279,Septima,86.5,15.9,86.0,12.0,30,7,"['Red Blend', 'Chardonnay', 'Malbec', 'Cabernet Sauvignon', 'Syrah', 'Tempranillo', 'Cabernet Sauvignon-Malbec']",Argentina,Mendoza Province,['Mendoza']
18280,Sequals,86.0,16.0,86.0,16.0,1,1,['Sauvignon'],Italy,Northeastern Italy,['Friuli Grave']
18281,Sequana,91.2,41.7,91.0,40.0,13,1,['Pinot Noir'],US,California,"['Green Valley', 'Sonoma']"
18282,Sequel,91.4,57.9,91.5,55.0,14,1,['Syrah'],US,Washington,"['Columbia Valley (WA)', 'Columbia Valley']"
18283,Sequillo,89.3,32.7,89.0,34.0,3,2,"['White Blend', 'Red Blend']",South Africa,Swartland,[]
18284,Sequin,85.0,12.0,85.0,12.0,2,2,"['Pinot Grigio', 'Moscato']",US,California,"['California', 'California Other']"
18285,Sequiot,88.0,10.0,88.0,10.0,1,1,['Tempranillo-Cabernet Sauvignon'],Spain,Levante,['Valencia']
18286,Sequoia Grove,90.7,65.6,90.0,62.5,52,7,"['Bordeaux-style Red Blend', 'Cabernet Sauvignon', 'Cabernet Franc', 'Chardonnay', 'Merlot', 'Syrah', 'Malbec']",US,California,"['Napa Valley', 'Napa']"
18287,Sequum,90.8,51.1,92.0,52.5,16,4,"['Cabernet Sauvignon', 'Red Blend', 'Zinfandel', 'Syrah']",US,California,"['Napa Valley', 'Napa']"
18288,Ser,90.3,33.0,91.0,35.0,3,3,"['Pinot Noir', 'Chardonnay', 'Cabernet Pfeffer']",US,California,"['Santa Cruz Mountains', 'Central Coast']"
18289,Sera Fina,85.3,16.0,83.0,15.0,3,3,"['Zinfandel', 'Barbera', 'Sauvignon Blanc']",US,California,"['Amador County', 'Sierra Foothills']"
18290,Serafino,89.0,20.0,89.0,20.0,1,1,['Shiraz'],Australia,South Australia,['McLaren Vale']
18291,Seraphim,85.0,14.0,85.0,14.0,1,1,['Pinot Noir'],Argentina,Other,['Neuquén']
18292,Seraphim,85.5,15.0,85.5,15.0,2,1,['Pinot Noir'],Chile,Central Valley,[]
18293,Serca,91.2,61.2,91.5,60.0,4,3,"['Cabernet Franc', 'Malbec', 'Bordeaux-style Red Blend']",Argentina,Mendoza Province,['Valle de Uco']
18294,Serdonis,86.0,60.0,86.0,60.0,1,1,['Cabernet Sauvignon'],US,California,"['Howell Mountain', 'Napa']"
18295,Serena's Vineyard,89.0,24.0,89.0,24.0,1,1,['Syrah'],US,California,"['Paso Robles', 'Central Coast']"
18296,Serengeti,85.0,10.0,85.0,10.0,2,2,"['Sauvignon Blanc', 'Cabernet Sauvignon-Merlot']",South Africa,Coastal Region,[]
18297,Serenissima,85.0,7.0,85.0,7.0,1,1,['Glera'],Italy,Veneto,['Prosecco']
18298,Serenity,85.3,21.5,85.0,21.0,6,6,"['Cabernet Franc', 'Pinot Noir', 'Merlot', 'Riesling', 'Chardonnay', 'Red Blend']",US,New York,"['Finger Lakes', 'Finger Lakes']"
18299,Sererraglio Carole Bouquet,91.0,58.0,91.0,58.0,1,1,['Zibibbo'],Italy,Sicily & Sardinia,['Passito di Pantelleria']
18300,Seresin,89.8,30.5,91.0,27.5,12,3,"['Pinot Noir', 'Sauvignon Blanc', 'Chardonnay']",New Zealand,Marlborough,[]
18301,Serge Dagueneau et Filles,90.0,23.0,90.0,23.0,1,1,['Sauvignon Blanc'],France,Loire Valley,['Pouilly-Fumé']
18302,Sergio,88.7,80.0,90.0,75.0,3,3,"['Grenache', 'Cabernet Sauvignon', 'Malbec']",US,California,"['Sonoma Valley', 'Sonoma']"
18303,Sergio Mottura,87.0,19.7,86.5,18.5,6,2,"['Grechetto', 'White Blend']",Italy,Central Italy,"[""Civitella d'Agliano""]"
18304,Serni Fulvio Luigi,88.8,38.5,89.0,42.0,6,2,"['Red Blend', 'Vermentino']",Italy,Tuscany,['Bolgheri']
18305,Serpaia di Endrizzi,87.5,24.5,87.5,24.5,4,2,"['Red Blend', 'Sangiovese']",Italy,Tuscany,['Maremma Toscana']
18306,Serpens,89.0,13.0,89.0,13.0,1,1,['White Blend'],Hungary,Tokaj,[]
18307,Serra da Estrela,85.9,15.0,86.0,15.0,8,1,['Albariño'],Spain,Galicia,['Rías Baixas']
18308,Serra dei Fiori,87.0,,87.0,,1,1,['Nascetta'],Italy,Piedmont,['Langhe']
18309,Serradenari,90.0,19.7,90.0,18.0,4,2,"['Nebbiolo', 'Red Blend']",Italy,Piedmont,['Langhe']
18310,Serrano Mira,88.0,11.0,88.0,11.0,2,1,['Portuguese Red'],Portugal,Alentejano,[]
18311,Serre Spumanti,85.7,19.0,86.0,21.0,3,1,['Glera'],Italy,Veneto,['Conegliano Valdobbiadene Prosecco Superiore']
18312,Serrera,86.7,31.0,86.0,31.0,3,2,"['Cabernet Sauvignon-Malbec', 'Malbec']",Argentina,Mendoza Province,['Mendoza']
18313,Serveaux Fils,94.0,60.0,94.0,60.0,1,1,['Pinot Meunier'],France,Champagne,['Champagne']
18314,Sesta di Sopra,91.2,56.9,91.0,60.0,9,2,"['Sangiovese', 'Sangiovese Grosso']",Italy,Tuscany,['Brunello di Montalcino']
18315,Sesti,89.6,83.2,90.0,77.0,19,2,"['Sangiovese Grosso', 'Sangiovese']",Italy,Tuscany,['Brunello di Montalcino']
18316,Setriolo,88.8,30.5,88.5,25.0,6,1,['Red Blend'],Italy,Tuscany,['Chianti Classico']
18317,Settesoli,86.7,22.0,87.0,25.0,3,3,"['White Blend', 'Red Blend', 'Grillo']",Italy,Sicily & Sardinia,['Sicilia']
18318,Settlers Rise,85.0,10.0,85.0,10.0,1,1,['Chardonnay'],Australia,Australia Other,['South Eastern Australia']
18319,Setzer,88.3,28.4,89.0,28.0,15,3,"['Grüner Veltliner', 'Roter Veltliner', 'Riesling']",Austria,Niederösterreich,[]
18320,Setzer,89.7,35.1,90.0,33.0,10,1,['Grüner Veltliner'],Austria,Weinviertel,[]
18321,Seufert,89.0,36.5,89.0,34.0,4,4,"['Sparkling Blend', 'Dolcetto', 'Pinot Blanc', 'Pinot Noir']",US,Oregon,"['Willamette Valley', 'Willamette Valley']"
18322,Seven Angels,89.6,32.3,89.0,34.0,9,8,"['Petite Sirah', 'Rhône-style White Blend', 'Red Blend', 'Rhône-style Red Blend', 'Syrah', 'Zinfandel', 'Chardonnay', 'Cabernet Sauvignon']",US,California,"['Paso Robles', 'Central Coast']"
18323,Seven Bridges,89.0,26.0,89.0,26.0,1,1,['Merlot'],US,Oregon,"['Walla Walla Valley (OR)', 'Oregon Other']"
18324,Seven Bridges,86.7,36.7,86.0,36.0,3,3,"['Cabernet Sauvignon', 'Malbec', 'Bordeaux-style Red Blend']",US,Washington,"['Yakima Valley', 'Columbia Valley']"
18325,Seven Daughters,83.4,14.1,83.0,15.0,16,6,"['White Blend', 'Red Blend', 'Pinot Grigio', 'Chardonnay', 'Sauvignon Blanc', 'Pinot Noir']",US,California,"['California', 'California Other']"
18326,Seven Deadly Zins,86.7,16.1,86.0,16.0,9,1,['Zinfandel'],US,California,"['Lodi', 'Central Valley']"
18327,Seven Falls,87.8,24.7,88.0,20.0,13,8,"['Chardonnay', 'Merlot', 'Viognier', 'Rhône-style White Blend', 'Sauvignon Blanc', 'Cabernet Sauvignon', 'Red Blend', 'Syrah']",US,Washington,"['Wahluke Slope', 'Columbia Valley']"
18328,Seven Heavenly Chards,85.5,14.0,85.5,14.0,2,1,['Chardonnay'],US,California,"['Lodi', 'Central Valley']"
18329,Seven Hills,90.1,27.1,91.0,23.5,10,4,"['Cabernet Sauvignon', 'Pinot Gris', 'Malbec', 'Cabernet Franc']",US,Oregon,"['Walla Walla Valley (OR)', 'Oregon Other']"
18330,Seven Hills,90.4,31.8,90.0,30.0,119,17,"['Merlot', 'Bordeaux-style Red Blend', 'Cabernet Sauvignon', 'Riesling', 'Syrah', 'Petit Verdot', 'Malbec', 'Tempranillo', 'Viognier', 'Carmenère', 'Red Blend', 'Petite Verdot', 'Cabernet Franc', 'Rosé', 'White Riesling', 'Pinot Gris', 'Sauvignon Blanc']",US,Washington,"['Walla Walla Valley (WA)', 'Columbia Valley']"
18331,Seven Lions Winery,86.0,30.0,86.0,30.0,1,1,['Zinfandel'],US,California,"['Russian River Valley', 'Sonoma']"
18332,Seven Oxen,90.3,37.3,90.0,38.5,6,4,"['Grenache', 'Zinfandel', 'Rhône-style Red Blend', 'Mourvèdre']",US,California,"['Paso Robles', 'Central Coast']"
18333,Seven Peaks,85.5,16.0,85.5,16.0,2,2,"['Shiraz', 'Cabernet Sauvignon']",US,California,"['Paso Robles', 'Central Coast']"
18334,Seven Rings,88.0,40.0,88.0,40.0,1,1,['Cabernet Sauvignon'],US,California,"['Oakville', 'Napa']"
18335,Seven Sails,88.5,20.0,88.5,20.0,2,1,['Pinot Gris'],US,Oregon,"['Willamette Valley', 'Willamette Valley']"
18336,Seven Terraces,86.8,16.8,86.5,15.0,8,2,"['Pinot Noir', 'Sauvignon Blanc']",New Zealand,Marlborough,[]
18337,Seven of Hearts,87.8,26.6,88.0,24.0,16,7,"['Viognier-Roussanne', 'Roussanne', 'Pinot Noir', 'Chardonnay', 'Grenache-Syrah', 'Pinot Gris', 'Roussanne-Viognier']",US,Oregon,"['Columbia Valley (OR)', 'Oregon Other']"
18338,Seven of Hearts,85.0,25.0,85.0,25.0,1,1,['G-S-M'],US,Washington,"['Columbia Valley (WA)', 'Columbia Valley']"
18339,Seventy Five Wine Co.,85.0,17.5,85.0,17.5,2,2,"['Cabernet Sauvignon', 'Sauvignon Blanc']",US,California,"['Red Hills Lake County', 'Mendocino/Lake Counties']"
18340,Sevilen,89.0,25.6,89.0,18.0,5,4,"['Syrah-Merlot', 'Kalecik Karasi', 'Sauvignon Blanc', 'Syrah']",Turkey,Aegean,[]
18341,Sevruga,81.5,14.0,81.5,14.0,2,1,['Riesling'],Romania,Vânju Mare,[]
18342,Sevtap,87.2,37.2,87.0,38.0,11,8,"['Merlot', 'Cabernet Sauvignon', 'Sparkling Blend', 'Sangiovese', 'Sauvignon Blanc', 'Malbec', 'Viognier', 'Petit Verdot']",US,California,"['Santa Ynez Valley', 'Central Coast']"
18343,Sextant,88.4,33.8,89.0,26.0,62,12,"['Red Blend', 'Cabernet Sauvignon', 'Rhône-style Red Blend', 'Tannat', 'Zinfandel', 'Chardonnay', 'G-S-M', 'Pinot Noir', 'Grenache', 'Grenache Blanc', 'Petite Sirah', 'Merlot']",US,California,"['Paso Robles', 'Central Coast']"
18344,Sexton,87.0,30.0,87.0,27.5,4,3,"['Chardonnay', 'Bordeaux-style Red Blend', 'Pinot Noir']",Australia,Victoria,['Yarra Valley']
18345,Sexual Chocolate,88.0,25.0,88.0,25.0,1,1,['Red Blend'],US,California,"['California', 'California Other']"
18346,Sexy Wine Bomb,81.0,11.0,81.0,11.0,1,1,['Red Blend'],US,California,"['California', 'California Other']"
18347,Seña,91.7,71.0,91.5,70.0,6,1,['Bordeaux-style Red Blend'],Chile,Aconcagua Valley,[]
18348,Señorio de Aylés,80.0,10.5,80.0,10.5,2,2,"['Red Blend', 'Garnacha']",Spain,Northern Spain,['Cariñena']
18349,Señorio de Garci Grande,87.0,14.0,87.0,14.0,1,1,['Verdejo'],Spain,Northern Spain,['Rueda']
18350,Señorio de Uñuela,86.0,13.0,85.0,10.0,5,2,"['Tempranillo', 'Viura']",Spain,Northern Spain,['Rioja']
18351,Señorio de Valdiestro,84.7,17.3,85.0,16.0,3,1,['Tempranillo Blend'],Spain,Northern Spain,['Rioja']
18352,Señorio del Tallar,86.5,20.0,86.5,20.0,2,1,['Tempranillo'],Spain,Northern Spain,['Ribera del Duero']
18353,Señorío de Andión,89.0,45.0,89.0,45.0,1,1,['Red Blend'],Spain,Northern Spain,['Navarra']
18354,Señorío de Caleruega,88.0,96.0,88.0,96.0,1,1,['Tempranillo'],Spain,Northern Spain,['Ribera del Duero']
18355,Señorío de Cuzcurrita,90.0,42.5,90.0,42.5,2,1,['Tempranillo'],Spain,Northern Spain,['Rioja']
18356,Señorío de Rubiós,87.0,15.0,87.0,15.0,1,1,['Albariño'],Spain,Galicia,['Rías Baixas']
18357,Señorío de Sarria,83.9,15.5,84.0,14.0,17,11,"['Red Blend', 'Moscatel', 'Rosé', 'Garnacha', 'Graciano', 'Grenache', 'Tempranillo Blend', 'Chardonnay', 'Tempranillo-Cabernet Sauvignon', 'Merlot-Cabernet Sauvignon', 'Cabernet Sauvignon']",Spain,Northern Spain,['Navarra']
18358,Señorío de Sotillo,87.7,19.7,87.0,15.0,7,3,"['Tempranillo Blend', 'Red Blend', 'Tempranillo']",Spain,Northern Spain,['Ribera del Duero']
18359,Shadow Canyon,84.2,34.5,84.5,40.0,4,4,"['Syrah', 'Rhône-style Red Blend', 'Viognier', 'Grenache']",US,California,"['Santa Ynez Valley', 'Central Coast']"
18360,Shadow Hill,83.5,11.0,83.5,11.0,2,2,"['Cabernet Sauvignon', 'Merlot']",US,Washington,"['Washington', 'Washington Other']"
18361,Shadow Springs,86.0,17.0,86.0,17.0,1,1,['Cabernet Franc'],US,North Carolina,['Yadkin Valley']
18362,Shadowbox,85.5,51.0,85.5,47.0,4,4,"['Syrah', 'Chardonnay', 'Cabernet Sauvignon', 'Pinot Noir']",US,California,"['Sonoma Valley', 'Sonoma']"
18363,Shady Lane,85.3,18.8,85.0,17.0,6,2,"['Riesling', 'Red Blend']",US,Michigan,['Leelanau Peninsula']
18364,Shadybrook,89.0,85.0,89.0,85.0,1,1,['Cabernet Sauvignon'],US,California,"['Coombsville', 'Napa']"
18365,Shafer,92.5,83.2,93.0,55.0,56,8,"['Red Blend', 'Merlot', 'Cabernet Sauvignon', 'Syrah-Petite Sirah', 'Chardonnay', 'Bordeaux-style Red Blend', 'Sangiovese', 'Syrah']",US,California,"['Napa Valley', 'Napa']"
18366,Shah Estate,91.0,107.5,91.0,107.5,2,2,"['Chardonnay', 'Cabernet Sauvignon']",US,California,"['Napa Valley', 'Napa']"
18367,Shai,87.0,34.0,87.0,34.0,1,1,['Syrah-Cabernet Sauvignon'],US,California,"['Santa Barbara County', 'Central Coast']"
18368,Shaky Bridge,88.0,30.3,88.0,30.0,3,1,['Pinot Noir'],New Zealand,Central Otago,[]
18369,Shalauri Cellars,89.5,31.0,89.5,31.0,2,2,"['Rkatsiteli', 'Saperavi']",Georgia,Kakheti,[]
18370,Shale Canyon,85.0,20.0,85.0,20.0,2,2,"['Cabernet Sauvignon', 'Chardonnay']",US,California,"['Paicines', 'Central Coast']"
18371,Shale Oak,91.4,47.2,92.0,42.0,5,5,"['Petite Sirah', 'Grenache Blanc', 'Red Blend', 'White Blend', 'Viognier']",US,California,"['Paso Robles', 'Central Coast']"
18372,Shale Ridge Vineyard,84.5,8.0,84.5,8.0,2,1,['Chardonnay'],US,California,"['Monterey County', 'Central Coast']"
18373,Shalestone,86.1,21.8,86.0,22.5,8,6,"['Red Blend', 'Cabernet Franc', 'Pinot Noir', 'Rosé', 'Bordeaux-style Red Blend', 'Cabernet Sauvignon']",US,New York,"['Finger Lakes', 'Finger Lakes']"
18374,Shane Wines,92.0,37.1,92.0,42.0,7,3,"['Syrah', 'Pinot Noir', 'Grenache Blanc']",US,California,"['Santa Lucia Highlands', 'Central Coast']"
18375,Shannon,89.5,52.5,89.5,52.5,2,2,"['Merlot', 'Sauvignon Blanc']",South Africa,Elgin,[]
18376,Shannon,90.8,32.0,91.0,32.0,4,3,"['Malbec', 'Zinfandel', 'Chardonnay']",US,California,['Lake County']
18377,Shannon Ridge,86.8,22.9,87.0,23.0,64,12,"['Chardonnay', 'Barbera', 'Sauvignon Blanc', 'Petite Sirah', 'Cabernet Sauvignon', 'Malbec', 'Zinfandel', 'Grenache', 'Viognier', 'Roussanne', 'Red Blend', 'Tempranillo']",US,California,"['Lake County', 'Mendocino/Lake Counties']"
18378,Sharabella Wines,83.4,14.8,85.0,15.0,5,5,"['Red Blend', 'Pinot Noir', 'Chardonnay', 'Cabernet Sauvignon', 'Zinfandel']",US,California,"['California', 'California Other']"
18379,Sharecropper's,87.0,15.5,87.0,15.5,2,1,['Cabernet Sauvignon'],US,Washington,"['Washington', 'Washington Other']"
18380,Shared Notes,91.0,65.0,92.0,65.0,3,2,"['Bordeaux-style White Blend', 'Sauvignon Blanc']",US,California,"['Russian River Valley', 'Sonoma']"
18381,Shark Trust,86.0,10.0,86.0,10.0,3,2,"['Chardonnay', 'Chenin Blanc']",South Africa,Western Cape,[]
18382,Shark Trust,86.0,10.5,86.0,10.5,2,1,['Syrah'],US,California,"['Lodi', 'Central Valley']"
18383,Sharp Cellars,90.0,19.0,90.0,19.0,1,1,['Pinot Blanc'],US,California,"['Sonoma Valley', 'Sonoma']"
18384,Shaw,87.9,26.1,88.0,25.0,33,11,"['Cabernet Sauvignon', 'Sauvignon Blanc', 'Bordeaux-style Red Blend', 'Riesling', 'Pinot Noir', 'Pinot Grigio-Sauvignon Blanc', 'Chardonnay', 'Merlot', 'Red Blend', 'Cabernet Franc', 'Gewürztraminer']",US,New York,"['Finger Lakes', 'Finger Lakes']"
18385,Shaw and Smith,89.7,30.2,90.0,30.0,13,3,"['Sauvignon Blanc', 'Shiraz', 'Chardonnay']",Australia,South Australia,['Adelaide Hills']
18386,Shaya,87.9,17.5,88.0,15.0,8,1,['Verdejo'],Spain,Northern Spain,['Rueda']
18387,Shea,92.9,58.9,92.0,60.0,25,2,"['Pinot Noir', 'Chardonnay']",US,Oregon,"['Willamette Valley', 'Willamette Valley']"
18388,Shed Horn Cellars,88.3,29.3,88.0,25.0,3,3,"['Sauvignon Blanc', 'Red Blend', 'Petit Verdot']",US,California,"['Lake County', 'Mendocino/Lake Counties']"
18389,Sheep's Back,88.0,20.0,88.0,20.0,1,1,['Shiraz'],Australia,South Australia,['Barossa Valley']
18390,Sheldon,88.4,31.8,88.0,30.0,23,12,"['Grenache', 'Grenache Blanc', 'Chardonnay', 'Pinot Noir', 'White Blend', 'Graciano', 'Petite Sirah', 'Red Blend', 'Rhône-style Red Blend', 'Cabernet Sauvignon', 'Tempranillo', 'Sparkling Blend']",US,California,"['Sonoma Valley', 'Sonoma']"
18391,Sheldrake Point,87.5,21.0,88.0,16.0,62,12,"['Chardonnay', 'Cabernet Franc', 'Rosé', 'Pinot Gris', 'Riesling', 'Cabernet Sauvignon', 'Meritage', 'White Blend', 'Gewürztraminer', 'Merlot', 'Gamay Noir', 'Red Blend']",US,New York,"['Finger Lakes', 'Finger Lakes']"
18392,Shelton Vineyards,86.0,10.0,86.0,10.0,1,1,['Riesling'],US,North Carolina,['North Carolina']
18393,Shenandoah,86.0,16.6,86.0,14.0,22,10,"['Sauvignon Blanc', 'Chenin Blanc-Viognier', 'Zinfandel', 'White Blend', 'Barbera', 'Primitivo', 'Port', 'Sangiovese', 'Red Blend', 'Verdelho']",US,California,"['California', 'California Other']"
18394,Shenandoah Vineyards,87.6,14.6,87.0,12.0,5,4,"['Zinfandel', 'Moscato', 'Muscat Hamburg', 'Sauvignon Blanc']",US,California,"['Amador County', 'Sierra Foothills']"
18395,Shenandoah Vineyards,85.1,19.4,85.0,19.0,11,8,"['Chardonnay', 'Chambourcin', 'Bordeaux-style Red Blend', 'Riesling', 'Cabernet Sauvignon', 'Cabernet Franc', 'Red Blend', 'White Blend']",US,Virginia,['Shenandoah Valley']
18396,Shenanigans,83.0,15.0,83.0,15.0,2,2,"['Cabernet Sauvignon', 'Pinot Grigio']",US,California,"['Lodi', 'Central Valley']"
18397,Shepherds Ridge,87.3,16.7,88.0,15.0,3,2,"['Pinot Noir', 'Sauvignon Blanc']",New Zealand,Marlborough,[]
18398,Sheridan Vineyard,90.6,41.7,90.0,38.0,13,4,"['Red Blend', 'Cabernet Sauvignon', 'Syrah', 'Cabernet Franc']",US,Washington,"['Yakima Valley', 'Columbia Valley']"
18399,Sherwin Family,94.3,84.3,94.0,90.0,3,2,"['Red Blend', 'Cabernet Sauvignon']",US,California,"['Napa Valley', 'Napa']"
18400,Sherwood Estate,89.0,20.0,89.0,20.0,1,1,['Chardonnay'],New Zealand,Canterbury,[]
18401,Sherwood Estate,87.2,15.7,88.0,15.0,6,2,"['Sauvignon Blanc', 'Pinot Noir']",New Zealand,Marlborough,[]
18402,Sherwood Estate,89.0,20.0,89.0,20.0,1,1,['Pinot Noir'],New Zealand,Waipara Valley,[]
18403,Sherwood House Vineyards,86.1,30.1,86.0,30.0,17,5,"['Chardonnay', 'Merlot', 'Bordeaux-style Red Blend', 'Cabernet Franc', 'Rosé']",US,New York,"['North Fork of Long Island', 'Long Island']"
18404,Shibumi Knoll,87.0,85.0,87.0,85.0,1,1,['Cabernet Sauvignon'],US,California,"['Napa Valley', 'Napa']"
18405,Shiloh Road,82.8,14.7,82.5,17.0,12,4,"['Chardonnay', 'Merlot', 'Syrah', 'Cabernet Sauvignon']",US,California,"['Sonoma County', 'Sonoma']"
18406,Shiloh Winery,89.3,40.6,90.0,40.0,24,8,"['Cabernet Sauvignon', 'Red Blend', 'Shiraz', 'Merlot', 'Barbera', 'Bordeaux-style Red Blend', 'Petite Sirah', 'Chardonnay']",Israel,Judean Hills,[]
18407,Shingle Peak,92.0,15.0,92.0,15.0,1,1,['Pinot Noir'],New Zealand,Marlborough,[]
18408,Shingleback,88.8,30.3,89.0,25.0,21,4,"['Shiraz', 'Cabernet Sauvignon', 'Chardonnay', 'Grenache']",Australia,South Australia,['McLaren Vale']
18409,Shining Hill,88.3,45.0,88.0,45.0,3,1,['Bordeaux-style Red Blend'],US,Washington,"['Columbia Valley (WA)', 'Columbia Valley']"
18410,Shinn Estate,89.2,30.5,89.0,30.5,6,4,"['Rosé', 'Merlot', 'Sauvignon Blanc-Semillon', 'Sauvignon Blanc']",US,New York,"['North Fork of Long Island', 'Long Island']"
18411,Shippey,85.0,28.0,85.0,28.0,2,2,"['Zinfandel', 'Petite Sirah']",US,California,"['Dry Creek Valley', 'Sonoma']"
18412,Shipwreck,85.5,15.0,85.5,15.0,2,1,['Chardonnay'],US,California,"['Carneros', 'Napa-Sonoma']"
18413,Shirvington,90.0,63.2,90.0,63.5,4,2,"['Shiraz', 'Cabernet Sauvignon']",Australia,South Australia,['McLaren Vale']
18414,Shoofly,84.0,14.0,84.0,14.0,1,1,['White Blend'],Australia,Australia Other,['South Eastern Australia']
18415,Shoofly,87.0,14.0,87.0,14.0,9,6,"['Chardonnay', 'Viognier', 'White Blend', 'Rhône-style White Blend', 'Red Blend', 'Shiraz']",Australia,South Australia,['Adelaide Hills']
18416,Shoofly,86.8,14.0,87.0,14.0,4,1,['Pinot Noir'],Australia,Victoria,['Victoria']
18417,Shooting Star,86.9,13.4,87.0,14.0,12,6,"['Syrah', 'Zinfandel', 'Sauvignon Blanc', 'Chardonnay', 'Cabernet Sauvignon', 'Barbera']",US,California,"['Lake County', 'Mendocino/Lake Counties']"
18418,Shooting Star,86.9,13.1,87.0,13.0,9,4,"['Blaufränkisch', 'Aligoté', 'Lemberger', 'Red Blend']",US,Washington,"['Washington', 'Washington Other']"
18419,Shottesbrooke,88.2,30.7,88.0,31.0,6,4,"['Shiraz', 'Sauvignon Blanc', 'Cabernet Blend', 'Cabernet Sauvignon']",Australia,South Australia,['McLaren Vale']
18420,Shoup,93.4,98.0,93.0,100.0,5,1,['Bordeaux-style Red Blend'],US,Washington,"['Columbia Valley (WA)', 'Columbia Valley']"
18421,Showket,88.4,49.0,89.0,45.0,5,3,"['Cabernet Sauvignon', 'Sangiovese', 'Red Blend']",US,California,"['Oakville', 'Napa']"
18422,Shumi Winery,88.7,18.3,89.0,15.0,3,3,"['White Blend', 'Other', 'Saperavi']",Georgia,Kakheti,[]
18423,Shutter,90.0,42.0,90.0,42.0,1,1,['Sauvignon Blanc'],US,California,"['Lake County', 'Mendocino/Lake Counties']"
18424,Shvo,87.0,35.0,87.0,35.0,1,1,['Chenin Blanc'],Israel,Upper Galilee,[]
18425,Shypoke,91.3,38.0,91.0,40.0,3,2,"['Charbono', 'Petite Sirah']",US,California,"['Calistoga', 'Napa']"
18426,Sibling Bubblery,91.0,37.0,91.0,37.0,1,1,['Grenache'],US,California,"['Santa Barbara County', 'Central Coast']"
18427,Sibling Rivalry,84.5,19.5,84.5,19.5,2,1,['Pinot Noir'],Australia,Victoria,['Yarra Valley']
18428,Side Job,88.2,22.5,88.5,22.5,4,2,"['Zinfandel', 'Cabernet Sauvignon']",US,California,"['Dry Creek Valley', 'Sonoma']"
18429,Sidebar,90.5,25.1,90.5,25.0,8,5,"['Sauvignon Blanc', 'Red Blend', 'Rhône-style Red Blend', 'Rosé', 'Kerner']",US,California,['High Valley']
18430,Sidecar,90.0,29.0,90.0,29.0,1,1,['Red Blend'],US,Oregon,"['Oregon', 'Oregon Other']"
18431,Sideshow,85.5,9.0,85.5,9.0,2,2,"['Rosé', 'Garnacha']",Spain,Northern Spain,['Campo de Borja']
18432,Sidewood,88.8,20.6,88.5,18.0,16,7,"['Pinot Noir', 'Chardonnay', 'Syrah', 'Pinot Gris', 'Sauvignon Blanc', 'Champagne Blend', 'Shiraz']",Australia,South Australia,['Adelaide Hills']
18433,Siduri,90.6,45.7,91.0,49.0,126,1,['Pinot Noir'],US,California,"['Sonoma Coast', 'Sonoma']"
18434,Siduri,88.4,37.1,88.0,39.0,20,1,['Pinot Noir'],US,Oregon,"['Willamette Valley', 'Willamette Valley']"
18435,Sieber Rd,87.5,25.0,87.5,25.0,4,4,"['G-S-M', 'Viognier', 'Shiraz', 'Shiraz-Viognier']",Australia,South Australia,['Barossa Valley']
18436,Siegel,86.5,13.5,86.5,13.5,2,2,"['Pinot Noir', 'Cabernet Sauvignon']",Chile,Central Valley,[]
18437,Siegel,86.4,17.1,86.0,13.0,39,7,"['Carmenère', 'Chardonnay', 'Syrah', 'Cabernet Sauvignon', 'Red Blend', 'Merlot', 'Viognier']",Chile,Colchagua Valley,[]
18438,Siegel,83.5,11.5,83.5,11.5,4,1,['Sauvignon Blanc'],Chile,Curicó Valley,[]
18439,Siegel,86.2,14.4,86.0,14.0,5,2,"['Sauvignon Blanc', 'Pinot Noir']",Chile,Leyda Valley,[]
18440,Siegel,87.0,13.0,87.0,13.0,1,1,['Chardonnay'],Chile,Maipo Valley,[]
18441,Sierra Batuco,86.4,13.9,87.0,12.0,7,5,"['Carmenère', 'Pinot Noir', 'Red Blend', 'Pinot Grigio', 'Cabernet Sauvignon']",Chile,Maule Valley,[]
18442,Sierra Cantabria,87.0,10.0,87.0,10.0,1,1,['Tempranillo'],Spain,Central Spain,['Vino de la Tierra de Castilla']
18443,Sierra Cantabria,89.6,55.7,90.0,28.5,56,5,"['Tempranillo', 'Tempranillo Blend', 'White Blend', 'Rosé', 'Rosado']",Spain,Northern Spain,['Rioja']
18444,Sierra Club,83.0,19.0,83.0,19.0,1,1,['Cabernet Sauvignon'],US,California,"['Napa Valley', 'Napa']"
18445,Sierra Madre,86.9,37.3,87.0,40.0,7,3,"['Pinot Blanc', 'Pinot Noir', 'Chardonnay']",US,California,"['Santa Maria Valley', 'Central Coast']"
18446,Sierra Moon,91.0,40.0,91.0,40.0,1,1,['Syrah'],US,California,"['Fair Play', 'Sierra Foothills']"
18447,Sierra Norte,85.2,13.0,85.5,13.0,8,5,"['Red Blend', 'White Blend', 'Bobal', 'Macabeo', 'Monastrell']",Spain,Levante,['Utiel-Requena']
18448,Sierra Starr,88.2,23.2,88.0,23.0,13,6,"['Zinfandel', 'Sauvignon Blanc', 'Syrah', 'Cabernet Franc', 'Barbera', 'Bordeaux-style Red Blend']",US,California,"['Sierra Foothills', 'Sierra Foothills']"
18449,Sierra Virgen,81.5,8.5,81.5,8.5,2,1,['Airen'],Spain,Central Spain,['Vino de la Tierra de Castilla']
18450,Sierra Vista,86.6,20.4,87.0,18.5,8,6,"['Rhône-style Red Blend', 'Grenache', 'Syrah', 'Fumé Blanc', 'Zinfandel', 'Chardonnay']",US,California,"['El Dorado', 'Sierra Foothills']"
18451,Sierra de Viento,84.5,12.0,84.5,12.0,2,2,"['Garnacha', 'Tempranillo']",Spain,Northern Spain,['Cariñena']
18452,Siesta,88.0,25.0,88.0,25.0,2,2,"['Malbec', 'Cabernet Sauvignon']",Argentina,Mendoza Province,['Mendoza']
18453,Siesta Wines,86.4,18.0,86.0,16.0,7,4,"['Malbec', 'Bonarda', 'Chardonnay', 'Cabernet Sauvignon']",Argentina,Mendoza Province,['Mendoza']
18454,Siete Fincas,89.7,32.0,90.0,25.0,3,2,"['Cabernet Franc', 'Malbec']",Argentina,Mendoza Province,['Mendoza']
18455,Sieur d'Arques,88.0,16.9,88.0,17.0,8,2,"['Chardonnay', 'Sparkling Blend']",France,Languedoc-Roussillon,['Limoux']
18456,Sightglass,91.2,35.0,91.0,36.5,4,4,"['Cabernet Sauvignon', 'Cabernet Franc', 'Syrah-Grenache', 'Chardonnay']",US,Washington,"['Columbia Valley (WA)', 'Columbia Valley']"
18457,Sigillo Cellars,86.0,32.0,86.0,32.0,1,1,['Cabernet Sauvignon'],US,Washington,"['Red Mountain', 'Columbia Valley']"
18458,Siglo,88.0,18.5,88.0,18.5,2,2,"['Tempranillo Blend', 'Red Blend']",Spain,Northern Spain,['Rioja']
18459,Signae,87.0,73.5,86.0,73.5,3,1,['Sagrantino'],Italy,Central Italy,['Montefalco Sagrantino']
18460,Signal Ridge,91.0,25.0,91.0,25.0,1,1,['Sparkling Blend'],US,California,['Anderson Valley']
18461,Signano,85.6,23.4,85.0,19.0,5,1,['Vernaccia'],Italy,Tuscany,['Vernaccia di San Gimignano']
18462,Signaterra,87.4,48.8,88.0,49.0,5,3,"['Chardonnay', 'Cabernet Sauvignon', 'Pinot Noir']",US,California,"['Carneros', 'Napa-Sonoma']"
18463,Signaterra Benziger,87.2,39.0,87.5,40.5,4,4,"['Red Blend', 'Sauvignon Blanc', 'Pinot Noir', 'Chardonnay']",US,California,"['Sonoma Valley', 'Sonoma']"
18464,SignoSeis,87.7,44.8,88.0,50.0,9,4,"['Malbec', 'Rosé', 'Torrontés', 'Red Blend']",Argentina,Mendoza Province,['Valle de Uco']
18465,Signorello,90.1,58.5,90.0,50.0,70,11,"['Pinot Noir', 'Bordeaux-style Red Blend', 'Zinfandel', 'Cabernet Sauvignon', 'Syrah', 'Semillon-Sauvignon Blanc', 'Chardonnay', 'Red Blend', 'Bordeaux-style White Blend', 'Cabernet Blend', 'Sémillon']",US,California,"['Carneros', 'Napa-Sonoma']"
18466,Signé Vigneron,86.7,16.4,87.0,16.0,19,1,['Gamay'],France,Beaujolais,['Morgon']
18467,Signé Vigneron,84.5,14.0,84.5,14.0,2,2,"['Gamay', 'Chardonnay']",France,Burgundy,['Coteaux Bourguignons']
18468,Signé Vigneron,84.0,15.0,84.0,15.0,1,1,['Gamay'],France,France Other,['Côtes de Forez']
18469,Sijnn,90.0,35.0,90.0,35.0,2,2,"['Chenin Blanc-Viognier', 'Rhône-style Red Blend']",South Africa,Malgas,[]
18470,Sikelia,87.0,12.0,87.0,12.0,1,1,"[""Nero d'Avola""]",Italy,Sicily & Sardinia,['Sicilia']
18471,Sileni,85.2,25.2,84.5,15.0,6,4,"['Pinot Noir', 'Merlot-Cabernet Franc', 'Chardonnay', 'Pinot Gris']",New Zealand,Hawke's Bay,[]
18472,Sileni,87.1,14.2,87.0,13.5,8,1,['Sauvignon Blanc'],New Zealand,Marlborough,[]
18473,Silenus,89.1,48.4,90.0,38.0,9,2,"['Cabernet Sauvignon', 'Merlot']",US,California,"['Napa Valley', 'Napa']"
18474,Silk Oak,87.0,15.0,87.0,15.0,1,1,['Zinfandel'],US,California,"['Lodi', 'Central Valley']"
18475,Silkman,92.0,24.0,92.0,24.0,1,1,['Sémillon'],Australia,New South Wales,['Hunter Valley']
18476,Sill Family,89.0,65.0,89.0,65.0,1,1,['Chardonnay'],US,California,"['Sonoma County', 'Sonoma']"
18477,Siltstone,86.5,19.2,87.0,15.0,4,2,"['Pinot Gris', 'Pinot Noir']",US,Oregon,"['Oregon', 'Oregon Other']"
18478,Silvae,84.0,9.0,84.0,9.0,1,1,['Monastrell'],Spain,Spain Other,['Spain']
18479,Silvan Ridge,86.1,22.2,86.0,20.0,47,13,"['Pinot Noir', 'Muscat', 'Pinot Gris', 'Viognier', 'Tempranillo', 'Sémillon', 'Syrah', 'Cabernet Sauvignon', 'Merlot', 'Malbec', 'Sparkling Blend', 'Cabernet Franc', 'Chardonnay']",US,Oregon,"['Willamette Valley', 'Willamette Valley']"
18480,Silvano Bolmida,88.4,44.2,88.0,51.0,7,2,"['Nebbiolo', 'Barbera']",Italy,Piedmont,['Barolo']
18481,Silvano Follador,88.0,22.5,88.0,22.5,2,1,['Glera'],Italy,Veneto,['Conegliano Valdobbiadene Prosecco Superiore']
18482,Silvara,89.0,37.0,89.0,37.0,2,2,"['Malbec', 'Cabernet Sauvignon']",US,Washington,"['Walla Walla Valley (WA)', 'Columbia Valley']"
18483,Silver,89.1,36.2,88.5,35.0,12,6,"['Chardonnay', 'Syrah', 'Viognier', 'Pinot Noir', 'Red Blend', 'Nebbiolo']",US,California,"['Santa Barbara County', 'Central Coast']"
18484,Silver Beach,85.0,11.0,85.0,11.0,1,1,['Sauvignon Blanc'],New Zealand,Marlborough,[]
18485,Silver Birch,86.5,13.0,86.5,13.0,2,1,['Sauvignon Blanc'],New Zealand,Marlborough,[]
18486,Silver Buckle,85.5,19.0,85.5,19.0,2,2,"['Chardonnay', 'Red Blend']",US,California,"['Lodi', 'Central Valley']"
18487,Silver Cap,80.0,13.0,80.0,13.0,1,1,['Sparkling Blend'],France,France Other,['Vin Mousseux']
18488,Silver Horse,87.7,39.3,87.5,38.0,6,5,"['Red Blend', 'Bordeaux-style Red Blend', 'White Blend', 'Albariño', 'Syrah-Cabernet Sauvignon']",US,California,"['Paso Robles', 'Central Coast']"
18489,Silver Lake,84.6,15.1,84.0,15.0,19,7,"['Cabernet Sauvignon', 'Merlot', 'Pinot Gris', 'Chardonnay', 'Sauvignon Blanc', 'Riesling', 'Syrah']",US,Washington,"['Columbia Valley (WA)', 'Columbia Valley']"
18490,Silver Mountain,89.5,36.4,89.0,38.0,13,4,"['Syrah', 'Pinot Noir', 'Chardonnay', 'Bordeaux-style Red Blend']",US,California,"['Santa Cruz Mountains', 'Central Coast']"
18491,Silver Oak,89.6,88.6,90.0,100.0,7,1,['Cabernet Sauvignon'],US,California,"['Alexander Valley', 'Sonoma']"
18492,Silver Palm,85.2,20.8,85.0,19.0,5,3,"['Cabernet Sauvignon', 'Chardonnay', 'Pinot Noir']",US,California,"['North Coast', 'North Coast']"
18493,Silver Pines,88.0,32.0,88.0,32.0,1,1,['Sauvignon Blanc'],US,California,"['Sonoma Mountain', 'Sonoma']"
18494,Silver Ridge,84.7,11.3,84.0,12.0,3,2,"['Chardonnay', 'Sauvignon Blanc']",US,California,"['California', 'California Other']"
18495,Silver Ridge Vineyards,83.0,10.0,83.0,10.0,1,1,['Viognier'],US,California,"['California', 'California Other']"
18496,Silver Spoon,85.5,16.0,85.5,16.0,2,2,"['Cabernet Sauvignon', 'Chardonnay']",US,California,"['California', 'California Other']"
18497,Silver Spur,87.5,26.0,87.5,26.0,2,2,"['Pinot Noir', 'Sauvignon Blanc']",US,California,"['Carneros', 'Napa-Sonoma']"
18498,Silver Stag,89.2,56.7,89.0,60.0,6,2,"['Cabernet Sauvignon', 'Chardonnay']",US,California,"['Napa Valley', 'Napa']"
18499,Silver Stone Winery,85.4,35.0,85.0,38.0,5,4,"['Merlot', 'Sauvignon Blanc', 'Red Blend', 'Rhône-style Red Blend']",US,California,"['San Luis Obispo County', 'Central Coast']"
18500,Silver Thread,86.6,20.3,87.0,19.0,42,7,"['Chardonnay', 'Bordeaux-style Red Blend', 'Rosé', 'Riesling', 'Pinot Noir', 'Gewürztraminer', 'Cabernet Franc-Cabernet Sauvignon']",US,New York,"['Finger Lakes', 'Finger Lakes']"
18501,Silver Totem,88.0,19.0,88.0,19.0,2,1,['Cabernet Sauvignon'],US,Washington,"['Columbia Valley (WA)', 'Columbia Valley']"
18502,Silver Trident,89.0,28.0,89.0,28.0,2,2,"['Pinot Noir', 'Sauvignon Blanc']",US,California,"['Sonoma Coast', 'Sonoma']"
18503,Silver Veil,86.5,20.0,86.5,20.0,2,2,"['Chardonnay', 'Zinfandel']",US,California,"['Russian River Valley', 'Sonoma']"
18504,Silver Wings,90.0,30.0,90.0,30.0,1,1,['Red Blend'],Australia,Victoria,['Central Victoria']
18505,Silverado,88.6,49.9,88.0,35.0,49,5,"['Merlot', 'Chardonnay', 'Sauvignon Blanc', 'Cabernet Sauvignon', 'Sangiovese']",US,California,"['Napa Valley', 'Napa']"
18506,Silverback,91.3,133.3,91.0,105.0,3,3,"['Sangiovese', 'Syrah', 'Bordeaux-style Red Blend']",US,Washington,"['Columbia Valley (WA)', 'Columbia Valley']"
18507,Silverpoint Cellars,90.0,50.0,90.0,45.0,3,2,"['Bordeaux-style Red Blend', 'Chardonnay']",US,California,"['Napa Valley', 'Napa']"
18508,Silverthorn,90.0,,90.0,,1,1,['Champagne Blend'],South Africa,Western Cape,[]
18509,Silvertip,89.0,32.0,89.0,32.0,1,1,['Pinot Noir'],US,California,"['Santa Cruz Mountains', 'Central Coast']"
18510,Silvertop de Argentina,84.0,8.0,84.0,8.0,1,1,['Shiraz'],Argentina,Mendoza Province,['Mendoza']
18511,Silverwing,82.0,11.0,82.0,11.0,1,1,['Champagne Blend'],Australia,Australia Other,['Australia']
18512,Silverwing,87.0,13.0,87.0,13.0,1,1,['Riesling'],Australia,South Australia,['Adelaide Hills']
18513,Silverwing,84.0,10.0,84.0,10.0,1,1,['Chardonnay'],Australia,Victoria,['Yarra Valley']
18514,Silverwing,86.0,10.0,86.0,10.0,1,1,['Cabernet Sauvignon-Shiraz'],Australia,Western Australia,['Margaret River']
18515,Silvestri,81.5,28.0,81.5,28.0,2,2,"['Chardonnay', 'Pinot Noir']",US,California,"['Carmel Valley', 'Central Coast']"
18516,Silvio Grasso,92.3,71.3,93.0,70.0,6,1,['Nebbiolo'],Italy,Piedmont,['Barolo']
18517,Silvio Morando,86.5,,86.5,,2,1,['Barbera'],Italy,Piedmont,['Barbera del Monferrato Superiore']
18518,Simaine Cellars,86.7,27.2,87.0,25.0,6,6,"['Carignane', 'Syrah', 'Merlot', 'Sangiovese', 'Sauvignon Blanc', 'Zinfandel']",US,California,"['Mendocino', 'Mendocino/Lake Counties']"
18519,Simbolic,92.0,40.0,92.0,40.0,1,1,['Red Blend'],Spain,Catalonia,['Priorat']
18520,Simi,87.0,24.4,86.0,24.0,41,7,"['Chardonnay', 'Pinot Noir', 'Sauvignon Blanc', 'Cabernet Sauvignon', 'Zinfandel', 'Merlot', 'Rosé']",US,California,"['Russian River Valley', 'Sonoma']"
18521,Simon Bize,90.5,36.0,90.5,36.0,2,2,"['Pinot Noir', 'Chardonnay']",France,Burgundy,['Savigny-lès-Beaune']
18522,Simon Gilbert,86.0,13.0,85.0,14.0,3,2,"['Verdelho', 'Semillon-Sauvignon Blanc']",Australia,New South Wales,['New South Wales']
18523,Simon Hackett,88.5,20.6,88.5,18.0,12,5,"['Cabernet Sauvignon', 'Shiraz', 'Chardonnay', 'Grenache', 'Sémillon']",Australia,South Australia,['McLaren Vale']
18524,Simonassi,83.7,12.7,83.0,12.0,3,1,['Malbec'],Argentina,Mendoza Province,['San Rafael']
18525,Simone,85.0,15.0,85.0,15.0,1,1,['Pinot Noir'],Chile,Bío Bío Valley,[]
18526,Simone,85.0,15.0,85.0,15.0,1,1,['Syrah'],Chile,Colchagua Valley,[]
18527,Simone,85.3,12.7,85.0,12.0,21,8,"['Chardonnay', 'Cabernet Sauvignon', 'Cabernet Blend', 'Carmenère', 'Cabernet Sauvignon-Syrah', 'Sauvignon Blanc', 'Merlot', 'Bordeaux-style Red Blend']",Chile,Maule Valley,[]
18528,Simone,86.0,75.0,86.0,75.0,1,1,['Red Blend'],US,California,"['Napa Valley', 'Napa']"
18529,Simone Scaletta,88.5,,88.5,,4,1,['Nebbiolo'],Italy,Piedmont,['Barolo']
18530,Simonnet-Febvre,88.9,33.3,89.0,30.0,91,8,"['Chardonnay', 'Pinot Noir', 'Champagne Blend', 'Sauvignon Blanc', 'Chardonnay-Pinot Gris', 'Auxerrois', 'Sparkling Blend', 'Red Blend']",France,Burgundy,['Chablis']
18531,Simonnet-Febvre,85.0,12.7,85.0,13.0,3,2,"['Chardonnay', 'Pinot Noir']",France,France Other,['Vin de France']
18532,Simonsig,88.5,23.2,88.0,18.0,42,12,"['Chenin Blanc', 'Bordeaux-style Red Blend', 'Sparkling Blend', 'Red Blend', 'Cabernet Sauvignon', 'Sauvignon Blanc', 'Pinotage', 'Shiraz', 'White Blend', 'Chardonnay', 'Syrah', 'Roussanne-Marsanne']",South Africa,Stellenbosch,[]
18533,Simonsig,86.5,16.0,86.5,16.0,2,1,['Sauvignon Blanc'],South Africa,Western Cape,[]
18534,Simple Life,89.0,13.0,89.0,13.0,1,1,['Chardonnay'],US,California,"['California', 'California Other']"
18535,Simple Machine,87.0,31.0,87.0,31.0,4,4,"['Rhône-style White Blend', 'Syrah-Grenache', 'Grenache', 'Sauvignon Blanc']",US,Oregon,"['Rogue Valley', 'Southern Oregon']"
18536,Simple Math Cellars,85.2,29.0,86.0,25.0,5,3,"['Cabernet Sauvignon', 'Pinot Noir', 'Chardonnay']",US,California,"['Napa Valley', 'Napa']"
18537,Simple Solace,87.0,20.0,87.0,20.0,1,1,['Red Blend'],US,California,"['Paso Robles', 'Central Coast']"
18538,Simué,89.0,18.0,89.0,18.0,1,1,['Tempranillo'],Spain,Northern Spain,['Ribera del Duero']
18539,Sinatra Family,91.5,95.0,91.5,95.0,2,1,['Cabernet Sauvignon'],US,California,"['Napa Valley', 'Napa']"
18540,Sincerity,90.0,17.0,90.0,17.0,1,1,['Merlot-Cabernet Sauvignon'],Chile,Colchagua Valley,[]
18541,Sinclair Estate Vineyards,89.4,34.2,90.0,35.0,16,7,"['Red Blend', 'Merlot', 'Sangiovese', 'Syrah', 'Chardonnay', 'Roussanne-Marsanne', 'Cabernet Sauvignon']",US,Washington,"['Columbia Valley (WA)', 'Columbia Valley']"
18542,Sine Qua Non,90.3,73.5,91.0,73.5,3,2,"['Syrah', 'Rhône-style White Blend']",US,California,"['Central Coast', 'Central Coast']"
18543,Sineann,87.0,25.2,86.5,23.5,4,2,"['Sauvignon Blanc', 'Pinot Noir']",New Zealand,Marlborough,[]
18544,Sineann,87.2,41.6,86.0,42.0,5,2,"['Cabernet Sauvignon', 'Merlot']",US,California,"['California', 'California Other']"
18545,Sineann,91.1,36.0,91.0,36.0,86,12,"['Pinot Noir', 'Zinfandel', 'Merlot', 'Cabernet Sauvignon', 'Pinot Gris', 'Sauvignon Blanc', 'Gewürztraminer', 'Red Blend', 'Grenache', 'Riesling', 'Chardonnay', 'Cabernet Franc']",US,Oregon,"['Eola-Amity Hills', 'Willamette Valley']"
18546,Sineann,90.9,37.4,91.0,35.5,33,7,"['Petit Verdot', 'Cabernet Sauvignon', 'Red Blend', 'Cabernet Franc', 'Merlot', 'Gewürztraminer', 'Grüner Veltliner']",US,Washington,"['Columbia Valley (WA)', 'Columbia Valley']"
18547,Sinfin,85.0,22.0,85.0,22.0,1,1,['Malbec'],Argentina,Mendoza Province,['Mendoza']
18548,Sinfonía,82.5,11.0,82.5,11.0,2,1,['Tempranillo'],Spain,Central Spain,['Vino de la Tierra de Castilla']
18549,Sinfonía,82.0,12.0,82.0,12.0,1,1,['Tempranillo'],Spain,Northern Spain,['Vino de la Tierra de Castilla y León']
18550,Single Leaf,82.0,16.0,82.0,16.0,1,1,['Cabernet Franc'],US,California,"['El Dorado', 'Sierra Foothills']"
18551,Single Wheel,88.0,20.0,89.0,20.0,3,1,['Riesling'],US,New York,"['Finger Lakes', 'Finger Lakes']"
18552,Sinnet,87.0,32.0,87.0,32.0,1,1,['Sparkling Blend'],US,California,"['Napa-Sonoma-Monterey', 'North Coast']"
18553,Sinnya,83.5,10.0,83.5,10.0,2,2,"['Chardonnay', 'Merlot-Cabernet Sauvignon']",South Africa,Robertson,[]
18554,Sinor-LaVallee,90.6,35.0,91.0,30.0,27,4,"['Syrah', 'Chardonnay', 'Pinot Noir', 'Pinot Gris']",US,California,"['San Luis Obispo', 'Central Coast']"
18555,Siot,89.0,33.0,89.0,33.0,2,2,"['Petite Sirah', 'Pinot Gris']",US,California,"['Paso Robles', 'Central Coast']"
18556,Sipp Mack,88.5,25.3,88.0,22.0,11,6,"['Riesling', 'Pinot Blanc', 'Sparkling Blend', 'Pinot Gris', 'Pinot Noir', 'Gewürztraminer']",France,Alsace,['Alsace']
18557,Sipun,88.0,17.0,88.0,17.0,1,1,['Zlahtina'],Croatia,Krk,[]
18558,Sirch,87.2,19.3,87.0,19.0,6,4,"['Friulano', 'Sauvignon', 'Pinot Grigio', 'Ribolla Gialla']",Italy,Northeastern Italy,['Colli Orientali del Friuli']
18559,Siren Song,87.5,35.0,87.5,35.0,2,2,"['Sparkling Blend', 'Rosé']",US,Washington,"['Lake Chelan', 'Columbia Valley']"
18560,Sirena Dunarii,85.0,320.0,85.0,320.0,1,1,['Riesling'],Romania,Vânju Mare,[]
18561,Sirius,86.0,,86.0,,2,1,['Bordeaux-style Red Blend'],France,Bordeaux,['Bordeaux']
18562,Sirius,94.0,45.0,94.0,45.0,1,1,['Petite Sirah'],US,California,"['Mendocino County', 'Mendocino/Lake Counties']"
18563,Siro Pacenti,91.6,80.1,92.0,70.0,15,2,"['Sangiovese', 'Sangiovese Grosso']",Italy,Tuscany,['Brunello di Montalcino']
18564,Siskiyou Vineyards,86.0,13.3,86.0,15.0,3,3,"['White Blend', 'Pinot Noir', 'Bordeaux-style Red Blend']",US,Oregon,"['Oregon', 'Oregon Other']"
18565,Sisters Forever,87.0,15.0,87.0,15.0,1,1,['Chardonnay'],US,California,"['Central Coast', 'Central Coast']"
18566,Site,92.2,46.0,93.0,50.0,5,5,"['Viognier', 'Rhône-style Red Blend', 'Roussanne', 'Syrah', 'Grenache']",US,California,"['Ballard Canyon', 'Central Coast']"
18567,Sivas-Sonoma,87.8,19.6,88.0,19.5,8,4,"['Pinot Noir', 'Cabernet Sauvignon', 'Sauvignon Blanc', 'Zinfandel']",US,California,"['Sonoma Coast', 'Sonoma']"
18568,Sivi,88.0,,88.0,,1,1,['Pinot Grigio'],Slovenia,Vipavska Dolina,[]
18569,Six Degrees,84.7,37.7,85.0,14.0,3,3,"['Chardonnay', 'Cabernet Sauvignon', 'Pinot Noir']",US,California,"['California', 'California Other']"
18570,Six Hats,86.5,10.0,86.5,10.0,2,1,['Chenin Blanc'],South Africa,Western Cape,[]
18571,Six Mile Creek,85.7,16.4,86.0,15.5,10,6,"['Chardonnay', 'Cabernet Franc', 'Riesling', 'Pinot Noir', 'Seyval Blanc', 'Bordeaux-style Red Blend']",US,New York,"['Finger Lakes', 'Finger Lakes']"
18572,Six Prong,86.6,14.5,86.0,15.0,11,3,"['Chardonnay', 'Cabernet Sauvignon', 'Red Blend']",US,Washington,"['Columbia Valley (WA)', 'Columbia Valley']"
18573,Six Sigma Ranch,88.6,30.7,88.0,28.0,35,8,"['Sauvignon Blanc', 'Tempranillo', 'Red Blend', 'Cabernet Blend', 'Pinot Noir', 'Cabernet Sauvignon', 'Rosé', 'Cabernet Sauvignon-Tempranillo']",US,California,"['Lake County', 'Mendocino/Lake Counties']"
18574,Sixteen by Twenty,88.8,44.0,89.5,42.0,4,2,"['Chardonnay', 'Cabernet Sauvignon']",US,California,"['Sonoma Coast', 'Sonoma']"
18575,Sixto,92.2,48.0,92.0,50.0,5,1,['Chardonnay'],US,Washington,"['Washington', 'Washington Other']"
18576,Sjoeblom Winery,89.0,39.0,89.0,39.0,1,1,['Cabernet Sauvignon'],US,California,"['Napa Valley', 'Napa']"
18577,Skalli,84.0,8.0,84.0,8.0,2,2,"['Chardonnay', 'Cabernet Sauvignon']",France,Languedoc-Roussillon,"[""Pays d'Oc""]"
18578,Skalli,88.0,31.7,88.0,40.0,3,1,['Rhône-style Red Blend'],France,Rhône Valley,['Châteauneuf-du-Pape']
18579,Skeffington,93.0,,93.0,,1,1,['Port'],Portugal,Port,[]
18580,Sketchbook,87.0,18.4,87.0,20.0,8,5,"['Cabernet Sauvignon', 'Pinot Noir', 'Red Blend', 'Chardonnay', 'Rhône-style Red Blend']",US,California,"['Mendocino County', 'Mendocino/Lake Counties']"
18581,Skinner,90.4,28.9,90.0,26.0,18,10,"['Grenache', 'Zinfandel', 'Mourvèdre', 'Rhône-style Red Blend', 'Grenache Blanc', 'Viognier', 'Syrah', 'White Blend', 'Rhône-style White Blend', 'Petite Sirah']",US,California,"['El Dorado', 'Sierra Foothills']"
18582,Skinnygirl,84.0,13.7,84.0,14.0,3,3,"['Cabernet Sauvignon', 'White Blend', 'Chardonnay']",US,California,"['California', 'California Other']"
18583,Skipstone,92.0,100.0,92.0,100.0,3,1,['Bordeaux-style Red Blend'],US,California,"['Alexander Valley', 'Sonoma']"
18584,Skoff,90.0,35.0,90.0,35.0,2,1,['Sauvignon Blanc'],Austria,Steiermark,[]
18585,Skoff,90.2,42.0,90.0,40.0,5,1,['Sauvignon Blanc'],Austria,Südsteiermark,[]
18586,Skouras,85.2,20.8,85.0,25.0,5,1,['Agiorgitiko'],Greece,Nemea,[]
18587,Skouras,86.5,22.1,87.0,15.0,26,8,"['Moschofilero', 'Viognier', 'Rosé', 'White Blend', 'Red Blend', 'Chardonnay', 'Agiorgitiko', 'Cabernet Sauvignon']",Greece,Peloponnese,[]
18588,Skuttlebutt,87.5,16.0,87.5,16.0,2,2,"['Shiraz-Cabernet Sauvignon', 'Sauvignon Blanc-Semillon']",Australia,Western Australia,['Margaret River']
18589,Skyfall,86.6,13.1,87.0,14.0,9,4,"['Cabernet Sauvignon', 'Merlot', 'Pinot Gris', 'Chardonnay']",US,Washington,"['Columbia Valley (WA)', 'Columbia Valley']"
18590,Skyhawk Lane,87.7,43.3,87.0,46.0,3,3,"['Cabernet Sauvignon', 'Bordeaux-style Red Blend', 'Albariño']",US,California,"['Paso Robles', 'Central Coast']"
18591,Skyleaf,86.0,8.0,86.0,8.0,1,1,['Riesling'],New Zealand,Waipara Valley,[]
18592,Skyline Wines,87.0,18.0,87.0,18.0,1,1,['White Blend'],US,California,"['Central Coast', 'Central Coast']"
18593,Skylite,86.0,28.0,86.0,28.0,3,3,"['Syrah', 'Cabernet Sauvignon', 'Merlot']",US,Washington,"['Columbia Valley (WA)', 'Columbia Valley']"
18594,Skylite Cellars,89.3,29.3,90.0,28.0,3,2,"['Cabernet Sauvignon', 'Malbec']",US,Washington,"['Walla Walla Valley (WA)', 'Columbia Valley']"
18595,Slaley,86.5,19.5,86.5,19.5,2,2,"['Pinotage', 'Red Blend']",South Africa,Stellenbosch,[]
18596,Slaley Estate,87.0,15.0,87.0,15.0,1,1,['Pinotage'],South Africa,Stellenbosch,[]
18597,Slater Run,87.5,43.0,87.5,43.0,2,1,['Bordeaux-style Red Blend'],US,Virginia,['Virginia']
18598,Slaughterhouse Cellars,90.2,60.0,90.0,60.0,5,1,['Cabernet Sauvignon'],US,California,"['Rutherford', 'Napa']"
18599,Sledgehammer,85.0,16.0,85.0,16.0,2,2,"['Zinfandel', 'Cabernet Sauvignon']",US,California,"['North Coast', 'North Coast']"
18600,Sleeper Cellars,87.0,17.0,87.0,17.0,1,1,['Sauvignon Blanc'],US,California,"['Napa Valley', 'Napa']"
18601,Sleeping Dogs,85.0,18.0,85.0,18.0,1,1,['Chardonnay'],New Zealand,Central Otago,[]
18602,Sleeping Giant,91.2,55.8,90.5,45.0,6,2,"['Chardonnay', 'Cabernet Sauvignon']",US,California,"['Russian River Valley', 'Sonoma']"
18603,Sleight of Hand,90.4,35.9,91.0,40.0,47,11,"['Cabernet Sauvignon', 'Grenache', 'Bordeaux-style Red Blend', 'Riesling', 'Chardonnay', 'Cabernet Franc', 'Syrah', 'Red Blend', 'White Blend', 'Rosé', 'Gewürztraminer']",US,Washington,"['Columbia Valley (WA)', 'Columbia Valley']"
18604,Slingshot,89.0,23.0,89.0,23.0,1,1,['Cabernet Sauvignon'],US,California,"['Napa Valley', 'Napa']"
18605,Sloan,100.0,245.0,100.0,245.0,1,1,['Cabernet Blend'],US,California,"['Rutherford', 'Napa']"
18606,Slow Press,87.6,16.6,87.0,17.0,5,3,"['Chardonnay', 'Cabernet Sauvignon', 'Sauvignon Blanc']",US,California,"['Monterey County', 'Central Coast']"
18607,Slowine,86.8,12.0,86.0,12.0,5,4,"['Rosé', 'Shiraz', 'White Blend', 'Sauvignon Blanc']",South Africa,Overberg,[]
18608,Slowine,86.0,15.0,86.0,15.0,1,1,['Rosé'],South Africa,Western Cape,[]
18609,Sly Dog Cellars,82.0,15.0,82.0,15.0,1,1,['Cabernet Sauvignon'],US,California,"['Red Hills Lake County', 'Mendocino/Lake Counties']"
18610,Small Vines,91.8,64.1,92.0,65.0,22,2,"['Pinot Noir', 'Chardonnay']",US,California,"['Russian River Valley', 'Sonoma']"
18611,Small Wonders,84.5,11.5,83.5,11.5,4,3,"['Pinot Noir', 'Cabernet Sauvignon', 'Zinfandel']",US,California,"['Sonoma Coast', 'Sonoma']"
18612,Small and Tall,93.0,54.0,93.0,54.0,2,1,['Pinot Noir'],US,California,"['Santa Maria Valley', 'Central Coast']"
18613,Smallfry,87.0,25.0,87.0,25.0,1,1,['Shiraz'],Australia,South Australia,['Barossa']
18614,Smart Cookie,85.0,15.0,85.0,15.0,1,1,['Sauvignon Blanc'],New Zealand,Marlborough,[]
18615,Smart Cookie,85.0,13.0,85.0,13.0,2,2,"['Chardonnay', 'Red Blend']",US,California,"['Central Coast', 'Central Coast']"
18616,Smashberry,86.8,13.5,86.5,13.5,4,2,"['Red Blend', 'White Blend']",US,California,"['Central Coast', 'Central Coast']"
18617,Smasne Cellars,88.8,29.3,89.0,30.0,19,13,"['Syrah', 'Cabernet Sauvignon', 'Red Blend', 'Grenache', 'Petit Verdot', 'Malbec', 'Carmenère', 'Morio Muskat', 'Aligoté', 'Viognier', 'Riesling', 'White Blend', 'Gewürztraminer']",US,Washington,"['Yakima Valley', 'Columbia Valley']"
18618,Smith & Hook,88.9,28.9,88.0,25.0,11,3,"['Cabernet Sauvignon', 'Cabernet Blend', 'Red Blend']",US,California,"['Central Coast', 'Central Coast']"
18619,Smith & Hooper,89.0,19.0,89.0,19.0,1,1,['Red Blend'],Australia,South Australia,['Wrattonbully']
18620,Smith Woodhouse,88.0,29.0,89.0,30.0,9,1,['Port'],Portugal,Port,[]
18621,Smith Wooton,85.5,36.0,85.5,36.0,2,1,['Cabernet Franc'],US,California,"['Napa Valley', 'Napa']"
18622,Smith-Madrone,91.0,34.7,92.0,30.0,23,3,"['Riesling', 'Cabernet Sauvignon', 'Chardonnay']",US,California,"['Napa Valley', 'Napa']"
18623,Smoke Tree,87.4,22.2,87.0,21.0,5,3,"['Pinot Noir', 'Chardonnay', 'Rosé']",US,California,"['Sonoma Coast', 'Sonoma']"
18624,Smoking Loon,84.6,8.8,84.0,9.0,25,8,"['Chardonnay', 'Pinot Noir', 'Merlot', 'Cabernet Sauvignon', 'Zinfandel', 'Syrah', 'Pinot Grigio', 'Viognier']",US,California,"['California', 'California Other']"
18625,Smythe & Renfield,86.0,14.7,86.0,13.0,3,1,['Sauvignon Blanc'],New Zealand,Marlborough,[]
18626,Snake River,85.0,16.4,85.0,18.0,13,8,"['Riesling', 'Sangiovese', 'Cabernet Sauvignon', 'Red Blend', 'Tempranillo', 'Barbera', 'Grenache', 'Cabernet Franc']",US,Idaho,[]
18627,Snake and Herring,92.0,33.0,92.0,33.0,1,1,['Chardonnay'],Australia,Western Australia,['Margaret River']
18628,Snap Dragon,84.8,8.8,84.0,9.0,4,4,"['Riesling', 'Chardonnay', 'Cabernet Sauvignon', 'Red Blend']",US,California,"['California', 'California Other']"
18629,Snapping Turtle,82.4,11.0,82.0,11.0,5,3,"['Chardonnay', 'Cabernet Sauvignon', 'Merlot']",US,California,"['California', 'California Other']"
18630,Sned,81.0,18.0,81.0,18.0,1,1,['Red Blend'],US,California,"['Sonoma County', 'Sonoma']"
18631,Sno Road,85.4,47.2,86.0,43.0,5,3,"['Tempranillo', 'Pinot Noir', 'Cabernet Sauvignon']",US,Oregon,"['Columbia Valley (OR)', 'Oregon Other']"
18632,Snoqualmie,86.5,12.4,87.0,10.0,73,11,"['Riesling', 'Syrah', 'Cabernet Sauvignon', 'Merlot', 'Sauvignon Blanc', 'Chardonnay', 'Chenin Blanc', 'Cabernet Merlot', 'Cabernet Sauvignon-Merlot', 'Red Blend', 'Gewürztraminer']",US,Washington,"['Columbia Valley (WA)', 'Columbia Valley']"
18633,Snosrap,85.0,26.0,84.0,28.0,3,3,"['Red Blend', 'Chardonnay', 'Pinot Noir']",US,California,"['Monterey County', 'Central Coast']"
18634,Snow Farm,84.5,35.0,84.5,35.0,2,2,"['Vidal Blanc', 'Vignoles']",US,Vermont,['Vermont']
18635,Snow Mountain,87.0,42.0,87.0,42.0,2,2,"['Syrah', 'Pinot Noir']",South Africa,Western Cape,[]
18636,Snowden,89.2,53.6,89.0,47.0,8,3,"['Cabernet Sauvignon', 'Sauvignon Blanc', 'Merlot']",US,California,"['Napa Valley', 'Napa']"
18637,Snows Lake,86.0,38.0,86.0,38.0,2,2,"['Cabernet Sauvignon', 'Bordeaux-style Red Blend']",US,California,"['Red Hills Lake County', 'Mendocino/Lake Counties']"
18638,Snowy Peaks,89.0,25.0,89.0,25.0,1,1,['Malbec'],US,Colorado,['Grand Valley']
18639,So Rare,92.0,150.0,92.0,150.0,1,1,['Cabernet Sauvignon'],US,California,"['Rutherford', 'Napa']"
18640,SoDo,89.7,16.0,90.0,15.0,3,3,"['Rhône-style Red Blend', 'Rosé', 'Cabernet Sauvignon']",US,Washington,"['Washington', 'Washington Other']"
18641,Sobon Estate,86.9,17.5,87.0,17.0,92,14,"['Zinfandel', 'Syrah', 'Primitivo', 'Rosé', 'Sauvignon Blanc', 'Tannat', 'Viognier', 'Barbera', 'Cabernet Sauvignon', 'Carignane', 'Orange Muscat', 'Rhône-style Red Blend', 'Petite Sirah', 'Roussanne']",US,California,"['Amador County', 'Sierra Foothills']"
18642,Sobredos,88.4,23.3,88.5,23.5,8,2,"['Portuguese Red', 'Portuguese White']",Portugal,Douro,[]
18643,Sobrero,92.5,59.5,92.5,51.0,4,1,['Nebbiolo'],Italy,Piedmont,['Barolo']
18644,Sobriquet Winery,89.2,36.9,89.5,35.5,8,4,"['Pinot Noir', 'Syrah', 'Chardonnay', 'Grenache']",US,California,"['Santa Maria Valley', 'Central Coast']"
18645,Sockeye,84.7,10.7,85.0,10.0,3,2,"['Merlot', 'Pinot Grigio']",US,Washington,"['Columbia Valley (WA)', 'Columbia Valley']"
18646,Socré,88.6,39.8,88.5,36.0,12,2,"['Nebbiolo', 'Barbera']",Italy,Piedmont,['Barbaresco']
18647,Sodaro,89.9,76.1,90.0,65.0,19,3,"['Bordeaux-style Red Blend', 'Cabernet Sauvignon', 'Cabernet Blend']",US,California,"['Napa Valley', 'Napa']"
18648,Soellner,88.7,,88.0,,3,2,"['Roter Veltliner', 'Grüner Veltliner']",Austria,Wagram,[]
18649,Soellner,89.2,25.0,89.0,25.0,4,2,"['Roter Veltliner', 'Grüner Veltliner']",Austria,Wagram-Donauland,[]
18650,Sofia,87.0,18.5,87.5,19.0,4,3,"['Rosé', 'Rhône-style Red Blend', 'Sparkling Blend']",US,California,"['Monterey County', 'Central Coast']"
18651,Sogevinus,88.9,32.5,89.0,33.0,7,2,"['Portuguese Red', 'Portuguese White']",Portugal,Douro,[]
18652,Sogevinus,90.0,,90.0,,1,1,['Port'],Portugal,Port,[]
18653,Sogno,81.0,15.0,81.0,15.0,1,1,['Syrah'],US,California,"['El Dorado', 'Sierra Foothills']"
18654,Sogrape,87.0,11.0,87.0,11.0,1,1,['Portuguese Red'],Portugal,Alentejano,[]
18655,Sogrape,90.7,20.4,91.0,20.0,7,1,['Portuguese Red'],Portugal,Alentejo,[]
18656,Sogrape,90.5,22.5,91.0,22.5,4,1,['Portuguese Red'],Portugal,Douro,[]
18657,Sogrape,92.4,43.7,93.0,46.5,7,3,"['Touriga Nacional', 'Portuguese Red', 'Portuguese White']",Portugal,Dão,[]
18658,Sogrape,92.0,108.0,92.0,108.0,1,1,['Port'],Portugal,Port,[]
18659,Sogrape,87.7,15.0,90.0,15.0,3,2,"['Portuguese White', 'Portuguese Red']",Portugal,Portuguese Table Wine,[]
18660,Sogrape,87.0,9.7,88.0,11.0,3,2,"['Portuguese White', 'Alvarinho']",Portugal,Vinho Verde,[]
18661,Sohm & Kracher,92.0,,92.0,,1,1,['Grüner Veltliner'],Austria,Burgenland,[]
18662,Sohm & Kracher,91.2,24.0,92.0,24.0,5,1,['Grüner Veltliner'],Austria,Niederösterreich,[]
18663,Soho,92.0,44.0,92.0,44.0,1,1,['Pinot Noir'],New Zealand,Central Otago,[]
18664,Sojourn,91.0,57.0,92.0,48.0,83,3,"['Pinot Noir', 'Chardonnay', 'Cabernet Sauvignon']",US,California,"['Russian River Valley', 'Sonoma']"
18665,Sokol Blosser,89.3,16.9,90.0,15.0,10,3,"['Red Blend', 'White Blend', 'Sparkling Blend']",US,America,[]
18666,Sokol Blosser,90.2,48.3,90.0,50.0,55,4,"['Pinot Gris', 'Pinot Noir', 'Chardonnay', 'White Blend']",US,Oregon,"['Willamette Valley', 'Willamette Valley']"
18667,Sol Duc,88.0,50.0,88.0,50.0,1,1,['Red Blend'],US,Washington,"['Columbia Valley (WA)', 'Columbia Valley']"
18668,Sol Rouge,91.0,38.5,91.0,32.0,29,12,"['Cabernet Sauvignon', 'Mourvèdre', 'Cabernet Franc', 'Zinfandel', 'Viognier', 'Marsanne-Roussanne', 'White Blend', 'Rhône-style Red Blend', 'Petite Sirah', 'Syrah', 'Rosé', 'Red Blend']",US,California,"['Napa Valley', 'Napa']"
18669,Sol Stone,87.3,24.7,87.0,26.0,3,3,"['Grenache', 'Sauvignon Blanc', 'Sangiovese']",US,Washington,"['Wahluke Slope', 'Columbia Valley']"
18670,Sol y Vino,84.0,24.0,84.0,24.0,1,1,['Grenache-Syrah'],France,Rhône Valley,['Côtes du Rhône']
18671,SolAlto,83.0,8.0,83.0,8.0,2,2,"['Chardonnay', 'Malbec']",Argentina,Other,['San Juan']
18672,Sola,87.0,15.0,87.5,15.0,4,4,"['Meritage', 'Pinot Noir', 'Syrah', 'Chardonnay']",US,California,"['California', 'California Other']"
18673,Solabal,88.5,27.8,88.5,24.5,8,2,"['Tempranillo Blend', 'Tempranillo']",Spain,Northern Spain,['Rioja']
18674,Solaire by Robert Mondavi,84.7,16.3,84.0,17.0,3,2,"['Cabernet Sauvignon', 'Chardonnay']",US,California,"['Paso Robles', 'Central Coast']"
18675,Solar de Cambres,85.0,14.7,85.0,12.0,3,2,"['Portuguese Red', 'Portuguese White']",Portugal,Douro,[]
18676,Solar de Castro,90.0,22.0,90.0,22.0,1,1,['Tempranillo'],Spain,Northern Spain,['Rioja']
18677,Solar de Libano,87.0,35.0,87.0,35.0,1,1,['Tempranillo Blend'],Spain,Northern Spain,['Rioja']
18678,Solar de Pinheiro,87.1,12.3,87.0,12.0,9,3,"['Portuguese White', 'Avesso', 'Azal']",Portugal,Vinho Verde,[]
18679,Solar de Randez,84.5,15.0,84.5,15.0,2,1,['Tempranillo'],Spain,Northern Spain,['Rioja']
18680,Solar de Urbezo,82.0,15.0,82.0,15.0,2,2,"['Garnacha', 'Tempranillo-Merlot']",Spain,Northern Spain,['Cariñena']
18681,Solar de la Vega,85.0,9.0,86.0,9.0,3,1,['Verdejo'],Spain,Northern Spain,['Rueda']
18682,Solaria,88.8,58.2,89.0,59.0,9,2,"['Sangiovese', 'Sangiovese Grosso']",Italy,Tuscany,['Brunello di Montalcino']
18683,Solaris,83.8,15.2,83.5,13.0,4,2,"['Merlot', 'Cabernet Sauvignon']",US,California,"['Napa Valley', 'Napa']"
18684,Soldera,92.0,293.0,92.0,293.0,1,1,['Sangiovese'],Italy,Tuscany,['Brunello di Montalcino']
18685,Soldo,83.0,6.0,83.0,6.0,1,1,['Pinot Grigio'],Italy,Veneto,['Veneto']
18686,Soleau,81.0,10.0,81.0,10.0,2,2,"['Syrah', 'Viognier']",US,California,"['Sierra Foothills', 'Sierra Foothills']"
18687,Soleca,83.0,10.3,83.0,12.0,3,3,"['Cabernet Sauvignon', 'Sauvignon Blanc', 'Chardonnay']",Chile,Central Valley,[]
18688,Soleira,81.0,20.0,81.0,20.0,1,1,['Albariño'],Spain,Galicia,['Rías Baixas']
18689,Solemar,86.0,12.0,86.0,12.0,1,1,['Pinot Grigio'],Italy,Northeastern Italy,['Delle Venezie']
18690,Soligo,87.0,22.0,87.0,22.0,1,1,['Glera'],Italy,Veneto,['Valdobbiadene Prosecco Superiore']
18691,Solis,86.5,25.0,86.5,25.0,2,2,"['Fiano', 'Barbera']",US,California,"['Santa Clara Valley', 'Central Coast']"
18692,Solitary Cellars,87.5,29.3,87.5,27.5,6,6,"['Zinfandel', 'Tempranillo', 'Pinot Noir', 'Barbera', 'Cabernet Sauvignon', 'Red Blend']",US,California,"['Lodi', 'Central Valley']"
18693,Solitude,91.0,30.0,91.0,30.0,1,1,['Chardonnay'],US,California,"['Carneros', 'Napa-Sonoma']"
18694,Solière,88.0,27.0,88.0,27.0,1,1,['Rosé'],France,Provence,"[""Coteaux d'Aix-en-Provence""]"
18695,Solminer,90.4,32.2,91.0,28.0,14,7,"['Riesling', 'Grüner Veltliner', 'Muskat', 'Pinot Noir', 'Syrah', 'Blaufränkisch', 'Rosé']",US,California,"['Santa Barbara County', 'Central Coast']"
18696,Solms-Delta,86.0,20.0,86.0,20.0,1,1,['Sparkling Blend'],South Africa,Coastal Region,[]
18697,Solms-Delta,86.0,20.0,86.0,20.0,1,1,['Shiraz'],South Africa,Paarl,[]
18698,Solms-Delta,87.4,29.6,87.0,30.0,5,4,"['Rosé', 'Shiraz', 'Red Blend', 'Viognier-Grenache Blanc']",South Africa,Western Cape,[]
18699,Solo,85.0,20.0,85.0,20.0,1,1,['Tempranillo Blend'],Spain,Levante,['Utiel-Requena']
18700,Solo Contigo,83.7,28.7,84.0,18.0,3,3,"['Sauvignon Blanc', 'Torrontés', 'Red Blend']",Argentina,Mendoza Province,['Mendoza']
18701,Solo Contigo,85.0,16.0,85.0,16.0,1,1,['Torrontés'],Argentina,Other,['La Rioja']
18702,Solo Rosa,87.0,15.0,87.0,15.0,1,1,['Sangiovese'],US,California,"['California', 'California Other']"
18703,Solomon Hills,93.4,51.9,93.0,51.0,8,2,"['Chardonnay', 'Pinot Noir']",US,California,"['Santa Maria Valley', 'Central Coast']"
18704,Solonio,86.2,,86.5,,4,4,"['Merlot', 'Montepulciano', 'Shiraz', ""Cesanese d'Affile""]",Italy,Central Italy,['Lazio']
18705,Solsticio,84.2,14.8,84.0,15.0,5,3,"['Sparkling Blend', 'Malbec', 'Torrontés']",Argentina,Mendoza Province,['Mendoza']
18706,Soluna,88.0,18.5,88.0,18.5,2,1,['Malbec'],Argentina,Mendoza Province,['Mendoza']
18707,Soléna,89.0,41.6,89.0,40.0,55,4,"['Pinot Noir', 'Chardonnay', 'Merlot', 'Pinot Gris']",US,Oregon,"['Dundee Hills', 'Willamette Valley']"
18708,Soléna,87.0,,87.0,,1,1,['Cabernet Sauvignon'],US,Washington,"['Red Mountain', 'Columbia Valley']"
18709,Sombras del Sol,82.9,8.6,83.0,8.0,7,5,"['Merlot', 'Sauvignon Blanc', 'Chardonnay', 'Cabernet Sauvignon', 'Carmenère']",Chile,Colchagua Valley,[]
18710,Sombrero,83.0,17.0,83.0,17.0,1,1,['Red Blend'],Spain,Central Spain,['Madrid']
18711,Somerston,87.6,39.6,88.0,28.0,5,5,"['Grenache Blanc', 'Sauvignon Blanc', 'Red Blend', 'Cabernet Franc', 'Cabernet Sauvignon']",US,California,"['Napa Valley', 'Napa']"
18712,Sommariva,87.0,18.3,86.0,19.5,6,2,"['Glera', 'Prosecco']",Italy,Veneto,['Conegliano Valdobbiadene Prosecco Superiore']
18713,Sommavite,87.0,,87.0,,1,1,['Sangiovese'],Italy,Tuscany,['Brunello di Montalcino']
18714,Sommer,88.2,23.9,88.5,22.0,8,5,"['Grüner Veltliner', 'White Blend', 'Welschriesling', 'Blaufränkisch', 'Zweigelt']",Austria,Burgenland,[]
18715,Sommerau Castle,84.0,7.5,84.0,7.5,2,1,['Riesling'],Germany,Mosel-Saar-Ruwer,[]
18716,Son Bordils,88.0,27.0,88.0,27.0,1,1,['Red Blend'],Spain,Spanish Islands,['Vi de la Terra Illes Balears']
18717,SonVida,89.5,26.0,89.5,26.0,2,2,"['Cabernet Sauvignon', 'Malbec']",Argentina,Mendoza Province,['Mendoza']
18718,Sonberk,89.0,40.0,89.0,40.0,1,1,['Ryzlink Rýnský'],Czech Republic,Moravia,[]
18719,Songbird,84.5,10.0,84.5,10.0,2,2,"['Red Blend', 'Sauvignon Blanc']",US,Washington,"['Columbia Valley (WA)', 'Columbia Valley']"
18720,Songlines,88.5,,88.5,,2,1,['Shiraz'],Australia,South Australia,['McLaren Vale']
18721,Sonim,88.0,18.5,88.5,15.5,4,1,['Sparkling Blend'],Spain,Catalonia,['Cava']
18722,Sonkin Cellars,87.0,46.0,87.0,46.0,1,1,['Syrah'],US,California,"['Yorkville Highlands', 'North Coast']"
18723,Sonnet,88.1,40.4,89.0,40.0,12,1,['Pinot Noir'],US,California,"['Santa Lucia Highlands', 'Central Coast']"
18724,Sonnet Cellars,83.8,11.0,84.0,11.0,4,4,"['Cabernet Sauvignon', 'Red Blend', 'Riesling', 'Merlot']",US,Washington,"['Columbia Valley (WA)', 'Columbia Valley']"
18725,Sonoma Coast Vineyards,89.6,50.1,90.0,45.0,25,5,"['Pinot Noir', 'Chardonnay', 'Sauvignon Blanc', 'Syrah', 'Sparkling Blend']",US,California,"['Sonoma Coast', 'Sonoma']"
18726,Sonoma Collection,85.4,16.0,84.0,16.0,5,3,"['Pinot Noir', 'Red Blend', 'Chardonnay']",US,California,"['Sonoma County', 'Sonoma']"
18727,Sonoma Creek,83.8,12.8,83.0,13.0,10,5,"['Merlot', 'Chardonnay', 'Cabernet Sauvignon', 'Zinfandel', 'Pinot Noir']",US,California,"['Dry Creek Valley', 'Sonoma']"
18728,Sonoma Crest,85.0,10.0,85.0,10.0,3,3,"['Chardonnay', 'Cabernet Sauvignon', 'Merlot']",US,California,"['Sonoma County', 'Sonoma']"
18729,Sonoma Cuvée,86.9,19.0,87.0,18.0,7,3,"['Zinfandel', 'Pinot Noir', 'Chardonnay']",US,California,"['Russian River Valley', 'Sonoma']"
18730,Sonoma Hills,84.0,19.5,84.0,19.5,2,2,"['Chardonnay', 'Pinot Noir']",US,California,"['Russian River Valley', 'Sonoma']"
18731,Sonoma Oaks,85.0,15.0,85.0,15.0,1,1,['Pinot Gris'],US,California,"['Sonoma County', 'Sonoma']"
18732,Sonoma River,87.0,20.0,87.0,20.0,1,1,['Pinot Noir'],US,California,"['Sonoma County', 'Sonoma']"
18733,Sonoma Smith,86.0,25.0,86.0,25.0,1,1,['Bordeaux-style White Blend'],US,California,"['Sonoma County', 'Sonoma']"
18734,Sonoma Trail,86.0,15.0,86.0,15.0,1,1,['Pinot Noir'],US,California,"['Sonoma Coast', 'Sonoma']"
18735,Sonoma Vineyards,82.3,15.0,82.0,15.0,3,3,"['Merlot', 'Chardonnay', 'Syrah']",US,California,"['Sonoma County', 'Sonoma']"
18736,Sonoma-Cutrer,88.0,33.5,88.0,35.0,27,3,"['Chardonnay', 'Pinot Noir', 'Sauvignon Blanc']",US,California,"['Sonoma Coast', 'Sonoma']"
18737,Sonoma-Loeb,88.2,35.6,89.5,36.5,16,2,"['Chardonnay', 'Pinot Noir']",US,California,"['Carneros', 'Napa-Sonoma']"
18738,Sonora,84.0,21.0,84.0,21.0,2,1,['Zinfandel'],US,California,"['Amador County', 'Sierra Foothills']"
18739,Sonría,93.0,60.0,93.0,60.0,1,1,['Pinot Noir'],US,Oregon,"['Willamette Valley', 'Willamette Valley']"
18740,Sons of Eden,86.0,23.0,86.0,23.0,1,1,['Rhône-style Red Blend'],Australia,South Australia,['Barossa Valley']
18741,Sonsierra,87.9,22.3,87.0,18.0,9,3,"['Tempranillo', 'Rosé', 'Viura']",Spain,Northern Spain,['Rioja']
18742,Soos Creek,90.8,29.8,91.0,30.0,56,7,"['Bordeaux-style Red Blend', 'Syrah', 'Red Blend', 'Cabernet Sauvignon', 'Merlot', 'Merlot-Cabernet', 'Cabernet Franc']",US,Washington,"['Red Mountain', 'Columbia Valley']"
18743,Sophie's,88.0,17.0,88.0,17.0,1,1,['Shiraz'],Australia,South Australia,['Barossa Valley']
18744,Sophora,86.2,16.0,87.0,16.0,4,1,['Sparkling Blend'],New Zealand,New Zealand,[]
18745,Soquel Vineyards,88.1,42.7,89.0,39.5,14,7,"['Nebbiolo', 'White Blend', 'Bordeaux-style Red Blend', 'Pinot Noir', 'Chardonnay', 'Red Blend', 'Sangiovese']",US,California,"['Paso Robles', 'Central Coast']"
18746,Sorcellerie,89.5,45.0,89.5,45.0,2,2,"['Cabernet Sauvignon', 'Syrah']",US,California,"['Napa Valley', 'Napa']"
18747,Sordo,91.2,53.0,91.5,58.5,24,2,"['Nebbiolo', 'Barbera']",Italy,Piedmont,['Barolo']
18748,Sorelle Bronca,87.0,,87.0,,1,1,['Pinot Bianco'],Italy,Northeastern Italy,['Colli Trevigiani']
18749,Sorelle Bronca,88.5,19.3,88.0,18.0,19,2,"['Glera', 'Prosecco']",Italy,Veneto,['Conegliano Valdobbiadene Prosecco Superiore']
18750,Sorelle De Nicola,90.0,,90.0,,1,1,['Nebbiolo'],Italy,Piedmont,['Barbaresco']
18751,Sorelle Per Sempre,91.0,16.0,91.0,16.0,1,1,['Chardonnay'],US,California,"['Central Coast', 'Central Coast']"
18752,Sorelle Winery,86.1,20.8,86.0,22.0,15,8,"['Muscat Canelli', 'Cabernet Sauvignon-Sangiovese', 'Rosé', 'Sangiovese', 'Muscat', 'Primitivo', 'Barbera', 'Pinot Grigio']",US,California,"['Lodi', 'Central Valley']"
18753,Sorelli,85.0,9.0,85.0,9.0,2,1,['Red Blend'],Italy,Tuscany,['Chianti']
18754,Sorrentino,85.9,21.3,85.0,20.0,11,6,"['Piedirosso', 'White Blend', 'Coda di Volpe', 'Falanghina', 'Gragnano', 'Aglianico']",Italy,Southern Italy,['Pompeiano']
18755,Sortina,87.0,,87.0,,1,1,"[""Nero d'Avola""]",Italy,Sicily & Sardinia,['Sicilia']
18756,Sostener,87.5,19.0,87.5,19.0,2,1,['Pinot Noir'],US,California,"['Santa Lucia Highlands', 'Central Coast']"
18757,Soter,90.0,75.0,90.0,75.0,1,1,['Cabernet Franc'],US,California,"['Napa Valley', 'Napa']"
18758,Soter,91.0,48.0,91.0,48.0,1,1,['Pinot Noir'],US,Oregon,"['Yamhill-Carlton District', 'Willamette Valley']"
18759,Soto de Torres,86.8,17.5,86.5,17.0,4,1,['Tempranillo'],Spain,Northern Spain,['Rioja']
18760,Sottano,87.5,30.7,88.0,24.0,23,5,"['Cabernet Sauvignon', 'Red Blend', 'Malbec', 'Viognier', 'Merlot']",Argentina,Mendoza Province,['Mendoza']
18761,Sottimano,92.8,60.2,93.0,58.0,19,1,['Nebbiolo'],Italy,Piedmont,['Barbaresco']
18762,Sottomarino,91.0,33.7,91.0,36.0,3,3,"['Lagrein', 'Dolcetto', 'Sangiovese']",US,California,"['Paso Robles', 'Central Coast']"
18763,Soulmate,93.0,70.0,93.0,70.0,1,1,['Nebbiolo'],US,California,"['Santa Cruz Mountains', 'Central Coast']"
18764,Source Napa,88.2,53.2,87.5,55.0,4,3,"['Sauvignon Blanc', 'Bordeaux-style Red Blend', 'Cabernet Sauvignon']",US,California,"['Yountville', 'Napa']"
18765,Sousa Lopes,88.0,23.0,88.0,23.0,1,1,['Portuguese White'],Portugal,Portuguese Table Wine,[]
18766,South Coast,86.0,24.5,86.0,24.0,23,12,"['Sparkling Blend', 'Pinot Grigio', 'Sauvignon Blanc', 'Syrah', 'Sangiovese', 'Cabernet Sauvignon', 'Viognier', 'Muscat Canelli', 'Zinfandel', 'Red Blend', 'Verdelho', 'Gewürztraminer']",US,California,"['Temecula Valley', 'South Coast']"
18767,South Hill,87.0,13.0,87.0,13.0,1,1,['Sauvignon Blanc'],South Africa,Elgin,[]
18768,South Mountain,89.0,35.0,89.0,35.0,1,1,['Pinot Noir'],US,California,"['Santa Barbara County', 'Central Coast']"
18769,South Stage,87.6,27.4,88.0,28.0,13,13,"['Carmenère', 'Grenache', 'Red Blend', 'Pinot Blanc', 'Syrah', 'Petite Sirah', 'White Blend', 'G-S-M', 'Cabernet Franc', 'Pinotage', 'Albariño', 'Tempranillo', 'Riesling']",US,Oregon,"['Rogue Valley', 'Southern Oregon']"
18770,Southard,90.6,20.4,91.0,20.0,14,9,"['Red Blend', 'Cabernet Sauvignon', 'Syrah', 'Riesling', 'Viognier', 'Roussanne', 'Rosé', 'Rhône-style White Blend', 'Rhône-style Red Blend']",US,Washington,"['Columbia Valley (WA)', 'Columbia Valley']"
18771,Southbank Estate,84.0,,84.0,,1,1,['Syrah'],New Zealand,Hawke's Bay,[]
18772,Southbank Estate,84.0,12.0,84.0,12.0,1,1,['Sauvignon Blanc'],New Zealand,Marlborough,[]
18773,Southern Edge,85.0,15.0,85.0,15.0,1,1,['Pinot Noir'],Argentina,Other,['Patagonia']
18774,Southern Right,90.0,27.0,90.0,27.0,2,1,['Pinotage'],South Africa,Hemel en Aarde,[]
18775,Southern Right,86.8,20.7,87.0,19.0,9,2,"['Sauvignon Blanc', 'Pinotage']",South Africa,Walker Bay,[]
18776,Southern Right,86.5,12.5,86.5,12.5,2,2,"['Sauvignon Blanc', 'Pinotage']",South Africa,Western Cape,[]
18777,Southern Willows,81.0,9.0,81.0,9.0,1,1,['Merlot'],Argentina,Mendoza Province,['Mendoza']
18778,Southold,90.7,31.0,92.0,32.0,3,3,"['Bordeaux-style Red Blend', 'Cabernet Franc', 'Chardonnay']",US,New York,"['North Fork of Long Island', 'Long Island']"
18779,Soutiran,90.1,67.4,90.0,60.0,16,3,"['Champagne Blend', 'Pinot Noir', 'Chardonnay']",France,Champagne,['Champagne']
18780,Souverain,86.3,23.9,86.0,19.0,20,4,"['Cabernet Sauvignon', 'Sauvignon Blanc', 'Chardonnay', 'Merlot']",US,California,"['Alexander Valley', 'Sonoma']"
18781,Space Cowboy,90.0,55.0,90.0,55.0,1,1,['Bordeaux-style Red Blend'],US,California,"['Napa Valley', 'Napa']"
18782,Spadafora,87.0,24.5,87.0,23.0,13,6,"['Grillo', ""Nero d'Avola"", 'White Blend', 'Rosato', 'Chardonnay', 'Red Blend']",Italy,Sicily & Sardinia,['Sicilia']
18783,Spadafora,86.0,13.0,87.0,13.0,6,3,"['Red Blend', 'White Blend', 'Rosé']",Italy,Southern Italy,['Calabria']
18784,Spadaio e Piecorto,88.0,,88.0,,1,1,['Sangiovese'],Italy,Tuscany,['Chianti Classico']
18785,Spade Oak,86.0,20.0,86.0,20.0,2,2,"['Viognier', 'Chardonnay']",New Zealand,Gisborne,[]
18786,Spadina,87.2,13.7,87.5,15.0,4,2,"['Syrah', ""Nero d'Avola""]",Italy,Sicily & Sardinia,['Sicilia']
18787,Spaghetti Red,85.0,9.0,85.0,9.0,1,1,['Red Blend'],US,California,"['California', 'California Other']"
18788,Spagnol,87.4,16.9,87.0,18.0,8,2,"['Glera', 'Prosecco']",Italy,Veneto,['Conegliano Valdobbiadene Prosecco Superiore']
18789,Spalletti,87.0,15.5,87.0,15.5,2,1,['Sangiovese'],Italy,Tuscany,['Chianti Rufina']
18790,Spangler,87.0,29.2,87.0,28.0,12,10,"['Petite Sirah', 'Cabernet Sauvignon', 'Pinot Noir', 'Viognier', 'Petit Verdot', 'Sangiovese', 'Cabernet Franc', 'Zinfandel', 'Malbec', 'Syrah']",US,Oregon,"['Southern Oregon', 'Southern Oregon']"
18791,Spangler Vineyards,85.8,22.8,86.5,21.5,4,3,"['Cabernet Franc', 'Viognier', 'Pinot Noir']",US,Oregon,"['Southern Oregon', 'Southern Oregon']"
18792,Spanish Vines,83.6,10.4,83.0,10.0,9,4,"['White Blend', 'Tempranillo', 'Shiraz', 'Sauvignon Blanc']",Spain,Central Spain,['Vino de la Tierra de Castilla']
18793,Spanish Vines,84.0,12.0,84.0,12.0,1,1,['Sparkling Blend'],Spain,Levante,['Valencia']
18794,Spann Vineyards,86.0,29.2,86.0,27.0,43,17,"['Cabernet Sauvignon', 'Bordeaux-style Red Blend', 'Cinsault', 'Chardonnay-Viognier', 'Red Blend', 'Charbono', 'White Blend', 'Petit Verdot', 'Mourvèdre', 'Malbec', 'Cabernet Sauvignon-Merlot', 'Merlot', 'Cabernet Franc', 'Semillon-Chardonnay', 'Syrah', 'Tempranillo', 'Rhône-style Red Blend']",US,California,"['Moon Mountain District Sonoma County', 'Sonoma']"
18795,Sparkling Pointe,88.9,41.6,89.0,37.0,27,3,"['Champagne Blend', 'Sparkling Blend', 'Chardonnay']",US,New York,"['North Fork of Long Island', 'Long Island']"
18796,Sparkman,87.0,36.0,87.0,36.0,1,1,['Pinot Noir'],US,Oregon,"['Willamette Valley', 'Willamette Valley']"
18797,Sparkman,90.2,41.6,90.0,42.0,79,15,"['Cabernet Sauvignon', 'Bordeaux-style Red Blend', 'Sauvignon Blanc', 'Red Blend', 'Syrah', 'Chardonnay', 'Petit Verdot', 'Riesling', 'Malbec', 'Merlot', 'Petite Sirah', 'Rhône-style White Blend', 'Touriga Nacional', 'Cabernet Franc', 'Grenache']",US,Washington,"['Red Mountain', 'Columbia Valley']"
18798,Sparrow Hawk,89.5,30.0,89.5,30.0,2,2,"['Cabernet Sauvignon', 'Chardonnay']",US,California,"['Napa Valley', 'Napa']"
18799,Spartico,86.0,11.5,86.0,11.5,2,2,"['Tempranillo', 'Tempranillo-Cabernet Sauvignon']",Spain,Levante,['Utiel-Requena']
18800,Spell,89.4,44.9,90.0,48.0,17,2,"['Pinot Noir', 'Chardonnay']",US,California,"['Russian River Valley', 'Sonoma']"
18801,Spell Wine,82.7,16.3,82.0,16.0,3,3,"['Chardonnay', 'Red Blend', 'Bordeaux-style Red Blend']",US,California,"['Napa Valley', 'Napa']"
18802,Spellbound,85.8,19.3,86.0,15.0,21,6,"['Petite Sirah', 'Cabernet Sauvignon', 'Chardonnay', 'Merlot', 'Zinfandel', 'Riesling']",US,California,"['California', 'California Other']"
18803,Spelletich Cellars,85.6,38.9,86.0,28.0,8,5,"['Merlot', 'Syrah', 'Bordeaux-style Red Blend', 'Chardonnay', 'Cabernet Sauvignon']",US,California,"['Napa Valley', 'Napa']"
18804,Spence,87.0,65.0,87.0,65.0,1,1,['Cabernet Sauvignon'],US,California,"['Howell Mountain', 'Napa']"
18805,Spencer Roloson,88.0,22.8,87.0,22.0,6,4,"['Tempranillo', 'Red Blend', 'Syrah', 'Viognier']",US,California,"['Clear Lake', 'Mendocino/Lake Counties']"
18806,Spenker,83.0,25.0,83.0,25.0,2,2,"['Zinfandel', 'Petite Sirah']",US,California,"['Lodi', 'Central Valley']"
18807,Speri,89.2,40.5,89.0,28.0,25,2,"['Red Blend', 'Corvina, Rondinella, Molinara']",Italy,Veneto,['Amarone della Valpolicella Classico']
18808,Spice Route,87.0,19.0,87.0,19.0,2,2,"['Viognier', 'Sauvignon Blanc']",South Africa,Coastal Region,[]
18809,Spice Route,87.0,14.5,87.0,14.5,2,1,['Sauvignon Blanc'],South Africa,Darling,[]
18810,Spice Route,87.8,22.4,88.0,23.0,21,7,"['Red Blend', 'Chenin Blanc', 'Pinotage', 'Viognier', 'Syrah', 'Shiraz', 'Mourvèdre']",South Africa,Swartland,[]
18811,Spicerack,88.3,24.7,87.0,25.0,3,1,['Syrah'],US,California,"['Sonoma County', 'Sonoma']"
18812,Spicewood,86.8,30.5,87.0,32.0,4,4,"['Viognier', 'Tempranillo', 'Mourvèdre', 'Red Blend']",US,Texas,['Texas High Plains']
18813,Spicy Vines,88.4,34.6,88.0,36.5,18,9,"['Syrah', 'Barbera', 'Grenache', 'Zinfandel', 'Chardonnay', 'Pinot Noir', 'Rhône-style Red Blend', 'Rosé', 'Sauvignon Blanc']",US,California,"['Sonoma County', 'Sonoma']"
18814,Spier,88.4,18.4,88.0,18.0,7,4,"['Rhône-style Red Blend', 'Sauvignon Blanc', 'Bordeaux-style Red Blend', 'Red Blend']",South Africa,Coastal Region,[]
18815,Spier,88.1,16.6,89.0,16.0,9,5,"['Chenin Blanc', 'Cabernet Sauvignon', 'Pinotage', 'Bordeaux-style Red Blend', 'Merlot']",South Africa,Stellenbosch,[]
18816,Spier,87.1,12.0,86.0,9.0,9,5,"['Chenin Blanc', 'Sauvignon Blanc', 'Red Blend', 'Cabernet Sauvignon', 'Shiraz']",South Africa,Western Cape,[]
18817,Spin the Bottle,84.0,11.0,84.0,11.0,2,2,"['Chardonnay', 'Cabernet Sauvignon']",US,California,"['California', 'California Other']"
18818,Spindrift Cellars,88.1,22.0,88.0,21.0,38,6,"['Pinot Noir', 'Chardonnay', 'Pinot Blanc', 'Pinot Gris', 'Rosé', 'Syrah']",US,Oregon,"['Willamette Valley', 'Willamette Valley']"
18819,Spinelli,84.4,8.3,85.0,8.0,7,4,"['Sangiovese', 'Montepulciano', 'Merlot', 'Pinot Grigio']",Italy,Central Italy,['Terre di Chieti']
18820,Spirit of the Andes,83.5,16.0,83.5,16.0,2,2,"['Torrontés', 'Malbec']",Argentina,Mendoza Province,['Tupungato']
18821,Spiriterra,85.4,40.0,85.0,25.0,5,3,"['Rosé', 'Muscadine', 'Cabernet Sauvignon']",US,California,"['Napa Valley', 'Napa']"
18822,Spiropoulos,87.5,17.5,87.5,17.5,2,1,['Moschofilero'],Greece,Mantinia,[]
18823,Spiropoulos,87.0,30.0,87.0,30.0,2,1,['Agiorgitiko'],Greece,Nemea,[]
18824,Splendore,85.0,32.0,85.0,32.0,1,1,['Tempranillo'],Spain,Northern Spain,['Ribera del Duero']
18825,Spot-On,89.0,20.0,89.0,20.0,2,2,"['Syrah', 'Pinot Blanc']",US,California,"['Mendocino', 'Mendocino/Lake Counties']"
18826,Spoto,90.1,86.3,90.0,80.0,7,3,"['Cabernet Sauvignon', 'Bordeaux-style Red Blend', 'Viognier']",US,California,"['Oakville', 'Napa']"
18827,Spotted Owl,86.7,44.7,86.0,35.0,3,2,"['Red Blend', 'Syrah']",US,California,"['Sonoma Valley', 'Sonoma']"
18828,Spottswoode,93.3,89.8,93.0,80.0,11,2,"['Sauvignon Blanc', 'Cabernet Sauvignon']",US,California,"['Napa-Sonoma', 'Napa-Sonoma']"
18829,Spring Mountain Vineyard,89.8,67.8,91.0,55.0,37,7,"['Bordeaux-style Red Blend', 'Syrah', 'Cabernet Sauvignon', 'Sauvignon Blanc', 'Cabernet Blend', 'Cabernet Sauvignon-Merlot', 'Chardonnay']",US,California,['Napa']
18830,Spring Seed Wine Co.,85.0,16.0,85.0,16.0,1,1,['Chardonnay'],Australia,South Australia,['McLaren Vale']
18831,Spring Valley Vineyard,90.4,47.9,91.0,50.0,49,8,"['Cabernet Franc', 'Cabernet Sauvignon', 'Bordeaux-style Red Blend', 'Syrah', 'Petit Verdot', 'Merlot', 'Red Blend', 'Malbec']",US,Washington,"['Walla Walla Valley (WA)', 'Columbia Valley']"
18832,Springfield Estate,88.7,29.1,89.0,22.0,7,4,"['Chardonnay', 'Sauvignon Blanc', 'Cabernet Sauvignon', 'Bordeaux-style Red Blend']",South Africa,Robertson,[]
18833,Springhill Cellars,85.0,32.5,85.0,32.5,2,1,['Pinot Noir'],US,Oregon,"['Willamette Valley', 'Willamette Valley']"
18834,Springhouse Cellar,85.0,20.8,85.0,20.0,5,5,"['Viognier', 'Merlot', 'Sauvignon Blanc', 'Sangiovese', 'Cabernet Sauvignon']",US,Oregon,"['Columbia Valley (OR)', 'Oregon Other']"
18835,Spy Valley,88.4,24.1,89.0,21.0,39,6,"['Sauvignon Blanc', 'Riesling', 'Pinot Gris', 'Pinot Noir', 'Gewürztraminer', 'Chardonnay']",New Zealand,Marlborough,[]
18836,Spyro,86.0,16.0,86.0,16.0,1,1,['Albariño'],Spain,Galicia,['Rías Baixas']
18837,Spyros Hatziyiannis,86.0,13.0,86.0,13.0,2,1,['Assyrtico'],Greece,Santorini,[]
18838,Square Peg,92.0,53.0,92.0,53.0,1,1,['Pinot Noir'],US,California,"['Russian River Valley', 'Sonoma']"
18839,Squawking Magpie,92.5,73.0,92.0,79.0,4,2,"['Syrah', 'Bordeaux-style Red Blend']",New Zealand,Hawke's Bay,[]
18840,St Hallett,89.0,27.0,88.0,16.0,27,8,"['Shiraz', 'Red Blend', 'Riesling', 'White Blend', 'Shiraz-Grenache', 'Shiraz-Cabernet Sauvignon', 'Rhône-style Red Blend', 'Semillon-Sauvignon Blanc']",Australia,South Australia,['Barossa']
18841,St Mary's,89.0,27.0,89.0,27.0,2,2,"['Red Blend', 'Shiraz']",Australia,South Australia,['Limestone Coast']
18842,St. Amant,90.7,27.7,92.0,30.0,3,2,"['Tempranillo', 'Zinfandel']",US,California,"['Amador County', 'Sierra Foothills']"
18843,St. Amant Winery,86.0,23.0,86.0,23.0,2,1,['Zinfandel'],US,California,"['Lodi', 'Central Valley']"
18844,St. Andrews Estate,83.0,12.0,83.0,12.0,1,1,['Chardonnay'],Australia,South Australia,['Adelaide Hills']
18845,St. Christopher,88.0,12.2,88.0,12.0,12,1,['Riesling'],Germany,Mosel,[]
18846,St. Christopher,87.0,10.0,87.0,10.0,1,1,['Gewürztraminer'],Germany,Nahe,[]
18847,St. Clair,82.5,11.5,82.5,11.5,4,3,"['Gewürztraminer', 'Riesling', 'Sparkling Blend']",US,New Mexico,['New Mexico']
18848,St. Clement,87.7,47.0,87.0,50.0,22,6,"['Red Blend', 'Cabernet Sauvignon', 'Chardonnay', 'Sauvignon Blanc', 'Merlot', 'Bordeaux-style Red Blend']",US,California,"['Napa Valley', 'Napa']"
18849,St. Francis,87.2,31.7,88.0,25.0,91,14,"['Chardonnay', 'Red Blend', 'Zinfandel', 'Cabernet Sauvignon', 'Bordeaux-style Red Blend', 'Merlot', 'Sauvignon Blanc', 'Meritage', 'Claret', 'Petite Sirah', 'Rosé', 'Syrah', 'Malbec', 'White Blend']",US,California,"['Sonoma County', 'Sonoma']"
18850,St. Gabriel,85.5,10.0,85.5,10.0,2,1,['Riesling'],Germany,Mosel,[]
18851,St. George,83.6,10.0,84.0,10.0,7,3,"['Chardonnay', 'Cabernet Sauvignon', 'Merlot']",US,California,"['California', 'California Other']"
18852,St. George Coastal,83.0,6.0,83.0,6.0,1,1,['Chardonnay'],US,California,"['California', 'California Other']"
18853,St. Hubertus,88.8,21.2,88.0,20.0,5,5,"['Chasselas', 'Pinot Blanc', 'Gamay Noir', 'Riesling', 'Gewürztraminer']",Canada,British Columbia,['Okanagan Valley']
18854,St. Innocent,91.0,35.2,91.0,36.0,25,5,"['Pinot Blanc', 'Pinot Noir', 'Pinot Gris', 'Rosé', 'Chardonnay']",US,Oregon,"['Willamette Valley', 'Willamette Valley']"
18855,St. John,81.0,20.0,81.0,20.0,1,1,['Kekfrankos'],Hungary,Eger,[]
18856,St. Julian,85.5,15.6,86.0,15.0,10,7,"['Riesling', 'Port', 'Traminette', 'Sherry', 'Vignoles', 'Pinot Grigio', 'Albariño']",US,Michigan,['Lake Michigan Shore']
18857,St. Kilda,84.3,9.0,85.0,9.0,3,1,['Chardonnay'],Australia,Australia Other,['South Eastern Australia']
18858,St. Lucas,83.0,11.4,82.5,11.5,8,5,"['Chardonnay', 'Torrontés', 'Malbec', 'Cabernet Sauvignon', 'Sauvignon Blanc']",Argentina,Mendoza Province,['Mendoza']
18859,St. Lukes,82.0,35.0,82.0,35.0,1,1,['Sauvignon Blanc'],New Zealand,Marlborough,[]
18860,St. Michael Weinkellerei,87.0,15.0,87.0,15.0,2,1,['Riesling'],Germany,Rheinhessen,[]
18861,St. Michael-Eppan,87.0,28.0,87.0,28.0,1,1,['Sauvignon Blanc'],Italy,Northeastern Italy,['Alto Adige']
18862,St. Pauls,88.9,30.0,89.0,27.5,39,11,"['Pinot Bianco', 'Pinot Grigio', 'Sauvignon', 'Lagrein', 'Pinot Nero', 'Schiava', 'Riesling', 'Rosé', 'Chardonnay', 'Gewürztraminer', 'Petit Manseng']",Italy,Northeastern Italy,['Alto Adige']
18863,St. Rose,93.5,41.2,93.5,41.5,4,1,['Pinot Noir'],US,California,"['Russian River Valley', 'Sonoma']"
18864,St. Supéry,88.2,46.6,88.0,36.0,72,14,"['Sauvignon Blanc', 'Moscato', 'Semillon-Sauvignon Blanc', 'Cabernet Sauvignon', 'Petit Verdot', 'Merlot', 'Bordeaux-style Red Blend', 'Red Blend', 'Chardonnay', 'Bordeaux-style White Blend', 'White Blend', 'Meritage', 'Malbec', 'Cabernet Franc']",US,California,"['Napa Valley', 'Napa']"
18865,St. Urbans-Hof,90.2,32.7,90.0,25.0,38,1,['Riesling'],Germany,Mosel,[]
18866,St. Urbans-Hof,89.7,43.7,89.0,19.0,7,1,['Riesling'],Germany,Mosel-Saar-Ruwer,[]
18867,Staatliche Weinbaudomäne Oppenheim,91.0,27.5,91.0,27.5,2,1,['Riesling'],Germany,Rheinhessen,[]
18868,Staatliche Weinbaudomäne Trier,88.5,21.5,88.5,21.5,2,1,['Riesling'],Germany,Mosel,[]
18869,Stable Hill,86.3,17.3,86.0,17.0,3,3,"['Sauvignon Blanc', 'Pinot Grigio', 'Pinot Noir']",Australia,South Australia,['Adelaide Hills']
18870,Stack House,89.0,27.5,89.0,27.5,2,2,"['Cabernet Sauvignon', 'Red Blend']",US,California,"['Napa Valley', 'Napa']"
18871,Stacked Stone,83.0,21.8,83.0,22.5,6,3,"['Bordeaux-style Red Blend', 'Rhône-style Red Blend', 'Zinfandel']",US,California,"['Paso Robles', 'Central Coast']"
18872,Stadlmann,90.1,19.0,90.0,19.0,7,3,"['Gelber Muskateller', 'Grüner Veltliner', 'Riesling']",Austria,Niederösterreich,[]
18873,Stadlmann,91.3,21.1,91.5,19.0,16,4,"['Pinot Noir', 'Zierfandler', 'Rotgipfler', 'Weissburgunder']",Austria,Thermenregion,[]
18874,Stadt Krems,90.2,27.9,90.5,28.0,28,2,"['Grüner Veltliner', 'Riesling']",Austria,Kremstal,[]
18875,Staete Landt,86.0,30.0,86.0,30.0,1,1,['Pinot Noir'],New Zealand,Central Otago,[]
18876,Staete Landt,87.5,26.8,88.0,25.0,13,4,"['Pinot Noir', 'Chardonnay', 'Sauvignon Blanc', 'Pinot Gris']",New Zealand,Marlborough,[]
18877,Stag's Leap Wine Cellars,89.9,78.8,90.0,55.0,74,5,"['Sauvignon Blanc', 'Cabernet Sauvignon', 'Chardonnay', 'Merlot', 'Bordeaux-style Red Blend']",US,California,"['Napa Valley', 'Napa']"
18878,Staglin,92.0,132.8,92.0,137.5,10,3,"['Chardonnay', 'Cabernet Sauvignon', 'Bordeaux-style Red Blend']",US,California,"['Rutherford', 'Napa']"
18879,Stags' Leap Winery,89.7,61.5,90.0,52.0,41,6,"['Chardonnay', 'Merlot', 'Cabernet Sauvignon', 'Petite Sirah', 'Viognier', 'Red Blend']",US,California,"['Napa Valley', 'Napa']"
18880,Stama,83.5,21.0,83.5,21.0,2,2,"['Zinfandel', 'Merlot']",US,California,"['Lodi', 'Central Valley']"
18881,Stanburn,81.8,15.5,82.0,15.5,6,5,"['White Blend', 'Chambourcin', 'Cabernet Franc', 'Rosé', 'Chardonnay']",US,Virginia,['Virginia']
18882,Standing Stone,86.5,19.7,86.5,20.0,58,12,"['Riesling', 'Saperavi', 'Vidal Blanc', 'Chardonnay', 'Gewürztraminer', 'Merlot', 'Cabernet Sauvignon', 'Cabernet Franc', 'Bordeaux-style Red Blend', 'Pinot Noir', 'Red Blend', 'Vidal']",US,New York,"['Finger Lakes', 'Finger Lakes']"
18883,Standing Sun,88.4,32.5,88.0,28.0,20,10,"['Rhône-style White Blend', 'Grenache', 'Rhône-style Red Blend', 'Syrah-Grenache', 'Syrah', 'Riesling', 'G-S-M', 'Merlot', 'Chardonnay', 'Viognier']",US,California,"['Santa Barbara County', 'Central Coast']"
18884,Standish,97.0,121.7,97.0,135.0,3,1,['Shiraz'],Australia,South Australia,['Barossa Valley']
18885,Standish,91.0,56.1,91.0,65.0,9,2,"['Pinot Noir', 'Chardonnay']",US,California,"['Anderson Valley', 'Mendocino/Lake Counties']"
18886,Stanger,91.0,44.0,91.0,44.0,1,1,['Red Blend'],US,California,"['Paso Robles', 'Central Coast']"
18887,Stanley Brothers,86.0,15.5,86.0,15.5,2,2,"['Chardonnay', 'Red Blend']",Australia,South Australia,['Barossa Valley']
18888,Stanley Lambert,85.0,15.0,85.0,15.0,1,1,['Pinot Noir'],Australia,Australia Other,['South Eastern Australia']
18889,Stanley Lambert,88.5,45.8,88.5,39.0,4,2,"['Shiraz', 'Cabernet Sauvignon']",Australia,South Australia,['Barossa Valley']
18890,Stanton,86.0,75.0,86.0,75.0,1,1,['Cabernet Sauvignon'],US,California,"['Oakville', 'Napa']"
18891,Stanton & Killeen,90.5,35.0,90.5,35.0,2,2,"['Muscat', 'Tokay']",Australia,Victoria,['Rutherglen']
18892,Stanton Vineyard,87.5,18.5,87.5,18.5,2,2,"['Pinot Gris', 'Pinot Noir']",US,Oregon,"['Willamette Valley', 'Willamette Valley']"
18893,Staphyle,81.0,15.0,81.0,15.0,2,2,"['Malbec', 'Cabernet Sauvignon']",Argentina,Mendoza Province,['Luján de Cuyo']
18894,Staphyle,85.7,17.0,85.0,18.0,3,3,"['Malbec', 'Cabernet Sauvignon', 'Sauvignon Blanc']",Argentina,Other,['Argentina']
18895,Stapleton & Springer,89.0,45.0,89.0,45.0,1,1,['Red Blend'],Czech Republic,Moravia,[]
18896,Star Angel by Montes,87.0,40.0,87.0,35.0,5,3,"['Rhône-style Red Blend', 'Red Blend', 'Syrah']",US,California,"['Paso Robles', 'Central Coast']"
18897,Star Lane Vineyard,88.1,43.1,88.0,39.0,24,6,"['Sauvignon Blanc', 'Red Blend', 'Merlot', 'Cabernet Sauvignon', 'Syrah', 'Bordeaux-style Red Blend']",US,California,"['Happy Canyon of Santa Barbara', 'Central Coast']"
18898,Starborough,86.8,14.5,87.0,15.0,4,1,['Sauvignon Blanc'],New Zealand,Marlborough,[]
18899,Starfield,89.0,57.5,89.0,60.0,4,3,"['Cabernet Sauvignon-Merlot', 'Cabernet Sauvignon', 'Bordeaux-style Red Blend']",US,California,"['Napa Valley', 'Napa']"
18900,Stargazer Barn,89.0,23.0,89.0,23.0,2,2,"['Merlot', 'Chardonnay']",US,California,['North Coast']
18901,Stark,88.5,33.1,88.0,34.0,11,8,"['Chardonnay', 'Pinot Noir', 'Syrah', 'Viognier', 'Grenache', 'Grenache Blanc', 'Barbera', 'Carignane']",US,California,"['Russian River Valley', 'Sonoma']"
18902,Stark Raving,83.5,13.0,83.5,13.0,2,2,"['Red Blend', 'White Blend']",US,California,"['California', 'California Other']"
18903,Stark-Condé,89.7,38.0,90.0,35.0,7,2,"['Syrah', 'Cabernet Sauvignon']",South Africa,Jonkershoek Valley,[]
18904,Stark-Condé,89.6,29.6,90.0,27.0,14,2,"['Cabernet Sauvignon', 'Syrah']",South Africa,Stellenbosch,[]
18905,Starling Castle,86.8,10.8,87.0,10.5,4,1,['Riesling'],Germany,Mosel,[]
18906,Starling Castle,87.5,11.0,87.5,11.0,2,2,"['Gewürztraminer', 'Pinot Grigio']",Germany,Pfalz,[]
18907,Starlite,92.0,42.0,92.0,42.0,1,1,['Zinfandel'],US,California,"['Alexander Valley', 'Sonoma']"
18908,Starmont,88.7,23.9,90.0,22.0,28,5,"['Chardonnay', 'Merlot', 'Pinot Noir', 'Cabernet Sauvignon', 'Sauvignon Blanc']",US,California,"['Napa Valley', 'Napa']"
18909,Starry Night,84.6,25.7,84.0,25.0,7,2,"['Syrah', 'Zinfandel']",US,California,"['Russian River Valley', 'Sonoma']"
18910,Starvedog Lane,84.0,19.0,84.0,19.0,1,1,['Chardonnay'],Australia,South Australia,['Adelaide Hills']
18911,Stasis,89.0,42.0,89.0,42.0,2,2,"['Chardonnay', 'Pinot Noir']",US,California,"['Santa Maria Valley', 'Central Coast']"
18912,State of Art,84.5,20.0,84.5,20.0,2,2,"['Red Blend', 'Riesling']",US,California,"['Monterey County', 'Central Coast']"
18913,Stateside,88.0,18.0,88.0,18.0,1,1,['Red Blend'],US,California,"['Sonoma County', 'Sonoma']"
18914,Statti,87.2,22.3,87.0,21.0,13,5,"['Red Blend', 'Gaglioppo', 'Greco', 'Mantonico', 'Greco Bianco']",Italy,Southern Italy,['Calabria']
18915,Stave & Hoop,84.5,17.0,84.5,17.0,2,2,"['Pinot Noir', 'Chardonnay']",US,California,"['Santa Barbara County', 'Central Coast']"
18916,Stave & Steel,85.0,,85.0,,1,1,['Cabernet Sauvignon'],US,California,"['Paso Robles', 'Central Coast']"
18917,Stave 28,86.3,24.0,86.0,24.0,3,3,"['Sangiovese', 'Red Blend', 'Merlot']",US,California,"['Sonoma County', 'Sonoma']"
18918,Ste. Chapelle,85.0,9.0,85.0,9.0,1,1,['Chardonnay'],US,America,[]
18919,Ste. Chapelle,86.0,9.9,86.0,10.0,23,12,"['Red Blend', 'Sauvignon Blanc', 'Cabernet Sauvignon', 'Merlot', 'Riesling', 'Champagne Blend', 'Fumé Blanc', 'Syrah', 'Chardonnay', 'Johannisberg Riesling', 'Chenin Blanc', 'Gewürztraminer']",US,Idaho,[]
18920,Ste. Michelle Wine Estates,87.0,13.0,87.0,13.0,1,1,['Rosé'],US,Washington,"['Columbia Valley (WA)', 'Columbia Valley']"
18921,Steele,86.9,25.7,87.0,28.0,39,11,"['Merlot', 'Zinfandel', 'Cabernet Sauvignon', 'Chardonnay', 'Syrah', 'Riesling', 'Cabernet Franc', 'Pinot Noir', 'Pinot Blanc', 'Viognier', 'Fumé Blanc']",US,California,"['Lake County', 'Mendocino/Lake Counties']"
18922,Steelhead Vineyards,85.7,14.2,85.0,15.0,10,4,"['Sauvignon Blanc', 'Chardonnay', 'Pinot Noir', 'Red Blend']",US,California,"['Sonoma County', 'Sonoma']"
18923,Steely Dan,87.0,22.0,87.0,22.0,1,1,['Sauvignon Blanc'],New Zealand,Marlborough,[]
18924,Steenberg,87.5,13.5,87.5,13.5,2,2,"['Sauvignon Blanc', 'Cabernet Sauvignon']",South Africa,Coastal Region,[]
18925,Steenberg,89.0,18.0,89.0,18.0,1,1,['Red Blend'],South Africa,Western Cape,[]
18926,Stefan Daniels,88.0,17.0,88.0,17.0,1,1,['Sauvignon Blanc'],US,California,"['Lake County', 'Mendocino/Lake Counties']"
18927,Stefania,82.0,20.0,82.0,20.0,1,1,['Red Blend'],US,California,"['California', 'California Other']"
18928,Stefania Mezzetti,87.0,30.0,87.0,30.0,3,3,"['Syrah', 'Cabernet Sauvignon', 'Merlot']",Italy,Tuscany,['Cortona']
18929,Stefano Accordini,88.8,30.4,89.0,25.0,25,2,"['Corvina, Rondinella, Molinara', 'Red Blend']",Italy,Veneto,['Valpolicella Classico Superiore Ripasso']
18930,Stefano Amerighi,90.0,42.5,90.0,42.5,2,1,['Syrah'],Italy,Tuscany,['Cortona']
18931,Stefano Antonucci,87.2,21.2,87.0,20.0,5,1,['Verdicchio'],Italy,Central Italy,['Verdicchio dei Castelli di Jesi']
18932,Stefano Berti,85.3,24.0,84.0,20.0,3,1,['Sangiovese'],Italy,Central Italy,['Sangiovese di Romagna Superiore']
18933,Stefano Ferrucci,91.5,37.5,91.5,37.5,2,2,"['Albana', 'Sangiovese']",Italy,Central Italy,['Albana di Romagna']
18934,Stefano Lubiana,85.5,39.0,85.5,39.0,2,2,"['Sparkling Blend', 'Pinot Noir']",Australia,Tasmania,['Tasmania']
18935,Stein Family,86.3,33.7,85.0,22.0,3,3,"['Gewürztraminer', 'Moscato', 'Red Blend']",US,California,"['Carneros', 'Napa-Sonoma']"
18936,Steindorfer,91.3,30.6,91.0,34.0,9,5,"['Pinot Gris', 'Austrian Red Blend', 'St. Laurent', 'Blaufränkisch', 'Sauvignon Blanc-Chardonnay']",Austria,Burgenland,[]
18937,Steiner Family Vineyards,87.0,23.5,87.0,25.0,6,4,"['Tempranillo', 'Zinfandel', 'Petite Sirah', 'Cabernet Franc']",US,California,"['Fair Play', 'Sierra Foothills']"
18938,Steininger,89.5,26.6,90.0,25.0,39,2,"['Grüner Veltliner', 'Riesling']",Austria,Kamptal,[]
18939,Steininger,89.1,24.9,89.0,19.0,7,5,"['Zweigelt', 'Grüner Veltliner', 'Rosé', 'Red Blend', 'Riesling']",Austria,Niederösterreich,[]
18940,Steininger,88.4,30.6,88.0,30.0,17,6,"['Riesling', 'Grüner Veltliner', 'Pinot Noir', 'Cabernet Sauvignon', 'Sparkling Blend', 'Sauvignon Blanc']",Austria,Österreichischer Sekt,[]
18941,Stelios Kechris,86.0,20.0,86.0,20.0,2,1,['White Blend'],Greece,Macedonia,[]
18942,Stelios Kechris,87.0,11.0,87.0,11.0,2,1,['Roditis'],Greece,Retsina,[]
18943,Stella Bella,88.8,30.5,90.0,28.5,4,3,"['Cabernet Sauvignon', 'Chardonnay', 'Cabernet Sauvignon-Merlot']",Australia,Western Australia,['Margaret River']
18944,Stella Fino,86.0,15.0,86.0,15.0,1,1,['Sangiovese'],US,Oregon,"['Walla Walla Valley (OR)', 'Oregon Other']"
18945,Stella Fino,86.0,19.2,86.0,19.0,5,3,"['Sangiovese', 'Red Blend', 'Pinot Gris']",US,Washington,"['Columbia Valley (WA)', 'Columbia Valley']"
18946,Stella Grey,85.0,23.0,85.0,23.0,1,1,['Red Blend'],US,California,"['Napa Valley', 'Napa']"
18947,Stella Maris,88.8,28.8,89.0,29.0,4,1,['Red Blend'],US,Washington,"['Columbia Valley (WA)', 'Columbia Valley']"
18948,Stella Mia,80.0,11.0,80.0,11.0,1,1,['Brachetto'],Italy,Italy Other,['Italy']
18949,Stella Mia,84.0,11.0,84.0,11.0,1,1,['Glera'],Italy,Veneto,['Prosecco']
18950,Stella Monsi,85.0,40.0,85.0,40.0,2,2,"['Zinfandel', 'Cabernet Sauvignon']",US,California,"['Dry Creek Valley', 'Sonoma']"
18951,Stella Rosa,87.0,,87.0,,1,1,['Moscato'],Italy,Veneto,['Colli Euganei']
18952,Stellar Organics,84.8,10.8,84.5,10.0,4,4,"[""Muscat d'Alexandrie"", 'Red Blend', 'Pinotage', 'Cabernet Sauvignon']",South Africa,Western Cape,[]
18953,Stellareese,92.0,42.0,92.0,42.0,2,1,['Cabernet Sauvignon'],US,California,"['Calistoga', 'Napa']"
18954,Stellekaya,88.0,29.0,88.0,29.0,1,1,['Cabernet Sauvignon'],South Africa,Stellenbosch,[]
18955,Stellenbosch Hills,85.0,11.3,85.0,10.0,3,2,"['Chenin Blanc-Sauvignon Blanc', 'Pinotage-Merlot']",South Africa,Polkadraai Hills,[]
18956,Stellenbosch Hills,85.5,11.0,85.5,11.0,2,2,"['Sauvignon Blanc', 'Chenin Blanc']",South Africa,Stellenbosch,[]
18957,Stellenbosch Vineyards,87.0,18.0,87.0,18.0,1,1,['Chenin Blanc'],South Africa,Stellenbosch,[]
18958,Stellenryck,87.0,16.0,87.0,16.0,1,1,['Cabernet Sauvignon'],South Africa,Coastal Region,[]
18959,Stellenzicht,90.0,25.0,90.0,25.0,1,1,['Sémillon'],South Africa,Stellenbosch,[]
18960,Stellina,90.0,32.0,90.0,32.0,1,1,['Zinfandel'],US,California,"['Lodi', 'Central Valley']"
18961,Steltzner,88.4,30.2,87.0,26.0,5,4,"['Cabernet Sauvignon', 'Merlot', 'Bordeaux-style Red Blend', 'Cabernet Blend']",US,California,"['Stags Leap District', 'Napa']"
18962,Stemilt Creek,85.9,26.2,85.5,24.0,14,7,"['Cabernet Sauvignon', 'Red Blend', 'White Blend', 'Merlot', 'Cabernet Franc', 'Rosé', 'Syrah']",US,Washington,"['Columbia Valley (WA)', 'Columbia Valley']"
18963,Stemmari,86.0,11.0,86.0,11.0,1,1,['Grillo'],Italy,Italy Other,['Vino Spumante']
18964,Stemmari,86.8,10.5,87.0,10.0,22,12,"['Grillo', ""Nero d'Avola"", 'Sangiovese', 'Pinot Noir', 'Red Blend', 'Pinot Nero', 'Chardonnay', 'Moscato', 'White Blend', 'Pinot Grigio', 'Rosato', 'Cabernet Sauvignon']",Italy,Sicily & Sardinia,['Sicilia']
18965,Stemmler,89.8,38.1,90.0,44.0,18,2,"['Pinot Noir', 'Chardonnay']",US,California,"['Anderson Valley', 'Mendocino/Lake Counties']"
18966,Steorra,90.0,23.0,90.0,23.0,1,1,['Sparkling Blend'],US,California,"['Russian River Valley', 'Sonoma']"
18967,Stephan Ehlen,89.0,49.9,90.0,22.0,7,1,['Riesling'],Germany,Mosel-Saar-Ruwer,[]
18968,Stephan Ridge,92.0,75.0,92.0,75.0,1,1,['Red Blend'],US,California,"['Paso Robles', 'Central Coast']"
18969,Stephane Tissot,88.3,27.7,89.0,26.0,3,3,"['Sparkling Blend', 'Trousseau', 'Chardonnay']",France,France Other,['Crémant de Jura']
18970,Stephanie,87.9,48.6,88.0,50.0,7,3,"['Cabernet Sauvignon', 'Bordeaux-style Red Blend', 'Merlot']",US,California,"['Napa Valley', 'Napa']"
18971,Stephen & Walker,88.0,46.1,87.0,46.0,27,7,"['Cabernet Sauvignon', 'Petite Sirah', 'Sauvignon Blanc', 'Zinfandel', 'Muscat Canelli', 'Pinot Noir', 'Chardonnay']",US,California,"['Howell Mountain', 'Napa']"
18972,Stephen Ross,89.4,32.5,89.0,30.0,81,6,"['Albariño', 'Chardonnay', 'Pinot Noir', 'Zinfandel', 'Grenache', 'Pinot Gris']",US,California,"['Edna Valley', 'Central Coast']"
18973,Stephen Vincent,84.4,13.1,84.5,12.0,24,8,"['Pinot Noir', 'Chardonnay', 'Zinfandel', 'Merlot', 'Sauvignon Blanc', 'Red Blend', 'Rhône-style Red Blend', 'Cabernet Sauvignon']",US,California,"['Sonoma County', 'Sonoma']"
18974,Stephen's,85.8,27.4,86.0,30.0,13,3,"['Pinot Noir', 'Chardonnay', 'Pinot Grigio']",US,California,"['York Mountain', 'Central Coast']"
18975,Stephenson Cellars,92.0,33.2,92.0,30.0,4,2,"['Syrah', 'Cabernet Sauvignon']",US,Washington,"['Washington', 'Washington Other']"
18976,Steppe Cellars,87.2,23.3,87.0,28.0,11,8,"['Syrah', 'Merlot', 'Malbec', 'Red Blend', 'Bordeaux-style Red Blend', 'Gewürztraminer', 'Riesling', 'Sémillon']",US,Washington,"['Yakima Valley', 'Columbia Valley']"
18977,Stepping Stone by Cornerstone,87.7,29.2,87.5,32.5,6,4,"['Cabernet Franc', 'Syrah', 'Cabernet Sauvignon', 'Rosé']",US,California,"['Napa Valley', 'Napa']"
18978,Sterling,86.7,35.9,86.0,26.5,76,14,"['Riesling', 'Bordeaux-style Red Blend', 'Zinfandel', 'Sauvignon Blanc', 'Cabernet Sauvignon', 'Merlot', 'Red Blend', 'Pinot Grigio', 'Chardonnay', 'Pinot Noir', 'Shiraz', 'White Blend', 'Rosé', 'Syrah']",US,California,"['Central Coast', 'Central Coast']"
18979,Steve Hoff,89.4,32.4,89.0,29.0,5,2,"['Shiraz', 'Cabernet Sauvignon']",Australia,South Australia,['Barossa']
18980,Steven André,83.0,19.0,83.0,19.0,1,1,['Merlot'],US,California,"['Napa Valley', 'Napa']"
18981,Steven Kent,90.0,55.9,90.0,50.0,48,11,"['Sauvignon Blanc', 'Cabernet Sauvignon', 'Petit Verdot', 'Semillon-Sauvignon Blanc', 'Chardonnay', 'Sauvignon Blanc-Semillon', 'Petite Verdot', 'Malbec', 'Cabernet Franc', 'Red Blend', 'White Blend']",US,California,"['Livermore Valley', 'Central Coast']"
18982,Stevenot,87.1,17.1,87.0,15.0,28,19,"['Syrah', 'Zinfandel', 'Sauvignon Blanc', 'Albariño', 'Chardonnay', 'Pinot Noir', 'Cabernet Sauvignon', 'Marsanne', 'Pinot Grigio', 'Tempranillo', 'Verdelho', 'Muscat Canelli', 'Barbera', 'Merlot', 'Graciano', 'Cabernet Franc', 'Rosé', 'Red Blend', 'Torrontés']",US,California,"['Sierra Foothills', 'Sierra Foothills']"
18983,Stevens,90.6,30.7,91.0,31.0,69,10,"['Cabernet Sauvignon', 'Malbec', 'Viognier', 'Syrah', 'Bordeaux-style Red Blend', 'Cabernet Franc', 'Sauvignon Blanc', 'Red Blend', 'Merlot', 'Chardonnay']",US,Washington,"['Yakima Valley', 'Columbia Valley']"
18984,Stevens Divio,92.0,19.0,92.0,19.0,1,1,['Viognier'],US,Washington,"['Yakima Valley', 'Columbia Valley']"
18985,Stewart,91.3,69.5,91.0,47.5,6,2,"['Pinot Noir', 'Cabernet Sauvignon']",US,California,"['Russian River Valley', 'Sonoma']"
18986,Stewart Cellars,91.0,26.5,91.0,26.5,2,2,"['Rosé', 'Sauvignon Blanc']",US,California,"['Sonoma Mountain', 'Sonoma']"
18987,Stich den Buben,83.0,12.5,83.0,12.5,2,1,['Riesling'],Germany,Baden,[]
18988,Sticks,86.8,18.8,87.5,20.0,8,5,"['Cabernet Sauvignon', 'Pinot Noir', 'Chardonnay', 'Sauvignon Blanc', 'Shiraz-Viognier']",Australia,Victoria,['Yarra Valley']
18989,Stickybeak,85.5,19.4,85.0,20.0,19,6,"['Cabernet Sauvignon', 'Semillon-Sauvignon Blanc', 'Chardonnay', 'Pinot Noir', 'Syrah', 'Sauvignon Blanc']",US,California,"['Napa Valley', 'Napa']"
18990,Stift Göttweig,90.7,28.8,91.0,25.0,23,3,"['Grüner Veltliner', 'Riesling', 'White Blend']",Austria,Kremstal,[]
18991,Stift Göttweig,89.6,19.2,90.0,18.0,5,2,"['Pinot Noir', 'Grüner Veltliner']",Austria,Niederösterreich,[]
18992,Stift Klosterneuburg,88.3,16.7,89.0,17.0,7,2,"['Grüner Veltliner', 'Riesling']",Austria,Niederösterreich,[]
18993,Stift Klosterneuburg,89.9,26.2,90.0,25.0,18,8,"['St. Laurent', 'Red Blend', 'Zierfandler-Rotgipfler', 'Pinot Noir', 'Blaufränkisch', 'White Blend', 'Austrian white blend', 'Zweigelt']",Austria,Thermenregion,[]
18994,Stift Klosterneuburg,89.4,25.0,89.5,26.0,8,4,"['Austrian white blend', 'Weissburgunder', 'Chardonnay', 'Pinot Noir']",Austria,Vienna,[]
18995,Stift Klosterneuburg,91.0,23.0,91.0,23.0,2,1,['White Blend'],Austria,Wiener Gemischter Satz,[]
18996,Stift Klosterneuburg,90.0,,90.0,,1,1,['Sparkling Blend'],Austria,Österreichischer Sekt,[]
18997,Still River,89.0,25.0,89.0,25.0,1,1,['Apple'],US,Massachusetts,['Massachusetts']
18998,Still Waters,88.0,30.1,88.0,28.0,19,13,"['Cabernet Sauvignon', 'Cabernet Franc', 'Viognier', 'Pinot Gris', 'Chardonnay', 'Red Blend', 'Syrah', 'Merlot', 'Malbec', 'Bordeaux-style Red Blend', 'Sauvignon Blanc', 'Petite Sirah', 'Primitivo']",US,California,"['Paso Robles', 'Central Coast']"
18999,Stillman Brown,84.0,50.0,84.0,50.0,1,1,['Rhône-style Red Blend'],US,California,"['Paso Robles', 'Central Coast']"
19000,Stina's,84.0,55.0,84.0,55.0,2,2,"['Petit Verdot', 'Cabernet Sauvignon']",US,Washington,"['Wahluke Slope', 'Columbia Valley']"
19001,Stinson,86.5,25.2,87.0,24.0,19,9,"['Chardonnay', 'Tannat', 'Sauvignon Blanc', 'Bordeaux-style Red Blend', 'Cabernet Franc', 'Rkatsiteli', 'Merlot', 'Rosé', 'Meritage']",US,Virginia,['Monticello']
19002,Stival,84.0,9.3,84.0,10.0,4,1,['Pinot Grigio'],Italy,Veneto,['Veneto']
19003,Stobi,88.0,15.1,88.0,15.0,7,4,"['Vranec', 'Žilavka', 'Rkatsiteli', 'Pinot Noir']",Macedonia,Tikves,[]
19004,Stolen Horse,92.5,48.0,92.5,48.0,2,1,['Syrah'],US,Washington,"['Columbia Valley (WA)', 'Columbia Valley']"
19005,Stolen Identity,86.0,17.0,86.0,17.0,1,1,['Red Blend'],US,California,"['California', 'California Other']"
19006,Stolen Identity,86.0,15.5,86.0,15.5,2,2,"['Pinot Noir', 'Pinot Gris']",US,Oregon,"['Willamette Valley', 'Willamette Valley']"
19007,Stoller,89.5,37.4,89.0,28.0,45,5,"['Rosé', 'Pinot Noir', 'Chardonnay', 'Tempranillo', 'Riesling']",US,Oregon,"['Dundee Hills', 'Willamette Valley']"
19008,Stolo,90.6,30.2,91.0,26.0,19,5,"['Gewürztraminer', 'Syrah', 'Pinot Noir', 'Sauvignon Blanc', 'Chardonnay']",US,California,"['San Luis Obispo County', 'Central Coast']"
19009,Stolpman,90.7,44.5,90.0,38.0,39,10,"['Sangiovese-Syrah', 'Syrah', 'Rhône-style Red Blend', 'Sangiovese', 'Sauvignon Blanc', 'Grenache', 'Roussanne', 'Viognier', 'Red Blend', 'Roussanne-Viognier']",US,California,"['Ballard Canyon', 'Central Coast']"
19010,Stomennano,84.5,33.0,84.5,33.0,2,1,['Red Blend'],Italy,Tuscany,['Chianti Classico']
19011,Stomping Girl,85.7,35.0,85.5,35.0,6,2,"['Pinot Noir', 'Chardonnay']",US,California,"['Sonoma Coast', 'Sonoma']"
19012,Stomping Ground,85.5,10.0,86.0,10.0,4,4,"['Cabernet Sauvignon', 'Chardonnay', 'Pinot Grigio', 'Merlot']",US,California,"['California', 'California Other']"
19013,Stone Creek,82.2,8.5,82.0,8.5,4,3,"['Merlot', 'Zinfandel', 'Chardonnay']",US,California,"['California', 'California Other']"
19014,Stone Edge Farm,84.0,52.5,84.0,52.5,2,1,['Cabernet Sauvignon'],US,California,"['Sonoma Valley', 'Sonoma']"
19015,Stone Garden,83.0,8.0,83.0,8.0,2,2,"['Merlot', 'Pinot Grigio']",US,California,"['California', 'California Other']"
19016,Stone Paddock,85.0,25.0,85.0,25.0,1,1,['Pinot Noir'],New Zealand,Central Otago,[]
19017,Stone Paddock,84.7,16.0,85.0,16.0,3,2,"['Chardonnay', 'Sauvignon Blanc']",New Zealand,Hawke's Bay,[]
19018,Stone The Crows,93.3,92.1,93.0,85.0,7,1,['Cabernet Sauvignon'],US,California,"['Napa Valley', 'Napa']"
19019,Stone Tower,91.0,69.0,91.0,69.0,1,1,['Bordeaux-style Red Blend'],US,Virginia,['Virginia']
19020,Stone Wolf,89.0,14.0,89.0,14.0,1,1,['Pinot Noir'],US,Oregon,"['Willamette Valley', 'Willamette Valley']"
19021,StoneCap,86.2,9.2,86.0,9.5,20,5,"['Syrah', 'Chardonnay', 'Riesling', 'Merlot', 'Cabernet Sauvignon']",US,Washington,"['Columbia Valley (WA)', 'Columbia Valley']"
19022,StoneCutter,87.0,35.0,87.0,35.0,1,1,['Pinot Noir'],New Zealand,Martinborough,[]
19023,Stoneburn,86.0,12.3,86.0,12.0,3,2,"['Sauvignon Blanc', 'Pinot Noir']",New Zealand,Marlborough,[]
19024,Stonecap,86.2,9.5,86.5,9.5,4,3,"['Syrah', 'Riesling', 'Chardonnay']",US,Washington,"['Columbia Valley (WA)', 'Columbia Valley']"
19025,Stonecroft,88.3,25.0,89.0,23.0,3,2,"['Syrah', 'Chardonnay']",New Zealand,Hawke's Bay,[]
19026,Stonecroft,88.0,30.0,88.0,30.0,1,1,['Pinot Noir'],US,Oregon,"['Willamette Valley', 'Willamette Valley']"
19027,Stonecrop,88.0,21.0,88.0,21.0,4,2,"['Pinot Noir', 'Sauvignon Blanc']",New Zealand,Martinborough,[]
19028,Stonegate,86.7,23.5,85.0,22.0,11,6,"['Petit Verdot', 'Red Blend', 'Chardonnay', 'Merlot', 'Cabernet Sauvignon', 'Cabernet Franc']",US,California,"['Napa Valley', 'Napa']"
19029,Stonehaven,86.7,12.2,86.5,9.0,6,4,"['Shiraz', 'Chardonnay', 'Merlot', 'Shiraz-Cabernet Sauvignon']",Australia,Australia Other,['South Eastern Australia']
19030,Stonehaven,86.9,21.7,87.0,17.0,10,4,"['Riesling', 'Cabernet Sauvignon', 'Chardonnay', 'Shiraz']",Australia,South Australia,['South Australia']
19031,Stonehedge,86.7,23.1,88.0,25.0,17,10,"['Gewürztraminer', 'Merlot', 'Sauvignon Blanc', 'Zinfandel', 'Petite Sirah', 'Malbec', 'Chardonnay', 'Syrah', 'Grenache', 'Meritage']",US,California,"['Mendocino County', 'Mendocino/Lake Counties']"
19032,Stonehouse,86.0,18.0,86.0,18.0,1,1,['Viognier'],US,California,"['Shenandoah Valley (CA)', 'Sierra Foothills']"
19033,Stoneleigh,86.4,15.9,86.5,16.0,14,4,"['Pinot Noir', 'Sauvignon Blanc', 'Chardonnay', 'Riesling']",New Zealand,Marlborough,[]
19034,Stonestreet,91.7,55.4,92.0,45.0,55,7,"['Cabernet Sauvignon', 'Sauvignon Blanc', 'Merlot', 'Chardonnay', 'Bordeaux-style Red Blend', 'Semillon-Sauvignon Blanc', 'Red Blend']",US,California,"['Alexander Valley', 'Sonoma']"
19035,Stonewalker,86.0,10.0,86.0,10.0,1,1,['Chenin Blanc'],South Africa,Western Cape,[]
19036,Stonier,88.2,33.0,89.0,35.0,5,2,"['Chardonnay', 'Pinot Noir']",Australia,Victoria,['Mornington Peninsula']
19037,Stony Hill,91.6,39.1,92.0,36.0,7,5,"['Riesling', 'Chardonnay', 'White Riesling', 'Cabernet Sauvignon', 'Gewürztraminer']",US,California,"['Napa Valley', 'Napa']"
19038,Stony Lonesome,85.4,16.3,85.0,16.0,15,9,"['Sauvignon Blanc', 'Gewürztraminer', 'Merlot', 'Grüner Veltliner', 'Cabernet Sauvignon-Merlot', 'Chardonnay', 'Barbera', 'Zweigelt', 'Pinot Noir']",US,New York,"['Finger Lakes', 'Finger Lakes']"
19039,Stopham Estate,89.0,39.0,89.0,39.0,1,1,['Chardonnay'],England,England,[]
19040,Storks' Tower,84.9,17.3,85.0,13.0,9,4,"['Tempranillo-Shiraz', 'Rosé', 'Sauvignon Blanc-Verdejo', 'Verdejo-Sauvignon Blanc']",Spain,Northern Spain,['Vino de la Tierra de Castilla y León']
19041,Storm,91.1,42.6,91.5,42.5,14,3,"['Sauvignon Blanc', 'Syrah', 'Pinot Noir']",US,California,"['Santa Maria Valley', 'Central Coast']"
19042,Stormhoek,87.7,11.3,88.0,11.0,3,2,"['Sauvignon Blanc', 'Pinotage']",South Africa,Western Cape,[]
19043,Storrs,87.7,24.8,86.5,24.5,12,7,"['White Riesling', 'Gewürztraminer', 'Sauvignon Blanc', 'Chardonnay', 'Pinot Noir', 'Petite Sirah', 'Grenache']",US,California,"['Monterey', 'Central Coast']"
19044,Story,81.0,30.0,81.0,30.0,1,1,['Zinfandel'],US,California,"['California', 'California Other']"
19045,Storybook Mountain,89.7,49.3,90.0,48.0,11,3,"['Zinfandel', 'Cabernet Sauvignon', 'Red Blend']",US,California,"['Napa Valley', 'Napa']"
19046,Storyteller,86.0,9.0,86.0,9.0,1,1,['Chardonnay'],South Africa,Western Cape,[]
19047,Storyteller,86.8,25.0,87.0,25.0,4,4,"['Cabernet Sauvignon', 'Merlot', 'Pinot Noir', 'Red Blend']",US,California,"['Sonoma County', 'Sonoma']"
19048,Stottle,88.4,28.5,88.0,28.0,48,16,"['Tempranillo', 'Viognier', 'Barbera', 'Red Blend', 'Nebbiolo', 'Syrah', 'Malbec', 'Merlot', 'Sangiovese', 'Cabernet Sauvignon', 'Sauvignon Blanc-Semillon', 'Bordeaux-style Red Blend', 'White Blend', 'Roussanne', 'G-S-M', 'Mourvèdre']",US,Washington,"['Horse Heaven Hills', 'Columbia Valley']"
19049,Straccali,84.0,9.0,84.0,9.0,1,1,['Pinot Grigio'],Italy,Lombardy,['Provincia di Pavia']
19050,Straccali,85.4,11.1,85.0,10.0,9,2,"['Red Blend', 'Sangiovese']",Italy,Tuscany,['Chianti']
19051,Straight Line,89.2,27.0,89.0,28.5,12,5,"['Pinot Noir', 'Tempranillo', 'Sauvignon Blanc', 'Syrah', 'Zinfandel']",US,California,"['Marin County', 'North Coast']"
19052,Strait Jacket,87.3,20.0,87.0,20.0,3,3,"['Shiraz', 'Sauvignon Blanc-Semillon', 'Chardonnay']",Australia,Western Australia,['Western Australia']
19053,Strasserhof,88.0,29.0,88.0,29.0,2,2,"['Sylvaner', 'Kerner']",Italy,Northeastern Italy,['Alto Adige']
19054,Strata,92.0,34.0,92.0,34.0,1,1,['Merlot'],US,California,"['Napa Valley', 'Napa']"
19055,Stratford,86.0,40.0,86.0,40.0,1,1,['Pinot Noir'],New Zealand,Martinborough,[]
19056,Stratford,84.0,18.0,84.0,18.0,1,1,['Syrah'],US,California,"['California', 'California Other']"
19057,Strathewen Hills,90.0,43.3,89.0,30.0,3,3,"['Shiraz', 'Cabernet Sauvignon', 'Merlot']",Australia,Victoria,['Yarra Valley']
19058,Stratton Lummis,85.5,24.0,85.5,24.0,2,2,"['Cabernet Sauvignon', 'Chardonnay']",US,California,"['Napa Valley', 'Napa']"
19059,Stratum,84.0,10.0,84.0,10.0,1,1,['Chardonnay'],New Zealand,Marlborough,[]
19060,Stratus,92.0,70.0,92.0,70.0,1,1,['Riesling'],Canada,Ontario,['Niagara Peninsula']
19061,Strauss,87.0,17.9,87.5,18.5,16,9,"['Chardonnay', 'Sauvignon Blanc', 'Scheurebe', 'Pinot Blanc', 'Traminer', 'Gelber Muskateller', 'Austrian white blend', 'Austrian Red Blend', 'Rosé']",Austria,Steiermark,[]
19062,Strauss,89.6,19.9,89.0,20.0,9,4,"['Sauvignon Blanc', 'Gelber Muskateller', 'Chardonnay', 'Pinot Blanc']",Austria,Südsteiermark,[]
19063,Streamside,86.0,17.0,86.0,17.0,1,1,['Sauvignon Blanc'],US,California,"['Napa Valley', 'Napa']"
19064,Strehn,90.0,16.0,90.0,16.0,5,3,"['St. Laurent', 'Blaufränkisch', 'Rosé']",Austria,Burgenland,[]
19065,Strehn,90.0,21.0,90.0,21.0,1,1,['Blaufränkisch'],Austria,Mittelburgenland,[]
19066,Streicker,84.5,28.0,84.5,28.0,2,2,"['Sauvignon Blanc-Semillon', 'Rosé']",Australia,Western Australia,['Margaret River']
19067,Strip House,86.0,28.0,86.0,28.0,1,1,['Cabernet Sauvignon'],US,California,"['Napa Valley', 'Napa']"
19068,Stroblhof,88.5,44.0,88.5,44.0,2,1,['Pinot Nero'],Italy,Northeastern Italy,['Alto Adige']
19069,Stromberg Vineyards,90.3,31.7,90.0,30.0,3,2,"['Cabernet Sauvignon', 'Sauvignon Blanc']",US,California,"['Dry Creek Valley', 'Sonoma']"
19070,Stroppiana,86.9,60.4,86.0,60.0,18,3,"['Nebbiolo', 'Barbera', 'Red Blend']",Italy,Piedmont,['Barolo']
19071,Structure,90.9,35.1,91.0,36.5,8,4,"['Syrah', 'Cabernet Franc', 'Cabernet Sauvignon', 'Malbec']",US,Washington,"['Horse Heaven Hills', 'Columbia Valley']"
19072,Strydom,91.0,,91.0,,1,1,['Cabernet Sauvignon-Shiraz'],South Africa,Stellenbosch,[]
19073,Stryker Sonoma,89.0,49.0,89.0,50.0,5,2,"['Cabernet Sauvignon', 'Petit Verdot']",US,California,"['Alexander Valley', 'Sonoma']"
19074,Stuart Cellars,83.1,46.2,83.0,35.5,10,7,"['Petite Sirah', 'Zinfandel', 'Meritage', 'Viognier', 'Syrah', 'Cabernet Sauvignon', 'Bordeaux-style Red Blend']",US,California,"['Temecula Valley', 'South Coast']"
19075,Stubbs Vineyard,87.0,38.5,87.5,37.0,4,3,"['Pinot Noir', 'Chardonnay', 'Merlot']",US,California,"['Marin County', 'North Coast']"
19076,Studert-Prüm,89.5,23.5,90.0,23.5,6,1,['Riesling'],Germany,Mosel,[]
19077,Studert-Prüm,84.0,20.0,84.0,20.0,1,1,['Riesling'],Germany,Mosel-Saar-Ruwer,[]
19078,Stuessy Cellars,87.0,24.5,87.0,24.5,2,2,"['Petite Sirah', 'Red Blend']",US,California,"['Suisun Valley', 'North Coast']"
19079,Stuhlmuller Vineyards,89.1,36.8,90.0,37.0,26,4,"['Zinfandel', 'Pinot Noir', 'Cabernet Sauvignon', 'Chardonnay']",US,California,"['Alexander Valley', 'Sonoma']"
19080,Sturm,89.2,24.0,88.5,24.0,4,4,"['Sauvignon', 'Friulano', 'Pinot Grigio', 'Ribolla Gialla']",Italy,Northeastern Italy,['Collio']
19081,Stylo,85.0,15.5,85.0,15.5,2,1,['Garnacha'],Spain,Northern Spain,['Calatayud']
19082,Styring,90.1,42.6,90.5,40.0,14,5,"['Pinot Noir', 'Riesling', 'Red Blend', 'Cabernet Sauvignon', 'Bordeaux-style Red Blend']",US,Oregon,"['Ribbon Ridge', 'Willamette Valley']"
19083,Stéphane Aviron,92.0,22.1,92.0,24.0,9,1,['Gamay'],France,Beaujolais,['Morgon']
19084,SuLei,87.7,21.9,88.0,19.0,17,6,"['Sauvignon Blanc', 'Roussanne', 'Red Blend', 'Bordeaux-style Red Blend', 'Riesling', 'Cabernet Sauvignon']",US,Washington,"['Columbia Valley (WA)', 'Columbia Valley']"
19085,Suacci Carciere Wines,90.4,43.0,90.5,45.0,8,2,"['Chardonnay', 'Pinot Noir']",US,California,"['Russian River Valley', 'Sonoma']"
19086,Suavia,91.0,50.0,91.0,50.0,2,1,['Trebbiano'],Italy,Italy Other,['Vino Spumante']
19087,Suavia,89.1,33.1,88.5,33.0,26,2,"['Garganega', 'Trebbiano']",Italy,Veneto,['Soave Classico']
19088,Suberli,88.5,21.4,88.5,17.0,12,2,"['Sangiovese', 'Red Blend']",Italy,Tuscany,['Morellino di Scansano']
19089,Subida di Monte,85.8,28.5,85.5,28.0,4,4,"['Malvasia', 'Friulano', 'Pinot Grigio', 'Sauvignon']",Italy,Northeastern Italy,['Collio']
19090,Sublimis,81.0,12.0,81.0,12.0,1,1,['Cabernet Sauvignon'],Argentina,Mendoza Province,['Mendoza']
19091,Substance,89.2,27.1,88.5,19.0,22,8,"['Cabernet Sauvignon', 'Sauvignon Blanc', 'Cabernet Franc', 'Malbec', 'Syrah', 'Counoise', 'Merlot', 'Bordeaux-style Red Blend']",US,Washington,"['Columbia Valley (WA)', 'Columbia Valley']"
19092,Succulent Vineyards,86.5,17.0,86.5,17.0,2,2,"['Merlot', 'Sauvignon Blanc']",US,California,"['California', 'California Other']"
19093,Suertes del Marqués,90.5,33.2,91.0,33.5,4,4,"['White Blend', 'Babosa Negro', 'Listán Negro', 'Red Blend']",Spain,Spanish Islands,[]
19094,Sueño,88.0,20.0,88.0,20.0,1,1,['Tempranillo'],Spain,Central Spain,['Ribera del Júcar']
19095,Sugrue Pierre Ltd.,95.0,80.0,95.0,80.0,1,1,['Sparkling Blend'],England,England,[]
19096,Suha Punta,88.5,49.5,88.5,49.5,2,1,['Babić'],Croatia,North Dalmatia,[]
19097,Suhru,86.2,18.8,86.0,18.0,12,5,"['Pinot Grigio', 'Red Blend', 'Shiraz', 'Bordeaux-style Red Blend', 'Riesling']",US,New York,"['New York', 'New York Other']"
19098,Sula,90.2,13.8,90.0,12.0,8,3,"['Shiraz', 'Sauvignon Blanc', 'Chenin Blanc']",India,Nashik,[]
19099,Sula,82.0,12.0,82.0,12.0,1,1,['Shiraz'],US,California,"['Napa-Sonoma', 'Napa-Sonoma']"
19100,Sullivan,87.8,73.3,87.5,70.0,6,1,['Cabernet Sauvignon'],US,California,"['Rutherford', 'Napa']"
19101,Sultry Cellars,86.0,35.3,86.0,26.0,3,2,"['White Blend', 'Red Blend']",US,Arizona,['Arizona']
19102,Sumac Ridge,90.0,33.0,90.0,33.0,1,1,['Pinot Noir'],Canada,British Columbia,['Okanagan Valley']
19103,Sumaridge,85.0,15.0,85.0,15.0,1,1,['Sauvignon Blanc'],South Africa,Hemel en Aarde,[]
19104,Sumaridge,86.0,15.0,86.0,15.0,1,1,['Sauvignon Blanc'],South Africa,Walker Bay,[]
19105,Sumarroca,86.5,17.8,87.0,15.0,15,4,"['Sparkling Blend', 'Xarel-lo', 'Muscat', 'Chardonnay']",Spain,Catalonia,['Cava']
19106,Summerer,88.9,26.3,89.0,27.0,10,2,"['Grüner Veltliner', 'Riesling']",Austria,Kamptal,[]
19107,Summerland,88.6,37.5,88.0,40.0,35,6,"['Pinot Noir', 'Syrah', 'Cabernet Sauvignon', 'Chardonnay', 'G-S-M', 'Sparkling Blend']",US,California,"['Santa Maria Valley', 'Central Coast']"
19108,Summers,88.9,41.4,89.0,34.0,70,8,"['Charbono', 'Cabernet Sauvignon', 'Chardonnay', 'Bordeaux-style Red Blend', 'Merlot', 'Petite Sirah', 'Zinfandel', 'Malbec']",US,California,"['Calistoga', 'Napa']"
19109,Summerwood,87.2,45.6,87.0,40.0,17,11,"['Zinfandel', 'G-S-M', 'Rhône-style Red Blend', 'Bordeaux-style Red Blend', 'Rhône-style White Blend', 'Grenache Blanc', 'Cabernet Sauvignon', 'Viognier', 'Marsanne', 'Grenache', 'Syrah']",US,California,"['Paso Robles', 'Central Coast']"
19110,Summit Estates,83.3,9.0,84.0,9.0,3,2,"['Gewürztraminer', 'Riesling']",US,Washington,"['Washington', 'Washington Other']"
19111,Summit Lake,86.8,46.8,86.5,45.0,10,3,"['Zinfandel', 'Cabernet Sauvignon', 'Petite Sirah']",US,California,"['Howell Mountain', 'Napa']"
19112,Sun Garden,87.0,11.0,87.0,11.0,1,1,['Riesling'],Germany,Mosel,[]
19113,Sun Garden,84.5,9.5,84.5,9.5,2,1,['Riesling'],Germany,Mosel-Saar-Ruwer,[]
19114,Sun Garden,87.5,11.0,87.5,11.0,2,1,['Riesling'],Germany,Nahe,[]
19115,Sun Garden,86.0,10.2,86.5,10.5,4,2,"['Gewürztraminer', 'Pinot Noir']",Germany,Pfalz,[]
19116,Sun Garden,86.0,11.0,86.0,11.0,1,1,['Dornfelder'],Germany,Rheinhessen,[]
19117,Sun Valley,82.0,8.5,82.0,8.5,2,2,"['Sauvignon Blanc', 'Cabernet Sauvignon']",Chile,Lontué Valley,[]
19118,Sunbox Eleven,85.5,47.2,85.0,48.5,4,4,"['Pinot Noir', 'Petite Sirah', 'Rhône-style White Blend', 'Viognier']",US,California,"['Sta. Rita Hills', 'Central Coast']"
19119,Suncé Vineyard & Winery,85.6,41.2,86.0,48.0,9,6,"['Pinot Noir', 'Malvasia Bianca', 'Meritage', 'Cabernet Sauvignon', 'Mourvèdre', 'Red Blend']",US,California,"['Monterey', 'Central Coast']"
19120,Sundae wines,89.0,25.0,89.0,25.0,1,1,['Pinot Noir'],US,California,"['California', 'California Other']"
19121,Sundance,83.3,9.7,83.0,9.0,15,4,"['Cabernet Sauvignon', 'Merlot', 'Sauvignon Blanc', 'Chardonnay']",Chile,Maule Valley,[]
19122,Sunfire,82.0,45.0,82.0,45.0,2,1,['Red Blend'],US,California,"['Amador County', 'Sierra Foothills']"
19123,Sunset,85.0,23.0,85.0,23.0,1,1,['Zinfandel'],US,California,"['Dry Creek Valley', 'Sonoma']"
19124,Sunset Hills,86.0,29.9,87.0,26.0,7,5,"['Chardonnay', 'Cabernet Franc', 'Viognier', 'Petit Manseng', 'Red Blend']",US,Virginia,['Virginia']
19125,Sunshine Bay,87.0,15.0,87.0,15.0,1,1,['Pinot Noir'],New Zealand,Marlborough,[]
19126,Sunshine Organics,84.0,10.0,84.0,10.0,2,2,"['Chenin Blanc', 'Chardonnay']",South Africa,Western Cape,[]
19127,Sunstone,85.5,44.2,85.0,42.0,33,15,"['Syrah', 'Bordeaux-style Red Blend', 'Rhône-style Red Blend', 'Chardonnay', 'Cabernet Sauvignon', 'Cabernet Franc', 'Merlot', 'Sauvignon Blanc', 'Merlot-Cabernet Sauvignon', 'Pinot Noir', 'Rosé', 'Viognier', 'Pinot Grigio', 'Red Blend', 'Sangiovese']",US,California,"['Santa Ynez Valley', 'Central Coast']"
19128,Super Bojo,85.0,10.0,85.0,10.0,1,1,['Gamay'],France,Beaujolais,['Beaujolais']
19129,Super Hero,84.0,18.0,84.0,18.0,1,1,['Zinfandel'],US,California,"['California', 'California Other']"
19130,Super Sonoman,87.3,66.4,85.0,75.0,7,4,"['Meritage', 'Chardonnay', 'Syrah', 'Cabernet Sauvignon']",US,California,"['Sonoma County', 'Sonoma']"
19131,Superuco,91.0,52.0,91.0,40.0,5,2,"['Malbec', 'Malbec-Cabernet Franc']",Argentina,Mendoza Province,['Valle de Uco']
19132,Supèrbio,83.0,,83.0,,1,1,['Glera'],Italy,Veneto,['Prosecco']
19133,Sur de los Andes,86.5,18.7,87.0,15.0,31,7,"['Malbec', 'Bonarda', 'Cabernet Sauvignon', 'Torrontés', 'Malbec-Cabernet Sauvignon', 'Chardonnay', 'Red Blend']",Argentina,Mendoza Province,['Mendoza']
19134,Surf Point,82.8,9.0,83.0,9.0,8,4,"['Cabernet Sauvignon', 'Chardonnay', 'Pinot Grigio', 'Merlot']",US,California,"['California', 'California Other']"
19135,Surf Swim,87.0,10.0,87.0,10.0,2,1,['Chardonnay'],US,California,"['California', 'California Other']"
19136,Surfrider,85.4,22.6,85.0,20.0,5,3,"['Chardonnay', 'Pinot Gris', 'Red Blend']",US,California,"['Edna Valley', 'Central Coast']"
19137,Surh Luchtel,89.3,40.6,89.5,39.0,14,5,"['Syrah', 'Zinfandel', 'Cabernet Sauvignon', 'Pinot Noir', 'Cabernet Sauvignon-Merlot']",US,California,"['Oak Knoll District', 'Napa']"
19138,Survivant,83.0,20.0,83.0,20.0,1,1,['Syrah'],US,California,"['Santa Barbara County', 'Central Coast']"
19139,Susana Balbo,86.8,19.3,86.5,17.5,10,3,"['Cabernet Sauvignon', 'Malbec', 'Torrontés']",Argentina,Mendoza Province,['Mendoza']
19140,Susana Balbo,85.0,15.0,85.0,15.0,2,1,['Torrontés'],Argentina,Other,['Salta']
19141,Sutcliffe,85.2,33.2,85.5,34.0,4,4,"['Pinot Noir', 'Syrah', 'Pinot Gris', 'Red Blend']",US,California,"['Los Carneros', 'Napa-Sonoma']"
19142,Sutcliffe,86.7,33.0,87.0,30.0,22,12,"['Viognier', 'Riesling', 'Sauvignon Blanc', 'Rosé', 'Syrah', 'Chardonnay', 'Merlot', 'Cabernet Franc', 'Cabernet Sauvignon', 'Red Blend', 'Petit Verdot', 'Bordeaux-style Red Blend']",US,Colorado,['Colorado']
19143,Suter,83.5,9.0,83.5,9.0,2,2,"['Malbec', 'Cabernet Sauvignon']",Argentina,Mendoza Province,['Mendoza']
19144,Sutil,84.0,13.0,84.0,13.0,1,1,['Chardonnay'],Chile,Limarí Valley,[]
19145,Sutor,89.0,,89.0,,3,3,"['Pinot Noir', 'White Blend', 'Chardonnay']",Slovenia,Vipavska Dolina,[]
19146,Sutro,88.0,41.0,88.0,41.0,2,2,"['Cabernet Sauvignon', 'Merlot']",US,California,"['Alexander Valley', 'Sonoma']"
19147,Sutter Home,82.8,6.2,83.5,6.0,4,4,"['Merlot', 'Chardonnay', 'Zinfandel', 'Pinot Grigio']",US,California,"['California', 'California Other']"
19148,Suvla,88.5,28.2,89.0,17.0,12,9,"['Cabernet Sauvignon', 'Merlot', 'Syrah', 'Karasakiz', 'Red Blend', 'Chardonnay', 'Kinali Yapincak', 'Rosé', 'Bordeaux-style Red Blend']",Turkey,Thrace,[]
19149,Svago Buono,89.0,39.0,89.0,39.0,1,1,['White Blend'],US,California,"['Santa Ynez Valley', 'Central Coast']"
19150,Swaai,86.0,13.0,86.0,13.0,1,1,['Merlot'],South Africa,Western Cape,[]
19151,Swaii,85.0,13.0,85.0,13.0,1,1,['Chardonnay'],South Africa,Western Cape,[]
19152,Swanson,88.9,47.9,88.0,38.0,34,9,"['Sangiovese', 'Red Blend', 'Pinot Grigio', 'Mission', 'Cabernet Sauvignon', 'Merlot', 'Rosé', 'Cabernet Sauvignon-Syrah', 'Chardonnay']",US,California,"['Oakville', 'Napa']"
19153,Swartland,85.0,14.5,85.0,14.5,2,2,"['Shiraz', 'Pinotage']",South Africa,Swartland,[]
19154,Swedish Hill,86.2,18.6,86.0,16.5,24,7,"['Gewürztraminer', 'Riesling', 'Sparkling Blend', 'Cabernet Franc', 'Bordeaux-style Red Blend', 'Chardonnay', 'Red Blend']",US,New York,"['Finger Lakes', 'Finger Lakes']"
19155,Sweet Cheeks,86.9,27.5,87.0,25.0,17,8,"['Pinot Gris', 'Riesling', 'Tempranillo', 'Syrah', 'Pinot Noir', 'Red Blend', 'Merlot', 'Sauvignon Blanc']",US,Oregon,"['Willamette Valley', 'Willamette Valley']"
19156,Sweet Valley,85.0,30.0,85.0,30.0,3,2,"['Merlot', 'Cabernet Sauvignon']",US,Washington,"['Walla Walla Valley (WA)', 'Columbia Valley']"
19157,Sweet Valley Wines,86.4,19.0,88.0,19.0,5,4,"['Syrah', 'Red Blend', 'Merlot', 'Viognier']",US,Washington,"['Walla Walla Valley (WA)', 'Columbia Valley']"
19158,Sweetzer Cellars,90.8,42.6,91.0,45.0,5,2,"['Chardonnay', 'Pinot Noir']",US,California,"['Santa Maria Valley', 'Central Coast']"
19159,Swick,89.0,29.5,89.5,29.5,4,1,['Pinot Noir'],US,Oregon,"['Willamette Valley', 'Willamette Valley']"
19160,Swick,90.0,22.0,90.0,22.0,1,1,['Grenache'],US,Washington,"['Columbia Valley (WA)', 'Columbia Valley']"
19161,Swiftwater Cellars,87.5,55.0,87.5,55.0,2,1,['Pinot Noir'],US,Oregon,"['Willamette Valley', 'Willamette Valley']"
19162,Swiftwater Cellars,89.1,39.7,89.0,38.0,33,10,"['Syrah', 'Malbec', 'Cabernet Sauvignon', 'Bordeaux-style Red Blend', 'Riesling', 'Merlot', 'Chardonnay', 'Bordeaux-style White Blend', 'Cabernet Franc', 'Rosé']",US,Washington,"['Columbia Valley (WA)', 'Columbia Valley']"
19163,Swingset,92.0,120.0,92.0,120.0,1,1,['Cabernet Sauvignon'],US,California,"['Napa Valley', 'Napa']"
19164,Swirl,84.5,18.0,84.5,18.0,2,1,['Malbec'],US,California,"['San Antonio Valley', 'Central Coast']"
19165,Switchback Ridge,91.2,58.8,92.0,56.0,6,3,"['Cabernet Sauvignon', 'Petite Sirah', 'Merlot']",US,California,"['Napa Valley', 'Napa']"
19166,Syan,86.2,32.5,87.0,32.5,4,3,"['Shiraz', 'Cabernet Sauvignon-Shiraz', 'Red Blend']",Australia,Victoria,['Pyrenees']
19167,Sylla Sebaste,88.5,39.0,88.5,39.0,2,1,['Nebbiolo'],Italy,Piedmont,['Barolo']
19168,Sylvain Dussort,83.0,,83.0,,1,1,['Chardonnay'],France,Burgundy,['Bourgogne']
19169,Sylvaine et Alain Normand,88.7,30.3,88.0,29.0,3,1,['Chardonnay'],France,Burgundy,['Pouilly-Fuissé']
19170,Sylvan Springs,87.0,19.5,87.0,19.5,2,1,['Shiraz'],Australia,South Australia,['McLaren Vale']
19171,Sylvester,84.9,23.6,84.0,23.0,25,13,"['Cabernet Franc', 'Cabernet Sauvignon', 'Merlot', 'Petite Sirah', 'Sangiovese', 'Syrah', 'Meritage', 'Sauvignon Blanc', 'Pinot Noir', 'Rhône-style Red Blend', 'Zinfandel', 'Chardonnay', 'Bordeaux-style Red Blend']",US,California,"['Paso Robles', 'Central Coast']"
19172,Sylvestra,87.0,25.0,87.0,25.0,1,1,['Champagne Blend'],Argentina,Mendoza Province,['Mendoza']
19173,Symington Family Estates,87.9,15.6,87.0,14.0,26,3,"['Portuguese Red', 'Portuguese White', 'Touriga Nacional']",Portugal,Douro,[]
19174,Syncline,90.3,31.7,89.0,25.0,3,3,"['Grüner Veltliner', 'Red Blend', 'Pinot Noir']",US,Oregon,"['Columbia Gorge (OR)', 'Oregon Other']"
19175,Syncline,90.3,28.8,90.0,25.0,84,19,"['Picpoul', 'Syrah', 'Grenache Blanc', 'Mourvèdre', 'Carignan-Grenache', 'Pinot Noir', 'Rhône-style Red Blend', 'Viognier', 'White Blend', 'Grüner Veltliner', 'Roussanne', 'Red Blend', 'Marsanne', 'Rhône-style White Blend', 'Grenache-Carignan', 'Rosé', 'Grenache', 'Cinsault', 'Sparkling Blend']",US,Washington,"['Yakima Valley', 'Columbia Valley']"
19176,Syrahmi,92.0,32.0,92.0,32.0,1,1,['Shiraz'],Australia,Victoria,['Heathcote']
19177,Syzygy,89.9,32.9,90.5,33.0,14,3,"['Cabernet Sauvignon', 'Syrah', 'Red Blend']",US,Washington,"['Columbia Valley (WA)', 'Columbia Valley']"
19178,Szepsy,93.0,,93.0,,1,1,['Tokaji'],Hungary,Tokaj,[]
19179,Szigeti,88.5,24.3,89.0,25.0,15,8,"['Austrian white blend', 'Welschriesling', 'Grüner Veltliner', 'Austrian Red Blend', 'Sparkling Blend', 'Pinot Noir', 'Riesling', 'Chardonnay']",Austria,Österreichischer Sekt,[]
19180,Szoke Matyás,87.7,13.0,87.0,13.0,3,3,"['Pinot Gris', 'Grüner Veltliner', 'Irsai Oliver']",Hungary,Mátra,[]
19181,Sàniger,86.0,11.0,86.0,11.0,2,1,['Sparkling Blend'],Spain,Catalonia,['Cava']
19182,Séamus Wines,87.0,58.0,87.0,57.0,3,3,"['Sauvignon Blanc', 'Cabernet Sauvignon', 'Pinot Noir']",US,California,"['Russian River Valley', 'Sonoma']"
19183,Sélection Laurence Féraud,89.4,33.2,90.0,22.0,13,1,['Rhône-style Red Blend'],France,Rhône Valley,['Côtes du Rhône']
19184,Sérafin Père et Fils,91.0,251.8,91.0,258.5,4,1,['Pinot Noir'],France,Burgundy,['Morey-Saint-Denis']
19185,Sícoris,84.0,15.0,84.0,15.0,1,1,['Red Blend'],Spain,Catalonia,['Costers del Segre']
19186,T,80.0,11.0,80.0,11.0,1,1,['Tinta del Toro'],Spain,Northern Spain,['Toro']
19187,T'Gallant,86.0,21.5,86.0,21.5,2,2,"['Chardonnay', 'Pinot Noir']",Australia,Victoria,['Mornington Peninsula']
19188,T'Jara,87.6,28.3,87.0,25.0,7,4,"['Red Blend', 'Merlot', 'Bordeaux-style Red Blend', 'Cabernet Franc']",US,New York,"['North Fork of Long Island', 'Long Island']"
19189,T.A.T.T,89.0,18.0,89.0,18.0,1,1,['Red Blend'],US,Washington,"['Columbia Valley (WA)', 'Columbia Valley']"
19190,T.P.O.,89.0,,89.0,,1,1,['White Blend'],Austria,Wiener Gemischter Satz,[]
19191,T.W. Fermentation,91.0,64.0,91.0,64.0,1,1,['Cabernet Sauvignon'],US,California,"['Paso Robles', 'Central Coast']"
19192,TAO,87.0,34.0,87.0,34.0,2,2,"['Sangiovese', 'Cabernet Sauvignon']",US,California,['South Coast']
19193,TH,90.7,63.3,89.0,55.0,3,3,"['Grenache-Syrah', 'Syrah', 'Rhône-style Red Blend']",US,California,"['Paso Robles Willow Creek District', 'Central Coast']"
19194,THP,85.0,20.0,85.0,20.0,1,1,['Red Blend'],US,Texas,['Texas High Plains']
19195,TLC,87.5,16.0,87.5,16.0,2,2,"['Chardonnay', 'Cabernet Sauvignon-Shiraz']",Australia,South Australia,['Limestone Coast']
19196,TR Elliott,91.7,41.7,92.0,43.0,6,2,"['Chardonnay', 'Pinot Noir']",US,California,"['Russian River Valley', 'Sonoma']"
19197,TV Celadon,83.0,26.0,83.0,26.0,1,1,['Grenache Blanc'],US,California,"['Arroyo Seco', 'Central Coast']"
19198,TWODOG,84.1,13.1,84.0,13.0,7,6,"['Cabernet Sauvignon', 'Zinfandel', 'White Blend', 'Red Blend', 'Sauvignon Blanc', 'Chardonnay']",US,California,"['Central Coast', 'Central Coast']"
19199,Taba,86.0,16.0,86.0,16.0,2,2,"['Falanghina', 'Greco']",Italy,Southern Italy,['Falanghina del Sannio']
19200,Tabarrini,88.2,52.0,88.0,55.0,17,4,"['Sagrantino', 'Red Blend', 'White Blend', 'Trebbiano Spoletino']",Italy,Central Italy,['Umbria']
19201,Tablas Creek,88.5,32.1,88.0,27.0,80,11,"['Rhône-style White Blend', 'Rosé', 'Rhône-style Red Blend', 'Vermentino', 'Syrah', 'Roussanne', 'Grenache', 'Mourvèdre', 'White Blend', 'Red Blend', 'Grenache Blanc']",US,California,"['Paso Robles', 'Central Coast']"
19202,Table No. 7,85.3,11.0,86.0,11.0,3,3,"['Chardonnay', 'Merlot', 'Cabernet Sauvignon']",US,California,"['Lodi', 'Central Valley']"
19203,Tablelands,90.0,15.0,90.0,15.0,1,1,['Sauvignon Blanc'],New Zealand,East Coast,[]
19204,Tablelands,88.0,18.0,88.0,18.0,2,2,"['Pinot Noir', 'Pinot Gris']",New Zealand,Marlborough,[]
19205,Tablelands,86.7,17.3,87.0,15.0,3,2,"['Sauvignon Blanc', 'Pinot Noir']",New Zealand,Martinborough,[]
19206,Tabor,88.9,19.9,89.0,18.0,20,7,"['Cabernet Sauvignon', 'Shiraz', 'Chardonnay', 'Red Blend', 'Merlot', 'Sauvignon Blanc', 'White Blend']",Israel,Galilee,[]
19207,Tacama,83.0,14.3,83.0,15.0,7,5,"['Malbec', 'White Blend', 'Red Blend', 'Petit Verdot', 'Sparkling Blend']",Peru,Ica,[]
19208,Tacora,84.0,25.0,84.0,25.0,1,1,['Cabernet Sauvignon-Carmenère'],Chile,Colchagua Valley,[]
19209,Tacora,83.0,13.0,83.0,13.0,1,1,['Pinot Noir'],Chile,Limarí Valley,[]
19210,Taft Street,85.3,19.8,85.0,18.0,19,5,"['Chardonnay', 'Pinot Noir', 'Sauvignon Blanc', 'Zinfandel', 'Merlot']",US,California,"['Russian River Valley', 'Sonoma']"
19211,Tagaris,86.0,25.7,86.0,30.0,15,9,"['Chenin Blanc', 'Red Blend', 'Tempranillo', 'Counoise', 'Mourvèdre', 'Malbec', 'Petit Verdot', 'Sangiovese', 'Johannisberg Riesling']",US,Washington,"['Columbia Valley (WA)', 'Columbia Valley']"
19212,Tagonius,87.0,26.7,86.0,27.0,3,1,['Red Blend'],Spain,Central Spain,['Madrid']
19213,Tahbilk,88.9,36.7,89.0,25.0,27,4,"['Marsanne', 'Viognier', 'Cabernet Sauvignon', 'Shiraz']",Australia,Victoria,['Nagambie Lakes']
19214,Tahoe Ridge,81.0,28.0,81.0,28.0,1,1,['Merlot'],US,California,"['Lodi', 'Central Valley']"
19215,Tahora,88.0,12.0,88.0,12.0,1,1,['Portuguese White'],Portugal,Alentejano,[]
19216,Tait Wines,88.7,25.7,89.0,25.0,6,3,"['Shiraz', 'Cabernet Sauvignon', 'G-S-M']",Australia,South Australia,['Barossa Valley']
19217,Taittinger,91.4,103.7,92.0,89.5,52,2,"['Champagne Blend', 'Chardonnay']",France,Champagne,['Champagne']
19218,Taj,86.1,27.1,86.0,25.5,8,4,"['Sauvignon Blanc', 'Syrah', 'Zinfandel', 'Chardonnay']",US,California,"['Sonoma Coast', 'Sonoma']"
19219,Taken Wine Co.,89.0,24.9,89.0,20.0,10,6,"['Chardonnay', 'Cabernet Sauvignon-Merlot', 'Bordeaux-style Red Blend', 'Red Blend', 'Pinot Noir', 'Rhône-style Red Blend']",US,California,"['Sonoma County', 'Sonoma']"
19220,Taking Root,83.8,8.0,84.0,8.0,4,3,"['Sauvignon Blanc', 'Pinot Grigio', 'Red Blend']",Moldova,Cahul,[]
19221,Talamonti,87.2,15.5,87.0,15.5,35,5,"['Montepulciano', 'Trebbiano', 'Red Blend', 'Pecorino', 'Rosé']",Italy,Central Italy,"[""Montepulciano d'Abruzzo""]"
19222,Talaria,83.0,22.0,83.0,22.0,2,2,"['Red Blend', 'Merlot']",US,California,"['Sonoma County', 'Sonoma']"
19223,Talbott,89.4,42.0,90.0,42.0,62,3,"['Chardonnay', 'Pinot Noir', 'Riesling']",US,California,"['Monterey', 'Central Coast']"
19224,Talenti,90.0,55.9,90.0,60.0,18,2,"['Sangiovese Grosso', 'Sangiovese']",Italy,Tuscany,['Brunello di Montalcino']
19225,Taliano,86.9,31.0,87.0,34.0,7,2,"['Nebbiolo', 'Red Blend']",Italy,Piedmont,['Barbaresco']
19226,Talis Wine,87.0,15.0,87.0,15.0,1,1,['Sauvignon'],Italy,Northeastern Italy,['Venezia Giulia']
19227,Talisman,89.9,51.2,90.0,48.0,37,1,['Pinot Noir'],US,California,"['Sonoma Coast', 'Sonoma']"
19228,Tall Horse,84.0,8.0,84.0,8.0,1,1,['Shiraz'],South Africa,South Africa,[]
19229,Tall Horse,84.8,8.2,85.0,8.0,4,3,"['Shiraz', 'Pinotage', 'Merlot']",South Africa,Western Cape,[]
19230,Tall Poppy,85.0,13.0,86.0,13.0,5,3,"['Shiraz', 'Chardonnay', 'Viognier']",Australia,Australia Other,['South Eastern Australia']
19231,Tall Poppy,82.0,13.0,82.0,13.0,3,3,"['Shiraz', 'Merlot', 'Red Blend']",Australia,Victoria,['Murray-Darling']
19232,Talley,90.7,42.7,91.0,40.0,107,2,"['Chardonnay', 'Pinot Noir']",US,California,"['Arroyo Grande Valley', 'Central Coast']"
19233,Tallulah,90.0,40.0,90.0,40.0,1,1,['Syrah'],US,California,"['Mount Veeder', 'Napa']"
19234,Talmage,87.0,28.0,87.0,28.0,2,2,"['Red Blend', 'Syrah']",US,California,"['Mendocino', 'Mendocino/Lake Counties']"
19235,Talomas,85.0,14.0,85.0,14.0,1,1,['Cabernet Sauvignon-Merlot'],US,California,"['California', 'California Other']"
19236,Talosa,87.0,26.8,87.0,26.5,4,2,"['Red Blend', 'Sangiovese']",Italy,Tuscany,['Rosso di Montepulciano']
19237,Taltarni,87.3,20.5,87.5,20.0,6,3,"['Sparkling Blend', 'Sauvignon Blanc', 'Champagne Blend']",Australia,Australia Other,['Australia']
19238,Taltarni,87.8,21.9,88.0,20.5,16,4,"['Shiraz', 'Sauvignon Blanc', 'Cabernet Sauvignon-Merlot', 'Cabernet Sauvignon']",Australia,Victoria,['Heathcote']
19239,Talty Vineyards & Winery,89.0,37.0,89.0,37.0,1,1,['Zinfandel'],US,California,"['Dry Creek Valley', 'Sonoma']"
19240,Talus,83.5,8.1,84.0,8.0,14,7,"['Chardonnay', 'Pinot Grigio', 'Shiraz', 'Pinot Noir', 'Cabernet Sauvignon', 'Zinfandel', 'Merlot']",US,California,"['California', 'California Other']"
19241,Talus Collection,85.0,8.0,85.0,8.0,1,1,['Chardonnay'],US,California,"['Lodi', 'Central Valley']"
19242,Tamar Ridge,86.9,20.9,87.5,21.0,8,4,"['Riesling', 'Pinot Noir', 'Pinot Gris', 'Sauvignon Blanc']",Australia,Tasmania,['Tasmania']
19243,Tamarack Cellars,93.0,50.0,93.0,50.0,1,1,['Bordeaux-style Red Blend'],US,Oregon,"['Walla Walla Valley (OR)', 'Oregon Other']"
19244,Tamarack Cellars,90.0,31.2,90.0,28.0,92,13,"['Syrah', 'Bordeaux-style Red Blend', 'Red Blend', 'Petit Verdot', 'Counoise', 'Rhône-style Red Blend', 'Cabernet Franc', 'Merlot', 'Sangiovese', 'Cabernet Sauvignon', 'Chardonnay', 'Viognier', 'Mourvèdre']",US,Washington,"['Columbia Valley (WA)', 'Columbia Valley']"
19245,Tamaral,89.0,25.0,89.0,25.0,2,1,['Tempranillo'],Spain,Northern Spain,['Ribera del Duero']
19246,Tamarí,86.5,16.3,87.0,14.0,13,4,"['Cabernet Sauvignon', 'Malbec', 'Torrontés', 'Red Blend']",Argentina,Mendoza Province,['Mendoza']
19247,Tamarí,86.8,14.2,87.0,14.5,4,1,['Torrontés'],Argentina,Other,['La Rioja']
19248,Tamaya,85.5,15.5,86.0,15.0,41,11,"['White Blend', 'Chardonnay', 'Syrah', 'Carmenère', 'Sauvignon Blanc', 'Rosé', 'Red Blend', 'Cabernet Sauvignon', 'Chardonnay-Viognier', 'Muscat', 'Merlot']",Chile,Limarí Valley,[]
19249,Tamayo,81.5,19.5,81.5,19.5,2,2,"['Red Blend', 'Syrah']",US,California,"['Contra Costa County', 'Central Coast']"
19250,Tamayo Family,87.1,26.6,87.0,24.0,7,5,"['Pinot Noir', 'Sauvignon Blanc', 'Chardonnay', 'Syrah', 'Cabernet Sauvignon']",US,California,"['Santa Lucia Highlands', 'Central Coast']"
19251,Tamber Bey,88.7,55.9,89.0,55.0,19,6,"['Cabernet Sauvignon', 'Chardonnay', 'Bordeaux-style Red Blend', 'Pinot Noir', 'Sauvignon Blanc', 'Merlot']",US,California,"['Oakville', 'Napa']"
19252,Tamburello,83.0,,83.0,,1,1,['Perricone'],Italy,Sicily & Sardinia,['Sicilia']
19253,Tamburini,86.8,19.0,87.0,16.0,5,2,"['Sangiovese', 'White Blend']",Italy,Tuscany,['Toscana']
19254,Tamburlaine,83.0,11.0,83.0,11.0,2,2,"['Chardonnay', 'Merlot-Cabernet']",Australia,Australia Other,['South Eastern Australia']
19255,Tamburlaine,83.5,15.0,83.5,15.0,2,2,"['Sauvignon Blanc-Chardonnay', 'Malbec']",Australia,New South Wales,['Orange']
19256,Tamellini,88.0,,88.0,,1,1,['Garganega'],Italy,Veneto,['Soave']
19257,Tamás,84.5,10.0,84.5,10.0,2,2,"['Pinot Grigio', 'Red Blend']",US,California,"['Central Coast', 'Central Coast']"
19258,Tamás Estates,86.1,17.0,85.5,12.0,14,6,"['Red Blend', 'Pinot Grigio', 'Zinfandel', 'Nebbiolo', 'Sangiovese', 'Barbera']",US,California,"['San Francisco Bay-Livermore Valley', 'Central Coast']"
19259,Tandem,84.8,19.2,85.0,20.0,4,4,"['Bordeaux-style Red Blend', 'Merlot', 'Red Blend', 'Tempranillo-Merlot']",Spain,Northern Spain,['Navarra']
19260,Tandem,90.2,46.8,90.0,48.0,33,5,"['Chardonnay', 'Red Blend', 'Zinfandel', 'Pinot Noir', 'Pinot Meunier']",US,California,"['Russian River Valley', 'Sonoma']"
19261,Tangent,88.9,17.3,88.0,17.0,50,8,"['Pinot Gris', 'Grenache Blanc', 'Viognier', 'Sauvignon Blanc', 'Albariño', 'Riesling', 'White Blend', 'Pinot Blanc']",US,California,"['Edna Valley', 'Central Coast']"
19262,Tangley Oaks,86.1,17.8,86.0,15.0,17,6,"['Merlot', 'Pinot Noir', 'Chardonnay', 'Cabernet Sauvignon', 'Sauvignon Blanc', 'Rosé']",US,California,"['Napa Valley', 'Napa']"
19263,Tangley Oaks,83.0,24.0,83.0,24.0,1,1,['Pinot Noir'],US,Oregon,"['Willamette Valley', 'Willamette Valley']"
19264,Tango,85.3,10.3,84.0,10.0,3,3,"['Cabernet Sauvignon', 'Chardonnay', 'Malbec']",Argentina,Mendoza Province,['Mendoza']
19265,Tango Reàl,86.5,25.0,86.5,25.0,2,2,"['Malbec', 'Cabernet Sauvignon']",Argentina,Mendoza Province,['San Rafael']
19266,Tango Sur,83.6,8.4,83.5,8.0,10,7,"['Merlot', 'Shiraz', 'Tempranillo', 'Cabernet Sauvignon', 'Chardonnay', 'Malbec', 'Pinot Grigio']",Argentina,Mendoza Province,['Mendoza']
19267,Tank Garage,88.0,45.0,88.0,45.0,1,1,['Red Blend'],US,California,"['Sonoma County', 'Sonoma']"
19268,Tanner,88.5,33.0,88.0,33.5,6,5,"['Barbera', 'Vermentino', 'Red Blend', 'Carignane', 'Petite Sirah']",US,California,"['Sierra Foothills', 'Sierra Foothills']"
19269,Tanner DaFoe,92.8,93.8,93.0,99.0,5,3,"['Cabernet Sauvignon', 'Cabernet Sauvignon-Cabernet Franc', 'Bordeaux-style Red Blend']",US,California,"['Santa Ynez Valley', 'Central Coast']"
19270,Tantalus,92.0,27.0,92.0,27.0,1,1,['Riesling'],Canada,British Columbia,['Okanagan Valley']
19271,Tantalus Vineyards,91.0,25.0,91.0,25.0,1,1,['Riesling'],Canada,British Columbia,['Okanagan Valley']
19272,Tantara,90.9,56.7,91.0,60.0,49,4,"['Pinot Noir', 'Chardonnay', 'Syrah', 'Cabernet Franc']",US,California,"['Santa Maria Valley', 'Central Coast']"
19273,Tanterra,83.0,19.0,83.0,19.0,3,3,"['Tannat-Syrah', 'Tannat', 'Red Blend']",Uruguay,San Jose,[]
19274,Taonga,87.0,14.0,87.0,14.0,1,1,['Sauvignon Blanc'],New Zealand,Marlborough,[]
19275,TapaNappa,90.0,68.5,89.5,70.0,4,3,"['Merlot', 'Pinot Noir', 'Chardonnay']",Australia,South Australia,['Wrattonbully']
19276,Tapada de Villar,86.5,18.5,86.5,18.5,2,1,['Portuguese Red'],Portugal,Alentejo,[]
19277,Tapestry,89.0,30.1,89.0,25.0,15,4,"['Shiraz', 'Chardonnay', 'Cabernet Sauvignon', 'Grenache']",Australia,South Australia,['McLaren Vale']
19278,Tapeña,84.2,10.0,84.0,10.0,13,4,"['Tempranillo', 'Rosé', 'Verdejo', 'Garnacha']",Spain,Central Spain,['Vino de la Tierra de Castilla']
19279,Tapiz,87.9,27.6,88.0,16.0,34,9,"['Chardonnay', 'Malbec', 'Red Blend', 'Cabernet Sauvignon', 'Rosé', 'Merlot', 'Syrah', 'Pinot Noir', 'Torrontés']",Argentina,Mendoza Province,['Mendoza']
19280,Taplin Cellars,92.0,65.0,92.0,65.0,1,1,['Cabernet Sauvignon'],US,California,"['St. Helena', 'Napa']"
19281,Tapteil Vineyard,88.8,31.4,88.5,33.0,8,6,"['Riesling', 'Syrah', 'Mourvèdre', 'Merlot', 'Bordeaux-style Red Blend', 'Cabernet Sauvignon']",US,Washington,"['Yakima Valley', 'Columbia Valley']"
19282,Tar & Roses,88.0,30.0,88.0,30.0,2,2,"['Tempranillo', 'Shiraz']",Australia,Victoria,['Heathcote']
19283,Tara Bella,86.8,71.8,88.5,71.5,4,1,['Cabernet Sauvignon'],US,California,"['Napa Valley', 'Napa']"
19284,Tarantas,84.0,15.0,84.0,15.0,2,1,['Sparkling Blend'],Spain,Catalonia,['Cava']
19285,Tarantas,83.2,10.8,82.5,10.5,4,4,"['Bobal', 'Sparkling Blend', 'Monastrell', 'Tempranillo']",Spain,Levante,['Valencia']
19286,Tarantas,84.0,10.0,84.0,10.0,1,1,['Sparkling Blend'],Spain,Spain Other,['Spain']
19287,Tarapaca,88.0,18.0,88.0,18.0,1,1,['Sauvignon Blanc'],Chile,Leyda Valley,[]
19288,Tarapaca,86.0,14.5,86.5,14.0,10,5,"['Cabernet Sauvignon', 'Sauvignon Blanc', 'Chardonnay', 'Carmenère', 'Red Blend']",Chile,Maipo Valley,[]
19289,Tarara,85.7,31.5,85.5,30.0,42,12,"['Cabernet Franc', 'Chardonnay-Viognier', 'Red Blend', 'Chardonnay', 'Rkatsiteli', 'Petit Manseng', 'White Blend', 'Syrah', 'Viognier', 'Merlot', 'Tannat', 'Merlot-Cabernet Sauvignon']",US,Virginia,['Virginia']
19290,Tardencuba,86.0,22.0,86.0,22.0,1,1,['Tempranillo'],Spain,Northern Spain,['Toro']
19291,Tardieu-Laurent,90.4,57.7,90.5,56.0,54,6,"['Syrah', 'Grenache-Syrah', 'Rhône-style Red Blend', 'Grenache', 'Rhône-style White Blend', 'Viognier']",France,Rhône Valley,['Cornas']
19292,Targovishte,84.3,9.3,84.0,9.0,3,3,"['Muskat Ottonel', 'Riesling', 'Sauvignon Blanc']",Bulgaria,Black Sea Coastal,[]
19293,Targovishte,83.4,8.9,83.0,9.0,9,5,"['Traminer', 'Muskat Ottonel', 'Riesling', 'Sauvignon Blanc', 'Chardonnay']",Bulgaria,Bulgaria,[]
19294,Tarius,88.0,23.0,88.0,23.0,1,1,['Zinfandel'],US,California,"['Mendocino', 'Mendocino/Lake Counties']"
19295,Tarlant,91.5,,91.5,,4,2,"['Champagne Blend', 'Pinot Meunier']",France,Champagne,['Champagne']
19296,Taron,86.1,16.7,85.0,15.0,15,5,"['Tempranillo', 'Viura', 'Tempranillo Blend', 'Rosé', 'Red Blend']",Spain,Northern Spain,['Rioja']
19297,TarraWarra,87.3,29.0,87.0,18.0,6,3,"['Pinot Noir', 'Chardonnay', 'Shiraz']",Australia,Victoria,['Yarra Valley']
19298,Tarsus,85.0,25.0,85.0,25.0,1,1,['Red Blend'],Spain,Northern Spain,['Ribera del Duero']
19299,Tasca d'Almerita,88.5,29.1,88.0,20.0,97,13,"['White Blend', 'Perricone', 'Grillo', 'Red Blend', ""Nero d'Avola"", 'Syrah', 'Inzolia', 'Cabernet Sauvignon', 'Malvasia', 'Chardonnay', 'Nerello Mascalese', 'Rosé', 'Sparkling Blend']",Italy,Sicily & Sardinia,['Sicilia']
19300,Tascante,90.8,30.0,91.0,20.0,4,1,['Nerello Mascalese'],Italy,Sicily & Sardinia,['Sicilia']
19301,Tassajara,87.3,20.7,87.0,20.0,3,2,"['Syrah', 'Pinot Noir']",US,California,"['Paso Robles', 'Central Coast']"
19302,Tassi,89.2,71.7,89.0,60.0,15,3,"['Sangiovese Grosso', 'Red Blend', 'Sangiovese']",Italy,Tuscany,['Brunello di Montalcino']
19303,Tatachilla,85.8,13.1,86.0,12.0,13,7,"['Cabernet Sauvignon', 'Chardonnay', 'Shiraz', 'Merlot', 'Grenache-Shiraz', 'Rhône-style Red Blend', 'Red Blend']",Australia,South Australia,['South Australia']
19304,Tate Creek,84.0,6.0,84.0,6.0,1,1,['Syrah'],US,California,"['California', 'California Other']"
19305,Tatiarra,91.0,57.0,91.0,57.0,2,1,['Shiraz'],Australia,Victoria,['Heathcote']
19306,Tatomer,91.0,25.0,91.0,25.0,2,2,"['Riesling', 'Grüner Veltliner']",US,California,"['Santa Barbara County', 'Central Coast']"
19307,Taurino,88.5,24.8,89.0,14.5,4,2,"['Negroamaro', 'Red Blend']",Italy,Southern Italy,['Puglia']
19308,Taurus,83.0,15.0,83.0,15.0,1,1,['Tinta de Toro'],Spain,Northern Spain,['Toro']
19309,Taverna,86.7,20.5,87.0,20.0,7,5,"['Aglianico', 'Red Blend', 'Moscato Giallo', 'Greco', 'Rosato']",Italy,Southern Italy,['Aglianico del Vulture']
19310,Tawert S.A.,81.7,6.0,81.0,6.0,3,3,"['Malbec', 'Chardonnay', 'Cabernet Sauvignon']",Argentina,Mendoza Province,['Mendoza']
19311,Taylor,82.0,44.5,82.0,44.5,2,2,"['Sauvignon Blanc', 'Cabernet Sauvignon']",US,California,"['Napa Valley', 'Napa']"
19312,Taylor Fladgate,92.1,103.6,91.0,52.5,36,1,['Port'],Portugal,Port,[]
19313,Taylor Fladgate,90.0,42.0,90.0,42.0,1,1,['Port'],Portugal,Portugal,[]
19314,Tayson Pierce,91.3,63.0,92.0,65.0,3,2,"['Cabernet Sauvignon', 'Chardonnay']",US,California,"['Napa Valley', 'Napa']"
19315,Taz,88.4,26.5,87.0,28.0,19,4,"['Pinot Noir', 'Pinot Gris', 'Syrah', 'Chardonnay']",US,California,"['Sta. Rita Hills', 'Central Coast']"
19316,Tbilvino,87.6,13.4,87.0,12.0,5,3,"['Rkatsiteli', 'Red Blend', 'Saperavi']",Georgia,Kakheti,[]
19317,Te Awa,88.6,26.4,89.0,23.0,23,9,"['Cabernet Sauvignon-Merlot', 'Red Blend', 'Sauvignon Blanc', 'Merlot-Cabernet Sauvignon', 'Chardonnay', 'Syrah', 'Bordeaux-style Red Blend', 'Merlot', 'Cabernet Sauvignon']",New Zealand,Hawke's Bay,[]
19318,Te Awa Farm,88.1,17.4,88.0,16.0,8,5,"['Bordeaux-style Red Blend', 'Sauvignon Blanc', 'Chardonnay', 'Pinotage', 'Merlot']",New Zealand,Hawke's Bay,[]
19319,Te Hera,89.0,,89.0,,1,1,['Pinot Noir'],New Zealand,Martinborough,[]
19320,Te Kairanga,87.8,25.8,88.0,23.0,19,4,"['Pinot Noir', 'Sauvignon Blanc', 'Chardonnay', 'Cabernet Sauvignon']",New Zealand,Martinborough,[]
19321,Te Mara,85.0,33.0,85.0,33.0,1,1,['Pinot Gris'],New Zealand,Central Otago,[]
19322,Te Mata,90.1,40.7,91.0,30.0,11,5,"['Sauvignon Blanc', 'Bordeaux-style Red Blend', 'Syrah', 'Pinot Noir', 'Chardonnay']",New Zealand,Hawke's Bay,[]
19323,Te Whare Ra,88.0,,88.0,,1,1,['Pinot Noir'],New Zealand,Marlborough,[]
19324,TeBri Vineyards,85.0,28.0,85.0,28.0,2,1,['Pinot Noir'],US,Oregon,"['Willamette Valley', 'Willamette Valley']"
19325,TeHo,91.5,78.8,91.0,85.0,4,3,"['Malbec-Cabernet Sauvignon', 'Malbec', 'Red Blend']",Argentina,Mendoza Province,['Mendoza']
19326,Teal Lake,84.7,13.0,85.0,12.0,3,3,"['Chardonnay', 'Shiraz', 'Muscat']",Australia,Australia Other,['South Eastern Australia']
19327,Teanum,86.1,19.4,86.0,17.5,12,7,"['Red Blend', 'Aglianico', 'Negroamaro', 'Nero di Troia', 'Primitivo', 'Sparkling Blend', 'Rosato']",Italy,Southern Italy,['Puglia']
19328,Tecce,90.0,,90.0,,1,1,['Aglianico'],Italy,Southern Italy,['Irpinia']
19329,Teddy Hall,89.7,,90.0,,3,3,"['Cabernet Sauvignon', 'Chenin Blanc', 'Shiraz']",South Africa,Stellenbosch,[]
19330,Tedeschi,89.2,65.3,89.0,52.0,36,3,"['Red Blend', 'Corvina, Rondinella, Molinara', 'Garganega']",Italy,Veneto,['Amarone della Valpolicella']
19331,Tedeschi,83.7,34.3,84.0,36.0,3,3,"['Rosé', 'Pinot Noir', 'Merlot']",US,California,"['Sonoma Coast', 'Sonoma']"
19332,Tedeschi Family,84.0,47.0,84.0,51.5,6,4,"['Cabernet Sauvignon', 'Merlot', 'Chardonnay', 'Rosé']",US,California,"['Napa Valley', 'Napa']"
19333,Tefft Cellars,86.0,15.0,86.0,15.0,1,1,['Merlot'],US,Washington,"['Yakima Valley', 'Columbia Valley']"
19334,Tegernseerhof,94.0,44.0,94.0,44.0,1,1,['Riesling'],Austria,Niederösterreich,[]
19335,Tegernseerhof,91.1,32.7,91.5,35.0,42,4,"['White Blend', 'Riesling', 'Grüner Veltliner', 'Pinot Noir']",Austria,Wachau,[]
19336,Teillery,80.0,14.0,80.0,14.0,2,2,"['Carmenère', 'Cabernet Sauvignon']",Chile,Maipo Valley,[]
19337,Tejada,89.0,33.5,89.0,33.5,2,2,"['Garnacha', 'Grenache']",US,California,"['Lake County', 'Mendocino/Lake Counties']"
19338,Telavi,82.5,11.0,82.5,11.0,2,2,"['Saperavi', 'White Blend']",Georgia,Georgia,[]
19339,Telavi,85.6,20.8,86.5,15.5,12,4,"['Rkatsiteli', 'Saperavi', 'Saperavi-Merlot', 'White Blend']",Georgia,Kakheti,[]
19340,Telavi,85.0,13.0,85.0,13.0,1,1,['Saperavi'],Georgia,Napareuli,[]
19341,Telaya,88.5,32.3,89.0,32.0,6,3,"['Syrah', 'Mourvèdre', 'Red Blend']",US,Idaho,[]
19342,Telaya,86.9,27.2,87.0,27.5,14,9,"['Bordeaux-style Red Blend', 'Syrah', 'Red Blend', 'Cabernet Sauvignon', 'Chardonnay', 'Viognier', 'Malbec', 'White Blend', 'Grenache Blanc']",US,Washington,"['Yakima Valley', 'Columbia Valley']"
19343,Teliani Valley,90.0,20.0,90.0,20.0,1,1,['Red Blend'],Georgia,Georgia,[]
19344,Teliani Valley,88.5,14.2,88.5,14.0,4,2,"['Saperavi', 'White Blend']",Georgia,Kakheti,[]
19345,Telmo Rodríguez,88.0,41.9,88.0,38.0,7,3,"['Moscatel', 'White Blend', 'Moscatel de Alejandría']",Spain,Andalucia,['Málaga']
19346,Telmo Rodríguez,84.8,14.9,85.5,15.0,8,2,"['Monastrell', 'Red Blend']",Spain,Levante,['Alicante']
19347,Telmo Rodríguez,88.8,47.4,89.0,32.0,45,7,"['Tempranillo', 'Tempranillo Blend', 'White Blend', 'Tinta de Toro', 'Red Blend', 'Verdejo-Viura', 'Tinto Fino']",Spain,Northern Spain,['Rioja']
19348,Telteca,83.5,11.4,84.0,13.0,13,7,"['Malbec', 'Sauvignon Blanc', 'Torrontés', 'Chardonnay', 'Shiraz', 'Merlot', 'Red Blend']",Argentina,Mendoza Province,['Mendoza']
19349,Tement,89.4,24.0,89.0,23.0,18,4,"['Sauvignon Blanc', 'Weissburgunder', 'White Blend', 'Gelber Muskateller']",Austria,Südsteiermark,[]
19350,Temple Bruer,87.5,14.8,86.5,15.0,4,4,"['Chenin Blanc', 'Cabernet Sauvignon', 'Grenache', 'Shiraz-Malbec']",Australia,South Australia,['Langhorne Creek']
19351,Temporal,87.0,20.0,87.0,20.0,1,1,['Tempranillo'],US,Washington,"['Washington', 'Washington Other']"
19352,Tempra Tantrum,84.2,10.0,84.0,10.0,5,4,"['Tempranillo-Shiraz', 'Tempranillo-Merlot', 'Tempranillo-Cabernet Sauvignon', 'Tempranillo-Garnacha']",Spain,Central Spain,['Vino de la Tierra de Castilla']
19353,Temps de Flors,89.0,14.0,89.0,14.0,1,1,['White Blend'],Spain,Catalonia,['Penedès']
19354,Temptation,86.0,13.0,86.0,13.0,2,1,['Zinfandel'],US,California,"['California', 'California Other']"
19355,Tempus Alba,86.7,17.2,87.0,16.5,6,3,"['Tempranillo', 'Malbec', 'Cabernet Sauvignon']",Argentina,Mendoza Province,['Mendoza']
19356,Tempus Cellars,88.0,28.0,88.0,28.0,1,1,['Merlot'],US,Oregon,"['Walla Walla Valley (OR)', 'Oregon Other']"
19357,Tempus Cellars,89.0,26.4,89.0,25.0,20,6,"['Riesling', 'Cabernet Sauvignon', 'Grenache', 'Syrah', 'Bordeaux-style Red Blend', 'Cabernet Franc']",US,Washington,"['Ancient Lakes', 'Columbia Valley']"
19358,Tempus Two,88.0,25.0,88.0,25.0,1,1,['Shiraz'],Australia,South Australia,['Barossa Valley']
19359,Ten Acre,87.2,44.8,87.0,48.0,5,2,"['Chardonnay', 'Pinot Noir']",US,California,"['Sonoma Coast', 'Sonoma']"
19360,Ten Mile,84.0,11.0,83.0,11.0,3,2,"['White Blend', 'Red Blend']",US,California,"['California', 'California Other']"
19361,Ten Sisters,87.6,20.2,87.0,20.0,5,2,"['Pinot Noir', 'Sauvignon Blanc']",New Zealand,Marlborough,[]
19362,Tendil & Lombardi,89.0,65.2,89.5,59.0,10,3,"['Champagne Blend', 'Pinot Noir', 'Chardonnay']",France,Champagne,['Champagne']
19363,Tendril,91.7,54.0,92.0,54.0,10,2,"['Pinot Noir', 'Chardonnay']",US,Oregon,"['Willamette Valley', 'Willamette Valley']"
19364,Tenet,92.0,43.0,92.0,25.0,5,2,"['G-S-M', 'Syrah']",US,Washington,"['Columbia Valley (WA)', 'Columbia Valley']"
19365,Tenimenti Angelini,89.7,51.7,90.0,41.0,24,4,"['Sangiovese Grosso', 'Sangiovese', 'Red Blend', 'Prugnolo Gentile']",Italy,Tuscany,['Brunello di Montalcino']
19366,Tenimenti Ca' Bianca,87.5,27.0,87.5,16.0,8,4,"['Moscato', 'Nebbiolo', 'Brachetto', 'Barbera']",Italy,Piedmont,"[""Moscato d'Asti""]"
19367,Tenimenti Famiglia Cavallero,88.1,50.3,87.5,51.5,8,1,['Nebbiolo'],Italy,Piedmont,['Barbaresco']
19368,Tenimenti Luigi D'Alessandro,89.0,43.0,89.0,49.0,3,1,['Syrah'],Italy,Tuscany,['Cortona']
19369,Tenimenti Montagnana,80.0,10.0,80.0,10.0,1,1,['Montepulciano'],Italy,Central Italy,"[""Montepulciano d'Abruzzo""]"
19370,Tenimenti Ricci,91.0,40.0,91.0,40.0,2,2,"['Sangiovese', 'Sangiovese Grosso']",Italy,Tuscany,['Brunello di Montalcino']
19371,Tenimenti Zabù,86.2,14.0,87.0,16.0,5,4,"[""Nero d'Avola"", 'Red Blend', 'Nerello Mascalese', 'Grillo']",Italy,Sicily & Sardinia,['Sicilia']
19372,Tenoira,83.0,15.0,83.0,15.0,1,1,['Mencía'],Spain,Northern Spain,['Bierzo']
19373,Tenor,90.5,63.2,91.0,58.0,13,6,"['Malbec', 'Chardonnay', 'Merlot', 'Syrah', 'Bordeaux-style Red Blend', 'Sauvignon Blanc']",US,Washington,"['Columbia Valley (WA)', 'Columbia Valley']"
19374,Tenshen,89.9,21.7,90.0,20.0,7,4,"['Rhône-style Red Blend', 'White Blend', 'Red Blend', 'Rosé']",US,California,"['Santa Barbara County', 'Central Coast']"
19375,Tensley,92.0,47.1,92.5,42.0,10,2,"['Syrah', 'Rhône-style Red Blend']",US,California,"['Santa Barbara County', 'Central Coast']"
19376,Tenuta 2 Castelli,88.0,,88.0,,1,1,['Glera'],Italy,Veneto,['Valdobbiadene Prosecco Superiore']
19377,Tenuta Alzatura,88.4,40.0,89.0,45.0,5,2,"['Sagrantino', 'Red Blend']",Italy,Central Italy,['Sagrantino di Montefalco']
19378,Tenuta Amalia,87.0,14.0,87.0,14.0,1,1,['Sangiovese'],Italy,Central Italy,['Sangiovese di Romagna']
19379,Tenuta Argentiera,90.0,57.3,89.0,30.0,26,6,"['Red Blend', 'Merlot', 'Cabernet Franc', 'Rosato', 'White Blend', 'Bordeaux-style Red Blend']",Italy,Tuscany,['Bolgheri']
19380,Tenuta Arnulfo,88.0,26.2,88.0,20.0,4,3,"['Nebbiolo', 'Barbera', 'Dolcetto']",Italy,Piedmont,['Barolo']
19381,Tenuta Barone Nicolò La Lumia,86.9,44.2,87.0,43.5,9,2,"[""Nero d'Avola"", 'Insolia']",Italy,Sicily & Sardinia,['Sicilia']
19382,Tenuta Belguardo,89.0,24.5,89.0,24.5,2,2,"['Red Blend', 'Sangiovese']",Italy,Tuscany,['Morellino di Scansano']
19383,Tenuta Bellafonte,93.0,55.0,93.0,55.0,2,1,['Sagrantino'],Italy,Central Italy,['Sagrantino di Montefalco']
19384,Tenuta Buon Tempo,88.7,55.0,88.5,60.0,6,1,['Sangiovese'],Italy,Tuscany,['Brunello di Montalcino']
19385,Tenuta Ca' Vescovo,86.0,12.0,86.0,12.0,1,1,['Pinot Grigio'],Italy,Northeastern Italy,['Friuli Aquileia']
19386,Tenuta Cantalupi,86.0,14.0,86.0,14.0,1,1,['Negroamaro'],Italy,Southern Italy,['Salento']
19387,Tenuta Caparzo,87.2,36.9,87.5,21.0,10,3,"['Sangiovese', 'Sangiovese Grosso', 'White Blend']",Italy,Tuscany,['Rosso di Montalcino']
19388,Tenuta Cappellina,88.0,38.3,88.0,45.0,3,2,"['Red Blend', 'Canaiolo']",Italy,Tuscany,['Toscana']
19389,Tenuta Carlina,89.8,52.0,90.0,54.0,4,1,['Sangiovese Grosso'],Italy,Tuscany,['Brunello di Montalcino']
19390,Tenuta Carretta,87.9,41.8,88.0,38.0,18,3,"['Nebbiolo', 'Arneis', 'Barbera']",Italy,Piedmont,['Barbaresco']
19391,Tenuta Casaletti,86.0,14.0,86.0,14.0,1,1,['Red Blend'],Italy,Veneto,['Valpolicella']
19392,Tenuta Casali,87.0,23.0,87.0,23.0,2,2,"['Sangiovese', 'Red Blend']",Italy,Central Italy,['Romagna']
19393,Tenuta Castelbuono,89.7,36.0,88.0,36.0,3,2,"['Sagrantino', 'Red Blend']",Italy,Central Italy,['Sagrantino di Montefalco']
19394,Tenuta Cavalier Pepe,87.6,30.9,88.0,25.0,11,5,"['Fiano', 'Aglianico', 'Falanghina', 'Coda di Volpe', 'Red Blend']",Italy,Southern Italy,['Fiano di Avellino']
19395,Tenuta Cerulli Spinozzi,88.0,14.0,88.0,14.0,2,1,['Montepulciano'],Italy,Central Italy,"[""Montepulciano d'Abruzzo Colline Teramane""]"
19396,Tenuta Chiccheri,91.0,60.0,92.0,70.0,3,2,"['Corvina, Rondinella, Molinara', 'Red Blend']",Italy,Veneto,['Valpolicella Superiore']
19397,Tenuta Cocci Grifoni,87.8,21.9,88.0,18.0,13,6,"['Red Blend', 'White Blend', 'Pecorino', 'Sangiovese', 'Verdicchio', 'Champagne Blend']",Italy,Central Italy,['Rosso Piceno Superiore']
19398,Tenuta Coppadoro,87.2,35.5,87.0,25.5,4,2,"['Montepulciano', 'Red Blend']",Italy,Southern Italy,['Puglia']
19399,Tenuta Crocedimezzo,90.2,58.7,90.0,60.0,5,2,"['Sangiovese Grosso', 'Sangiovese']",Italy,Tuscany,['Brunello di Montalcino']
19400,Tenuta Cà Bolani,86.0,16.0,86.0,16.0,1,1,['Prosecco'],Italy,Italy Other,['Italy']
19401,Tenuta Cà Bolani,87.0,17.0,85.5,17.0,10,3,"['Pinot Grigio', 'Sauvignon', 'Prosecco']",Italy,Northeastern Italy,['Friuli Aquileia']
19402,Tenuta Cà Bolani,85.7,19.0,85.0,19.0,3,1,['Glera'],Italy,Veneto,['Prosecco']
19403,Tenuta Cà du Russ,85.0,25.0,85.0,25.0,1,1,['Nebbiolo'],Italy,Italy Other,['Vino Spumante']
19404,Tenuta Duecorti,89.0,61.7,89.0,70.0,3,1,['Nebbiolo'],Italy,Piedmont,['Barolo']
19405,Tenuta Farneta,82.0,28.0,82.0,28.0,2,1,['Sangiovese'],Italy,Tuscany,['Toscana']
19406,Tenuta Fernanda Cappello,87.0,12.0,87.0,12.0,2,2,"['Friulano', 'Traminer']",Italy,Northeastern Italy,['Friuli Grave']
19407,Tenuta Forconi,87.5,60.0,87.5,60.0,2,1,['Red Blend'],Italy,Tuscany,['Toscana']
19408,Tenuta Friggiali,89.5,57.3,90.0,60.0,15,2,"['Sangiovese', 'Sangiovese Grosso']",Italy,Tuscany,['Brunello di Montalcino']
19409,Tenuta Fujanera,86.7,16.0,87.0,16.0,3,2,"['Nero di Troia', 'Falanghina']",Italy,Southern Italy,['Puglia']
19410,Tenuta Ghiaccio Forte,88.0,19.0,88.0,19.0,1,1,['Red Blend'],Italy,Tuscany,['Morellino di Scansano']
19411,Tenuta Gorghi Tondi,87.1,24.8,87.0,24.0,8,4,"[""Nero d'Avola"", 'White Blend', 'Zibibbo', 'Grillo']",Italy,Sicily & Sardinia,['Sicilia']
19412,Tenuta Grimani,88.0,,88.0,,1,1,['Garganega'],Italy,Veneto,['Soave']
19413,Tenuta H.Lentsch,89.0,26.5,89.0,26.5,2,2,"['Moscato Giallo', 'Red Blend']",Italy,Northeastern Italy,['Alto Adige']
19414,Tenuta I Greppi,91.3,50.0,92.0,56.5,6,1,['Red Blend'],Italy,Tuscany,['Bolgheri Superiore']
19415,Tenuta Il Bosco,86.3,20.0,86.0,20.0,3,2,"['Pinot Nero', 'Sparkling Blend']",Italy,Lombardy,['Oltrepò Pavese']
19416,Tenuta Il Faggeto,89.0,13.0,89.0,13.0,1,1,['Red Blend'],Italy,Tuscany,['Rosso di Montepulciano']
19417,Tenuta Il Poggione,88.5,28.0,88.5,28.0,2,1,['Sangiovese Grosso'],Italy,Tuscany,['Rosso di Montalcino']
19418,Tenuta Klaus Lentsch,89.5,30.0,89.5,30.0,2,2,"['Grüner Veltliner', 'Pinot Nero']",Italy,Northeastern Italy,['Alto Adige']
19419,Tenuta L'Illuminata,88.3,56.0,90.0,60.0,6,2,"['Barbera', 'Nebbiolo']",Italy,Piedmont,"[""Barbera d'Alba""]"
19420,Tenuta La Badiola,87.0,17.2,87.0,15.0,6,4,"['Red Blend', 'Viognier', 'Vermentino', 'Alicante']",Italy,Tuscany,['Maremma Toscana']
19421,Tenuta La Fuga,90.9,66.6,91.0,67.0,17,2,"['Sangiovese', 'Sangiovese Grosso']",Italy,Tuscany,['Brunello di Montalcino']
19422,Tenuta La Gigliola,87.0,15.0,87.0,15.0,1,1,['Red Blend'],Italy,Tuscany,['Chianti']
19423,Tenuta La Marchesa,87.7,18.6,87.5,19.0,6,2,"['Cortese', 'Red Blend']",Italy,Piedmont,['Gavi']
19424,Tenuta La Meridiana,88.5,29.0,88.5,29.0,2,1,['Barbera'],Italy,Piedmont,"[""Barbera d'Asti Superiore""]"
19425,Tenuta La Novella,89.0,,89.0,,1,1,['Red Blend'],Italy,Tuscany,['Chianti Classico']
19426,Tenuta La Pergola,91.0,,91.0,,1,1,['Barbera'],Italy,Piedmont,"[""Barbera d'Asti Superiore""]"
19427,Tenuta La Ponca,87.3,18.0,87.0,18.0,3,3,"['Malvasia', 'Ribolla Gialla', 'Friulano']",Italy,Northeastern Italy,['Collio']
19428,Tenuta La Tenaglia,88.3,,89.0,,3,1,['Barbera'],Italy,Piedmont,['Barbera del Monferrato Superiore']
19429,Tenuta La Vigna,86.3,14.3,87.0,15.0,3,1,['Vernaccia'],Italy,Tuscany,['Vernaccia di San Gimignano']
19430,Tenuta La Viola,88.0,29.0,88.0,31.5,4,2,"['Albana', 'Sangiovese']",Italy,Central Italy,['Forlì']
19431,Tenuta Le Calcinaie,90.0,18.0,90.0,16.0,5,2,"['Vernaccia', 'White Blend']",Italy,Tuscany,['Vernaccia di San Gimignano']
19432,Tenuta Le Querce,88.7,40.8,89.0,40.0,6,2,"['Aglianico', 'Red Blend']",Italy,Southern Italy,['Aglianico del Vulture']
19433,Tenuta Le Velette,86.5,18.5,86.5,18.5,2,2,"['Merlot', 'White Blend']",Italy,Central Italy,['Umbria']
19434,Tenuta Luisa,87.2,19.7,87.0,20.0,17,7,"['Pinot Grigio', 'Refosco', 'Red Blend', 'Sauvignon', 'Friulano', 'Tocai Friulano', 'Ribolla Gialla']",Italy,Northeastern Italy,['Isonzo del Friuli']
19435,Tenuta Mazzolino,90.0,35.0,90.0,35.0,1,1,['Chardonnay'],Italy,Italy Other,['Vino Spumante']
19436,Tenuta Mazzolino,85.0,40.0,85.0,40.0,1,1,['Pinot Nero'],Italy,Lombardy,['Oltrepò Pavese']
19437,Tenuta Montanello,92.0,,92.0,,3,1,['Nebbiolo'],Italy,Piedmont,['Barolo']
19438,Tenuta Monte Gorna,88.3,25.0,88.0,25.0,3,2,"['White Blend', 'Red Blend']",Italy,Sicily & Sardinia,['Etna']
19439,Tenuta Montecchiesi,90.0,45.0,90.0,45.0,1,1,['Syrah'],Italy,Tuscany,['Cortona']
19440,Tenuta Montedelma di Berardi,88.0,35.0,88.0,35.0,4,1,['Sparkling Blend'],Italy,Lombardy,['Franciacorta']
19441,Tenuta Monteti,91.9,37.8,92.0,36.0,9,1,['Red Blend'],Italy,Tuscany,['Toscana']
19442,Tenuta Moraia,88.5,20.5,88.5,20.5,2,1,['Red Blend'],Italy,Tuscany,['Maremma']
19443,Tenuta Olim Bauda,88.2,23.1,87.5,20.0,8,4,"['Moscato', 'Barbera', 'Cortese', 'Chardonnay']",Italy,Piedmont,['Piedmont']
19444,Tenuta Oliveto,88.3,49.5,90.0,53.5,9,2,"['Sangiovese Grosso', 'Sangiovese']",Italy,Tuscany,['Brunello di Montalcino']
19445,Tenuta Pederzana,84.5,20.5,85.0,19.5,4,1,['Lambrusco'],Italy,Central Italy,['Lambrusco Grasparossa di Castelvetro']
19446,Tenuta Peter Sölva & Söhne,88.1,25.6,88.0,22.5,8,6,"['Pinot Nero', 'Sauvignon', 'Pinot Bianco', 'Pinot Grigio', 'Red Blend', 'Lagrein']",Italy,Northeastern Italy,['Alto Adige']
19447,Tenuta Pierazzuoli,87.0,19.7,87.0,13.0,3,2,"['Sangiovese', 'Red Blend']",Italy,Tuscany,['Chianti Montalbano']
19448,Tenuta Pietramora,87.0,17.0,87.0,17.0,1,1,['Red Blend'],Italy,Tuscany,['Morellino di Scansano']
19449,Tenuta Poggio Rosso,87.3,31.3,87.0,34.0,3,3,"['Viognier', 'Red Blend', 'Cabernet Sauvignon']",Italy,Tuscany,['Toscana']
19450,Tenuta Poggio il Castellare,88.5,50.2,87.5,48.5,4,2,"['Sangiovese Grosso', 'Sangiovese']",Italy,Tuscany,['Brunello di Montalcino']
19451,Tenuta Polvaro,87.3,15.0,85.0,14.0,3,3,"['Verduzzo', 'Pinot Grigio', 'Glera']",Italy,Veneto,['Veneto']
19452,Tenuta Ponte,84.0,,84.0,,1,1,['Aglianico'],Italy,Southern Italy,['Irpinia']
19453,Tenuta Rapitalà,88.3,22.8,88.0,18.0,52,9,"['Grillo', 'Rosato', 'Catarratto', 'Red Blend', 'Syrah', ""Nero d'Avola"", 'White Blend', 'Chardonnay', 'Sauvignon']",Italy,Sicily & Sardinia,['Sicilia']
19454,Tenuta Rocca,89.0,50.4,88.5,59.0,16,4,"['Nebbiolo', 'Red Blend', 'Barbera', 'Dolcetto']",Italy,Piedmont,['Barolo']
19455,Tenuta Rocca di Montemassi,88.0,11.0,88.0,11.0,1,1,['Sangiovese'],Italy,Tuscany,['Maremma']
19456,Tenuta Roletto,87.0,35.0,87.0,35.0,1,1,['Sparkling Blend'],Italy,Italy Other,['Vino Spumante']
19457,Tenuta Roletto,88.0,35.0,88.0,35.0,1,1,['Erbaluce'],Italy,Piedmont,['Erbaluce di Caluso']
19458,Tenuta Roveglia,91.6,20.6,91.5,18.5,10,1,['Turbiana'],Italy,Lombardy,['Lugana']
19459,Tenuta San Francesco,86.3,22.5,87.0,22.5,3,2,"['Red Blend', 'White Blend']",Italy,Southern Italy,"[""Costa d'Amalfi""]"
19460,Tenuta San Giorgio,89.1,44.5,89.0,50.0,15,3,"['Sangiovese', 'Sangiovese Grosso', 'Red Blend']",Italy,Tuscany,['Brunello di Montalcino']
19461,Tenuta San Guido,92.0,116.7,91.0,58.0,28,3,"['Red Blend', 'Sangiovese', 'Cabernet Sauvignon']",Italy,Tuscany,['Bolgheri Sassicaia']
19462,Tenuta San Jacopo,87.0,15.5,87.0,15.5,2,2,"['Sangiovese', 'Red Blend']",Italy,Tuscany,['Chianti']
19463,Tenuta San Leonardo,91.0,56.6,91.0,61.0,7,2,"['Red Blend', 'Sauvignon Blanc']",Italy,Northeastern Italy,['Vigneti delle Dolomiti']
19464,Tenuta San Mauro,88.5,40.0,88.5,40.0,2,2,"['Barbera', 'Nebbiolo']",Italy,Piedmont,"[""Barbera d'Asti Superiore""]"
19465,Tenuta San Vito,86.4,30.3,87.0,32.5,9,4,"['Merlot', 'Sangiovese', 'Red Blend', 'White Blend']",Italy,Tuscany,['Toscana']
19466,Tenuta Sant'Anna,87.0,,87.0,,1,1,['Glera'],Italy,Veneto,['Valdobbiadene Superiore di Cartizze']
19467,Tenuta Sant'Antonio,87.5,19.0,87.5,19.0,2,2,"['Corvina', 'Chardonnay']",Italy,Northeastern Italy,['Del Veneto']
19468,Tenuta Sant'Antonio,89.9,37.1,90.0,34.5,29,5,"['Corvina, Rondinella, Molinara', 'Garganega', 'Red Blend', 'Cabernet Sauvignon', 'White Blend']",Italy,Veneto,['Valpolicella Superiore Ripasso']
19469,Tenuta Santa Maria,88.5,37.0,88.5,37.0,2,2,"['Chardonnay', 'Garganega']",Italy,Veneto,['Veneto']
19470,Tenuta Santa Maria alla Pieve,90.8,61.5,91.0,63.5,5,4,"['Red Blend', 'Merlot', 'Chardonnay', 'Corvina, Rondinella, Molinara']",Italy,Veneto,['Amarone della Valpolicella']
19471,Tenuta Santavenere,86.6,19.6,87.0,18.0,5,2,"['Red Blend', 'Sangiovese']",Italy,Tuscany,['Vino Nobile di Montepulciano']
19472,Tenuta Santo Pietro,88.0,23.7,88.0,25.0,3,2,"['Red Blend', 'Sangiovese']",Italy,Tuscany,['Toscana']
19473,Tenuta Santomè,85.7,22.8,86.0,19.0,11,7,"['Glera', 'Chardonnay', 'Cabernet Sauvignon', 'Red Blend', 'Raboso', 'Prosecco', 'Sparkling Blend']",Italy,Veneto,['Prosecco']
19474,Tenuta Sarno 1860,88.6,31.6,89.0,30.0,5,1,['Fiano'],Italy,Southern Italy,['Fiano di Avellino']
19475,Tenuta Sasso Orlando,88.5,,88.5,,2,2,"['Sauvignon Blanc', 'Cabernet Sauvignon']",Italy,Tuscany,['Toscana']
19476,Tenuta Sette Cieli,90.2,59.4,90.0,50.0,10,2,"['Cabernet Franc', 'Red Blend']",Italy,Tuscany,['Toscana']
19477,Tenuta Sette Ponti,90.9,61.2,92.0,55.0,26,2,"['Red Blend', 'Sangiovese']",Italy,Tuscany,['Toscana']
19478,Tenuta Setten,85.0,14.0,85.0,14.0,1,1,['Pinot Grigio'],Italy,Veneto,['Piave']
19479,Tenuta Solar,89.0,,89.0,,2,1,['Garganega'],Italy,Veneto,['Recioto di Soave Classico']
19480,Tenuta Stella,87.0,25.0,87.0,25.0,1,1,['Ribolla Gialla'],Italy,Italy Other,['Vino Spumante']
19481,Tenuta Stella,85.0,24.0,85.0,24.0,1,1,['Ribolla Gialla'],Italy,Northeastern Italy,['Collio']
19482,Tenuta Teracrea,88.0,13.0,88.0,13.0,1,1,['Tocai'],Italy,Veneto,['Lison-Pramaggiore']
19483,Tenuta Valdipiatta,87.7,32.7,88.0,31.0,15,3,"['Sangiovese', 'Red Blend', 'Prugnolo Gentile']",Italy,Tuscany,['Vino Nobile di Montepulciano']
19484,Tenuta Valli,84.0,12.0,84.0,12.0,1,1,['Albana'],Italy,Central Italy,['Albana di Romagna']
19485,Tenuta Villa Tavernago,84.0,20.5,84.0,20.5,3,3,"['Sauvignon Blanc', 'Cabernet Sauvignon', 'Pinot Nero']",Italy,Central Italy,['Colli Piacentini']
19486,Tenuta Villa Trasqua,89.0,44.6,88.0,29.0,11,3,"['Merlot', 'Sangiovese', 'Red Blend']",Italy,Tuscany,['Toscana']
19487,Tenuta Vitalonga,87.5,28.2,87.0,29.0,11,3,"['Red Blend', 'Sangiovese', 'White Blend']",Italy,Central Italy,['Umbria']
19488,Tenuta Vitanza,89.6,52.4,89.0,50.0,30,3,"['Sangiovese', 'Sangiovese Grosso', 'Red Blend']",Italy,Tuscany,['Brunello di Montalcino']
19489,Tenuta degli Dei,89.5,37.5,89.0,35.0,4,2,"['Red Blend', 'Sangiovese']",Italy,Tuscany,['Toscana']
19490,Tenuta degli Ultimi,88.5,17.5,88.5,17.5,2,2,"['Sparkling Blend', 'Glera']",Italy,Veneto,['Valdobbiadene Prosecco Superiore']
19491,Tenuta dei Fiori,88.0,55.0,88.0,55.0,1,1,['Barbera'],Italy,Piedmont,"[""Barbera d'Asti Superiore""]"
19492,Tenuta dei Mille,86.7,20.0,87.0,20.0,3,3,"[""Nero d'Avola"", 'Fiano', 'Grillo']",Italy,Sicily & Sardinia,['Terre Siciliane']
19493,Tenuta dei Pianali,91.3,45.7,91.0,45.0,3,1,['Red Blend'],Italy,Tuscany,['Bolgheri']
19494,Tenuta del Buonamico,85.2,25.2,86.5,16.0,4,4,"['Red Blend', 'Vermentino', 'White Blend', 'Rosato']",Italy,Tuscany,['Montecarlo']
19495,Tenuta del Conte,84.0,,84.0,,1,1,['White Blend'],Italy,Southern Italy,['Cirò']
19496,Tenuta del Nanfro,89.0,,89.0,,1,1,['Red Blend'],Italy,Tuscany,['Chianti Classico']
19497,Tenuta del Portale,89.8,,90.0,,4,1,['Aglianico'],Italy,Southern Italy,['Aglianico del Vulture']
19498,Tenuta dell'Ornellaia,95.2,202.8,96.5,187.5,16,4,"['Cabernet Sauvignon-Merlot', 'Merlot', 'Red Blend', 'Bordeaux-style Red Blend']",Italy,Tuscany,['Bolgheri']
19499,Tenuta dell'Ugolino,87.0,15.5,87.0,15.5,2,1,['Verdicchio'],Italy,Central Italy,['Verdicchio dei Castelli di Jesi Classico']
19500,Tenuta della Luia,90.0,53.0,90.0,53.0,1,1,['Red Blend'],Italy,Tuscany,['Toscana']
19501,Tenuta delle Terre Nere,91.0,39.3,92.0,40.0,33,6,"['White Blend', 'Carricante', 'Rosato', 'Red Blend', 'Rosé', 'Nerello Mascalese']",Italy,Sicily & Sardinia,['Etna']
19502,Tenuta di Aglaea,86.0,41.5,86.0,41.5,2,1,['Nerello Mascalese'],Italy,Sicily & Sardinia,['Etna']
19503,Tenuta di Angoris,87.0,19.4,87.0,22.0,11,7,"['Ribolla Gialla', 'Pinot Grigio', 'Friulano', 'Pinot Bianco', 'White Blend', 'Sauvignon', 'Sauvignon Blanc']",Italy,Northeastern Italy,['Colli Orientali del Friuli']
19504,Tenuta di Arceno,87.1,55.1,88.0,37.5,9,4,"['Sangiovese', 'Red Blend', 'Merlot', 'Cabernet Blend']",Italy,Tuscany,['Chianti Classico']
19505,Tenuta di Argiano,92.0,56.0,92.0,56.0,1,1,['Sangiovese'],Italy,Tuscany,['Brunello di Montalcino']
19506,Tenuta di Biserno,92.2,128.7,93.0,80.0,17,1,['Red Blend'],Italy,Tuscany,['Toscana']
19507,Tenuta di Burchino,87.7,18.3,88.0,17.0,3,2,"['White Blend', 'Red Blend']",Italy,Tuscany,['Toscana']
19508,Tenuta di Capraia,89.5,23.2,89.5,22.5,4,2,"['Sangiovese', 'Red Blend']",Italy,Tuscany,['Chianti Classico']
19509,Tenuta di Castellaro,86.0,31.7,88.0,30.0,3,3,"['Red Blend', 'White Blend', ""Nero d'Avola""]",Italy,Sicily & Sardinia,['Sicilia']
19510,Tenuta di Ceppaiano,89.3,22.5,90.0,25.0,6,1,['Red Blend'],Italy,Tuscany,['Toscana']
19511,Tenuta di Fessina,90.0,34.9,90.0,30.0,16,6,"['Nerello Cappuccio', 'White Blend', 'Red Blend', ""Nero d'Avola"", 'Nerello Mascalese', 'Carricante']",Italy,Sicily & Sardinia,['Sicilia']
19512,Tenuta di Fiorano,89.5,35.0,89.5,35.0,2,1,['White Blend'],Italy,Italy Other,['Vino da Tavola']
19513,Tenuta di Fraternita,87.0,14.0,87.0,14.0,1,1,['Red Blend'],Italy,Tuscany,['Chianti']
19514,Tenuta di Ghizzano,89.2,37.8,90.0,37.5,6,1,['Red Blend'],Italy,Tuscany,['Toscana']
19515,Tenuta di Lilliano,89.1,32.0,89.0,37.5,10,3,"['Red Blend', 'Sangiovese', 'Merlot']",Italy,Tuscany,['Chianti Classico']
19516,Tenuta di Morzano,86.5,20.5,86.5,20.5,2,2,"['Sangiovese', 'Red Blend']",Italy,Tuscany,['Chianti Superiore']
19517,Tenuta di Nozzole,89.8,51.6,90.0,48.0,9,4,"['Sangiovese', 'Cabernet Sauvignon', 'Chardonnay', 'Red Blend']",Italy,Tuscany,['Chianti Classico']
19518,Tenuta di Pietra Porzia,85.8,14.4,86.0,14.0,11,2,"['White Blend', 'Red Blend']",Italy,Central Italy,['Frascati Superiore']
19519,Tenuta di Poggio Uliveto,89.0,,89.0,,1,1,['Prugnolo Gentile'],Italy,Tuscany,['Vino Nobile di Montepulciano']
19520,Tenuta di Riseccoli,90.8,48.3,91.0,45.0,4,2,"['Red Blend', 'Sangiovese']",Italy,Tuscany,['Chianti Classico']
19521,Tenuta di Serramarrocco,87.7,37.0,88.0,38.0,7,3,"[""Nero d'Avola"", 'Red Blend', 'Perricone']",Italy,Sicily & Sardinia,['Sicilia']
19522,Tenuta di Sesta,89.9,84.4,90.0,90.0,17,2,"['Sangiovese', 'Sangiovese Grosso']",Italy,Tuscany,['Brunello di Montalcino']
19523,Tenuta di Tavignano,88.8,17.5,89.0,16.0,4,1,['Verdicchio'],Italy,Central Italy,['Verdicchio dei Castelli di Jesi Classico Superiore']
19524,Tenuta di Trecciano,87.7,19.8,88.0,19.0,25,4,"['Red Blend', 'Cabernet Sauvignon', 'Syrah', 'Sangiovese']",Italy,Tuscany,['Toscana']
19525,Tenuta di Trinoro,91.2,147.2,92.0,120.0,5,3,"['Red Blend', 'Merlot', 'Cabernet Franc']",Italy,Tuscany,['Toscana']
19526,Tenuta di Vaira,87.2,42.0,87.0,41.5,4,1,['Red Blend'],Italy,Tuscany,['Bolgheri']
19527,Tenuta di Valgiano,90.5,54.0,90.5,54.0,2,1,['Red Blend'],Italy,Tuscany,['Colline Lucchesi']
19528,Tenuta di Vignole,87.8,13.0,88.0,13.0,5,1,['Sangiovese'],Italy,Tuscany,['Chianti Classico']
19529,Tenuta i Saltari,91.5,64.5,91.5,64.5,2,1,"['Corvina, Rondinella, Molinara']",Italy,Veneto,['Amarone della Valpolicella']
19530,Tenuta l'Ugo,88.0,22.0,88.0,22.0,1,1,['Red Blend'],Italy,Tuscany,['Chianti']
19531,Tenute Cisa Asinari dei Marchesi di Gresy,89.0,45.8,88.5,46.5,26,5,"['Nebbiolo', 'Barbera', 'Dolcetto', 'Chardonnay', 'Moscato']",Italy,Piedmont,['Langhe']
19532,Tenute Costa,94.0,,94.0,,1,1,['Nebbiolo'],Italy,Piedmont,['Barolo']
19533,Tenute Costa,87.0,14.0,87.0,14.0,1,1,['Sangiovese'],Italy,Tuscany,['Morellino di Scansano']
19534,Tenute Dettori,86.5,56.0,86.0,51.5,8,4,"['Moscato', 'Cannonau', 'Vermentino', 'Monica']",Italy,Sicily & Sardinia,['Sardinia']
19535,Tenute Fiorebelli,89.5,53.0,89.5,53.0,2,2,"['Red Blend', 'Corvina']",Italy,Veneto,['Amarone della Valpolicella']
19536,Tenute Galtarossa,86.0,47.0,86.0,54.0,3,2,"['Corvina, Rondinella, Molinara', 'Red Blend']",Italy,Veneto,['Valpolicella Classico Superiore']
19537,Tenute Girolamo,87.0,13.6,87.0,10.0,5,3,"['Aglianico', 'Negroamaro', 'Red Blend']",Italy,Southern Italy,['Puglia']
19538,Tenute Grandi & Gabana,86.0,16.0,86.0,16.0,2,2,"['Pinot Grigio', 'White Blend']",Italy,Northeastern Italy,['Friuli']
19539,Tenute Lunelli,90.3,24.7,89.5,22.5,6,2,"['Red Blend', 'Sagrantino']",Italy,Central Italy,['Montefalco Rosso']
19540,Tenute Lunelli,89.0,,89.0,,2,2,"['White Blend', 'Pinot Nero']",Italy,Northeastern Italy,['Trentino']
19541,Tenute Mater Domini,84.6,17.2,84.0,16.0,5,4,"['Negroamaro', 'Sauvignon Blanc', 'Primitivo', 'Red Blend']",Italy,Southern Italy,['Salento']
19542,Tenute Niccolai,89.1,58.5,91.0,65.0,9,3,"['Sangiovese Grosso', 'Sangiovese', 'Red Blend']",Italy,Tuscany,['Brunello di Montalcino']
19543,Tenute Olbios,87.0,32.0,87.0,32.0,1,1,['Red Blend'],Italy,Sicily & Sardinia,['Colli del Limbara']
19544,Tenute Orestiadi,85.7,11.3,86.0,10.5,6,3,"[""Nero d'Avola"", 'Grillo', 'Rosato']",Italy,Sicily & Sardinia,['Terre Siciliane']
19545,Tenute Rubino,88.4,23.6,88.0,18.0,24,8,"['Primitivo', 'Red Blend', 'Rosé', 'Malvasia Bianca', 'Susumaniello', 'Negroamaro', 'White Blend', 'Vermentino']",Italy,Southern Italy,['Puglia']
19546,Tenute Salvaterra,91.5,75.0,91.5,75.0,4,1,['Red Blend'],Italy,Veneto,['Amarone della Valpolicella Classico']
19547,Tenute Sella,90.1,42.0,90.0,42.0,8,1,['Red Blend'],Italy,Piedmont,['Bramaterra']
19548,Tenute Silvio Nardi,90.0,68.5,90.0,67.0,27,4,"['Sangiovese', 'Sangiovese Grosso', 'Merlot', 'Red Blend']",Italy,Tuscany,['Brunello di Montalcino']
19549,Tenute Soletta,87.8,33.6,88.0,33.0,19,5,"['Cannonau', 'White Blend', 'Rosé', 'Vermentino', 'Moscato']",Italy,Sicily & Sardinia,['Cannonau di Sardegna']
19550,Tenute dei Vallarino,87.7,20.4,88.0,18.0,7,2,"['Barbera', 'Moscato']",Italy,Piedmont,"[""Barbera d'Asti Superiore""]"
19551,Tenute del Cerro,88.9,38.0,88.5,37.0,10,2,"['Red Blend', 'Sangiovese']",Italy,Tuscany,['Vino Nobile di Montepulciano']
19552,Tenute di Vaira,91.0,,91.0,,2,1,['Red Blend'],Italy,Tuscany,['Bolgheri Superiore']
19553,Teorema,86.0,12.0,86.0,12.0,1,1,['Garnacha'],Spain,Northern Spain,['Calatayud']
19554,Teperberg,90.0,70.0,90.0,70.0,1,1,['Petite Sirah'],Israel,Samson,[]
19555,Teperberg,91.0,70.0,91.0,70.0,1,1,['Cabernet Franc'],Israel,Shomron,[]
19556,Tercero,88.4,26.9,89.0,28.0,25,14,"['G-S-M', 'Syrah', 'Rosé', 'Rhône-style Red Blend', 'Grenache Blanc', 'Mourvèdre', 'Gewürztraminer', 'Petite Sirah', 'Red Blend', 'Viognier', 'Marsanne', 'Cabernet Franc', 'Rhône-style White Blend', 'Cinsault']",US,California,"['Santa Barbara County', 'Central Coast']"
19557,Tercic,89.0,26.5,89.0,26.5,2,2,"['Ribolla Gialla', 'Chardonnay']",Italy,Northeastern Italy,['Collio']
19558,Tercos,83.9,12.9,84.0,12.5,14,4,"['Torrontés', 'Malbec', 'Bonarda', 'Sangiovese']",Argentina,Mendoza Province,['Mendoza']
19559,Tercos,82.8,13.0,83.0,13.0,4,1,['Torrontés'],Argentina,Other,['Salta']
19560,Terenzi,90.1,34.3,90.0,30.0,9,3,"['Red Blend', 'Sangiovese', 'Vermentino']",Italy,Tuscany,['Maremma Toscana']
19561,Teresa Raiz,86.7,17.2,87.0,17.0,10,4,"['Ribolla Gialla', 'Chardonnay', 'Pinot Grigio', 'Sauvignon']",Italy,Northeastern Italy,['Colli Orientali del Friuli']
19562,Teresa Raiz,87.0,30.0,87.0,30.0,1,1,['Ribolla Gialla'],Italy,Veneto,['Veneto']
19563,Teresina,83.0,20.0,83.0,20.0,2,1,['Petite Sirah'],US,California,"['Lodi', 'Central Valley']"
19564,Terlan,90.7,52.1,91.0,39.0,11,5,"['Pinot Grigio', 'Sauvignon', 'White Blend', 'Pinot Bianco', 'Lagrein']",Italy,Northeastern Italy,['Alto Adige']
19565,Terlato,89.0,25.0,89.0,25.0,1,1,['Friulano'],Italy,Northeastern Italy,['Friuli Colli Orientali']
19566,Terlato,88.1,55.3,88.0,50.0,69,9,"['Chardonnay', 'Pinot Gris', 'Syrah', 'Bordeaux-style Red Blend', 'Pinot Grigio', 'Pinot Noir', 'Red Blend', 'Cabernet Sauvignon', 'Merlot-Cabernet Franc']",US,California,"['Russian River Valley', 'Sonoma']"
19567,Ternion,86.7,23.7,85.0,23.0,3,1,['Pinot Noir'],US,California,"['Santa Barbara County', 'Central Coast']"
19568,Tero Estates,91.8,46.3,92.0,43.5,12,5,"['Bordeaux-style Red Blend', 'Cabernet Sauvignon', 'Cabernet Franc', 'Merlot', 'Red Blend']",US,Oregon,"['Walla Walla Valley (OR)', 'Oregon Other']"
19569,Tero Estates,90.0,36.0,90.0,36.0,1,1,['Red Blend'],US,Washington,"['Columbia Valley (WA)', 'Columbia Valley']"
19570,TerrAmore,85.0,10.3,85.0,12.0,4,1,"[""Nero d'Avola""]",Italy,Sicily & Sardinia,['Sicilia']
19571,TerrAmore,84.5,12.0,84.5,12.0,2,1,['Pinot Grigio'],Italy,Veneto,['Veneto']
19572,Terra Andina,84.0,13.0,84.0,13.0,1,1,['Chardonnay'],Chile,Casablanca Valley,[]
19573,Terra Andina,83.9,10.1,84.0,9.0,15,8,"['Cabernet Sauvignon', 'Pinot Noir', 'Red Blend', 'Carmenère', 'Shiraz', 'Sauvignon Blanc', 'Chardonnay', 'Merlot']",Chile,Central Valley,[]
19574,Terra Andina,86.0,40.0,86.0,40.0,1,1,['Red Blend'],Chile,Colchagua Valley,[]
19575,Terra Andina,84.0,13.5,84.0,13.5,2,1,['Sauvignon Blanc'],Chile,Leyda Valley,[]
19576,Terra Andina,82.0,13.0,82.0,13.0,1,1,['Chardonnay'],Chile,Limarí Valley,[]
19577,Terra Andina,86.5,13.0,86.5,13.0,2,1,['Cabernet Sauvignon'],Chile,Maipo Valley,[]
19578,Terra Andina,87.0,13.0,87.0,13.0,1,1,['Carmenère'],Chile,Rapel Valley,[]
19579,Terra Australis,82.0,12.7,82.0,14.0,3,2,"['Shiraz', 'Chardonnay']",Australia,Australia Other,['South Eastern Australia']
19580,Terra Bella,89.5,65.0,89.5,65.0,2,2,"['Syrah', 'Bordeaux-style Red Blend']",US,California,"['Paso Robles', 'Central Coast']"
19581,Terra Buena,86.0,9.0,85.0,9.0,3,3,"['Tempranillo', 'Chardonnay', 'Malbec']",Argentina,Mendoza Province,['Mendoza']
19582,Terra Gomeliz,85.5,17.0,85.5,17.0,2,2,"['Sauvignon Blanc', 'Welschriesling']",Austria,Südsteiermark,[]
19583,Terra Incognita,88.0,75.0,88.0,75.0,1,1,['Tempranillo'],Spain,Northern Spain,['Ribera del Duero']
19584,Terra Jovia,83.3,50.0,82.0,50.0,3,1,['Primitivo'],Italy,Southern Italy,['Gioia del Colle']
19585,Terra Nova,81.5,7.0,81.5,7.0,2,2,"['Chardonnay', 'Sauvignon Blanc']",Chile,Curicó Valley,[]
19586,Terra Romana,83.7,12.5,84.0,10.5,6,5,"['Feteasca Neagra', 'Red Blend', 'Chardonnay', 'White Blend', 'Pinot Noir']",Romania,Dealu Mare,[]
19587,Terra Romana,84.0,10.0,84.0,10.0,1,1,['Muskat Ottonel'],Romania,Tarnave,[]
19588,Terra Rosa,86.5,11.0,86.5,11.0,2,1,['Malbec'],Argentina,Mendoza Province,['Mendoza']
19589,Terra Rossa,92.0,50.0,92.0,50.0,1,1,['Sangiovese'],Italy,Tuscany,['Brunello di Montalcino']
19590,Terra Serena,84.5,15.7,84.5,15.0,4,2,"['Glera', 'Prosecco']",Italy,Veneto,['Conegliano Valdobbiadene Prosecco Superiore']
19591,Terra Silvestre,86.8,16.8,87.0,15.0,13,2,"['Portuguese Red', 'Arinto']",Portugal,Tejo,[]
19592,Terra Sonoma,85.0,30.0,85.0,30.0,1,1,['Chardonnay'],US,California,"['Alexander Valley', 'Sonoma']"
19593,Terra Sávia,87.0,19.0,88.0,18.0,3,2,"['Chardonnay', 'Meritage']",US,California,"['Mendocino', 'Mendocino/Lake Counties']"
19594,Terra Valentine,89.8,55.1,90.0,50.0,45,12,"['Cabernet Sauvignon', 'Syrah', 'Pinot Noir', 'Rosé', 'Red Blend', 'Sauvignon Blanc', 'Riesling', 'Bordeaux-style Red Blend', 'Merlot', 'Viognier', 'Cabernet Franc', 'Sangiovese-Syrah']",US,California,"['Spring Mountain District', 'Napa']"
19595,Terra Vega,84.5,10.0,84.5,10.0,2,2,"['Merlot', 'Cabernet Sauvignon']",Chile,Central Valley,[]
19596,Terra Vina Wines,88.0,38.0,88.0,36.0,3,3,"['Sangiovese', 'Tempranillo', 'Petit Verdot']",US,Washington,"['Columbia Valley (WA)', 'Columbia Valley']"
19597,Terra d'Aligi,86.0,15.0,86.0,15.0,2,2,"['Montepulciano', 'Pecorino']",Italy,Central Italy,"[""Montepulciano d'Abruzzo""]"
19598,Terra d'Alter,88.1,19.7,88.0,17.0,21,11,"['Portuguese Red', 'Rosé', 'Portuguese White', 'Alicante Bouschet', 'Arinto', 'Touriga Nacional', 'Aragonez', 'Viognier', 'Verdelho', 'Alfrocheiro', 'Alvarinho']",Portugal,Alentejano,[]
19599,Terra d'Arcoiris,89.0,55.0,89.0,55.0,1,1,['Red Blend'],Italy,Tuscany,['Toscana']
19600,Terra d'Oro,88.7,22.1,89.0,18.0,43,13,"['Barbera', 'Red Blend', 'Port', 'Sangiovese', 'Teroldego', 'Zinfandel', 'Pinot Grigio', 'Rosé', 'White Blend', 'Petite Sirah', 'Sangiovese-Cabernet Sauvignon', 'Aglianico', 'Chenin Blanc-Viognier']",US,California,"['Amador County', 'Sierra Foothills']"
19601,Terra de Falanis,83.0,15.0,83.0,15.0,1,1,['Premsal'],Spain,Spanish Islands,['Vi de la Terra Mallorca']
19602,Terra dei Re,88.4,30.0,89.0,30.0,9,3,"['Aglianico', 'Red Blend', 'Fiano']",Italy,Southern Italy,['Aglianico del Vulture']
19603,Terra dei Rei,83.0,20.0,83.0,20.0,1,1,['Aglianico'],Italy,Southern Italy,['Aglianico del Vulture']
19604,Terra di Briganti,87.2,19.8,87.0,20.0,4,2,"['Aglianico', 'Falanghina']",Italy,Southern Italy,['Sannio']
19605,Terra di Cipressi,86.0,,86.0,,1,1,['Sangiovese'],Italy,Tuscany,['Toscana']
19606,Terra do Castelo,88.4,17.0,89.0,18.0,5,3,"['Godello', 'Treixadura', 'White Blend']",Spain,Galicia,['Ribeiro']
19607,Terra do Lobo,89.0,15.0,89.0,15.0,1,1,['Godello'],Spain,Galicia,['Monterrei']
19608,TerraMater,83.8,13.8,84.0,12.0,4,4,"['Rosé', 'Red Blend', 'Merlot', 'Cabernet Sauvignon']",Chile,Central Valley,[]
19609,TerraMater,85.7,19.7,86.0,20.0,3,2,"['Cabernet Sauvignon', 'Cabernet Sauvignon-Carmenère']",Chile,Curicó Valley,[]
19610,TerraMater,85.9,22.2,86.5,20.0,8,5,"['Red Blend', 'Merlot', 'Shiraz', 'Chardonnay', 'Sauvignon Blanc']",Chile,Maipo Valley,[]
19611,TerraMater,83.0,17.0,83.0,17.0,1,1,['Merlot'],Chile,Maule Valley,[]
19612,TerraNoble,84.9,13.6,84.5,13.5,12,4,"['Sauvignon Blanc', 'Pinot Noir', 'Chardonnay', 'White Blend']",Chile,Casablanca Valley,[]
19613,TerraNoble,83.1,7.3,84.0,7.0,7,4,"['Cabernet Sauvignon', 'Merlot', 'Sauvignon Blanc', 'Chardonnay']",Chile,Central Valley,[]
19614,TerraNoble,86.0,15.9,86.0,14.0,22,3,"['Cabernet Sauvignon', 'Carmenère', 'Syrah']",Chile,Colchagua Valley,[]
19615,TerraNoble,85.7,14.5,86.0,14.0,29,7,"['Merlot', 'Carmenère', 'Carmenère-Cabernet Sauvignon', 'Chardonnay', 'Syrah', 'Cabernet Sauvignon', 'Carignan']",Chile,Maule Valley,[]
19616,TerraNoble,91.0,70.0,91.0,70.0,1,1,['Cabernet Sauvignon-Syrah'],Chile,San Clemente,[]
19617,Terrabianca,89.0,39.6,89.0,33.5,25,5,"['Red Blend', 'Sangiovese', 'Merlot', 'Cabernet Sauvignon', 'Cabernet Blend']",Italy,Tuscany,['Chianti Classico']
19618,Terrace Heights Estate,86.3,22.7,87.0,20.0,3,2,"['Sauvignon Blanc', 'Pinot Noir']",New Zealand,Marlborough,[]
19619,Terracita,80.0,10.0,80.0,10.0,1,1,['Tempranillo'],Spain,Central Spain,['Vino de la Tierra de Castilla']
19620,Terraesteban,87.0,22.0,87.0,22.0,1,1,['Tempranillo'],Spain,Northern Spain,['Ribera del Duero']
19621,Terrai,82.0,12.0,82.0,12.0,1,1,['Garnacha'],Spain,Northern Spain,['Cariñena']
19622,Terrale,82.0,5.0,82.0,5.0,1,1,['White Blend'],Italy,Sicily & Sardinia,['Sicilia']
19623,Terrale,83.0,5.0,83.0,5.0,1,1,['Primitivo'],Italy,Southern Italy,['Puglia']
19624,Terralsole,90.2,74.6,90.5,77.0,16,5,"['Sangiovese', 'Sangiovese Grosso', 'Syrah', 'Red Blend', 'Merlot']",Italy,Tuscany,['Brunello di Montalcino']
19625,Terrapin Cellars,88.0,15.0,87.5,15.0,4,2,"['Pinot Noir', 'Pinot Gris']",US,Oregon,"['Willamette Valley', 'Willamette Valley']"
19626,Terraprima,85.5,15.5,85.5,15.5,2,1,['White Blend'],Spain,Catalonia,['Penedès']
19627,Terrapura,86.0,11.0,86.0,11.0,2,1,['Pinot Noir'],Chile,Aconcagua Valley,[]
19628,Terrapura,83.2,10.0,83.0,10.0,5,5,"['Cabernet Sauvignon', 'Merlot', 'Sauvignon Blanc', 'Carmenère', 'Chardonnay']",Chile,Central Valley,[]
19629,Terrapura,86.0,11.0,86.0,11.0,1,1,['Pinot Noir'],Chile,Chile,[]
19630,Terrapura,84.0,10.5,84.0,10.5,2,1,['Carmenère'],Chile,Colchagua Valley,[]
19631,Terrapura,84.4,10.7,85.0,11.0,9,3,"['Chardonnay', 'Merlot', 'Sauvignon Blanc']",Chile,Curicó Valley,[]
19632,Terras Gauda,89.0,23.8,89.0,22.0,19,2,"['White Blend', 'Albariño']",Spain,Galicia,['Rías Baixas']
19633,Terras de Alter,88.3,17.1,88.0,14.0,38,15,"['Rhône-style Red Blend', 'Aragonês', 'Portuguese White', 'Portuguese Red', 'Viognier', 'Siria', 'Rosé', 'Alvarinho', 'Alfrocheiro', 'Aragonez', 'Touriga Nacional Blend', 'Alicante Bouschet', 'Tinta Cao', 'Touriga Nacional', 'Verdelho']",Portugal,Alentejano,[]
19634,Terras de Lantaño,89.0,20.0,89.0,20.0,1,1,['Albariño'],Spain,Galicia,['Rías Baixas']
19635,Terras de Paul,84.0,17.0,84.0,17.0,1,1,['Portuguese Red'],Portugal,Ribatejano,[]
19636,Terras do Grifo,82.0,16.0,82.0,16.0,1,1,['Malvasia Fina'],Portugal,Douro,[]
19637,Terrassous,90.0,50.0,90.0,50.0,2,1,['Rhône-style White Blend'],France,Languedoc-Roussillon,['Rivesaltes']
19638,Terravid,86.7,20.7,87.0,17.0,3,3,"['Carmenère', 'Red Blend', 'Merlot']",Chile,Maule Valley,[]
19639,Terravin,87.3,38.7,87.0,36.0,3,2,"['Pinot Noir', 'Sauvignon Blanc']",New Zealand,Omaka Valley,[]
19640,Terrazas de Los Andes,87.1,26.7,87.0,18.0,56,3,"['Malbec', 'Cabernet Sauvignon', 'Chardonnay']",Argentina,Mendoza Province,['Mendoza']
19641,Terrazas de Los Andes,86.7,15.3,87.0,16.0,7,1,['Torrontés'],Argentina,Other,['Salta']
19642,Terrazas del Moncayo,89.0,70.0,89.0,70.0,1,1,['Garnacha'],Spain,Northern Spain,['Campo de Borja']
19643,Terrazze Della Luna,86.0,12.0,86.0,12.0,1,1,['Pinot Grigio'],Italy,Northeastern Italy,['Trentino']
19644,Terrazze dell'Etna,91.0,29.5,91.0,29.5,2,2,"['Sparkling Blend', 'Red Blend']",Italy,Italy Other,['Vino Spumante']
19645,Terrazze dell'Etna,89.0,34.6,89.0,34.0,7,3,"['Red Blend', 'Nerello Mascalese', 'White Blend']",Italy,Sicily & Sardinia,['Etna']
19646,Terrazzo,84.5,9.0,84.5,9.0,2,2,"['White Blend', 'Red Blend']",Italy,Central Italy,['Marche']
19647,Terre Brûlée,88.7,16.0,89.0,16.0,3,2,"['Chenin Blanc', 'Rhône-style Red Blend']",South Africa,Swartland,[]
19648,Terre Nere,89.7,45.7,90.0,46.5,6,2,"['Sangiovese Grosso', 'Sangiovese']",Italy,Tuscany,['Brunello di Montalcino']
19649,Terre Nere Campigli Vallone,87.5,29.0,87.5,29.0,2,1,['Sangiovese'],Italy,Tuscany,['Brunello di Montalcino']
19650,Terre Nere di Campigli - Vallone,88.0,30.5,88.0,30.5,2,2,"['Sangiovese Grosso', 'Sangiovese']",Italy,Tuscany,['Brunello di Montalcino']
19651,Terre Rouge,90.2,32.2,91.0,25.0,110,13,"['Rhône-style Red Blend', 'Syrah', 'Grenache Blanc', 'Viognier', 'Roussanne', 'Rhône-style White Blend', 'Muscat', 'White Blend', 'Red Blend', 'Rosé', 'G-S-M', 'Mourvèdre', 'Muscat Blanc à Petits Grains']",US,California,"['Sierra Foothills', 'Sierra Foothills']"
19652,Terre d'Aleramo,85.5,,85.5,,2,2,"['Dolcetto', 'Barbera']",Italy,Piedmont,['Dolcetto di Monferrato']
19653,Terre da Vino,89.0,33.3,89.0,35.0,17,3,"['Nebbiolo', 'Barbera', 'Moscato']",Italy,Piedmont,['Barbaresco']
19654,Terre de Loups,86.7,15.0,87.0,14.0,3,3,"['Rosé', 'Carignan-Syrah', 'Red Blend']",France,Languedoc-Roussillon,['Saint-Chinian']
19655,Terre de Trinci,87.5,31.0,87.0,18.0,4,2,"['Sagrantino', 'Red Blend']",Italy,Central Italy,['Sagrantino di Montefalco']
19656,Terre de Vignerons,84.5,10.0,84.5,10.0,4,4,"['Merlot', 'Rosé', 'Sauvignon Blanc', 'Cabernet Sauvignon']",France,France Other,['Atlantique']
19657,Terre de la Custodia,87.3,69.5,88.0,69.5,3,2,"['Sparkling Blend', 'Sagrantino']",Italy,Central Italy,['Colli Martani']
19658,Terre degli Svevi,88.0,28.5,87.5,26.0,4,2,"['Aglianico', 'White Blend']",Italy,Southern Italy,['Aglianico del Vulture']
19659,Terre del Marchesato,90.1,50.4,90.0,42.5,25,5,"['Cabernet Sauvignon', 'Red Blend', 'Vermentino', 'Syrah', 'Merlot']",Italy,Tuscany,['Toscana']
19660,Terre del Principe,88.9,52.7,88.0,53.0,17,5,"['Pallagrello', 'Red Blend', 'Casavecchia', 'Pallagrello Nero', 'Pallagrello Bianco']",Italy,Southern Italy,['Terre del Volturno']
19661,Terre del Principe,84.0,11.0,84.0,11.0,1,1,['Sangiovese'],Italy,Tuscany,['Chianti']
19662,Terre di Balbia,89.0,40.0,89.0,40.0,2,1,['Red Blend'],Italy,Southern Italy,['Calabria']
19663,Terre di Fiori,87.8,21.5,87.5,21.5,4,2,"['Sangiovese', 'Red Blend']",Italy,Tuscany,['Morellino di Scansano']
19664,Terre di Giurfo,87.8,16.5,88.0,16.5,19,7,"['Frappato', 'Grillo', 'White Blend', ""Nero d'Avola"", 'Red Blend', 'Insolia', 'Syrah']",Italy,Sicily & Sardinia,['Vittoria']
19665,Terre di Leone,88.6,58.0,88.0,62.0,5,1,"['Corvina, Rondinella, Molinara']",Italy,Veneto,['Valpolicella Classico Superiore Ripasso']
19666,Terre di Melazzano,86.7,26.3,87.0,26.0,3,2,"['Red Blend', 'Sangiovese']",Italy,Tuscany,['Chianti Classico']
19667,Terre di Poggio,85.0,16.5,85.0,16.5,2,2,"['Montepulciano', 'Pinot Nero']",Italy,Central Italy,"[""Montepulciano d'Abruzzo""]"
19668,Terre di Poppiano,85.0,10.0,85.0,10.0,1,1,['Rosé'],Italy,Tuscany,['Toscana']
19669,Terre di San Venanzio Fortunato,88.0,19.0,88.0,18.0,13,2,"['Glera', 'Prosecco']",Italy,Veneto,['Conegliano Valdobbiadene Prosecco Superiore']
19670,Terre di Talamo,87.7,24.3,87.0,20.0,27,7,"['Rosé', 'Viognier', 'Petit Verdot', 'Vermentino', 'Sangiovese', 'Rosato', 'Red Blend']",Italy,Tuscany,['Maremma']
19671,Terredora,88.1,30.6,88.0,25.5,49,10,"['Greco', 'Fiano', 'Falanghina', 'Aglianico', 'Piedirosso', 'Coda di Volpe', 'White Blend', 'Rosé', 'Red Blend', 'Rosato']",Italy,Southern Italy,['Greco di Tufo']
19672,Terredora Di Paolo,89.3,32.8,90.0,34.0,7,3,"['Aglianico', 'Greco', 'Red Blend']",Italy,Southern Italy,['Taurasi']
19673,Terremoto Cellars,85.0,26.0,87.0,25.0,3,3,"['Syrah', 'Cabernet Sauvignon', 'Pinot Gris']",US,California,"['Chalk Hill', 'Sonoma']"
19674,Terrenal,80.0,5.0,80.0,5.0,1,1,['Malbec'],Argentina,Mendoza Province,['Mendoza']
19675,Terrenal,83.0,5.0,83.0,5.0,1,1,['Chardonnay'],Chile,Curicó Valley,[]
19676,Terrenal,83.5,4.5,83.5,4.5,4,2,"['Cabernet Sauvignon', 'Tempranillo']",Spain,Levante,['Yecla']
19677,Terreno,87.0,,87.0,,1,1,['Sangiovese'],Italy,Tuscany,['Chianti Classico']
19678,Terres Noires,82.0,,82.0,,2,2,"['Chardonnay', 'Cabernet Sauvignon']",France,Languedoc-Roussillon,"[""Vin de Pays d'Oc""]"
19679,Terreus,93.0,150.0,93.0,150.0,2,1,['Red Blend'],Spain,Northern Spain,['Vino de la Tierra de Castilla y León']
19680,Territorial,89.2,29.6,90.0,26.0,5,4,"['Riesling', 'Pinot Noir', 'Chardonnay', 'Pinot Gris']",US,Oregon,"['Willamette Valley', 'Willamette Valley']"
19681,Terroir,85.0,15.0,85.0,15.0,1,1,['Pinot Noir'],New Zealand,Central Otago,[]
19682,Terroir,85.0,10.0,85.0,10.0,1,1,['Sauvignon Blanc'],New Zealand,Marlborough,[]
19683,Terroir Al Límit,91.3,106.0,92.0,70.0,10,5,"['Red Blend', 'White Blend', 'Rosé', 'Garnacha', 'Carignan']",Spain,Catalonia,['Priorat']
19684,Terroir Al Límit Soc. Lda.,91.0,75.0,91.0,75.0,1,1,['Red Blend'],Spain,Catalonia,['Priorat']
19685,Terroir Coquerel,85.0,50.0,85.0,50.0,1,1,['Sauvignon Blanc'],US,California,"['Napa Valley', 'Napa']"
19686,Terroirs et Talents,86.1,21.0,85.5,21.0,8,1,['Gamay'],France,Beaujolais,['Beaujolais-Villages']
19687,Terroirs et Talents,87.5,,87.5,,2,1,['Chardonnay'],France,Burgundy,['Saint-Véran']
19688,Terry Hoage,87.3,42.2,87.0,40.0,9,4,"['Rhône-style Red Blend', 'Grenache-Syrah', 'Syrah', 'Grenache']",US,California,"['Paso Robles', 'Central Coast']"
19689,Tertius,82.0,10.0,82.0,10.0,1,1,['Tinta de Toro'],Spain,Northern Spain,['Toro']
19690,Tertulia,88.2,31.7,88.0,32.0,47,14,"['Viognier', 'Rosé', 'Cabernet Sauvignon', 'Merlot', 'Bordeaux-style Red Blend', 'Grenache', 'Syrah', 'Tempranillo', 'Malbec', 'Carmenère', 'Red Blend', 'G-S-M', 'Rhône-style Red Blend', 'Marsanne']",US,Washington,"['Walla Walla Valley (WA)', 'Columbia Valley']"
19691,Teruzzi & Puthod,88.0,20.9,88.0,15.0,12,4,"['Red Blend', 'Vernaccia', 'White Blend', 'Vermentino']",Italy,Tuscany,['Toscana']
19692,Terza,85.0,10.0,85.0,10.0,1,1,['Rosé'],Argentina,Mendoza Province,['Mendoza']
19693,Terzolo,86.5,17.0,86.5,17.0,2,2,"['Malvasia', 'Teran']",Croatia,Istria,[]
19694,Teso La Monja,92.3,95.2,92.0,63.0,24,1,['Tinta de Toro'],Spain,Northern Spain,['Toro']
19695,Tesoro della Regina,84.0,17.0,84.0,17.0,1,1,['Pinot Grigio'],Italy,Veneto,['Valdadige']
19696,Tess,86.0,20.0,86.0,20.0,1,1,['Red Blend'],US,California,"['Napa Valley', 'Napa']"
19697,Tessa Marie,88.2,25.0,89.0,23.0,4,4,"['Grenache Blanc', 'Sangiovese-Syrah', 'Sangiovese', 'Vermentino']",US,California,"['Santa Barbara County', 'Central Coast']"
19698,Tessari,88.0,26.0,88.0,22.0,3,1,['Garganega'],Italy,Veneto,['Soave Classico']
19699,Tessier Winery,89.9,39.4,90.0,39.0,7,2,"['Pinot Noir', 'Viognier']",US,California,"['Russian River Valley', 'Sonoma']"
19700,Testa Vineyards,88.0,33.3,88.0,40.0,3,2,"['Red Blend', 'White Blend']",US,California,"['Mendocino', 'Mendocino/Lake Counties']"
19701,Testarossa,90.8,50.5,91.0,54.0,286,6,"['Pinot Noir', 'Chardonnay', 'Syrah', 'Sauvignon Blanc', 'Meritage', 'Red Blend']",US,California,"['Santa Lucia Highlands', 'Central Coast']"
19702,Tetra,89.5,73.3,90.0,67.5,6,2,"['Cabernet Sauvignon', 'Bordeaux-style Red Blend']",US,California,"['Napa Valley', 'Napa']"
19703,Tetramythos,86.0,15.0,86.0,15.0,1,1,['Mavrokalavryta'],Greece,Achaia,[]
19704,Tetramythos,89.0,14.0,89.0,14.0,1,1,['Roditis'],Greece,Patras,[]
19705,Tetramythos,88.0,12.0,88.0,12.0,1,1,['Agiorgitiko'],Greece,Peloponnese,[]
19706,Teusner,90.2,36.0,89.0,30.0,5,2,"['Rhône-style Red Blend', 'Shiraz']",Australia,South Australia,['Barossa Valley']
19707,Texnh Oinoy,85.0,27.0,85.0,27.0,1,1,['Red Blend'],Greece,Drama,[]
19708,Textbook,88.8,39.2,89.0,30.0,12,4,"['Cabernet Sauvignon', 'Chardonnay', 'Bordeaux-style Red Blend', 'Merlot']",US,California,"['Oakville', 'Napa']"
19709,Tezza,87.8,27.8,88.0,20.0,22,2,"['Corvina, Rondinella, Molinara', 'Red Blend']",Italy,Veneto,['Amarone della Valpolicella']
19710,Teós,91.0,70.0,91.0,70.0,1,1,['Tempranillo'],Spain,Northern Spain,['Rioja']
19711,Thacher,83.7,37.5,83.5,36.0,6,4,"['Red Blend', 'Zinfandel', 'Petite Sirah', 'Syrah']",US,California,"['Paso Robles', 'Central Coast']"
19712,Thanisch,89.9,23.0,89.5,22.0,8,1,['Riesling'],Germany,Mosel,[]
19713,Thatched Hut,85.0,19.0,85.0,19.0,1,1,['Pinot Noir'],New Zealand,Central Otago,[]
19714,Thatched Hut,85.0,19.0,85.0,19.0,1,1,['Sauvignon Blanc'],New Zealand,Marlborough,[]
19715,The 50 by 50,94.0,30.0,94.0,30.0,1,1,['Pinot Noir'],US,California,"['Sonoma Coast', 'Sonoma']"
19716,The Academy,85.0,20.0,85.0,20.0,1,1,['Merlot'],US,Oregon,"['Applegate Valley', 'Southern Oregon']"
19717,The Archivist,85.3,16.4,86.0,17.0,7,4,"['Pinot Noir', 'Chardonnay', 'Rosé', 'Cabernet Sauvignon']",US,California,"['Monterey County', 'Central Coast']"
19718,The Auctor,83.5,18.0,83.5,18.0,2,1,['Red Blend'],US,California,"['Paso Robles', 'Central Coast']"
19719,The Berrio,85.0,20.0,85.0,20.0,1,1,['Sauvignon Blanc'],South Africa,Elim,[]
19720,The Berrio,87.0,20.0,87.0,20.0,1,1,['Cabernet Sauvignon'],South Africa,South Africa,[]
19721,The Better Half,87.7,15.0,87.0,14.0,3,2,"['Pinot Noir', 'Sauvignon Blanc']",New Zealand,Marlborough,[]
19722,The Big Easy,89.0,35.0,89.0,35.0,1,1,['Red Blend'],US,California,"['Santa Barbara County', 'Central Coast']"
19723,The Big Five Collection,84.0,10.0,84.0,10.0,3,3,"['Pinotage', 'Cabernet Sauvignon', 'Sauvignon Blanc']",South Africa,Western Cape,[]
19724,The Big Red Monster,84.0,12.0,84.0,11.0,3,1,['Red Blend'],US,California,"['California', 'California Other']"
19725,The Black Chook,89.3,19.3,89.0,20.0,3,3,"['Shiraz-Viognier', 'White Blend', 'Shiraz']",Australia,South Australia,['South Australia']
19726,The Boneyard,85.4,28.9,86.0,20.0,9,7,"['Cabernet Franc', 'Rkatsiteli', 'Chardonnay', 'Cabernet Sauvignon', 'Red Blend', 'Syrah', 'Rosé']",US,Virginia,['Virginia']
19727,The Bridge,93.3,88.3,93.0,100.0,3,1,['Cabernet Sauvignon'],US,California,"['Alexander Valley', 'Sonoma']"
19728,The Calling,89.8,47.7,90.5,50.5,18,4,"['Cabernet Sauvignon', 'Pinot Noir', 'Chardonnay', 'Bordeaux-style Red Blend']",US,California,"['Alexander Valley', 'Sonoma']"
19729,The Cave,90.0,85.0,90.0,85.0,1,1,['Bordeaux-style Red Blend'],Israel,Galilee,[]
19730,The Cleaver,86.0,20.0,86.0,20.0,1,1,['Red Blend'],US,California,"['California', 'California Other']"
19731,The Colonial Estate,88.9,48.5,89.0,35.0,16,9,"['Grenache', 'Chardonnay', 'Sémillon', 'Shiraz', 'Red Blend', 'G-S-M', 'Cabernet Sauvignon', 'Cabernet Sauvignon-Shiraz', 'Sauvignon Blanc']",Australia,South Australia,['Barossa Valley']
19732,The Conqueror,87.5,23.5,87.0,25.0,6,4,"['Red Blend', 'Rosé', 'Chardonnay', 'Cabernet Sauvignon']",US,Washington,"['Horse Heaven Hills', 'Columbia Valley']"
19733,The Counselor,87.0,35.0,87.0,35.0,1,1,['Cabernet Sauvignon'],US,California,"['Alexander Valley', 'Sonoma']"
19734,The Crater Rim,86.0,20.0,86.0,20.0,2,1,['Pinot Noir'],New Zealand,Canterbury,[]
19735,The Crater Rim,92.0,25.0,92.0,25.0,1,1,['Pinot Noir'],New Zealand,Central Otago,[]
19736,The Crater Rim,87.0,20.0,87.0,20.0,1,1,['Sauvignon Blanc'],New Zealand,Waipara,[]
19737,The Crossings,87.2,16.9,89.0,15.0,9,3,"['Sauvignon Blanc', 'Pinot Noir', 'Chardonnay']",New Zealand,Awatere Valley,[]
19738,The Crossings,87.8,18.0,88.0,19.0,13,3,"['Pinot Noir', 'Sauvignon Blanc', 'Chardonnay']",New Zealand,Marlborough,[]
19739,The Crusher,84.8,14.2,84.0,13.0,13,7,"['Petite Sirah', 'Cabernet Sauvignon', 'Chardonnay', 'Merlot', 'Pinot Noir', 'Red Blend', 'Viognier']",US,California,"['Clarksburg', 'Central Valley']"
19740,The Dancing Fox,87.7,37.3,88.0,27.0,3,3,"['Cabernet Sauvignon', 'Rhône-style Red Blend', 'Zinfandel']",US,California,"['Lodi', 'Central Valley']"
19741,The Decision,90.0,80.0,90.0,80.0,1,1,['Pinot Noir'],US,California,"['Russian River Valley', 'Sonoma']"
19742,The Divining Rod,86.5,15.8,86.5,16.5,6,3,"['Cabernet Sauvignon', 'Chardonnay', 'Red Blend']",US,California,"['Alexander Valley', 'Sonoma']"
19743,The Divining Rod,88.0,19.0,88.0,19.0,1,1,['Pinot Noir'],US,Oregon,"['Willamette Valley', 'Willamette Valley']"
19744,The Dot,89.7,13.3,90.0,13.0,9,3,"['St. Laurent', 'Grüner Veltliner', 'Zweigelt']",Austria,Niederösterreich,[]
19745,The Drift,93.0,,93.0,,1,1,['Red Blend'],South Africa,Cape South Coast,[]
19746,The Drift,91.0,,91.0,,1,1,['Red Blend'],South Africa,Overberg,[]
19747,The Edge,86.0,16.0,86.0,16.0,1,1,['Sauvignon Blanc'],Australia,Victoria,['King Valley']
19748,The Eyrie Vineyards,91.9,41.1,92.0,38.0,53,4,"['Pinot Noir', 'Pinot Gris', 'Pinot Blanc', 'Chardonnay']",US,Oregon,"['Dundee Hills', 'Willamette Valley']"
19749,The Farm Winery,90.6,70.0,91.0,65.0,16,8,"['Red Blend', 'Cabernet Sauvignon-Cabernet Franc', 'Cabernet Sauvignon', 'G-S-M', 'Rhône-style Red Blend', 'Bordeaux-style Red Blend', 'Grenache', 'Syrah-Grenache']",US,California,"['Paso Robles', 'Central Coast']"
19750,The Federalist,87.1,26.7,87.0,25.0,19,4,"['Zinfandel', 'Chardonnay', 'Red Blend', 'Cabernet Sauvignon']",US,California,"['Lodi', 'Central Valley']"
19751,The Forager,87.8,24.2,87.0,23.0,5,3,"['Chardonnay', 'Pinot Noir', 'Rosé']",US,California,"['Sonoma Coast', 'Sonoma']"
19752,The Forager,88.0,25.0,88.0,25.0,1,1,['Pinot Noir'],US,Oregon,"['Willamette Valley', 'Willamette Valley']"
19753,The Foundry,87.5,32.8,87.0,35.0,4,2,"['Syrah', 'Viognier']",South Africa,Coastal Region,[]
19754,The Four Graces,89.9,39.9,90.0,32.0,17,3,"['Pinot Noir', 'Pinot Blanc', 'Pinot Gris']",US,Oregon,"['Dundee Hills', 'Willamette Valley']"
19755,The Frenchhouse,83.9,10.0,84.0,10.0,8,4,"['Pinot Noir', 'Chardonnay', 'Rosé', 'Merlot']",France,Languedoc-Roussillon,"[""Vin de Pays d'Oc""]"
19756,The Full,84.0,40.0,84.0,40.0,2,2,"['Chardonnay', 'Cabernet Sauvignon']",US,California,"['Napa Valley', 'Napa']"
19757,The Furst...,83.0,17.4,84.0,18.0,5,4,"['Pinot Blanc', 'Pinot Gris', 'Riesling', 'Gewürztraminer']",France,Alsace,['Alsace']
19758,The Gardener,89.7,35.8,90.0,35.0,6,2,"['Chardonnay', 'Pinot Noir']",US,California,"['Russian River Valley', 'Sonoma']"
19759,The Gate,88.0,33.5,88.0,33.5,2,1,['Shiraz'],Australia,South Australia,['McLaren Vale']
19760,The Ghost in the Machine,87.0,10.0,87.0,10.0,2,2,"['Red Blend', 'Riesling']",US,Washington,"['Columbia Valley (WA)', 'Columbia Valley']"
19761,The Girls in the Vineyard,88.4,18.4,88.0,18.0,5,3,"['Sauvignon Blanc', 'Cabernet Sauvignon', 'White Blend']",US,California,"['Lake County', 'Mendocino/Lake Counties']"
19762,The Gnome Knows,85.0,10.0,85.0,10.0,1,1,['Sauvignon Blanc'],France,Southwest France,['Côtes de Gascogne']
19763,The Grade,89.5,61.7,88.5,80.0,6,2,"['Cabernet Sauvignon', 'Sauvignon Blanc']",US,California,"['Calistoga', 'Napa']"
19764,The Grapes of Roth,89.4,36.4,90.0,34.0,14,2,"['Riesling', 'Merlot']",US,New York,"['Long Island', 'Long Island']"
19765,The Great Oregon Wine Company,87.0,15.3,87.0,13.0,3,2,"['Rosé', 'Pinot Noir']",US,Oregon,"['Oregon', 'Oregon Other']"
19766,The Great Oregon Wine Company,83.0,11.0,83.0,11.0,1,1,['Pinot Gris'],US,Washington,"['Columbia Valley (WA)', 'Columbia Valley']"
19767,The Grifter,85.5,23.5,85.5,23.5,2,2,"['Chardonnay', 'Red Blend']",US,California,"['Carneros', 'Napa-Sonoma']"
19768,The Grinder,87.0,13.0,87.0,13.0,1,1,['Pinotage'],South Africa,Western Cape,[]
19769,The Heavy,90.0,65.0,90.0,65.0,1,1,['Cabernet Sauvignon'],US,California,"['Napa Valley', 'Napa']"
19770,The Hunt,84.0,40.0,84.0,40.0,1,1,['Red Blend'],US,California,"['Sonoma County', 'Sonoma']"
19771,The Illegitimate,87.0,25.0,87.0,25.0,1,1,['Red Blend'],US,California,"['California', 'California Other']"
19772,The Industrial,84.0,40.0,84.0,40.0,1,1,['Zinfandel'],US,California,"['Sonoma County', 'Sonoma']"
19773,The Infinite Monkey Theorem,87.3,32.7,87.0,30.0,6,5,"['Red Blend', 'White Blend', 'Malbec', 'Cabernet Franc', 'Syrah']",US,Colorado,['Grand Valley']
19774,The Islander,90.0,15.0,90.0,15.0,1,1,['Chardonnay'],Australia,South Australia,['South Australia']
19775,The Jack,91.0,15.0,91.0,15.0,1,1,['Riesling'],US,Washington,"['Columbia Valley (WA)', 'Columbia Valley']"
19776,The Jibe,87.0,13.0,87.0,13.0,1,1,['Sauvignon Blanc'],New Zealand,Marlborough,[]
19777,The Lane,87.0,29.3,87.0,30.0,7,6,"['Sauvignon Blanc', 'Viognier', 'Pinot Grigio', 'Cabernet Sauvignon', 'Champagne Blend', 'Chardonnay']",Australia,South Australia,['Adelaide Hills']
19778,The Leader,89.5,16.5,89.5,16.5,2,1,['Cabernet Sauvignon'],US,Washington,"['Columbia Valley (WA)', 'Columbia Valley']"
19779,The Line,89.0,34.0,89.0,34.0,1,1,['Pinot Noir'],US,California,"['Sonoma Coast', 'Sonoma']"
19780,The Loop,87.0,13.0,87.0,13.0,2,1,['Sauvignon Blanc'],New Zealand,Marlborough,[]
19781,The Lost Colony,88.0,18.0,88.0,18.0,1,1,['Red Blend'],US,California,"['Sonoma County', 'Sonoma']"
19782,The Loyal Companion,83.0,14.0,83.0,14.0,3,3,"['Red Blend', 'Chardonnay', 'Pinot Grigio']",US,California,"['North Coast', 'North Coast']"
19783,The Lucky Country,88.0,16.5,88.0,16.5,2,2,"['Grenache', 'Shiraz']",Australia,South Australia,['Barossa Valley']
19784,The Magpie,87.0,34.5,87.0,34.5,2,2,"['Cabernet Sauvignon', 'Merlot']",US,California,"['St. Helena', 'Napa']"
19785,The Maiden,96.3,113.3,97.0,95.0,3,2,"['Bordeaux-style Red Blend', 'Cabernet Blend']",US,California,"['Napa Valley', 'Napa']"
19786,The Matriarch,94.0,77.5,94.0,77.5,2,1,['Cabernet Blend'],US,California,"['Napa Valley', 'Napa']"
19787,The Messenger,87.0,17.0,87.0,17.0,2,2,"['White Blend', 'Red Blend']",US,California,"['California', 'California Other']"
19788,The Mission,90.0,20.0,90.0,20.0,1,1,['Chardonnay'],US,California,"['Arroyo Seco', 'Central Coast']"
19789,The Mountain Winery,90.0,42.3,89.0,43.0,3,2,"['Chardonnay', 'Pinot Noir']",US,California,"['California', 'California Other']"
19790,The Naked Grape,85.7,18.0,86.0,18.0,7,7,"['Chardonnay', 'Moscato', 'Red Blend', 'Merlot', 'Pinot Grigio', 'Cabernet Sauvignon', 'Pinot Noir']",US,California,"['California', 'California Other']"
19791,The Old Faithful,92.0,29.0,92.0,29.0,1,1,['Shiraz'],Australia,South Australia,['McLaren Vale']
19792,The Old Field,86.0,24.5,86.5,22.0,4,2,"['Merlot', 'Pinot Noir']",US,New York,"['North Fork of Long Island', 'Long Island']"
19793,The Original Dark Horse,82.0,8.0,82.0,8.0,2,2,"['Cabernet Sauvignon', 'Red Blend']",US,California,"['California', 'California Other']"
19794,The Prisoner,87.0,40.0,87.0,40.0,1,1,['Red Blend'],US,California,"['Napa Valley', 'Napa']"
19795,The Rare Wine Co.,93.0,40.0,93.0,40.0,3,1,['Madeira Blend'],Portugal,Madeira,[]
19796,The Red Square,84.0,20.0,84.0,20.0,1,1,['Pinot Noir'],New Zealand,Hawke's Bay,[]
19797,The Rhôning Stones,86.0,10.0,86.0,10.0,1,1,['Rhône-style Red Blend'],France,Rhône Valley,['Côtes du Rhône']
19798,The Royal Valley Vineyards Wine Company,83.0,10.0,83.0,10.0,2,2,"['Shiraz-Cabernet Sauvignon', 'Chenin Blanc']",South Africa,Swartland,[]
19799,The Rule,84.5,24.0,84.5,24.0,2,2,"['Sauvignon Blanc', 'Cabernet Sauvignon']",US,California,"['Napa Valley', 'Napa']"
19800,The Seeker,85.0,14.0,85.0,14.0,1,1,['Malbec'],Argentina,Mendoza Province,['Mendoza']
19801,The Seeker,89.0,14.0,89.0,14.0,1,1,['Riesling'],Germany,Mosel,[]
19802,The Setting,93.0,38.0,93.0,38.0,1,1,['Sauvignon Blanc'],US,California,"['Sonoma County', 'Sonoma']"
19803,The Seven Brothers,87.0,12.0,87.0,12.0,1,1,['Sauvignon Blanc'],US,California,['Clear Lake']
19804,The Shepherd,83.0,16.0,83.0,16.0,1,1,['Cabernet Sauvignon'],US,California,"['Paso Robles', 'Central Coast']"
19805,The Show,88.0,13.0,88.0,13.0,1,1,['Malbec'],Argentina,Mendoza Province,['Mendoza']
19806,The Six Masters,85.0,20.0,85.0,20.0,1,1,['Shiraz'],Australia,New South Wales,['Hunter Valley']
19807,The Smuggler's Son,92.0,35.0,92.0,35.0,1,1,['Red Blend'],US,California,"['California', 'California Other']"
19808,The Sum,85.0,20.0,85.0,20.0,1,1,['Red Blend'],US,California,"['California', 'California Other']"
19809,The Terraces,89.0,60.0,89.0,60.0,1,1,['Cabernet Sauvignon'],US,California,"['Napa Valley', 'Napa']"
19810,The Treat,92.0,75.0,92.0,75.0,1,1,['Cabernet Sauvignon'],US,California,"['Napa Valley', 'Napa']"
19811,The Tribe,91.8,34.4,92.0,32.0,5,2,"['Chardonnay', 'Red Blend']",US,California,"['Lodi', 'Central Valley']"
19812,The Vineyard House,93.6,187.5,94.0,200.0,8,2,"['Cabernet Sauvignon', 'Chardonnay']",US,California,"['Napa Valley', 'Napa']"
19813,The Vinum,85.0,15.0,85.0,15.0,1,1,['Glera'],Italy,Veneto,['Prosecco Treviso']
19814,The Wait,83.0,13.0,83.0,13.0,1,1,['Cabernet Sauvignon-Syrah'],Argentina,Mendoza Province,['Mendoza']
19815,The Walls,88.8,37.0,89.0,38.0,6,6,"['Rosé', 'Chardonnay', 'Rhône-style Red Blend', 'Grenache Blanc', 'Tempranillo', 'Red Blend']",US,Washington,"['Columbia Gorge (WA)', 'Washington Other']"
19816,The White Doe,87.0,18.0,87.0,18.0,1,1,['White Blend'],US,California,"['California', 'California Other']"
19817,The White Knight,86.9,12.9,87.0,13.0,13,5,"['Riesling', 'Moscato', 'Viognier', 'Pinot Grigio', 'Sauvignon Blanc']",US,California,"['Lake County', 'Mendocino/Lake Counties']"
19818,The Williamsburg Winery,85.5,32.3,86.0,32.0,50,13,"['Bordeaux-style Red Blend', 'Merlot', 'Cabernet Franc', 'White Blend', 'Chardonnay', 'Syrah', 'Viognier', 'Red Blend', 'Vidal Blanc', 'Petit Verdot', 'Malbec', 'Norton', 'Tannat']",US,Virginia,['Virginia']
19819,The Willows,89.0,47.0,89.0,47.0,2,1,['Shiraz'],Australia,South Australia,['Barossa']
19820,The Winemaker's Loft,89.3,13.0,90.0,13.0,3,3,"['Gewürztraminer', 'White Blend', 'Red Blend']",US,Washington,"['Washington', 'Washington Other']"
19821,The Winery SF,86.8,25.6,86.0,25.0,9,8,"['Cabernet Sauvignon', 'Red Blend', 'Sauvignon Blanc', 'Pinot Noir', 'White Blend', 'Chardonnay', 'Sparkling Blend', 'Merlot']",US,California,"['North Coast', 'North Coast']"
19822,The Winner's Tank,86.0,16.0,86.0,16.0,1,1,['Shiraz'],Australia,South Australia,['Langhorne Creek']
19823,The Wishing Tree,85.7,11.3,85.0,11.0,3,2,"['Chardonnay', 'Shiraz']",Australia,Western Australia,['Western Australia']
19824,The Withers Winery,89.6,38.2,90.0,42.0,11,4,"['Rhône-style Red Blend', 'Pinot Noir', 'Rosé', 'Chardonnay']",US,California,"['El Dorado', 'Sierra Foothills']"
19825,The Yellow Cellar,85.7,12.7,86.0,13.0,3,3,"['Shiraz', 'Chenin Blanc', 'Sauvignon Blanc']",South Africa,Coastal Region,[]
19826,Thelema,87.0,16.9,87.0,15.0,8,2,"['Chardonnay', 'Sauvignon Blanc']",South Africa,Elgin,[]
19827,Thelema,88.1,31.2,88.0,29.0,30,6,"['Sauvignon Blanc', 'Cabernet Sauvignon', 'Shiraz', 'Chardonnay', 'Merlot', 'Riesling']",South Africa,Stellenbosch,[]
19828,Thelema,88.5,15.0,88.5,15.0,2,1,['Red Blend'],South Africa,Western Cape,[]
19829,Thema,88.0,24.0,88.0,24.0,1,1,['Red Blend'],Greece,Drama,[]
19830,Theopolis,90.8,31.5,91.0,31.0,4,4,"['Rosé', 'Petite Sirah', 'Pinot Noir', 'White Blend']",US,California,"['Yorkville Highlands', 'North Coast']"
19831,There,86.0,37.0,86.0,37.0,2,2,"['Merlot', 'Pinot Noir']",US,California,"['Rutherford', 'Napa']"
19832,There Wines,84.0,28.0,84.0,28.0,1,1,['Chardonnay'],US,California,"['Mendocino County', 'Mendocino/Lake Counties']"
19833,Thibault,85.2,17.2,85.5,17.5,4,2,"['Sauvignon Blanc', 'Pinot Noir']",France,Loire Valley,['Coteaux du Giennois']
19834,Thibaut-Janisson,84.0,30.0,84.0,30.0,1,1,['Sparkling Blend'],US,Virginia,['Monticello']
19835,Thibert Père et Fils,89.0,36.0,89.0,36.0,1,1,['Chardonnay'],France,Burgundy,['Pouilly-Fuissé']
19836,Thierry & Guy,83.0,10.0,83.0,10.0,1,1,['Shiraz'],France,Languedoc-Roussillon,"[""Vin de Pays d'Oc""]"
19837,Thierry Allemand,88.5,87.0,88.5,87.0,2,1,['Syrah'],France,Rhône Valley,['Cornas']
19838,Thierry-Weber,86.0,,86.0,,1,1,['Grüner Veltliner'],Austria,Austria,[]
19839,Thierry-Weber,88.5,18.0,88.5,18.0,2,1,['Grüner Veltliner'],Austria,Kremstal,[]
19840,Thierry-Weber,85.0,,85.0,,1,1,['Grüner Veltliner'],Austria,Niederösterreich,[]
19841,Think Tank,88.0,52.5,88.0,52.5,2,2,"['Pinot Noir', 'Syrah']",US,California,"['Sta. Rita Hills', 'Central Coast']"
19842,Thirsty Owl Wine Company,87.3,17.0,88.0,15.0,21,9,"['Riesling', 'Pinot Gris', 'Merlot', 'Meritage', 'Gewürztraminer', 'Rosé', 'Chardonnay', 'Pinot Noir', 'Cabernet Sauvignon']",US,New York,"['Finger Lakes', 'Finger Lakes']"
19843,Thirteen,92.0,115.0,92.0,115.0,1,1,['Cabernet Blend'],US,California,"['Napa Valley', 'Napa']"
19844,Thirteen Appellations,87.0,80.0,87.0,80.0,1,1,['Meritage'],US,California,"['Napa Valley', 'Napa']"
19845,Thirty-Seven Wines,90.7,23.3,90.0,22.0,3,3,"['Albariño', 'Pinot Gris', 'Pinot Noir']",US,California,"['Sonoma Coast', 'Sonoma']"
19846,Thistle,90.0,24.2,90.0,20.0,17,4,"['Chardonnay', 'Pinot Noir', 'Pinot Blanc', 'Pinot Gris']",US,Oregon,"['Dundee Hills', 'Willamette Valley']"
19847,Thistledown,89.6,34.8,90.0,33.0,5,3,"['Grenache', 'Chardonnay', 'Shiraz']",Australia,South Australia,['McLaren Vale']
19848,Thiénot,90.5,82.6,90.0,100.0,22,3,"['Champagne Blend', 'Chardonnay', 'Pinot Noir']",France,Champagne,['Champagne']
19849,Thokozani,88.0,17.0,88.0,17.0,1,1,['White Blend'],South Africa,Wellington,[]
19850,Thomas,83.0,11.0,83.0,11.0,3,3,"['Merlot', 'Meritage', 'Chardonnay']",US,California,"['Napa Valley', 'Napa']"
19851,Thomas Carteron,86.0,17.0,86.0,18.0,3,1,['Rosé'],France,Provence,['Côtes de Provence']
19852,Thomas Fogarty,90.0,46.1,90.0,46.0,109,12,"['Pinot Noir', 'Cabernet Sauvignon', 'Cabernet Franc', 'Malbec', 'Meritage', 'Gewürztraminer', 'Chardonnay', 'Sparkling Blend', 'Merlot', 'Bordeaux-style Red Blend', 'Syrah', 'Riesling']",US,California,"['Santa Cruz Mountains', 'Central Coast']"
19853,Thomas George,88.6,45.1,88.0,41.5,24,3,"['Chardonnay', 'Pinot Noir', 'Viognier']",US,California,"['Russian River Valley', 'Sonoma']"
19854,Thomas Goss,89.0,16.5,89.0,16.5,2,2,"['Cabernet Sauvignon', 'Riesling']",Australia,South Australia,['McLaren Vale']
19855,Thomas Halby,87.0,20.0,87.0,20.0,1,1,['Riesling'],Germany,Mosel,[]
19856,Thomas Halby,83.0,25.0,83.0,25.0,1,1,['Grenache'],US,California,"['Santa Maria Valley', 'Central Coast']"
19857,Thomas Henry,83.5,18.5,83.5,19.0,4,3,"['Pinot Noir', 'Meritage', 'Chardonnay']",US,California,"['North Coast', 'North Coast']"
19858,Thomas Mitchell,86.0,14.0,86.0,14.0,1,1,['Marsanne'],Australia,Australia Other,['South Eastern Australia']
19859,Thomas O'Neil Cellars,86.3,22.0,87.0,21.0,6,6,"['Merlot', 'Riesling', 'Chardonnay', 'Viognier', 'Cabernet Sauvignon', 'Grenache']",US,Washington,"['Columbia Valley (WA)', 'Columbia Valley']"
19860,Thomas Schmitt,88.7,15.0,89.0,15.0,3,1,['Riesling'],Germany,Mosel,[]
19861,Thomas Schmitt,89.0,13.0,89.0,13.0,1,1,['Pinot Noir'],Germany,Rheinhessen,[]
19862,Thomas Scott,81.5,21.5,81.5,21.5,2,2,"['Pinot Noir', 'Chardonnay']",US,California,"['Russian River Valley', 'Sonoma']"
19863,Thorin,86.0,12.7,87.0,13.0,3,1,['Gamay'],France,Beaujolais,['Beaujolais']
19864,Thorn,87.7,43.3,86.0,45.0,3,1,['Merlot'],US,California,"['Napa Valley', 'Napa']"
19865,Thorn Clarke,90.2,30.4,90.0,22.5,20,7,"['Shiraz', 'Riesling', 'Cabernet Sauvignon', 'Malbec', 'Pinot Grigio', 'Cabernet Sauvignon-Shiraz', 'Red Blend']",Australia,South Australia,['Barossa']
19866,Thornbury,87.0,,87.0,,1,1,['Pinot Noir'],New Zealand,Central Otago,[]
19867,Thornbury,90.0,19.0,90.0,19.0,1,1,['Chardonnay'],New Zealand,Gisborne,[]
19868,Thornbury,86.0,19.6,86.0,19.0,5,3,"['Sauvignon Blanc', 'Pinot Noir', 'Pinot Gris']",New Zealand,Marlborough,[]
19869,Thorne,89.5,34.5,89.5,34.5,2,1,['Pinot Noir'],US,California,"['Sta. Rita Hills', 'Central Coast']"
19870,Thornton,86.0,19.9,86.0,13.0,12,8,"['Syrah', 'White Blend', 'Champagne Blend', 'Viognier', 'Grenache', 'Pinot Blanc', 'Rhône-style Red Blend', 'Cabernet Sauvignon-Merlot']",US,California,"['Temecula', 'South Coast']"
19871,Thorntree,84.9,9.0,85.0,9.0,10,4,"['Chardonnay', 'Shiraz', 'Sauvignon Blanc', 'Merlot']",South Africa,Western Cape,[]
19872,Thorny Devil,86.0,11.0,86.0,11.0,1,1,['Shiraz'],Australia,New South Wales,['Gundagai']
19873,Thorny Rose,85.8,11.0,86.0,11.0,5,4,"['Red Blend', 'Cabernet Sauvignon', 'Chardonnay', 'Merlot-Cabernet Sauvignon']",US,Washington,"['Columbia Valley (WA)', 'Columbia Valley']"
19874,Thousand Islands Winery,85.8,13.2,85.5,14.0,8,7,"['Chardonnay', 'Gewürztraminer', 'Pinot Grigio', 'Marquette', 'Red Blend', 'Riesling', 'White Blend']",US,New York,"['New York', 'New York Other']"
19875,Thralls,91.5,38.5,91.5,38.5,2,1,['Pinot Noir'],US,California,"['Russian River Valley', 'Sonoma']"
19876,Three,90.3,30.0,91.0,34.0,11,4,"['Rhône-style Red Blend', 'Zinfandel', 'Red Blend', 'Rosé']",US,California,"['California', 'California Other']"
19877,Three Angels,88.5,20.0,88.5,20.0,2,1,['Zinfandel'],US,Washington,"['Columbia Valley (WA)', 'Columbia Valley']"
19878,Three Bridges,88.0,20.5,88.0,20.5,2,1,['Sémillon'],Australia,New South Wales,['Riverina']
19879,Three Brothers,86.5,17.5,87.0,16.0,11,5,"['Barbera', 'Riesling', 'Grüner Veltliner', 'Gewürztraminer', 'Pinot Noir']",US,New York,"['Finger Lakes', 'Finger Lakes']"
19880,Three Clicks,87.0,27.5,87.0,27.5,2,2,"['Petite Sirah', 'Sauvignon Blanc']",US,California,"['Napa Valley', 'Napa']"
19881,Three Families,82.7,14.2,82.5,14.0,12,3,"['Merlot', 'Cabernet Sauvignon', 'Chardonnay']",US,California,"['Mendocino County', 'Mendocino/Lake Counties']"
19882,Three Fat Guys,92.0,60.0,92.0,60.0,2,2,"['Chardonnay', 'Cabernet Sauvignon']",US,California,"['Sonoma Coast', 'Sonoma']"
19883,Three Fires,83.5,47.0,83.0,48.5,4,3,"['Chardonnay', 'Merlot', 'Pinot Noir']",US,Michigan,['Lake Michigan Shore']
19884,Three Fox,84.2,27.1,84.0,27.0,18,8,"['Merlot', 'Chardonnay-Viognier', 'Nebbiolo', 'Sangiovese', 'Viognier', 'Cabernet Franc', 'Rosé', 'Pinot Grigio']",US,Virginia,['Middleburg']
19885,Three Knights,86.0,28.0,86.0,28.0,2,2,"['Chardonnay', 'Pinot Noir']",US,California,"['Russian River Valley', 'Sonoma']"
19886,Three Miners,85.0,38.0,85.0,38.0,1,1,['Pinot Noir'],New Zealand,Central Otago,[]
19887,Three Pears,85.8,11.0,86.5,10.0,4,2,"['Pinot Grigio', 'Pinot Gris']",US,California,"['California', 'California Other']"
19888,Three Pines,87.0,14.7,87.0,15.0,3,3,"['Chardonnay', 'Cabernet Sauvignon', 'Red Blend']",US,California,"['California', 'California Other']"
19889,Three Rights Left,85.0,25.0,85.0,25.0,1,1,['Charbono'],US,California,"['Suisun Valley', 'North Coast']"
19890,Three Rivers,87.8,25.2,88.0,19.0,109,18,"['Bordeaux-style Red Blend', 'Riesling', 'Malbec', 'Chardonnay', 'Merlot', 'Cabernet Sauvignon', 'Cabernet Franc', 'Red Blend', 'Syrah', 'Sangiovese', 'Meritage', 'Sauvignon Blanc', 'Petit Verdot', 'Tempranillo', 'White Blend', 'Malbec-Merlot', 'Bordeaux-style White Blend', 'Rosé']",US,Washington,"['Columbia Valley (WA)', 'Columbia Valley']"
19891,Three Saints,85.3,21.5,85.0,22.0,10,4,"['Chardonnay', 'Pinot Noir', 'Cabernet Sauvignon', 'Syrah']",US,California,"['Santa Maria Valley', 'Central Coast']"
19892,Three Sticks,91.3,57.1,92.0,60.0,29,3,"['Chardonnay', 'Pinot Noir', 'Cabernet Sauvignon']",US,California,"['Sonoma Valley', 'Sonoma']"
19893,Three Thieves,86.4,8.5,86.0,8.0,8,5,"['Cabernet Sauvignon', 'Pinot Grigio', 'Pinot Noir', 'Chardonnay', 'Red Blend']",US,California,"['California', 'California Other']"
19894,Three of Cups,86.0,34.0,86.0,34.0,2,2,"['Red Blend', 'Cabernet Sauvignon']",US,Washington,"['Red Mountain', 'Columbia Valley']"
19895,Threesome Cellars,86.0,87.0,86.0,87.0,2,1,['Cabernet Sauvignon'],US,California,"['Coombsville', 'Napa']"
19896,Thunder Mountain,88.0,41.4,89.0,43.0,5,2,"['Chardonnay', 'Cabernet Sauvignon']",US,California,"['Cienega Valley', 'Central Coast']"
19897,Thunderbolt,82.0,25.0,82.0,25.0,1,1,['G-S-M'],US,California,"['Paso Robles', 'Central Coast']"
19898,Thunevin,88.0,25.0,88.0,25.0,2,1,['Bordeaux-style Red Blend'],France,Bordeaux,['Bordeaux']
19899,Thurston Wolfe,88.4,20.3,88.0,20.0,59,16,"['Zinfandel', 'Malbec', 'Petite Sirah', 'Red Blend', 'Touriga Nacional', 'Orange Muscat', 'Syrah', 'Cabernet Sauvignon', 'Lemberger', 'White Blend', 'Rosé', 'Petit Verdot', 'Port', 'Bordeaux-style Red Blend', 'Touriga Nacional Blend', 'Albariño']",US,Washington,"['Horse Heaven Hills', 'Columbia Valley']"
19900,Thymiopoulos,86.0,17.0,86.0,17.0,1,1,['Malagousia'],Greece,Central Greece,[]
19901,Thymiopoulos,87.5,24.0,87.5,22.0,4,1,['Xinomavro'],Greece,Naoussa,[]
19902,Thörle,91.3,40.1,91.0,35.0,35,7,"['Silvaner', 'Spätburgunder', 'Grauburgunder', 'Riesling', 'Weissburgunder', 'White Blend', 'Chardonnay']",Germany,Rheinhessen,[]
19903,Thüngersheim,86.0,20.0,86.0,20.0,1,1,['Silvaner'],Germany,Franken,[]
19904,Ti Point,90.0,13.0,90.0,13.0,1,1,['Sauvignon Blanc'],New Zealand,Marlborough,[]
19905,Tiago Teles,84.0,20.0,84.0,20.0,1,1,['Portuguese Red'],Portugal,Bairrada,[]
19906,Tiamo,83.0,11.0,83.0,11.0,1,1,['Sangiovese'],Italy,Central Italy,['Marche']
19907,Tiamo,85.0,11.0,85.0,11.0,1,1,['Pinot Grigio'],Italy,Northeastern Italy,['Delle Venezie']
19908,Tiamo,84.5,11.0,84.5,11.0,2,1,['Sangiovese'],Italy,Southern Italy,['Puglia']
19909,Tiamo,84.0,12.0,84.0,12.0,1,1,['Sangiovese'],Italy,Tuscany,['Chianti']
19910,Tiamo,84.4,13.4,84.0,14.0,5,3,"['Glera', 'Pinot Grigio', 'Prosecco']",Italy,Veneto,['Prosecco']
19911,Tiberini,86.0,36.5,85.0,36.5,3,1,['Red Blend'],Italy,Tuscany,['Vino Nobile di Montepulciano']
19912,Tibor Gal,83.0,11.7,83.0,12.0,3,2,"['Chardonnay', 'Red Blend']",Hungary,Eger,[]
19913,Ticket Cellars,84.0,32.0,84.0,32.0,2,2,"['Viognier', 'Sangiovese']",US,California,"['Russian River Valley', 'Sonoma']"
19914,Tie-Dye,86.0,17.0,86.0,17.0,2,1,['Red Blend'],US,California,"['North Coast', 'North Coast']"
19915,Tiedemann,86.7,47.3,87.0,45.0,3,1,['Red Blend'],US,California,"['Napa Valley', 'Napa']"
19916,Tiefenbrunner,89.0,29.0,89.0,25.0,44,9,"['Pinot Bianco', 'Sauvignon', 'Pinot Grigio', 'Müller-Thurgau', 'Pinot Nero', 'Gewürztraminer', 'Sauvignon Blanc', 'Lagrein', 'Chardonnay']",Italy,Northeastern Italy,['Alto Adige']
19917,Tieffenbrunner,84.5,12.5,84.5,12.5,2,2,"['Pinot Grigio', 'Pinot Bianco']",Italy,Northeastern Italy,['Alto Adige']
19918,Tienen Duende,84.3,9.0,84.0,9.0,3,3,"['Garnacha', 'Verdejo', 'Red Blend']",Spain,Northern Spain,['Campo de Borja']
19919,Tierce,89.0,30.0,89.0,30.0,3,1,['Riesling'],US,New York,"['Finger Lakes', 'Finger Lakes']"
19920,Tierra Adentro,89.0,20.0,89.0,20.0,1,1,['Tempranillo'],Spain,Northern Spain,['Ribera del Duero']
19921,Tierra Aranda,90.0,21.5,90.0,21.5,2,1,['Tempranillo'],Spain,Northern Spain,['Ribera del Duero']
19922,Tierra Brisa,85.5,13.0,85.5,13.0,2,2,"['Cabernet Sauvignon', 'Malbec']",Argentina,Mendoza Province,['Mendoza']
19923,Tierra Caliente,86.0,28.0,86.0,28.0,1,1,['Zinfandel'],US,California,"['Napa Valley', 'Napa']"
19924,Tierra Divina,88.0,15.0,88.0,15.0,1,1,['Malbec'],Argentina,Mendoza Province,['Uco Valley']
19925,Tierra Prometida,86.0,19.7,85.0,18.0,3,2,"['Malbec', 'Bonarda']",Argentina,Mendoza Province,['Mendoza']
19926,Tierra Roja,92.8,135.0,93.5,135.0,6,1,['Cabernet Sauvignon'],US,California,"['Oakville', 'Napa']"
19927,Tierra Secreta,83.0,20.0,83.0,20.0,1,1,['Malbec'],Argentina,Mendoza Province,['Mendoza']
19928,Tierra de Antes,82.7,10.0,83.0,10.0,3,2,"['Malbec', 'Chardonnay']",Argentina,Mendoza Province,['Mendoza']
19929,Tierra y Mar,86.0,23.0,86.0,25.0,3,2,"['Chardonnay', 'Cabernet Sauvignon']",US,California,"['North Coast', 'North Coast']"
19930,Tierras Altas,82.7,12.7,83.0,13.0,3,2,"['Malbec', 'Cabernet Sauvignon']",Argentina,Mendoza Province,['Mendoza']
19931,Tierras Guindas,87.0,11.0,87.0,11.0,2,2,"['Tinta de Toro', 'Tempranillo']",Spain,Northern Spain,['Toro']
19932,Tiezzi,89.6,43.1,90.0,42.0,13,2,"['Sangiovese Grosso', 'Sangiovese']",Italy,Tuscany,['Brunello di Montalcino']
19933,Tiger Lily,86.0,45.0,86.0,45.0,1,1,['Rhône-style Red Blend'],US,California,"['El Dorado', 'Sierra Foothills']"
19934,Tikal,88.4,27.0,89.0,24.0,10,6,"['Malbec', 'Malbec-Bonarda', 'Malbec-Syrah', 'Malbec-Cabernet Sauvignon', 'Red Blend', 'Malbec-Cabernet Franc']",Argentina,Mendoza Province,['Mendoza']
19935,Tikalo,85.4,13.4,85.0,11.0,5,2,"['Tempranillo', 'Tempranillo-Garnacha']",Spain,Central Spain,['Tierra de Castilla']
19936,Tiki Sound,86.5,14.5,86.5,14.5,2,1,['Sauvignon Blanc'],New Zealand,Marlborough,[]
19937,Tilda,87.0,18.0,87.0,18.0,1,1,['Red Blend'],US,Washington,"['Columbia Valley (WA)', 'Columbia Valley']"
19938,Tildio,86.8,26.2,87.0,27.0,32,13,"['Cabernet Sauvignon', 'Cabernet Franc', 'Riesling', 'Red Blend', 'White Blend', 'Viognier', 'Tempranillo', 'Sauvignon Blanc', 'Merlot', 'Malbec', 'Chardonnay', 'Syrah', 'Bordeaux-style Red Blend']",US,Washington,"['Wahluke Slope', 'Columbia Valley']"
19939,Tilia,85.6,10.2,86.0,10.0,27,7,"['Chardonnay', 'Malbec', 'Cabernet Sauvignon', 'Merlot', 'Bonarda', 'Malbec-Syrah', 'Torrontés']",Argentina,Mendoza Province,['Mendoza']
19940,Tilia,83.7,10.0,82.0,10.0,3,1,['Torrontés'],Argentina,Other,['Salta']
19941,Tim Adams,87.3,17.4,87.5,18.0,6,4,"['Riesling', 'Cabernet Sauvignon', 'Pinot Gris', 'Shiraz']",Australia,South Australia,['Clare Valley']
19942,Tim Gramp,83.0,18.0,83.0,18.0,1,1,['Riesling'],Australia,South Australia,['Clare Valley']
19943,TimberRock,85.0,26.0,85.0,26.0,1,1,['Cabernet Sauvignon'],US,Washington,"['Washington', 'Washington Other']"
19944,Timbre,92.2,39.8,93.0,40.0,5,3,"['Chardonnay', 'Pinot Noir', 'Viognier']",US,California,"['Santa Maria Valley', 'Central Coast']"
19945,Timbuktu,82.0,10.0,82.0,10.0,1,1,['Red Blend'],Australia,South Australia,['South Australia']
19946,Timothy Malone,91.0,30.7,90.5,31.0,6,2,"['Pinot Noir', 'Riesling']",US,Oregon,"['Willamette Valley', 'Willamette Valley']"
19947,Timothy Moore,88.0,33.0,88.0,35.0,5,5,"['Blaufränkisch', 'Pinot Noir', 'Riesling', 'Merlot', 'Cabernet Franc']",US,New York,"['Finger Lakes', 'Finger Lakes']"
19948,Tin Barn,85.5,27.6,86.0,27.0,37,7,"['Cabernet Sauvignon', 'Syrah', 'Sauvignon Blanc', 'Zinfandel', 'Bordeaux-style Red Blend', 'Pinot Noir', 'Merlot']",US,California,"['Sonoma Valley', 'Sonoma']"
19949,Tin House,88.7,30.3,88.5,30.0,6,2,"['Pinot Noir', 'Syrah']",US,California,"['Santa Maria Valley', 'Central Coast']"
19950,Tin Roof,85.6,10.6,86.0,10.0,10,4,"['Sauvignon Blanc', 'Chardonnay', 'Merlot', 'Cabernet Sauvignon']",US,California,"['California', 'California Other']"
19951,Tin Shed,89.5,40.0,89.5,40.0,2,1,['Shiraz'],Australia,South Australia,['Eden Valley']
19952,Tinazzi,84.0,13.0,84.0,13.0,1,1,['White Blend'],Italy,Lombardy,['Lugana']
19953,Tinazzi,87.4,26.9,87.0,24.0,17,3,"['Garganega', 'Red Blend', 'Corvina, Rondinella, Molinara']",Italy,Veneto,['Soave']
19954,Tinedo,87.6,18.4,87.0,15.0,5,4,"['Tempranillo Blend', 'Tempranillo-Shiraz', 'Tempranillo-Cabernet Sauvignon', 'Red Blend']",Spain,Central Spain,['Vino de la Tierra de Castilla']
19955,Tines,87.5,24.5,87.5,24.5,2,2,"['Petite Sirah', 'Sauvignon Blanc']",US,California,"['Paso Robles', 'Central Coast']"
19956,Tineta,88.0,16.0,88.0,16.0,1,1,['Tempranillo'],Spain,Northern Spain,['Ribera del Duero']
19957,Tineta Avante,88.0,20.0,88.0,20.0,1,1,['Tinto Fino'],Spain,Northern Spain,['Ribera del Duero']
19958,Tinhof,88.8,21.5,89.0,19.0,33,9,"['White Blend', 'Neuburger', 'Austrian white blend', 'Muskat', 'Weissburgunder', 'St. Laurent', 'Austrian Red Blend', 'Rosé', 'Blaufränkisch']",Austria,Burgenland,[]
19959,Tinhof,91.0,35.5,91.0,35.5,4,3,"['White Blend', 'Blaufränkisch', 'Weissburgunder']",Austria,Leithaberg,[]
19960,Tinhof,88.0,19.0,88.0,19.0,1,1,['Blaufränkisch'],Austria,Österreichischer Sekt,[]
19961,Tinhorn Creek,88.1,24.1,88.0,23.0,27,9,"['Pinot Gris', 'White Blend', 'Chardonnay', 'Bordeaux-style Red Blend', 'Cabernet Franc', 'Pinot Noir', 'Merlot', 'Syrah', 'Gewürztraminer']",Canada,British Columbia,['Okanagan Valley']
19962,Tinpot Hut,88.5,24.5,88.5,24.5,2,2,"['Grüner Veltliner', 'Pinot Noir']",New Zealand,Marlborough,[]
19963,Tintara,88.0,18.0,88.0,18.0,3,2,"['Shiraz', 'Cabernet Sauvignon']",Australia,South Australia,['McLaren Vale']
19964,Tinto Rey,89.0,18.7,89.0,18.0,3,3,"['Red Blend', 'Verdejo', 'Rosé']",US,California,"['Dunnigan Hills', 'Central Valley']"
19965,TintoNegro,88.3,34.7,88.0,30.0,21,1,['Malbec'],Argentina,Mendoza Province,['Mendoza']
19966,Tio Pepe,89.0,20.0,89.0,20.0,1,1,['Palomino'],Spain,Andalucia,['Jerez']
19967,Tionio,89.0,28.0,89.0,32.0,3,2,"['Red Blend', 'Tinto Fino']",Spain,Northern Spain,['Ribera del Duero']
19968,Tir Na N'og,89.0,32.0,89.0,32.0,1,1,['Grenache'],Australia,South Australia,['McLaren Vale']
19969,Tirapelle Nicola,89.0,,89.0,,1,1,['Garganega'],Italy,Veneto,['Soave']
19970,Tishbi Estate,87.0,29.0,87.0,29.0,1,1,['Cabernet Sauvignon'],Israel,Israel,[]
19971,Tishbi Estate,89.0,55.0,89.0,55.0,1,1,['Bordeaux-style Red Blend'],Israel,Negev Hills,[]
19972,Tishbi Estate,87.0,26.0,87.0,26.0,1,1,['Merlot'],Israel,Upper Galilee,[]
19973,Titora,86.5,35.0,86.5,35.0,2,2,"['Cabernet Sauvignon', 'Red Blend']",Israel,Judean Hills,[]
19974,Tittarelli,82.3,14.1,82.0,13.0,7,4,"['Malbec', 'Bonarda', 'Tempranillo', 'Chardonnay']",Argentina,Mendoza Province,['Mendoza']
19975,Titus,88.4,38.9,88.0,36.0,24,7,"['Cabernet Franc', 'Petite Sirah', 'Cabernet Sauvignon', 'Sauvignon Blanc', 'Zinfandel', 'Merlot', 'Chardonnay']",US,California,"['Napa Valley', 'Napa']"
19976,Tiz,85.0,8.0,85.0,8.0,1,1,['Red Blend'],US,California,"['California', 'California Other']"
19977,Tiza,88.5,20.0,88.5,20.0,4,1,['Malbec'],Argentina,Mendoza Province,['Uco Valley']
19978,Tiziano,84.5,7.0,84.5,7.0,2,1,['Sangiovese'],Italy,Tuscany,['Chianti']
19979,Tiziano Mazzoni,89.3,39.0,89.5,40.0,6,2,"['Nebbiolo', 'Vespolina']",Italy,Piedmont,['Ghemme']
19980,Toad Hall,85.0,33.0,84.5,35.0,4,3,"['Red Blend', 'Bordeaux-style Red Blend', 'Pinot Noir']",US,California,"['Napa Valley', 'Napa']"
19981,Toad Hollow,86.1,17.0,86.0,15.0,32,7,"['Cabernet Sauvignon', 'Chardonnay', 'Zinfandel', 'Pinot Noir', 'Merlot', 'Red Blend', 'Rosé']",US,California,"['Lodi', 'Central Valley']"
19982,Toasted Head,86.2,18.2,86.5,18.0,4,3,"['Cabernet Sauvignon', 'Chardonnay', 'Pinot Noir']",US,California,"['Alexander Valley', 'Sonoma']"
19983,Tobacco Road,91.5,116.4,92.0,94.5,8,2,"['Cabernet Sauvignon', 'Pinot Noir']",US,California,"['Napa Valley', 'Napa']"
19984,Tobin James,86.2,26.2,87.0,26.0,9,6,"['Zinfandel', 'Primitivo', 'Cabernet Franc', 'Petite Sirah', 'Chardonnay', 'Syrah']",US,California,"['Paso Robles', 'Central Coast']"
19985,Toboni,87.0,45.0,87.0,45.0,1,1,['Pinot Noir'],US,California,"['Russian River Valley', 'Sonoma']"
19986,Toca Diamonte,82.5,4.5,82.5,4.5,2,1,['Malbec'],Argentina,Mendoza Province,['Mendoza']
19987,Toccata,87.6,21.0,87.0,17.0,7,4,"['Malvasia Bianca', 'Red Blend', 'Pinot Grigio', 'Rosé']",US,California,"['Santa Barbara County', 'Central Coast']"
19988,Todoroff,82.7,17.7,83.0,19.0,3,2,"['Cabernet Sauvignon', 'Merlot']",Bulgaria,Thracian Valley,[]
19989,Tofanelli Family,87.5,36.0,87.5,36.0,2,1,['Charbono'],US,California,"['Napa Valley', 'Napa']"
19990,Toffoli,86.1,15.2,86.0,15.0,13,2,"['Glera', 'Prosecco']",Italy,Veneto,['Conegliano Valdobbiadene Prosecco Superiore']
19991,Together,86.0,41.0,84.0,43.0,3,3,"['Red Blend', 'Cabernet Sauvignon', 'Sauvignon Blanc']",US,California,"['Napa Valley', 'Napa']"
19992,Tognetti,92.0,55.0,92.0,55.0,2,1,['Chardonnay'],US,California,"['Los Carneros', 'Napa-Sonoma']"
19993,Tohu,87.0,16.5,87.0,16.5,2,1,['Chardonnay'],New Zealand,Gisborne,[]
19994,Tohu,87.0,20.0,87.0,19.0,12,2,"['Sauvignon Blanc', 'Pinot Noir']",New Zealand,Marlborough,[]
19995,Toi Toi,88.0,22.0,88.0,22.0,1,1,['Pinot Noir'],New Zealand,Central Otago,[]
19996,Toi Toi,88.5,14.0,88.5,14.0,2,2,"['Pinot Gris', 'Sauvignon Blanc']",New Zealand,Marlborough,[]
19997,Toil Oregon,91.7,50.0,91.0,50.0,3,1,['Pinot Noir'],US,Oregon,"['Willamette Valley', 'Willamette Valley']"
19998,Tokaj Classic,92.0,69.5,92.0,69.5,2,1,['Tokaji'],Hungary,Tokaj,[]
19999,Tokaj Kereskedőház,84.0,25.0,84.0,25.0,2,1,['Furmint'],Hungary,Tokaji,[]
20000,Tokara,92.0,,92.0,,1,1,['Chardonnay'],South Africa,Hemel en Aarde,[]
20001,Tokara,88.7,34.0,89.0,32.5,6,3,"['Bordeaux-style Red Blend', 'Chardonnay', 'Shiraz']",South Africa,Stellenbosch,[]
20002,Tokara,88.0,16.7,88.0,17.0,3,1,['Sauvignon Blanc'],South Africa,Western Cape,[]
20003,Tolaini,89.5,54.4,89.5,40.0,10,3,"['Red Blend', 'Sangiovese', 'Bordeaux-style Red Blend']",Italy,Tuscany,['Toscana']
20004,Toljanic,84.0,13.0,84.0,13.0,1,1,['Zlahtina'],Croatia,Hrvatsko Primorje,[]
20005,Tollena,87.5,,87.5,,2,1,['White Blend'],Italy,Tuscany,['Vernaccia di San Gimignano']
20006,Tollot Beaut et Fils,90.0,100.0,90.0,100.0,3,1,['Pinot Noir'],France,Burgundy,['Chorey-lès-Beaune']
20007,Tolloy,87.1,12.4,87.0,13.0,8,3,"['Pinot Grigio', 'Pinot Nero', 'Sauvignon Blanc']",Italy,Northeastern Italy,['Vigneti delle Dolomiti']
20008,Tololo,85.0,9.0,85.0,9.0,1,1,['Cabernet Sauvignon'],Chile,Cachapoal Valley,[]
20009,Tololo,85.0,9.6,86.0,10.0,5,3,"['Sauvignon Blanc', 'Chardonnay', 'Cabernet Sauvignon']",Chile,Curicó Valley,[]
20010,Tololo,84.5,9.0,84.5,9.0,2,1,['Chardonnay'],Chile,Maule Valley,[]
20011,Tolosa,88.5,34.9,88.0,30.0,85,12,"['Viognier', 'Cabernet Sauvignon', 'Pinot Noir', 'Syrah', 'Red Blend', 'Chardonnay', 'Pinot Gris', 'Sauvignon Blanc', 'Grenache Blanc', 'Rosé', 'Grenache', 'Rhône-style Red Blend']",US,California,"['Edna Valley', 'Central Coast']"
20012,Tolpuddle,94.0,60.0,94.0,60.0,1,1,['Chardonnay'],Australia,Tasmania,['Tasmania']
20013,Tom Eddy,87.0,17.0,87.0,17.0,1,1,['Sauvignon Blanc'],New Zealand,Marlborough,[]
20014,Tom Eddy,91.5,93.0,92.0,92.5,10,2,"['Cabernet Sauvignon', 'Pinot Noir']",US,California,"['Napa Valley', 'Napa']"
20015,Tom Gore,87.2,20.0,87.0,15.0,5,4,"['Cabernet Sauvignon', 'Red Blend', 'Chardonnay', 'Sauvignon Blanc']",US,California,"['California', 'California Other']"
20016,Tomero,87.4,21.4,87.0,15.0,20,5,"['Malbec', 'Cabernet Sauvignon', 'Torrontés', 'Petit Verdot', 'Sémillon']",Argentina,Mendoza Province,['Uco Valley']
20017,Tomero,89.0,12.0,89.0,12.0,1,1,['Torrontés'],Argentina,Other,['Salta']
20018,Tommasi,86.0,,86.0,,1,1,['Sparkling Blend'],Italy,Italy Other,['Vino Spumante']
20019,Tommasi,85.2,15.3,85.5,15.0,4,3,"['Trebbiano di Lugana', 'Turbiana', 'White Blend']",Italy,Lombardy,['Lugana']
20020,Tommasi,86.0,13.9,86.0,15.0,15,4,"['Pinot Grigio', 'Merlot', 'Red Blend', 'White Blend']",Italy,Northeastern Italy,['Venezie']
20021,Tommasi,86.2,13.4,86.0,13.0,5,5,"['Red Blend', 'Primitivo', 'Rosato', 'Negroamaro', 'White Blend']",Italy,Southern Italy,['Puglia']
20022,Tommasi,86.3,16.3,86.0,15.0,21,4,"['Red Blend', 'Alicante', 'Cabernet Sauvignon', 'Vermentino']",Italy,Tuscany,['Maremma']
20023,Tommasi,88.4,38.0,88.0,25.0,59,7,"['Garganega', 'Corvina, Rondinella, Molinara', 'Red Blend', 'Glera', 'Chardonnay', 'Rosé', 'Rosato']",Italy,Veneto,['Soave']
20024,Tommaso Bussola,87.9,57.3,87.5,60.0,14,1,"['Corvina, Rondinella, Molinara']",Italy,Veneto,['Amarone della Valpolicella Classico']
20025,Tommasone,87.3,31.3,87.0,26.5,6,4,"['Red Blend', 'Piedirosso', 'Biancolella', 'White Blend']",Italy,Southern Italy,['Epomeo']
20026,Tondré,89.4,38.4,90.0,40.0,11,2,"['Chardonnay', 'Pinot Noir']",US,California,"['Santa Lucia Highlands', 'Central Coast']"
20027,Toneles del Sur,85.7,17.0,85.0,16.0,3,2,"['Torrontés', 'Malbec']",Argentina,Mendoza Province,['Mendoza']
20028,Tongue Dancer,91.8,50.0,92.0,50.0,5,2,"['Pinot Noir', 'Chardonnay']",US,California,"['Sonoma Coast', 'Sonoma']"
20029,Toni Jost,91.0,34.0,91.0,34.0,2,1,['Riesling'],Germany,Mittelrhein,[]
20030,Toni Jost,91.0,38.0,91.0,38.0,1,1,['Riesling'],Germany,Rheingau,[]
20031,Tonjum,84.0,15.0,84.0,15.0,1,1,['Cabernet Sauvignon'],US,California,"['Paso Robles', 'Central Coast']"
20032,Tonnino,88.8,18.0,89.0,19.0,5,2,"[""Nero d'Avola"", 'Grillo']",Italy,Sicily & Sardinia,['Terre Siciliane']
20033,Toogood,89.0,26.0,89.0,26.0,2,2,"['Malbec', 'Petite Sirah']",US,California,"['El Dorado', 'Sierra Foothills']"
20034,Tooth and Nail,91.5,40.0,91.5,30.0,4,4,"['G-S-M', 'Petite Sirah', 'Red Blend', 'Malbec']",US,California,"['California', 'California Other']"
20035,Topanga,87.3,25.0,87.0,25.0,3,3,"['Red Blend', 'Grenache', 'Cabernet Sauvignon']",US,California,"['Edna Valley', 'Central Coast']"
20036,Topel,89.1,38.5,89.0,36.0,11,5,"['Red Blend', 'Syrah', 'Cabernet Sauvignon', 'Chardonnay', 'Pinot Noir']",US,California,"['Mendocino', 'Mendocino/Lake Counties']"
20037,Topiary,90.0,25.0,90.0,25.0,1,1,['Chardonnay'],South Africa,Franschhoek,[]
20038,Toquade,90.0,20.0,90.0,20.0,2,1,['Sauvignon Blanc'],US,California,"['Napa Valley', 'Napa']"
20039,Tor,93.0,48.0,93.0,48.0,1,1,['Red Blend'],US,California,"['Napa Valley', 'Napa']"
20040,Tor Kenward,87.5,64.0,87.5,64.0,2,2,"['Cabernet Sauvignon', 'Chardonnay']",US,California,"['Yountville', 'Napa']"
20041,Tora Bay,84.0,14.0,84.0,14.0,1,1,['Sauvignon Blanc'],New Zealand,Martinborough,[]
20042,Torbreck,92.1,90.4,93.0,75.0,43,10,"['Shiraz', 'Grenache', 'Shiraz-Viognier', 'Rosé', 'Rhône-style Red Blend', 'Muscat Blanc', 'Mataro', 'Red Blend', 'Sémillon', 'Rhône-style White Blend']",Australia,South Australia,['Barossa Valley']
20043,Torelló,88.5,21.5,88.5,21.5,2,2,"['Sparkling Blend', 'White Blend']",Spain,Catalonia,['Cava']
20044,Toreta,88.0,25.0,88.0,25.0,1,1,['Posip'],Croatia,Korčula,[]
20045,Toretti's,86.8,41.5,85.0,42.0,4,1,['Pinot Noir'],US,California,"['Santa Barbara County', 'Central Coast']"
20046,Torii Mor,88.2,48.4,88.0,55.0,73,5,"['Pinot Noir', 'Pinot Blanc', 'Pinot Gris', 'Chardonnay', 'Riesling']",US,Oregon,"['Chehalem Mountains', 'Willamette Valley']"
20047,Torii Mor,84.0,18.0,84.0,18.0,1,1,['Chardonnay'],US,Washington-Oregon,[]
20048,Toriles,87.5,14.0,87.5,14.0,2,1,['Tinta de Toro'],Spain,Northern Spain,['Toro']
20049,Torito Bravo,87.0,10.0,87.0,10.0,1,1,['Grenache-Syrah'],Spain,Northern Spain,['Cariñena']
20050,Torito Bravo,80.0,10.0,80.0,10.0,1,1,['White Blend'],Spain,Spain Other,['Spain']
20051,Torlasco,85.7,37.0,86.0,37.0,3,3,"['Nebbiolo', 'Moscato', 'Barbera']",Italy,Piedmont,['Barolo']
20052,Torlesse,85.5,15.5,85.5,15.5,2,2,"['Riesling', 'Pinot Noir']",New Zealand,Canterbury,[]
20053,Torlesse,89.0,16.0,89.0,16.0,1,1,['Riesling'],New Zealand,Marlborough,[]
20054,Torlesse,86.0,16.8,86.0,16.0,5,2,"['Sauvignon Blanc', 'Riesling']",New Zealand,Waipara,[]
20055,Tormaresca,88.6,21.4,88.0,20.0,28,6,"['Primitivo', 'Negroamaro', 'Aglianico', 'Red Blend', 'Chardonnay', 'Rosato']",Italy,Southern Italy,['Salento']
20056,Tormentoso,85.9,13.1,85.0,13.0,7,5,"['Syrah-Mourvèdre', 'Mourvèdre', 'Pinotage', 'Cabernet Sauvignon', 'Chenin Blanc']",South Africa,Paarl,[]
20057,Tornasol,81.0,25.0,81.0,25.0,1,1,['Tempranillo'],Spain,Northern Spain,['Rioja']
20058,Tornatore,90.8,33.2,90.5,34.5,6,4,"['Red Blend', 'Rosato', 'Carricante', 'White Blend']",Italy,Sicily & Sardinia,['Etna']
20059,Tornesi,89.9,53.8,90.0,49.0,11,2,"['Sangiovese', 'Sangiovese Grosso']",Italy,Tuscany,['Brunello di Montalcino']
20060,Toros,88.0,25.0,88.0,25.0,1,1,['Pinot Grigio'],Italy,Northeastern Italy,['Collio']
20061,Torraccia del Piantavigna,87.4,33.3,88.0,35.0,7,1,['Nebbiolo'],Italy,Piedmont,['Gattinara']
20062,Torraccia di Presura,86.0,10.0,86.0,10.0,1,1,['Red Blend'],Italy,Tuscany,['Chianti Classico']
20063,Torre Castillo,83.7,13.0,85.0,13.0,3,1,['Monastrell'],Spain,Levante,['Jumilla']
20064,Torre Fornello,86.5,15.5,86.5,15.5,2,1,['Red Blend'],Italy,Central Italy,['Gutturnio Colli Piacentini']
20065,Torre León,84.0,30.0,84.0,30.0,1,1,['Tempranillo'],Spain,Central Spain,['Valdepeñas']
20066,Torre Mascoli,83.0,10.0,83.0,10.0,1,1,['Red Blend'],Italy,Southern Italy,['Murgia']
20067,Torre Mora,92.0,25.0,92.0,25.0,1,1,['Red Blend'],Italy,Sicily & Sardinia,['Etna']
20068,Torre Oria,82.9,12.6,83.0,13.0,7,2,"['Sparkling Blend', 'Grenache']",Spain,Catalonia,['Cava']
20069,Torre Oria,82.0,11.2,82.0,9.5,8,4,"['Shiraz-Tempranillo', 'Tempranillo-Cabernet Sauvignon', 'Tempranillo', 'Bobal']",Spain,Levante,['Valencia']
20070,Torre Quarto,87.2,19.6,86.0,18.0,5,4,"['Uva di Troia', 'Red Blend', 'Primitivo', 'Negroamaro']",Italy,Southern Italy,['Puglia']
20071,Torre Raone,88.0,26.5,88.0,26.5,2,2,"['Pecorino', 'Montepulciano']",Italy,Central Italy,['Colline Pescaresi']
20072,Torre Rosazza,86.6,22.8,86.0,20.0,13,5,"['Friulano', 'Sauvignon', 'Pinot Grigio', 'White Blend', 'Pinot Bianco']",Italy,Northeastern Italy,['Colli Orientali del Friuli']
20073,Torre Vigne,86.0,20.0,86.0,20.0,1,1,['Aglianico'],Italy,Southern Italy,['Taurasi']
20074,Torre di Luna,84.8,11.6,85.0,12.0,5,4,"['Pinot Grigio', 'Chardonnay', 'Cabernet', 'Sauvignon']",Italy,Northeastern Italy,['Delle Venezie']
20075,Torrederos,87.6,25.6,87.0,20.0,8,2,"['Tempranillo', 'Tempranillo Blend']",Spain,Northern Spain,['Ribera del Duero']
20076,Torremoron,86.0,11.0,86.0,11.0,1,1,['Tempranillo'],Spain,Northern Spain,['Ribera del Duero']
20077,Torrenera,88.0,,88.0,,4,3,"['Sangiovese Grosso', 'Sangiovese', 'Red Blend']",Italy,Tuscany,['Brunello di Montalcino']
20078,Torres,84.0,100.0,84.0,100.0,1,1,['Pinot Noir'],Chile,Maule Valley,[]
20079,Torres,87.8,42.3,88.0,25.0,64,14,"['Cabernet Sauvignon', 'Sauvignon Blanc', 'Rosé', 'White Blend', 'Red Blend', 'Moscatel', 'Rhône-style Red Blend', 'Tempranillo', 'Garnacha', 'Chardonnay', 'Bordeaux-style Red Blend', 'Merlot', 'Syrah', 'Paralleda']",Spain,Catalonia,['Penedès']
20080,Torres,87.4,21.6,88.0,22.0,7,2,"['Tempranillo', 'Tempranillo Blend']",Spain,Northern Spain,['Ribera del Duero']
20081,Torres,86.0,10.0,86.0,10.0,1,1,['Tempranillo-Cabernet Sauvignon'],Spain,Spain Other,['Spain']
20082,Torres de Anguix,84.5,12.0,84.5,12.0,2,1,['Tinto del Pais'],Spain,Northern Spain,['Ribera del Duero']
20083,TorresManur,80.0,9.0,80.0,9.0,1,1,['Verdejo-Viura'],Spain,Northern Spain,['Rueda']
20084,Torresella,83.0,10.0,83.0,10.0,1,1,['Pinot Grigio'],Italy,Veneto,['Veneto']
20085,Torrevento,87.4,16.7,88.0,15.0,16,6,"['Red Blend', 'Primitivo', 'Nero di Troia', 'White Blend', 'Moscato', 'Uva di Troia']",Italy,Southern Italy,['Puglia']
20086,Torrevieja,86.5,11.5,86.5,11.5,2,1,['Malbec'],Argentina,Mendoza Province,['Mendoza']
20087,Torricino,88.2,18.8,88.5,17.5,6,3,"['Aglianico', 'Fiano', 'Greco']",Italy,Southern Italy,['Taurasi']
20088,Torroxal,85.0,25.0,85.0,25.0,1,1,['Albariño'],Spain,Galicia,['Rías Baixas']
20089,Tortarossa,87.0,,87.0,,1,1,['Red Blend'],Italy,Tuscany,['Toscana']
20090,Tortoise Creek,84.2,9.3,84.0,9.0,9,7,"['Pinot Noir', 'Sauvignon Blanc', 'Viognier', 'Syrah', 'Merlot', 'Chardonnay', 'Chardonnay-Viognier']",France,Languedoc-Roussillon,"[""Pays d'Oc""]"
20091,Tortoise Creek,85.0,12.0,85.0,12.0,1,1,['Melon'],France,Loire Valley,['Muscadet Sèvre et Maine']
20092,Tortoise Creek,87.5,12.0,87.5,12.0,2,1,['Syrah-Grenache'],France,Rhône Valley,['Costières de Nîmes']
20093,Tortoise Creek,85.3,11.7,85.0,12.0,3,1,['Sauvignon Blanc'],France,Southwest France,['Côtes de Gascogne']
20094,Tortoise Creek,85.8,11.7,86.0,12.0,28,6,"['Chardonnay', 'Merlot', 'Cabernet Sauvignon', 'Zinfandel', 'Pinot Noir', 'Sauvignon Blanc']",US,California,"['Lodi', 'Central Valley']"
20095,Tosalet,89.0,45.0,88.0,25.0,3,2,"['Red Blend', 'Carignan']",Spain,Catalonia,['Priorat']
20096,Tosca,86.0,9.0,86.0,9.0,1,1,['Pinot Grigio'],Italy,Northeastern Italy,['Friuli Grave']
20097,Toscanini,83.7,19.3,85.0,19.0,3,2,"['Cabernet Sauvignon', 'Red Blend']",Uruguay,Canelones,[]
20098,Toscanini,81.0,30.0,81.0,30.0,1,1,['Tannat'],Uruguay,Uruguay,[]
20099,Toscar,83.0,11.0,83.0,11.0,1,1,['Monastrell'],Spain,Levante,['Alicante']
20100,Toscolo,87.3,18.7,87.0,20.0,9,3,"['Sangiovese', 'Red Blend', 'Vernaccia']",Italy,Tuscany,['Chianti']
20101,Tossals,87.0,21.5,86.5,18.0,4,2,"['Red Blend', 'Rhône-style Red Blend']",Spain,Catalonia,['Montsant']
20102,Tosti,83.0,15.0,83.0,15.0,1,1,['Prosecco'],Italy,Italy Other,['Italy']
20103,Tosti,85.1,21.3,84.0,14.0,12,3,"['Pinot Nero', 'Moscato', 'Sparkling Blend']",Italy,Piedmont,['Alta Langa']
20104,Totally Random,83.0,10.0,83.0,10.0,2,2,"['White Blend', 'Red Blend']",US,California,"['California', 'California Other']"
20105,Toulouse,86.9,33.0,87.0,24.0,8,4,"['Pinot Gris', 'Riesling', 'Pinot Noir', 'Gewürztraminer']",US,California,"['Anderson Valley', 'Mendocino/Lake Counties']"
20106,Touquinheiras,88.0,13.0,88.0,13.0,1,1,['Portuguese White'],Portugal,Vinho Verde,[]
20107,Tour 52,84.5,11.0,84.5,11.0,2,2,"['Malbec', 'Cabernet Sauvignon']",Argentina,Other,['San Juan']
20108,Tournesol,89.0,75.0,89.0,75.0,1,1,['Bordeaux-style Red Blend'],US,California,"['Napa Valley', 'Napa']"
20109,Tournon by Michel Chapoutier,90.0,28.6,90.0,16.0,5,3,"['Rosé', 'Rhône-style White Blend', 'Shiraz']",Australia,Victoria,['Victoria']
20110,Tousey,86.0,20.1,85.5,20.5,8,4,"['Pinot Noir', 'Riesling', 'Cabernet Franc', 'Chardonnay']",US,New York,"['Hudson River Region', 'New York Other']"
20111,Tower 15,86.3,21.5,87.0,20.0,15,9,"['Rhône-style White Blend', 'Bordeaux-style Red Blend', 'Grenache Blanc', 'Petite Sirah', 'Petit Verdot', 'Sauvignon Blanc', 'Cabernet Sauvignon', 'Dornfelder', 'Red Blend']",US,California,"['Santa Barbara County', 'Central Coast']"
20112,Tower Estate,88.0,24.0,88.0,24.0,1,1,['Riesling'],Australia,South Australia,['Clare Valley']
20113,Townley,88.5,49.4,91.0,48.0,8,4,"['Cabernet Sauvignon', 'Chardonnay', 'Pinot Noir', 'Syrah']",US,California,"['Napa Valley', 'Napa']"
20114,Townshend,89.4,16.4,90.0,15.0,5,5,"['Lemberger', 'Chenin Blanc', 'Riesling', 'Syrah', 'Cabernet Sauvignon']",US,Washington,"['Yakima Valley', 'Columbia Valley']"
20115,Township 7,89.4,24.2,90.0,23.0,17,8,"['Chardonnay', 'Rosé', 'Sauvignon Blanc', 'Cabernet Franc', 'Bordeaux-style Red Blend', 'Muscat', 'Pinot Gris', 'Gewürztraminer']",Canada,British Columbia,['Okanagan Valley']
20116,Trabucchi d'Illasi,88.1,73.1,88.0,77.5,13,2,"['Corvina, Rondinella, Molinara', 'Red Blend']",Italy,Veneto,['Valpolicella Superiore']
20117,Trabucco,87.2,44.0,87.5,44.0,4,4,"['Aglianico', 'Falanghina', 'Red Blend', 'White Blend']",Italy,Southern Italy,['Falerno del Massico']
20118,Tractor Shed Red,83.7,12.7,84.0,12.0,3,1,['Red Blend'],US,California,"['California', 'California Other']"
20119,Traerte,87.5,28.0,87.5,28.0,2,2,"['Coda di Volpe', 'Fiano']",Italy,Southern Italy,['Irpinia']
20120,Trailhead,87.8,25.2,89.0,24.0,4,2,"['Cabernet Sauvignon', 'Sauvignon Blanc']",US,California,"['Napa Valley', 'Napa']"
20121,Trambusti,88.0,15.0,88.0,15.0,1,1,['Sangiovese'],Italy,Tuscany,['Rosso di Montalcino']
20122,Tramier et Fils,85.5,35.0,85.5,35.0,2,1,['Chardonnay'],France,Burgundy,['Saint-Véran']
20123,Tramin,88.5,28.7,88.0,20.5,22,8,"['Pinot Grigio', 'Pinot Nero', 'Sauvignon', 'Gewürztraminer', 'White Blend', 'Pinot Bianco', 'Schiava', 'Chardonnay']",Italy,Northeastern Italy,['Alto Adige']
20124,Tramuz,83.0,12.0,83.0,12.0,2,1,['Tempranillo'],Spain,Northern Spain,['Ribera del Duero']
20125,Tranche,91.0,30.0,91.0,30.0,1,1,['Chardonnay'],US,Oregon,"['Columbia Gorge (OR)', 'Oregon Other']"
20126,Tranche,91.1,31.1,91.0,30.0,37,13,"['Chardonnay', 'Rhône-style White Blend', 'Pinot Gris', 'Cabernet Franc', 'Syrah', 'Barbera', 'Cabernet Sauvignon', 'Rhône-style Red Blend', 'Viognier-Roussanne', 'Sangiovese', 'Tempranillo', 'Rosé', 'Roussanne-Viognier']",US,Washington,"['Columbia Gorge (WA)', 'Washington Other']"
20127,Tranchero Osvaldo,84.0,15.0,84.0,15.0,1,1,['Moscato'],Italy,Piedmont,"[""Moscato d'Asti""]"
20128,Transcendence,90.5,35.9,90.0,34.0,13,5,"['Chardonnay', 'Syrah', 'Pinot Noir', 'G-S-M', 'Grenache']",US,California,"['Sta. Rita Hills', 'Central Coast']"
20129,Transmission,88.0,25.0,88.0,25.0,1,1,['Zinfandel'],US,California,"['Paso Robles', 'Central Coast']"
20130,Tranzind,88.0,15.0,88.0,15.0,2,1,['Red Blend'],US,California,"['Lodi', 'Central Valley']"
20131,Trapan,90.0,25.6,90.0,21.0,5,4,"['Malvazija', 'Teran', 'Malvasia', 'Rosé']",Croatia,Istria,[]
20132,Trapezio,84.5,20.0,85.0,18.0,4,3,"['Bordeaux-style Red Blend', 'Red Blend', 'Merlot-Cabernet Franc']",Argentina,Mendoza Province,['Agrelo']
20133,Trapiche,87.4,23.1,87.0,15.0,153,18,"['Pinot Noir', 'Malbec', 'White Blend', 'Chardonnay', 'Bonarda', 'Cabernet Sauvignon', 'Pinot Grigio', 'Torrontés', 'Syrah-Viognier', 'Sparkling Blend', 'Syrah', 'Merlot-Malbec', 'Merlot', 'Malbec-Cabernet Franc', 'Shiraz', 'Cabernet Franc', 'Red Blend', 'Sauvignon Blanc']",Argentina,Mendoza Province,['Mendoza']
20134,Trapiche,86.8,16.3,87.5,15.0,10,5,"['Torrontés', 'Malbec', 'Sauvignon Blanc', 'Pinot Noir', 'Chardonnay']",Argentina,Other,['Cafayate']
20135,Trappolini,85.0,19.3,85.0,14.0,3,3,"['Red Blend', 'Sangiovese', 'White Blend']",Italy,Central Italy,['Lazio']
20136,Traslanzas,89.0,37.0,89.0,37.0,2,1,['Tinto del Pais'],Spain,Northern Spain,['Cigales']
20137,Trathen Hall,91.3,46.0,91.0,48.0,3,1,['Pinot Noir'],US,Oregon,"['Willamette Valley', 'Willamette Valley']"
20138,Trattore,89.0,18.0,89.0,18.0,1,1,['Rosé'],US,California,"['Dry Creek Valley', 'Sonoma']"
20139,Travaglini,91.0,55.8,91.0,45.0,23,1,['Nebbiolo'],Italy,Piedmont,['Coste della Sesia']
20140,Travieso,87.0,27.0,87.0,27.0,1,1,['Syrah'],US,California,"['Lodi', 'Central Valley']"
20141,Travignoli,86.5,16.8,86.0,16.0,4,2,"['Sangiovese', 'Red Blend']",Italy,Tuscany,['Chianti Rufina']
20142,Travis,85.0,19.0,85.0,19.0,1,1,['Chardonnay'],US,California,"['Santa Barbara', 'Central Coast']"
20143,Tre,84.0,10.0,84.0,10.0,4,4,"['Merlot', 'Chardonnay', 'Cabernet Sauvignon', 'Syrah']",US,California,"['California', 'California Other']"
20144,Tre Anelli,88.0,28.0,88.0,28.0,1,1,['Grenache'],US,California,"['Santa Barbara County', 'Central Coast']"
20145,Tre Colline,85.0,,85.0,,1,1,['Rosé'],Italy,Veneto,['Bardolino Chiaretto']
20146,Tre Donne,88.0,17.3,88.0,17.0,3,2,"['Barbera', 'Dolcetto']",Italy,Piedmont,"[""Barbera d'Asti""]"
20147,Tre Fiori,86.0,16.0,86.0,16.0,1,1,['Greco'],Italy,Southern Italy,['Greco di Tufo']
20148,Tre Monti,89.4,19.9,89.0,21.0,19,3,"['Albana', 'Sangiovese', 'White Blend']",Italy,Central Italy,['Albana di Romagna']
20149,Tre Nova,88.1,35.5,88.0,35.0,11,3,"['Sangiovese', 'Red Blend', 'Barbera-Nebbiolo']",US,Washington,"['Columbia Valley (WA)', 'Columbia Valley']"
20150,Tre Secoli,88.2,23.0,87.5,23.0,4,1,['Barbera'],Italy,Piedmont,"[""Barbera d'Asti Superiore Nizza""]"
20151,TreViti,88.2,24.8,88.5,23.5,4,3,"['Chardonnay', 'Syrah', 'Pinot Noir']",US,California,"['Central Coast', 'Central Coast']"
20152,Treana,89.8,35.9,90.0,35.0,25,9,"['White Blend', 'Rhône-style White Blend', 'Syrah', 'Red Blend', 'Cabernet Sauvignon-Syrah', 'Marsanne-Viognier', 'Chardonnay', 'Rhône-style Red Blend', 'Cabernet Sauvignon']",US,California,"['Central Coast', 'Central Coast']"
20153,Treasure,88.0,66.0,86.0,75.0,3,2,"['Cabernet Sauvignon', 'Sauvignon Blanc']",US,California,"['Napa Valley', 'Napa']"
20154,Trece Ranchos,88.0,15.0,88.0,15.0,1,1,['Cabernet Sauvignon'],US,California,"['Rutherford', 'Napa']"
20155,Trecini,85.0,55.0,85.0,55.0,1,1,['Zinfandel'],US,California,"['Rockpile', 'Sonoma']"
20156,Trediberri,88.0,46.0,88.0,46.0,1,1,['Nebbiolo'],Italy,Piedmont,['Barolo']
20157,Trefethen,89.8,52.2,90.0,40.0,40,5,"['Riesling', 'Cabernet Sauvignon', 'Chardonnay', 'Merlot', 'Bordeaux-style Red Blend']",US,California,"['Oak Knoll District', 'Napa']"
20158,Trefiano,84.0,37.0,84.0,37.0,1,1,['Sangiovese'],Italy,Tuscany,['Carmignano']
20159,Treleaven,86.1,18.7,87.0,15.0,34,8,"['Chardonnay', 'Gewürztraminer', 'Riesling', 'Rosé', 'Vignoles', 'Bordeaux-style Red Blend', 'Pinot Noir', 'Cabernet Franc']",US,New York,"['Cayuga Lake', 'Finger Lakes']"
20160,Trellis,87.0,19.8,87.0,17.0,5,4,"['Sauvignon Blanc', 'Cabernet Sauvignon', 'Chardonnay', 'Merlot']",US,California,"['Dry Creek Valley', 'Sonoma']"
20161,Trellis Gate,88.0,25.0,88.0,25.0,1,1,['Cabernet Sauvignon'],US,Washington,"['Red Mountain', 'Columbia Valley']"
20162,Trencalòs,82.2,10.0,82.0,10.0,4,2,"['Sauvignon Blanc', 'Tempranillo']",Spain,Central Spain,['Vino de la Tierra de Castilla']
20163,Trenel Fils,88.4,20.9,89.0,20.0,28,1,['Gamay'],France,Beaujolais,['Morgon']
20164,Trenel Fils,87.2,21.8,87.5,19.0,10,1,['Chardonnay'],France,Burgundy,['Saint-Véran']
20165,Trentadue,85.8,22.6,86.0,20.0,33,8,"['Petite Sirah', 'Merlot', 'Red Blend', 'Cabernet Sauvignon', 'Zinfandel', 'Sauvignon Blanc', 'Bordeaux-style Red Blend', 'Sangiovese']",US,California,"['Alexander Valley', 'Sonoma']"
20166,Trenza,88.8,27.4,88.0,30.0,8,2,"['White Blend', 'Red Blend']",US,California,"['Edna Valley', 'Central Coast']"
20167,Treos,88.0,31.1,88.0,25.0,11,5,"['Muscat', 'White Blend', 'Albariño', 'Pinot Noir', 'Pinot Gris']",US,Oregon,"['Willamette Valley', 'Willamette Valley']"
20168,Trerose,89.2,35.5,88.5,34.5,6,2,"['Red Blend', 'Sangiovese']",Italy,Tuscany,['Rosso di Montepulciano']
20169,Trerè,87.6,18.0,87.5,16.0,8,3,"['Sangiovese', 'Red Blend', 'Albana']",Italy,Central Italy,['Sangiovese di Romagna']
20170,Tres Barcos,86.0,15.0,86.0,15.0,1,1,['Tinta de Toro'],Spain,Northern Spain,['Toro']
20171,Tres Carros,86.0,15.0,86.0,15.0,2,2,"['Godello', 'Mencía']",Spain,Northern Spain,['Bierzo']
20172,Tres Exilios,81.5,13.0,80.5,13.0,4,4,"['Torrontés', 'Chardonnay', 'Malbec', 'Bonarda']",Argentina,Mendoza Province,['Mendoza']
20173,Tres Hermanas,83.5,32.0,83.5,32.0,2,2,"['Roussanne', 'Red Blend']",US,California,"['Santa Barbara County', 'Central Coast']"
20174,Tres Lunas,87.0,17.0,87.0,17.0,1,1,['Tempranillo'],Spain,Northern Spain,['Toro']
20175,Tres Ojos,85.8,9.5,86.0,9.0,4,2,"['Macabeo', 'Garnacha']",Spain,Northern Spain,['Calatayud']
20176,Tres Palacios,85.2,17.4,85.0,12.0,30,9,"['Pinot Noir', 'Cabernet Sauvignon', 'Carmenère', 'Merlot', 'Chardonnay', 'Cabernet Sauvignon-Merlot', 'Sauvignon Blanc', 'Rosé', 'Red Blend']",Chile,Maipo Valley,[]
20177,Tres Patas,91.0,24.0,91.0,24.0,1,1,['Grenache-Syrah'],Spain,Central Spain,['Mentrida']
20178,Tres Sabores,88.6,45.5,88.5,41.5,16,6,"['Zinfandel', 'Cabernet Sauvignon', 'Red Blend', 'Petite Sirah', 'Sauvignon Blanc', 'Rosé']",US,California,"['Rutherford', 'Napa']"
20179,Tres Valles,86.4,25.6,86.0,25.0,5,4,"['Sauvignon Blanc', 'Grenache', 'Red Blend', 'Shiraz']",Mexico,Valle de Guadalupe,[]
20180,Tres Vinicultores,91.7,51.7,94.0,40.0,3,3,"['Cabernet Sauvignon', 'Zinfandel', 'Chardonnay']",US,California,"['Napa Valley', 'Napa']"
20181,Tresa,84.0,12.0,84.0,12.0,1,1,['White Blend'],Italy,Sicily & Sardinia,['Terre Siciliane']
20182,Trespass,89.5,61.5,89.5,61.5,2,2,"['Cabernet Sauvignon', 'Bordeaux-style Red Blend']",US,California,"['Napa Valley', 'Napa']"
20183,Tressals,86.0,19.0,86.0,19.0,1,1,['Red Blend'],Spain,Catalonia,['Priorat']
20184,Treveri Cellars,88.2,15.8,88.0,14.0,5,4,"['Sparkling Blend', 'Gewürztraminer', 'Chardonnay', 'Pinot Noir']",US,Washington,"['Columbia Valley (WA)', 'Columbia Valley']"
20185,Trevisana,85.0,7.0,85.0,7.0,2,1,['Glera'],Italy,Veneto,['Prosecco']
20186,Trevisiol,85.0,18.0,85.0,18.0,1,1,['Sparkling Blend'],Italy,Veneto,['Veneto']
20187,Trey Marie,89.0,30.0,89.0,30.0,1,1,['Merlot-Cabernet Sauvignon'],US,Washington,"['Columbia Valley (WA)', 'Columbia Valley']"
20188,Triacca,87.0,20.2,87.0,18.5,7,3,"['Red Blend', 'Sangiovese', 'Prugnolo Gentile']",Italy,Tuscany,['Toscana']
20189,Tribal,85.0,12.0,85.0,12.0,2,1,['Tinta de Toro'],Spain,Northern Spain,['Toro']
20190,Tricky Rabbit,84.6,12.0,85.0,12.0,5,5,"['Cabernet Sauvignon-Syrah', 'Pinot Noir-Syrah', 'Cabernet Franc-Carmenère', 'Sauvignon Blanc', 'White Blend']",Chile,Maule Valley,[]
20191,Triennes,88.0,,88.0,,1,1,['Rosé'],France,France Other,['Mediterranée']
20192,Triennes,87.2,19.2,87.0,19.5,4,3,"['Rosé', 'Red Blend', 'Viognier']",France,Provence,['Vin de Pays Var']
20193,Trig Point,87.8,19.9,88.0,19.5,8,4,"['Chardonnay', 'Cabernet Sauvignon', 'Merlot', 'Zinfandel']",US,California,"['Sonoma Coast', 'Sonoma']"
20194,Trillón,87.0,12.0,87.0,12.0,1,1,['Verdejo'],Spain,Northern Spain,['Rueda']
20195,Trim,85.0,11.0,85.0,11.0,2,1,['Cabernet Sauvignon'],US,California,"['California', 'California Other']"
20196,Trimbach,91.1,34.1,91.0,26.0,33,4,"['Riesling', 'Pinot Blanc', 'Gewürztraminer', 'Pinot Gris']",France,Alsace,['Alsace']
20197,Trinchero,89.0,45.1,89.0,50.0,61,12,"['Cabernet Sauvignon', 'Petit Verdot', 'Meritage', 'Merlot', 'Sauvignon Blanc', 'Cabernet Franc', 'Petite Verdot', 'Chardonnay', 'Bordeaux-style Red Blend', 'Moscato', 'Riesling', 'Malbec']",US,California,"['St. Helena', 'Napa']"
20198,Tringali Casanuova,88.7,39.0,89.0,32.0,3,1,['Red Blend'],Italy,Tuscany,['Bolgheri']
20199,Trinitas,86.5,30.5,87.0,28.0,35,10,"['Petite Sirah', 'Zinfandel', 'Meritage', 'Chardonnay', 'Mataro', 'Pinot Noir', 'Cabernet Sauvignon', 'Sauvignon Blanc', 'Red Blend', 'Pinot Blanc']",US,California,"['Contra Costa County', 'Central Coast']"
20200,Trinity Hill,90.1,51.4,90.0,35.0,22,6,"['Pinot Noir', 'Syrah', 'Chardonnay', 'Cabernet Sauvignon', 'Merlot', 'Bordeaux-style Red Blend']",New Zealand,Hawke's Bay,[]
20201,Trinity Hill,88.0,15.0,88.0,15.0,1,1,['Riesling'],New Zealand,Marlborough,[]
20202,Trinity Hill,87.0,17.0,87.0,17.0,1,1,['Sauvignon Blanc'],New Zealand,New Zealand,[]
20203,Trinity Oaks,84.3,9.2,84.0,10.0,6,6,"['Zinfandel', 'Cabernet Sauvignon', 'Chardonnay', 'Merlot', 'Riesling', 'Pinot Grigio']",US,California,"['California', 'California Other']"
20204,Trinity River,88.0,21.3,89.0,18.0,3,3,"['Chardonnay', 'Sauvignon Blanc', 'Red Blend']",US,California,['North Coast']
20205,Trinity Vineyards,90.8,29.7,91.0,30.0,6,2,"['Pinot Gris', 'Pinot Noir']",US,Oregon,"['Willamette Valley', 'Willamette Valley']"
20206,Trinity Vineyards,86.3,24.3,87.0,28.0,3,3,"['Grenache', 'Sangiovese', 'Viognier']",US,Washington,"['Washington', 'Washington Other']"
20207,Trio,85.0,17.0,85.0,17.0,2,2,"['Sauvignon Blanc', 'White Blend']",Chile,Chile,[]
20208,Trio,87.0,17.0,87.0,17.0,1,1,['Red Blend'],Chile,Maipo Valley,[]
20209,Trio Vintners,88.3,22.5,88.5,25.0,24,10,"['Mourvèdre', 'Grenache', 'Zinfandel', 'Sangiovese', 'Red Blend', 'Syrah', 'Tempranillo', 'Carmenère', 'Riesling', 'Rosé']",US,Washington,"['Yakima Valley', 'Columbia Valley']"
20210,Trione,89.0,41.9,90.0,35.0,33,7,"['Sauvignon Blanc', 'Chardonnay', 'Pinot Noir', 'Syrah', 'Bordeaux-style Red Blend', 'Red Blend', 'Cabernet Sauvignon']",US,California,"['Russian River Valley', 'Sonoma']"
20211,Trios,86.5,30.0,86.5,30.0,2,1,['Red Blend'],US,California,"['Sonoma Valley', 'Sonoma']"
20212,Triple B Ranches,87.0,28.0,87.0,28.0,1,1,['Merlot'],US,California,"['South Coast', 'South Coast']"
20213,Trisaetum,92.6,40.1,93.0,36.0,74,3,"['Pinot Noir', 'Riesling', 'Chardonnay']",US,Oregon,"['Ribbon Ridge', 'Willamette Valley']"
20214,Tritano,86.0,18.0,86.0,18.0,1,1,['Montepulciano'],Italy,Central Italy,"[""Montepulciano d'Abruzzo""]"
20215,Tritón,88.2,21.8,88.5,20.0,4,3,"['Tempranillo', 'Prieto Picudo', 'Tinta de Toro']",Spain,Northern Spain,['Vino de la Tierra de Castilla y León']
20216,Triumph,87.0,45.0,87.0,45.0,1,1,['Red Blend'],US,California,"['Sonoma County', 'Sonoma']"
20217,Triumph Cellars,88.7,35.7,90.0,29.0,3,2,"['Cabernet Sauvignon', 'Zinfandel']",US,California,"['Napa Valley', 'Napa']"
20218,Trivento,87.1,20.1,87.0,12.0,65,9,"['White Blend', 'Torrontés', 'Pinot Noir', 'Red Blend', 'Malbec', 'Syrah', 'Cabernet Sauvignon', 'Chardonnay', 'Cabernet-Malbec']",Argentina,Mendoza Province,['Mendoza']
20219,Trivium,90.5,62.5,90.5,62.5,2,1,['Cabernet Sauvignon'],US,California,"['St. Helena', 'Napa']"
20220,Trizanne,89.5,24.0,89.5,24.0,2,2,"['Sauvignon Blanc-Semillon', 'Sauvignon Blanc']",South Africa,Elim,[]
20221,Trocard,84.5,14.0,84.5,14.0,2,2,"['Bordeaux-style Red Blend', 'Bordeaux-style White Blend']",France,Bordeaux,['Bordeaux Supérieur']
20222,Troika,87.0,30.0,87.0,30.0,1,1,['Rosé'],US,California,"['Mendocino County', 'Mendocino/Lake Counties']"
20223,Troll Bridge,85.0,75.0,85.0,75.0,1,1,['Red Blend'],US,California,"['Napa Valley', 'Napa']"
20224,Trollop,90.0,20.0,90.0,20.0,1,1,['Chardonnay'],US,California,"['Carneros', 'Napa-Sonoma']"
20225,Trombetta,92.0,52.8,93.0,50.0,10,2,"['Pinot Noir', 'Chardonnay']",US,California,"['Sonoma Coast', 'Sonoma']"
20226,Troon,87.1,32.5,87.0,28.5,28,13,"['Malbec-Tannat', 'Tannat', 'Viognier', 'Cabernet Sauvignon', 'Syrah', 'Meritage', 'Vermentino', 'Zinfandel', 'Cabernet Sauvignon-Syrah', 'White Blend', 'Rosé', 'Malbec', 'Red Blend']",US,Oregon,"['Southern Oregon', 'Southern Oregon']"
20227,Trossos del Priorat,90.5,46.5,90.5,46.5,2,2,"['Grenache-Carignan', 'Red Blend']",Spain,Catalonia,['Priorat']
20228,Trotter 1/16,88.0,70.0,88.0,70.0,2,1,['Cabernet Sauvignon'],US,California,"['Napa Valley', 'Napa']"
20229,Trou de Bonde,94.0,18.0,94.0,18.0,1,1,['Pinot Blanc'],US,California,"['Santa Maria Valley', 'Central Coast']"
20230,Troublemaker by Austin Hope,87.5,20.0,87.5,20.0,2,2,"['Red Blend', 'Rhône-style Red Blend']",US,California,"['Central Coast', 'Central Coast']"
20231,Trout Street,86.7,48.3,87.0,48.0,3,1,['Pinot Noir'],US,California,"['Sonoma Coast', 'Sonoma']"
20232,Trout Valley,82.0,12.0,82.0,12.0,1,1,['Chardonnay'],New Zealand,Nelson,[]
20233,Truant,86.0,13.0,86.0,13.0,1,1,['Zinfandel'],US,California,"['California', 'California Other']"
20234,Truchard,88.2,30.3,88.0,30.0,47,7,"['Pinot Noir', 'Roussanne', 'Chardonnay', 'Merlot', 'Cabernet Sauvignon', 'Zinfandel', 'Syrah']",US,California,"['Carneros', 'Napa-Sonoma']"
20235,True Earth,83.5,13.0,83.5,13.0,2,2,"['Chardonnay', 'Cabernet Blend']",US,California,"['Mendocino', 'Mendocino/Lake Counties']"
20236,True Myth,88.2,20.4,88.0,18.0,5,2,"['Chardonnay', 'Cabernet Sauvignon']",US,California,"['Edna Valley', 'Central Coast']"
20237,True Vine,86.0,28.0,86.0,28.0,1,1,['Petite Sirah'],US,California,"['El Dorado County', 'Sierra Foothills']"
20238,Trueblood,86.5,44.2,87.0,37.5,4,3,"['Syrah', 'Cabernet Sauvignon', 'Pinot Noir']",US,California,"['Napa Valley', 'Napa']"
20239,Trueheart,89.0,35.0,89.0,35.0,2,1,['Petite Sirah'],US,California,"['Sonoma Valley', 'Sonoma']"
20240,Truett Hurst,85.4,25.4,85.5,26.0,18,5,"['Zinfandel', 'Chardonnay', 'Red Blend', 'Cabernet Sauvignon', 'Petite Sirah']",US,California,"['Dry Creek Valley', 'Sonoma']"
20241,Trullo,88.5,10.5,88.5,10.5,2,1,['Riesling'],Germany,Rheinhessen,[]
20242,Trump,86.8,24.3,87.0,24.0,29,9,"['Bordeaux-style Red Blend', 'Viognier', 'Pinot Noir', 'Sparkling Blend', 'Sauvignon Blanc', 'Chardonnay', 'Rosé', 'Meritage', 'Champagne Blend']",US,Virginia,['Monticello']
20243,Trumpeter,84.9,9.0,85.0,9.0,8,5,"['Malbec-Syrah', 'Merlot', 'Chardonnay', 'Malbec', 'Cabernet Sauvignon']",Argentina,Mendoza Province,['Tupungato']
20244,Truro,86.0,16.7,86.0,16.0,3,3,"['Chardonnay', 'Meritage', 'Vignoles']",US,America,[]
20245,Truro,84.0,25.7,84.0,25.0,3,2,"['Chardonnay', 'Cabernet Franc']",US,Massachusetts,['Southeastern New England']
20246,Trus,87.5,27.5,88.0,26.0,4,3,"['Tempranillo', 'Tinta Fina', 'Tinto Fino']",Spain,Northern Spain,['Ribera del Duero']
20247,Truscott,83.3,14.7,82.0,15.0,3,2,"['Zinfandel', 'Pinot Noir']",US,California,"['Mendocino County', 'Mendocino/Lake Counties']"
20248,Trust,89.4,30.4,90.0,31.0,28,6,"['Syrah', 'Cabernet Sauvignon', 'Cabernet Franc', 'Riesling', 'Rosé', 'Sémillon']",US,Washington,"['Walla Walla Valley (WA)', 'Columbia Valley']"
20249,Truth,84.0,20.0,84.0,20.0,2,2,"['Bordeaux-style Red Blend', 'White Blend']",US,California,"['Napa Valley', 'Napa']"
20250,TruthTeller,86.8,33.3,87.0,35.0,6,4,"['Red Blend', 'Syrah', 'Bordeaux-style Red Blend', 'Viognier']",US,Washington,"['Columbia Valley (WA)', 'Columbia Valley']"
20251,Tsantali,86.5,23.5,86.5,23.5,2,2,"['White Blend', 'Red Blend']",Greece,Agioritikos,[]
20252,Tsantali,90.0,19.0,90.0,19.0,2,2,"['Rosé', 'White Blend']",Greece,Greece,[]
20253,Tsantali,87.8,17.8,87.0,17.0,8,4,"['Merlot', 'Red Blend', 'White Blend', 'Cabernet Sauvignon']",Greece,Halkidiki,[]
20254,Tsantali,85.3,21.7,85.0,22.0,3,2,"['Red Blend', 'White Blend']",Greece,Ismarikos,[]
20255,Tsantali,86.0,14.0,86.0,14.0,1,1,['Xinomavro'],Greece,Macedonia,[]
20256,Tsantali,87.0,13.0,87.0,13.0,1,1,['Mavrodaphne'],Greece,Mavrodaphne of Patras,[]
20257,Tsantali,87.2,28.4,87.0,25.0,5,3,"['Cabernet Blend', 'Red Blend', 'White Blend']",Greece,Mount Athos,[]
20258,Tsantali,87.6,17.2,87.0,16.0,5,1,['Xinomavro'],Greece,Naoussa,[]
20259,Tsantali,86.5,13.0,86.5,13.0,2,1,['Agiorgitiko'],Greece,Nemea,[]
20260,Tsantali,85.0,10.0,85.0,10.0,1,1,['Moschofilero'],Greece,Peloponnese,[]
20261,Tsantali,88.7,29.3,88.0,30.0,3,1,['Red Blend'],Greece,Rapsani,[]
20262,Tsantali,87.5,16.0,87.5,16.0,2,1,['Mavroudi'],Greece,Thraki,[]
20263,Tscheppe,87.0,25.5,87.0,25.5,2,1,['Pinot Gris'],Austria,Styria,[]
20264,Tschermonegg,87.0,29.0,87.0,29.0,1,1,['Sauvignon Blanc'],Austria,Styria,[]
20265,Tselepos,86.0,22.0,86.0,22.0,1,1,['Moschofilero'],Greece,Arcadia,[]
20266,Tselepos,90.5,16.0,90.5,16.0,2,1,['Moschofilero'],Greece,Mantinia,[]
20267,Tselepos,89.7,22.0,91.0,22.0,3,1,['Agiorgitiko'],Greece,Nemea,[]
20268,Tselepos,84.0,15.0,84.0,15.0,1,1,['Rosé'],Greece,Peloponnese,[]
20269,Tselepos,92.0,25.0,92.0,25.0,2,2,"['Assyrtiko', 'Assyrtico']",Greece,Santorini,[]
20270,Tsiakkas,89.0,21.0,89.0,21.0,1,1,['Xynisteri'],Cyprus,Lemesos,[]
20271,Tsiakkas,86.5,19.0,86.5,19.0,2,2,"['Red Blend', 'Cabernet Sauvignon']",Cyprus,Pitsilia Mountains,[]
20272,Tsililis,87.0,18.0,87.0,18.0,1,1,['Cabernet Sauvignon'],Greece,Greece,[]
20273,Tsillan,86.9,25.3,87.0,28.0,11,9,"['Barbera', 'Syrah', 'Red Blend', 'Viognier', 'Pinot Grigio', 'Malbec', 'Gewürztraminer', 'Sangiovese', 'White Blend']",US,Washington,"['Lake Chelan', 'Columbia Valley']"
20274,Tsillan Cellars,87.1,26.5,87.0,28.0,8,4,"['Red Blend', 'Syrah', 'Merlot', 'Chardonnay']",US,Washington,"['Columbia Valley (WA)', 'Columbia Valley']"
20275,Tua Rita,92.2,142.3,92.0,90.0,33,5,"['White Blend', 'Merlot', 'Red Blend', 'Sangiovese', 'Syrah']",Italy,Tuscany,['Toscana']
20276,Tualatin Estate,86.5,19.5,86.5,19.5,2,2,"['Muscat', 'Pinot Noir']",US,Oregon,"['Willamette Valley', 'Willamette Valley']"
20277,Tucannon,83.8,30.2,84.0,30.5,6,5,"['Bordeaux-style Red Blend', 'Cabernet Sauvignon', 'Cabernet Franc', 'Syrah', 'Rosé']",US,Washington,"['Columbia Valley (WA)', 'Columbia Valley']"
20278,Tuck Beckstoffer,89.6,79.8,90.0,85.0,13,6,"['Grenache', 'Pinot Noir', 'Chardonnay', 'Sauvignon Blanc', 'Cabernet Sauvignon', 'Red Blend']",US,California,"['California', 'California Other']"
20279,Tucker,84.5,7.5,84.5,7.5,2,2,"['Riesling', 'Gewürztraminer']",US,Washington,"['Yakima Valley', 'Columbia Valley']"
20280,Tucumen,85.0,16.0,85.0,16.0,2,2,"['Cabernet Sauvignon', 'Chardonnay']",Argentina,Mendoza Province,['Mendoza']
20281,Tudal,89.3,40.2,89.0,40.0,19,7,"['Cabernet Sauvignon', 'Chardonnay', 'Red Blend', 'White Blend', 'Rosé', 'Sauvignon Blanc', 'Pinot Noir']",US,California,"['St. Helena', 'Napa']"
20282,Tudor Wines,88.5,54.9,87.0,59.0,13,1,['Pinot Noir'],US,California,"['Santa Lucia Highlands', 'Central Coast']"
20283,Tug Hill,84.7,20.3,85.0,19.0,3,3,"['Rosé', 'Marquette', 'Sparkling Blend']",US,New York,"['New York', 'New York Other']"
20284,Tukma,84.5,15.0,84.5,15.0,2,1,['Torrontés'],Argentina,Other,['Cafayate']
20285,Tukulu,87.0,12.0,87.0,12.0,1,1,['Chenin Blanc'],South Africa,Groenekloof,[]
20286,Tulbagh Mountain Vineyards,92.0,29.0,92.0,29.0,1,1,['White Blend'],South Africa,Coastal Region,[]
20287,Tulbagh Mountain Vineyards,86.0,25.0,86.0,25.0,1,1,['Shiraz'],South Africa,Swartland,[]
20288,Tulip Hill,82.0,22.0,82.0,22.0,2,2,"['Cabernet Sauvignon', 'Chardonnay']",US,California,"['California', 'California Other']"
20289,Tulip Winery,89.2,41.9,90.0,41.0,8,5,"['Red Blend', 'Cabernet Sauvignon', 'Syrah', 'Bordeaux-style Red Blend', 'White Blend']",Israel,Galilee,[]
20290,Tulip Winery,89.2,30.0,89.5,30.0,4,3,"['Merlot', 'Cabernet Franc', 'White Blend']",Israel,Judean Hills,[]
20291,Tulip Winery,90.0,25.0,90.0,25.0,1,1,['Cabernet Sauvignon'],Israel,Upper Galilee,[]
20292,Tulpen,90.7,29.8,91.0,30.0,26,7,"['Cabernet Sauvignon', 'Bordeaux-style Red Blend', 'Merlot', 'Syrah', 'Sangiovese', 'Red Blend', 'Tempranillo']",US,Washington,"['Walla Walla Valley (WA)', 'Columbia Valley']"
20293,Tumara,87.0,16.3,87.0,16.0,3,2,"['Bordeaux-style Red Blend', 'Pinotage']",South Africa,Stellenbosch,[]
20294,Tumwater,91.0,48.3,91.0,55.0,3,1,['Pinot Noir'],US,Oregon,"['Dundee Hills', 'Willamette Valley']"
20295,Tunnel Hill,83.0,15.0,83.0,15.0,1,1,['Riesling'],US,Washington,"['Columbia Valley (WA)', 'Columbia Valley']"
20296,Tupun,84.4,10.7,85.0,10.0,7,4,"['Malbec', 'Cabernet Sauvignon', 'Bonarda', 'Torrontés']",Argentina,Mendoza Province,['Tupungato']
20297,Turasan,86.3,17.9,86.0,19.0,7,6,"['Kalecik Karasi', 'White Blend', 'Misket', 'Red Blend', 'Emir', 'Boğazkere']",Turkey,Cappadocia,[]
20298,Turasan,88.0,15.0,88.0,15.0,4,2,"['Kalecik Karasi', 'Emir']",Turkey,Turkey,[]
20299,Turchi,90.0,24.5,90.0,24.5,2,2,"['Cabernet Sauvignon', 'Sangiovese']",US,California,"['Santa Barbara County', 'Central Coast']"
20300,Turiya,90.8,96.9,92.0,92.5,8,4,"['Sangiovese', 'Red Blend', 'Petit Verdot', 'Cabernet Sauvignon-Syrah']",US,California,"['Ballard Canyon', 'Central Coast']"
20301,Turkey Flat,88.8,30.1,89.0,24.5,18,9,"['Rosé', 'Shiraz', 'Red Blend', 'Grenache', 'White Blend', 'Rhône-style Red Blend', 'Mourvèdre', 'G-S-M', 'Mataro']",Australia,South Australia,['Barossa Valley']
20302,Turkovich,88.5,21.5,89.5,20.5,6,6,"['Syrah', 'Sparkling Blend', 'Tempranillo', 'Roussanne', 'Red Blend', 'Albariño']",US,California,"['Yolo County', 'Central Valley']"
20303,Turley,89.9,44.9,91.5,38.0,14,2,"['Petite Sirah', 'Zinfandel']",US,California,"['Napa Valley', 'Napa']"
20304,Turn 4,85.0,15.0,85.0,15.0,1,1,['White Blend'],US,California,"['California', 'California Other']"
20305,Turn Four,87.0,20.0,87.0,20.0,1,1,['Cabernet Sauvignon'],US,California,"['Napa Valley', 'Napa']"
20306,Turnbull,90.9,69.0,91.5,65.0,32,8,"['Cabernet Franc', 'Merlot', 'Cabernet Sauvignon', 'Bordeaux-style Red Blend', 'Red Blend', 'Sauvignon Blanc', 'Syrah', 'Petite Sirah']",US,California,"['Oakville', 'Napa']"
20307,Turner,85.0,38.0,85.0,38.0,1,1,['Pinot Noir'],US,California,"['Sta. Rita Hills', 'Central Coast']"
20308,Turner Road,83.7,11.0,84.0,11.0,9,5,"['Shiraz', 'Cabernet Sauvignon', 'Chardonnay', 'Pinot Grigio', 'Merlot']",US,California,"['Lodi', 'Central Valley']"
20309,Turning Leaf,83.5,8.7,84.0,8.0,13,9,"['Cabernet Sauvignon', 'Chardonnay', 'Merlot', 'Riesling', 'Sauvignon Blanc', 'Shiraz', 'Zinfandel', 'Pinot Noir', 'Pinot Grigio']",US,California,"['California', 'California Other']"
20310,Tusk 'n Red,86.0,12.0,86.0,12.0,1,1,['Red Blend'],US,California,"['Mendocino County', 'Mendocino/Lake Counties']"
20311,Tussock Jumper,84.3,11.3,84.0,12.0,3,2,"['Cabernet Sauvignon', 'Malbec']",Argentina,Other,['San Juan']
20312,Tussock Jumper,85.0,11.0,85.0,11.0,1,1,['Carmenère'],Chile,Colchagua Valley,[]
20313,Tussock Jumper,84.4,12.4,85.0,12.0,5,3,"['Pinot Noir', 'Chardonnay', 'Rosé']",France,France Other,['Vin de France']
20314,Tussock Jumper,86.0,12.0,86.0,12.0,1,1,['Riesling'],Germany,Rheinhessen,[]
20315,Tussock Jumper,87.0,13.0,87.0,13.0,2,1,['Sauvignon Blanc'],New Zealand,Marlborough,[]
20316,Tussock Jumper,88.0,15.0,88.0,15.0,1,1,['Sauvignon Blanc'],New Zealand,New Zealand,[]
20317,Tussock Jumper,87.5,12.0,87.5,12.0,2,1,['Chenin Blanc'],South Africa,Western Cape,[]
20318,Tussock Jumper,83.0,10.0,83.0,10.0,1,1,['Tempranillo'],Spain,Central Spain,['Vino de la Tierra de Castilla']
20319,Tussock Jumper,84.0,10.7,85.0,11.0,3,2,"['Rosé', 'Moscato']",Spain,Levante,['Valencia']
20320,Tussock Jumper,82.0,11.0,82.0,11.0,2,2,"['Merlot', 'Zinfandel']",US,California,"['California', 'California Other']"
20321,Tuxedo Cellars,89.2,41.8,89.5,39.0,4,3,"['Counoise', 'Viognier', 'Syrah']",US,California,"['Paso Robles', 'Central Coast']"
20322,Twelfth Night,86.0,22.0,86.0,22.0,1,1,['Pinot Noir'],New Zealand,Central Otago,[]
20323,Twelfth Night,82.0,13.0,82.0,13.0,1,1,['Sauvignon Blanc'],New Zealand,Marlborough,[]
20324,Twelve Staves,85.5,19.0,85.5,19.0,2,1,['Grenache'],Australia,South Australia,['McLaren Vale']
20325,Twenty Bench,86.7,19.3,86.0,18.0,3,2,"['Cabernet Sauvignon', 'Chardonnay']",US,California,"['Napa Valley', 'Napa']"
20326,TwentyFour by Charles Woodson,90.0,112.0,90.0,112.0,1,1,['Cabernet Sauvignon'],US,California,"['Calistoga', 'Napa']"
20327,Twigs,81.0,15.0,81.0,15.0,1,1,['Merlot'],Argentina,Mendoza Province,['Mendoza']
20328,Twill,86.8,30.0,87.0,27.0,6,3,"['Pinot Noir', 'Chardonnay', 'Syrah']",US,Oregon,"['Willamette Valley', 'Willamette Valley']"
20329,Twin Arches,85.0,10.0,84.5,10.0,4,4,"['Pinot Noir', 'Chardonnay', 'Cabernet Sauvignon', 'Merlot']",US,California,"['California', 'California Other']"
20330,Twin Fin,85.3,10.0,86.0,10.0,7,4,"['Shiraz', 'Chardonnay', 'Pinot Grigio', 'Merlot']",US,California,"['California', 'California Other']"
20331,Twin Islands,86.8,12.2,86.5,12.0,4,1,['Sauvignon Blanc'],New Zealand,Marlborough,[]
20332,Twin Oaks,88.2,43.8,88.5,42.0,4,1,['Pinot Noir'],US,California,"['Santa Lucia Highlands', 'Central Coast']"
20333,Twisted,80.0,8.0,80.0,8.0,1,1,['Moscato'],Argentina,Mendoza Province,['Mendoza']
20334,Twisted,84.8,8.0,84.0,8.0,13,6,"['Moscato', 'Zinfandel', 'Cabernet Sauvignon', 'Chardonnay', 'Merlot', 'Pinot Grigio']",US,California,"['California', 'California Other']"
20335,Twisted Cedar,84.5,15.0,84.0,15.0,6,6,"['Chardonnay', 'Moscato', 'Red Blend', 'Cabernet Sauvignon', 'Merlot', 'Sauvignon Blanc']",US,California,"['Lodi', 'Central Valley']"
20336,Twisted Oak,88.5,28.4,88.0,24.0,27,11,"['Rhône-style Red Blend', 'Petite Sirah', 'Rhône-style White Blend', 'Syrah', 'Garnacha', 'Tempranillo Blend', 'Tempranillo', 'Viognier', 'Verdelho', 'Grenache', 'Red Blend']",US,California,"['Calaveras County', 'Sierra Foothills']"
20337,Twisted Paso,86.5,20.0,86.5,20.0,4,4,"['Red Blend', 'Chardonnay', 'Cabernet Sauvignon', 'Zinfandel']",US,California,"['Paso Robles', 'Central Coast']"
20338,Twisted River,86.2,12.0,87.0,12.0,4,1,['Riesling'],Germany,Mosel,[]
20339,Twisted Sisters,84.0,20.0,84.0,20.0,2,2,"['Bordeaux-style Red Blend', 'Zinfandel']",US,California,"['Paso Robles', 'Central Coast']"
20340,Twisted Twig,88.5,53.0,88.5,53.0,2,2,"['Red Blend', 'Petite Sirah']",US,California,"['El Dorado County', 'Sierra Foothills']"
20341,Two Angels,87.2,22.2,86.5,24.5,16,5,"['Cabernet Sauvignon', 'Sauvignon Blanc', 'Petite Sirah', 'Rhône-style Red Blend', 'Chardonnay']",US,California,"['Sonoma Valley', 'Sonoma']"
20342,Two Arrowheads,88.0,18.0,88.0,18.0,1,1,['Rhône-style White Blend'],US,California,"['Paso Robles', 'Central Coast']"
20343,Two Brothers,87.0,9.0,87.0,9.0,1,1,['Red Blend'],Chile,Colchagua Valley,[]
20344,Two Brothers,85.5,30.0,85.5,30.0,2,2,"['Merlot', 'Red Blend']",US,Washington,"['Red Mountain', 'Columbia Valley']"
20345,Two Hands,89.2,63.3,89.0,60.0,25,6,"['Moscato', 'Shiraz', 'Grenache', 'Shiraz-Grenache', 'Shiraz-Cabernet Sauvignon', 'Cabernet Sauvignon']",Australia,South Australia,['Barossa Valley']
20346,Two Hands,86.0,60.0,86.0,60.0,1,1,['Shiraz'],Australia,Victoria,['Heathcote']
20347,Two Hands,88.5,82.5,88.5,82.5,2,1,['Cabernet Sauvignon'],US,California,"['Napa Valley', 'Napa']"
20348,Two Horns,88.0,16.0,88.0,16.0,1,1,['Red Blend'],US,California,"['California', 'California Other']"
20349,Two Moons,90.0,36.5,90.0,36.5,4,3,"['Rhône-style White Blend', 'Roussanne', 'Rhône-style Red Blend']",US,California,"['Paso Robles', 'Central Coast']"
20350,Two Mountain,86.1,28.2,86.0,25.0,23,8,"['Cabernet Sauvignon', 'Chardonnay', 'Cabernet Franc', 'Lemberger', 'Merlot', 'Bordeaux-style Red Blend', 'Red Blend', 'Syrah']",US,Washington,"['Yakima Valley', 'Columbia Valley']"
20351,Two Oceans,84.8,9.0,84.0,9.0,12,5,"['Cabernet Sauvignon-Merlot', 'Moscato', 'Sauvignon Blanc', 'Chardonnay', 'Shiraz']",South Africa,Western Cape,[]
20352,Two Paddocks,88.8,62.3,89.5,65.0,14,2,"['Riesling', 'Pinot Noir']",New Zealand,Central Otago,[]
20353,Two Ponds,84.5,10.2,84.5,10.0,4,4,"['Merlot', 'Sauvignon Blanc', 'Cabernet Sauvignon', 'Chardonnay']",US,Washington,"['Columbia Valley (WA)', 'Columbia Valley']"
20354,Two Princes,85.5,11.5,85.5,11.5,2,1,['Riesling'],Germany,Nahe,[]
20355,Two Rivers,90.0,20.0,90.0,20.0,1,1,['Sauvignon Blanc'],New Zealand,Marlborough,[]
20356,Two Rivers,85.2,15.2,85.5,15.0,4,4,"['Riesling', 'Syrah-Cabernet', 'Syrah', 'Merlot']",US,Colorado,['Grand Valley']
20357,Two Sisters,91.6,62.9,92.0,55.0,14,2,"['Chardonnay', 'Pinot Noir']",US,California,"['Sta. Rita Hills', 'Central Coast']"
20358,Two Tone Farm,87.5,14.5,87.5,14.5,2,2,"['Chardonnay', 'Merlot']",US,California,"['Napa Valley', 'Napa']"
20359,Two Vines,85.0,6.0,85.0,6.0,5,4,"['Riesling', 'Chardonnay', 'Gewürztraminer', 'Shiraz']",US,Washington,"['Washington', 'Washington Other']"
20360,Two Vintners,89.7,31.6,90.0,29.0,51,12,"['Merlot', 'Bordeaux-style Red Blend', 'Syrah', 'Zinfandel', 'Red Blend', 'Gewürztraminer', 'Grenache Blanc', 'Cabernet Sauvignon-Syrah', 'Roussanne', 'Cinsault', 'Grenache', 'Cabernet Sauvignon']",US,Washington,"['Walla Walla Valley (WA)', 'Columbia Valley']"
20361,Two Wives,81.0,16.0,81.0,16.0,1,1,['Sauvignon Blanc'],US,California,"['Napa Valley', 'Napa']"
20362,Twomey,88.8,47.4,89.0,50.0,27,3,"['Merlot', 'Pinot Noir', 'Sauvignon Blanc']",US,California,"['Napa Valley', 'Napa']"
20363,Txakoli Primo,83.0,24.0,83.0,24.0,1,1,['Rosé'],Spain,Northern Spain,[]
20364,Txakoli Primo,83.0,20.0,83.0,20.0,1,1,['Hondarrabi Zuri'],Spain,Spain Other,['Spain']
20365,Txomín Etxaníz,85.4,23.8,86.0,25.0,12,3,"['Hondarrabi Zuri', 'Rosé', 'White Blend']",Spain,Northern Spain,['Getariako Txakolina']
20366,Ty Caton,85.7,41.9,86.0,39.0,23,9,"['Riesling', 'Cabernet Sauvignon', 'Red Blend', 'Merlot', 'Syrah', 'Petite Sirah', 'Malbec', 'Rosé', 'Sauvignon Blanc']",US,California,"['Central Coast', 'Central Coast']"
20367,Tyee,86.3,21.7,86.0,15.0,3,3,"['Pinot Noir', 'Pinot Gris', 'Chardonnay']",US,Oregon,"['Willamette Valley', 'Willamette Valley']"
20368,Tyee Wine Cellars,84.0,16.8,84.0,16.0,4,3,"['Chardonnay', 'Pinot Gris', 'Pinot Noir']",US,Oregon,"['Willamette Valley', 'Willamette Valley']"
20369,Tyler,91.6,54.6,91.5,51.0,8,1,['Pinot Noir'],US,California,"['Santa Maria Valley', 'Central Coast']"
20370,Tyler Florence,88.4,31.4,89.0,25.0,7,5,"['Chardonnay', 'Cabernet Sauvignon', 'Sauvignon Blanc', 'Zinfandel', 'Meritage']",US,California,"['Sonoma County', 'Sonoma']"
20371,Tyrrell's,84.6,11.6,86.0,10.0,5,4,"['Chardonnay', 'Shiraz', 'Semillon-Sauvignon Blanc', 'Pinot Noir']",Australia,Australia Other,['South Eastern Australia']
20372,Tyrrell's,88.7,34.4,88.0,31.0,16,3,"['Sémillon', 'Chardonnay', 'Shiraz']",Australia,New South Wales,['Hunter Valley']
20373,Tyrrell's,88.7,40.7,87.0,30.0,3,1,['Shiraz'],Australia,South Australia,['McLaren Vale']
20374,Tyrrell's,90.5,36.0,90.5,36.0,2,1,['Shiraz'],Australia,Victoria,['Heathcote']
20375,Tyrus Evan,89.7,38.0,90.0,38.0,3,1,['Syrah'],US,Oregon,"['Walla Walla Valley (OR)', 'Oregon Other']"
20376,Tyrus Evan,92.0,37.0,92.0,37.0,1,1,['Bordeaux-style Red Blend'],US,Washington,"['Red Mountain', 'Columbia Valley']"
20377,Tzuba,87.2,29.0,87.0,30.0,8,6,"['Cabernet Sauvignon', 'Chardonnay', 'Red Blend', 'Pinot Noir', 'Syrah', 'Bordeaux-style Red Blend']",Israel,Judean Hills,[]
20378,Tête Brulée,86.0,85.0,86.0,85.0,1,1,['Cabernet Sauvignon'],US,California,"['Mount Veeder', 'Napa']"
20379,Törley,84.0,11.0,84.0,10.0,5,1,['Sparkling Blend'],Hungary,Hungary,[]
20380,Türk,90.9,24.1,91.0,21.0,13,2,"['Grüner Veltliner', 'Riesling']",Austria,Kremstal,[]
20381,Türk,90.5,31.3,90.5,31.0,6,2,"['Grüner Veltliner', 'Riesling']",Austria,Niederösterreich,[]
20382,UDACA,87.5,17.0,87.5,17.0,4,2,"['Touriga Nacional', 'Portuguese Red']",Portugal,Dão,[]
20383,UDACA,88.0,10.0,88.0,10.0,1,1,['Portuguese Red'],Portugal,Terras do Dão,[]
20384,UWC Samos,87.0,19.0,87.0,19.0,1,1,['Muscat'],Greece,Samos,[]
20385,Uccelliera,90.9,61.1,92.0,65.0,22,3,"['Sangiovese', 'Sangiovese Grosso', 'Red Blend']",Italy,Tuscany,['Brunello di Montalcino']
20386,Uggiano,87.0,24.3,87.0,23.5,7,2,"['Red Blend', 'Sangiovese']",Italy,Tuscany,['Chianti']
20387,Ugly Duckling,85.0,12.0,84.0,12.0,5,2,"['Chardonnay', 'Cabernet Sauvignon']",US,California,"['California', 'California Other']"
20388,Ugo Lequio,91.7,45.8,92.0,45.0,9,1,['Nebbiolo'],Italy,Piedmont,['Barbaresco']
20389,Uitkyk,84.0,11.0,84.0,11.0,1,1,['Sauvignon Blanc'],South Africa,Stellenbosch,[]
20390,Ulacia,86.0,19.7,85.0,20.0,3,2,"['White Blend', 'Hondarrabi Zuri']",Spain,Northern Spain,['Getariako Txakolina']
20391,Ulises Valdez,89.7,35.3,89.0,38.0,3,2,"['Zinfandel', 'Chardonnay']",US,California,"['Russian River Valley', 'Sonoma']"
20392,Ulithorne,89.0,60.0,89.0,60.0,1,1,['Shiraz'],Australia,South Australia,['McLaren Vale']
20393,Ulrich Langguth,90.0,23.6,90.0,23.0,5,1,['Riesling'],Germany,Mosel,[]
20394,Ulupalakua,87.0,28.0,87.0,28.0,1,1,['Sparkling Blend'],US,Hawaii,['Hawaii']
20395,Umani Ronchi,87.9,24.1,88.0,17.0,56,6,"['Montepulciano', 'Red Blend', 'Verdicchio', 'Lacrima', 'White Blend', 'Sauvignon Blanc']",Italy,Central Italy,"[""Montepulciano d'Abruzzo""]"
20396,Umathum,90.5,35.8,91.0,25.0,25,11,"['Blaufränkisch', 'White Blend', 'Grauburgunder', 'Zweigelt', 'Rosé', 'Sauvignon Blanc', 'Red Blend', 'Traminer', 'Pinot Noir', 'Austrian white blend', 'St. Laurent']",Austria,Burgenland,[]
20397,Umberto Cesari,87.2,25.9,87.0,20.0,17,4,"['Red Blend', 'Sangiovese', 'Albana', 'White Blend']",Italy,Central Italy,['Rubicone']
20398,Umberto Fiore,83.5,13.5,83.5,13.5,2,1,['Moscato'],Italy,Piedmont,"[""Moscato d'Asti""]"
20399,Umberto Fracassi,94.0,,94.0,,1,1,['Nebbiolo'],Italy,Piedmont,['Barolo']
20400,Umkhulu,86.3,20.3,86.0,20.0,3,3,"['Shiraz', 'Bordeaux-style Red Blend', 'Red Blend']",South Africa,Stellenbosch,[]
20401,Una Uva,84.0,,84.0,,1,1,['Carmenère'],Chile,Maule Valley,[]
20402,Underground Wine Project,88.8,20.7,88.0,18.5,6,3,"['Sangiovese', 'Red Blend', 'Cabernet Sauvignon']",US,Washington,"['Columbia Valley (WA)', 'Columbia Valley']"
20403,Underwood,85.6,12.2,85.0,12.0,5,2,"['Rosé', 'Pinot Noir']",US,Oregon,"['Oregon', 'Oregon Other']"
20404,Undurraga,88.0,18.7,88.0,20.0,3,2,"['Sauvignon Blanc', 'Pinot Noir']",Chile,Casablanca Valley,[]
20405,Undurraga,90.5,32.5,90.5,32.5,2,1,['Red Blend'],Chile,Cauquenes Valley,[]
20406,Undurraga,86.3,12.3,86.0,12.0,3,3,"['Chardonnay', 'Champagne Blend', 'Sauvignon Blanc']",Chile,Central Valley,[]
20407,Undurraga,86.2,13.7,86.5,14.0,4,3,"['Sauvignon Blanc', 'Cabernet Sauvignon', 'Chardonnay']",Chile,Chile,[]
20408,Undurraga,87.1,17.7,88.0,16.0,13,3,"['Carmenère', 'Cabernet Sauvignon', 'Cabernet Sauvignon-Carmenère']",Chile,Colchagua Valley,[]
20409,Undurraga,86.5,13.0,86.5,13.0,2,1,['Sauvignon Blanc'],Chile,Curicó Valley,[]
20410,Undurraga,87.3,12.7,88.0,13.0,3,1,['Sauvignon Blanc'],Chile,Curicó and Leyda Valleys,[]
20411,Undurraga,86.0,12.0,86.0,12.0,1,1,['Chardonnay'],Chile,Curicó and Maipo Valleys,[]
20412,Undurraga,87.9,21.5,88.0,20.0,24,5,"['Sauvignon Blanc', 'Pinot Noir', 'Sparkling Blend', 'Syrah', 'Chardonnay']",Chile,Leyda Valley,[]
20413,Undurraga,87.0,13.0,87.0,13.0,1,1,['Pinot Noir'],Chile,Leyda Valley-Maipo Valley,[]
20414,Undurraga,85.8,22.5,85.0,22.5,4,2,"['Syrah', 'Chardonnay']",Chile,Limarí Valley,[]
20415,Undurraga,86.3,20.2,87.0,15.0,46,9,"['Sauvignon Blanc', 'Chardonnay', 'Cabernet Sauvignon', 'Champagne Blend', 'Pinot Noir', 'Merlot', 'Red Blend', 'Cabernet Blend', 'Gewürztraminer']",Chile,Maipo Valley,[]
20416,Undurraga,89.0,13.0,89.0,13.0,2,1,['Cabernet Sauvignon'],Chile,Maipo Valley-Colchagua Valley,[]
20417,Undurraga,87.8,25.0,87.5,25.0,4,3,"['Carignan', 'Rhône-style White Blend', 'Red Blend']",Chile,Maule Valley,[]
20418,Undurraga,91.0,25.0,91.0,25.0,1,1,['Carmenère'],Chile,Peumo,[]
20419,Undurraga,88.5,25.0,88.5,25.0,2,1,['Cabernet Sauvignon'],Chile,Pirque,[]
20420,Undurraga,86.8,12.4,87.0,13.0,9,3,"['Cabernet Sauvignon-Carmenère', 'Cabernet Sauvignon', 'Cabernet Sauvignon-Syrah']",Chile,Rapel Valley,[]
20421,Undurraga,87.4,21.0,88.0,21.0,5,2,"['Sauvignon Blanc', 'Riesling']",Chile,San Antonio,[]
20422,Unearthed,84.0,16.0,84.0,16.0,1,1,['Pinot Noir'],US,California,"['Central Coast', 'Central Coast']"
20423,Unfiltered Blonde,86.0,15.0,86.0,15.0,1,1,['Chardonnay'],US,California,"['Sonoma County', 'Sonoma']"
20424,Unger,90.5,16.0,90.0,16.0,14,2,"['Riesling', 'Grüner Veltliner']",Austria,Kremstal,[]
20425,Unger,88.0,13.0,88.0,13.0,5,2,"['Rosé', 'Grüner Veltliner']",Austria,Niederösterreich,[]
20426,Union Beaujolaise,89.0,28.0,89.0,28.0,1,1,['Chardonnay'],France,Burgundy,['Pouilly-Fuissé']
20427,Union de Cooperatives Vinicoles de Samos,86.0,9.0,86.0,9.0,1,1,['White Blend'],Greece,Samos,[]
20428,Union de Producteurs de Lugon,86.0,17.0,86.0,17.0,2,1,['Bordeaux-style Red Blend'],France,Bordeaux,['Fronsac']
20429,Union de Vignerons de l'Île de Beauté,86.6,15.9,86.0,15.0,16,4,"['Rosé', 'Vermentino', 'White Blend', 'Red Blend']",France,France Other,['Ile de Beauté']
20430,Unionville,84.0,26.6,84.0,25.0,5,4,"['Chardonnay', 'Pinot Noir', 'Riesling', 'Bordeaux-style Red Blend']",US,New Jersey,['New Jersey']
20431,Unison Vineyard,87.0,,87.0,,1,1,['Syrah'],New Zealand,Hawke's Bay,[]
20432,United We Stand,81.0,10.0,81.0,10.0,2,2,"['Chardonnay', 'Merlot']",US,California,"['California', 'California Other']"
20433,Univitis,84.0,11.3,84.0,11.0,4,2,"['Bordeaux-style Red Blend', 'Bordeaux-style White Blend']",France,Bordeaux,['Bordeaux']
20434,Univitis,88.0,20.0,88.0,20.0,1,1,['Bordeaux-style White Blend'],France,Southwest France,['Monbazillac']
20435,Unión Vinícola del Este,83.0,10.0,83.0,10.0,2,2,"['Garnacha', 'Macabeo-Chardonnay']",Spain,Catalonia,['Cava']
20436,Unión de Productores del Valle (UPVG),83.5,17.5,83.5,17.5,2,2,"['Sauvignon Blanc', 'Red Blend']",Mexico,Valle de Guadalupe,[]
20437,Unparalleled,85.0,17.0,85.0,17.0,1,1,['Sauvignon Blanc'],New Zealand,Marlborough,[]
20438,Unparalleled,86.0,19.0,86.0,19.0,2,1,['Cabernet Sauvignon'],US,California,"['Central Coast', 'Central Coast']"
20439,Unti,88.0,27.0,87.0,26.0,4,4,"['Zinfandel', 'Barbera', 'Syrah', 'Grenache']",US,California,"['Dry Creek Valley', 'Sonoma']"
20440,Unum,87.0,45.0,87.0,45.0,1,1,['Cabernet Sauvignon'],US,California,['Napa']
20441,Upchurch,92.0,67.7,92.0,68.0,3,1,['Cabernet Sauvignon'],US,Washington,"['Red Mountain', 'Columbia Valley']"
20442,Uphill Vineyards,88.5,26.2,88.0,27.0,4,3,"['Tempranillo', 'Primitivo', 'Cabernet Sauvignon']",US,California,"['Amador County', 'Sierra Foothills']"
20443,Upland Estates,89.1,23.0,90.0,25.0,21,10,"['Gewürztraminer', 'Sauvignon Blanc', 'Syrah', 'Bordeaux-style Red Blend', 'Chardonnay', 'Malbec', 'Rhône-style Red Blend', 'Red Blend', 'Cabernet Sauvignon', 'Cabernet']",US,Washington,"['Snipes Mountain', 'Columbia Valley']"
20444,Upper Five,88.4,22.8,88.0,20.0,5,4,"['Grenache', 'Sauvignon Blanc', 'Tempranillo', 'Red Blend']",US,Oregon,"['Rogue Valley', 'Southern Oregon']"
20445,Uppercut,85.5,18.5,86.0,18.5,4,2,"['Cabernet Sauvignon', 'Sauvignon Blanc']",US,California,"['Napa Valley', 'Napa']"
20446,Uproot Wines,91.0,78.0,91.0,78.0,1,1,['Cabernet Sauvignon'],US,California,"['Napa Valley', 'Napa']"
20447,Upsidedown,87.5,21.5,87.5,21.5,2,2,"['Red Blend', 'Rosé']",US,Washington,"['Columbia Valley (WA)', 'Columbia Valley']"
20448,Uptick Vineyards,86.9,36.0,87.0,30.0,11,7,"['Chardonnay', 'Syrah', 'Sauvignon Blanc', 'Pinot Noir', 'Sparkling Blend', 'Cabernet Sauvignon', 'Rosé']",US,California,"['Russian River Valley', 'Sonoma']"
20449,Urban,90.0,12.0,90.0,12.0,1,1,['Riesling'],Germany,Mosel,[]
20450,Urban Legend,88.0,29.0,87.0,25.0,3,3,"['Teroldego', 'Pinot Noir', 'Tempranillo']",US,California,"['Clarksburg', 'Central Valley']"
20451,Urbina,85.2,21.1,85.0,15.0,9,6,"['Rosado', 'Red Blend', 'Viura', 'Tempranillo', 'Rosé', 'Tempranillo Blend']",Spain,Northern Spain,['Rioja']
20452,Urla,89.5,42.5,89.5,45.0,4,2,"['Red Blend', 'Bordeaux-style Red Blend']",Turkey,Aegean,[]
20453,Urlar,91.0,16.0,91.0,16.0,1,1,['Sauvignon Blanc'],New Zealand,Gladstone,[]
20454,Urlar,86.5,22.2,86.5,23.5,6,2,"['Pinot Noir', 'Sauvignon Blanc']",New Zealand,Wairarapa,[]
20455,Urraca,88.0,41.0,88.0,41.0,2,2,"['Red Blend', 'Chardonnay']",Argentina,Mendoza Province,['Mendoza']
20456,Ursa,86.9,21.1,87.0,22.0,11,2,"['Petite Sirah', 'Tannat']",US,California,"['Paso Robles', 'Central Coast']"
20457,Used Automobile Parts,91.5,50.0,91.5,50.0,2,1,['Bordeaux-style Red Blend'],US,California,"['Napa Valley', 'Napa']"
20458,Uva Negra,83.7,13.3,84.0,12.0,3,3,"['Malbec', 'Cabernet Sauvignon', 'Sauvignon Blanc']",Argentina,Mendoza Province,['Mendoza']
20459,Uvada,91.5,29.0,91.5,29.0,2,1,['Merlot'],US,California,"['Oakville', 'Napa']"
20460,Uvaggio,90.3,18.6,90.0,18.0,31,10,"['Primitivo', 'Moscato Giallo', 'Vermentino', 'Moscato', 'Barbera', 'Charbono', 'Red Blend', 'White Blend', 'Zinfandel', 'Rosé']",US,California,"['Lodi', 'Central Valley']"
20461,Uwe Schiefer,90.5,17.3,90.5,17.5,6,3,"['Blaufränkisch', 'White Blend', 'Austrian white blend']",Austria,Burgenland,[]
20462,Uwe Schiefer,92.0,24.0,92.0,24.0,1,1,['Blaufränkisch'],Austria,Eisenberg,[]
20463,V Madrone,93.0,75.0,93.0,75.0,1,1,['Cabernet Sauvignon'],US,California,"['Napa Valley', 'Napa']"
20464,V Norte,85.5,12.5,85.5,12.5,2,1,['Cabernet Sauvignon'],Chile,Curicó Valley,[]
20465,V Norte,82.0,10.0,82.0,10.0,1,1,['Sauvignon Blanc'],Chile,Maule Valley,[]
20466,V Puro,92.0,60.0,92.0,60.0,1,1,['Baga'],Portugal,Bairrada,[]
20467,V&N; Cellars,85.5,18.5,85.5,18.5,2,2,"['Sparkling Blend', 'Red Blend']",Spain,Catalonia,['Cava']
20468,V&N; Cellars,88.0,18.0,88.0,18.0,1,1,['Albariño'],Spain,Galicia,['Rías Baixas']
20469,V&N; Cellars,86.5,18.0,86.5,18.0,2,2,"['Cabernet Sauvignon', 'Mencía']",Spain,Northern Spain,['Cariñena']
20470,V&R;,86.0,12.0,86.0,12.0,1,1,['Verdejo'],Spain,Northern Spain,['Rueda']
20471,V. Sattui,88.3,39.5,88.0,35.0,119,21,"['Cabernet Sauvignon', 'Bordeaux-style Red Blend', 'Zinfandel', 'Pinot Noir', 'Chardonnay', 'Syrah', 'Sauvignon Blanc', 'Sémillon', 'Riesling', 'Cabernet Franc', 'Grenache', 'Merlot', 'Sparkling Blend', 'Madeira Blend', 'Red Blend', 'Malbec', 'Rosato', 'Gewürztraminer', 'G-S-M', 'Petite Sirah', 'Sangiovese']",US,California,"['Mount Veeder', 'Napa']"
20472,VC Cellars,88.2,28.8,88.0,28.0,6,3,"['Petite Sirah', 'Zinfandel', 'Cabernet Sauvignon']",US,California,"['Dry Creek Valley', 'Sonoma']"
20473,VENN,92.0,50.0,92.0,50.0,1,1,['Cabernet Sauvignon'],US,California,"['Napa Valley', 'Napa']"
20474,VF,88.0,9.0,88.0,9.0,1,1,['Rhône-style Red Blend'],France,Rhône Valley,['Costières de Nîmes']
20475,VGS,89.5,78.8,89.5,77.5,4,4,"['Syrah', 'Cabernet Franc', 'Red Blend', 'Cabernet Sauvignon']",US,California,"['Mount Veeder', 'Napa']"
20476,VGS Chateau Potelle,89.7,66.5,90.0,67.5,10,6,"['Syrah', 'Cabernet Sauvignon', 'Zinfandel', 'Rosé', 'Chardonnay', 'Sauvignon Blanc']",US,California,"['Mount Veeder', 'Napa']"
20477,VICARA Visconti Cassinis Ravizza,89.0,,89.0,,1,1,['Barbera'],Italy,Piedmont,['Barbera del Monferrato Superiore']
20478,VIgnobles Ducourt,84.7,17.0,84.0,14.0,3,2,"['Bordeaux-style Red Blend', 'Rosé']",France,Bordeaux,['Bordeaux']
20479,VIgnobles René Renon,92.0,30.0,92.0,30.0,1,1,['Bordeaux-style Red Blend'],France,Bordeaux,['Margaux']
20480,VIgnobles Roux,86.0,19.0,86.0,19.0,2,1,['Bordeaux-style Red Blend'],France,Bordeaux,['Bordeaux Supérieur']
20481,VJB,85.4,31.0,85.0,32.0,20,9,"['Cabernet Sauvignon', 'Chardonnay', 'Zinfandel', 'Tocai Friulano', 'Montepulciano', 'Barbera', 'Syrah', 'Sangiovese', 'Port']",US,California,"['Sonoma Valley', 'Sonoma']"
20482,VML,87.9,32.4,88.0,28.0,17,6,"['Sauvignon Blanc', 'Chardonnay', 'Pinot Noir', 'Sparkling Blend', 'Rosé', 'Gewürztraminer']",US,California,"['Russian River Valley', 'Sonoma']"
20483,Va Piano,90.9,47.3,91.0,48.0,38,7,"['Sauvignon Blanc', 'Syrah', 'Chardonnay', 'Cabernet Sauvignon', 'Cabernet Franc', 'Merlot', 'Red Blend']",US,Washington,"['Columbia Valley (WA)', 'Columbia Valley']"
20484,Va Piano Bruno's Blend II,88.0,18.0,88.0,18.0,1,1,['Sauvignon Blanc'],US,Washington,"['Columbia Valley (WA)', 'Columbia Valley']"
20485,Va Piano Bruno's Blend VII,88.0,20.0,88.0,20.0,1,1,['Red Blend'],US,Washington,"['Columbia Valley (WA)', 'Columbia Valley']"
20486,Vacceos,84.0,11.0,84.0,11.0,1,1,['White Blend'],Spain,Northern Spain,['Rueda']
20487,Vache,84.0,37.0,84.0,37.0,1,1,['Cabernet Sauvignon'],US,California,"['Cienega Valley', 'Central Coast']"
20488,Vadiaperti,88.0,30.0,88.0,30.0,4,2,"['Greco', 'Fiano']",Italy,Southern Italy,['Greco di Tufo']
20489,Vadin-Plateau,90.0,77.5,90.0,77.5,2,1,['Champagne Blend'],France,Champagne,['Champagne']
20490,Vadio Wines,89.5,30.5,90.5,28.5,6,2,"['Portuguese White', 'Baga']",Portugal,Bairrada,[]
20491,Vaeni,86.0,11.0,86.0,11.0,2,2,"['Rosé', 'Red Blend']",Greece,Macedonia,[]
20492,Vaeni,85.3,20.3,84.5,23.0,6,1,['Xinomavro'],Greece,Naoussa,[]
20493,Vagabond,89.5,56.2,90.5,60.0,4,2,"['Petite Sirah', 'Syrah']",US,California,"['Clear Lake', 'Mendocino/Lake Counties']"
20494,Vagnoni,85.8,24.0,85.5,24.5,4,2,"['Sangiovese', 'Vernaccia']",Italy,Tuscany,['Chianti Colli Senesi']
20495,Val Auclair,86.0,25.0,86.0,25.0,1,1,['Rhône-style Red Blend'],France,Languedoc-Roussillon,['Vallée du Paradis']
20496,Val Duná,84.0,7.0,84.0,7.0,1,1,['White Blend'],Romania,Plaiurile Drancei,[]
20497,Val Montium,87.0,18.0,87.0,18.0,1,1,['Mencía'],Spain,Northern Spain,['Bierzo']
20498,Val Sotillo,90.0,63.6,90.0,55.0,7,2,"['Tempranillo', 'Red Blend']",Spain,Northern Spain,['Ribera del Duero']
20499,Val d'Oca,86.5,18.6,87.0,19.0,13,3,"['Glera', 'Prosecco', 'Pinot Grigio']",Italy,Veneto,['Conegliano Valdobbiadene Prosecco Superiore']
20500,Val d'Orbieu,83.0,8.2,83.0,8.0,5,5,"['White Blend', 'Viognier', 'Merlot', 'Cabernet Sauvignon', 'Syrah']",France,Languedoc-Roussillon,['Corbières']
20501,Val de Los Frailes,85.7,26.6,85.5,23.0,16,4,"['Tempranillo', 'Rosado', 'Verdejo', 'Tinta Fina']",Spain,Northern Spain,['Cigales']
20502,Val delle Rose,88.0,23.9,88.0,23.5,10,2,"['Sangiovese', 'Red Blend']",Italy,Tuscany,['Morellino di Scansano']
20503,Val di Botte,87.0,25.0,87.0,25.0,1,1,['Red Blend'],Italy,Tuscany,['Chianti']
20504,Val di Suga,87.8,82.8,88.0,99.0,13,1,['Sangiovese'],Italy,Tuscany,['Brunello di Montalcino']
20505,Val di Toro,88.0,16.0,88.0,16.0,1,1,['Sangiovese'],Italy,Tuscany,['Morellino di Scansano']
20506,Val do Sosego,88.7,16.5,89.5,17.0,6,1,['Albariño'],Spain,Galicia,['Rías Baixas']
20507,Val du Charron,87.0,20.0,87.0,20.0,1,1,['Red Blend'],South Africa,Western Cape,[]
20508,Val du Vino,88.0,28.0,88.0,28.0,1,1,['Barbera'],US,California,"['Sierra Foothills', 'Sierra Foothills']"
20509,Valance,89.0,80.0,89.0,80.0,2,1,['Cabernet Sauvignon'],US,California,"['Napa Valley', 'Napa']"
20510,Valcantara,85.4,9.2,85.0,9.0,5,1,['Garnacha'],Spain,Northern Spain,['Cariñena']
20511,Valchiarò,87.3,43.3,85.5,25.5,6,5,"['Picolit', 'Tocai Friulano', 'Sauvignon Blanc', 'Pinot Grigio', 'Sauvignon']",Italy,Northeastern Italy,['Colli Orientali del Friuli']
20512,Valcortes,83.0,12.5,83.0,12.5,2,1,['Tempranillo'],Spain,Northern Spain,['Rioja']
20513,Valdamor,86.0,20.0,86.0,20.0,1,1,['Albariño'],Spain,Galicia,['Rías Baixas']
20514,Valdeaurum,85.0,15.0,85.0,15.0,1,1,['Tempranillo'],Spain,Central Spain,['Ribera del Guadiana']
20515,Valdecampaña,88.0,19.0,88.0,19.0,1,1,['Tempranillo'],Spain,Northern Spain,['Ribera del Duero']
20516,Valdegracia,87.0,14.0,87.0,14.0,1,1,['Tempranillo'],Spain,Central Spain,['Ribera del Guadiana']
20517,Valdelacierva,89.5,29.2,89.5,23.5,6,1,['Tempranillo'],Spain,Northern Spain,['Rioja']
20518,Valdelainos,86.5,13.2,87.0,14.0,8,2,"['Verdejo', 'White Blend']",Spain,Northern Spain,['Rueda']
20519,Valdelamillo,89.0,13.0,89.0,13.0,1,1,['Tempranillo'],Spain,Northern Spain,['Rioja']
20520,Valdelana,84.8,23.3,85.0,20.5,6,2,"['Tempranillo Blend', 'Tempranillo']",Spain,Northern Spain,['Rioja']
20521,Valdelapinta,87.3,13.3,88.0,12.0,3,1,['Verdejo'],Spain,Northern Spain,['Rueda']
20522,Valdelavia,88.0,18.0,88.0,18.0,1,1,['Sparkling Blend'],Spain,Catalonia,['Cava']
20523,Valdellövo,86.6,20.6,87.0,19.0,8,2,"['Glera', 'Sparkling Blend']",Italy,Veneto,['Conegliano Valdobbiadene Prosecco Superiore']
20524,Valderiz,89.5,25.8,91.0,25.0,6,4,"['Tempranillo Blend', 'Tempranillo', 'Tinto Fino', 'Tinta del Pais']",Spain,Northern Spain,['Ribera del Duero']
20525,Valdesil,86.0,29.3,87.0,25.0,3,1,['Godello'],Spain,Northern Spain,['Valdeorras']
20526,Valdetan,87.0,,87.0,,1,1,['Red Blend'],Spain,Northern Spain,['Cigales']
20527,Valdez,90.0,37.7,90.0,38.0,3,1,['Zinfandel'],US,California,"['Alexander Valley', 'Sonoma']"
20528,Valdicava,91.8,142.8,92.5,110.0,12,2,"['Sangiovese Grosso', 'Sangiovese']",Italy,Tuscany,['Brunello di Montalcino']
20529,Valdifalco,88.0,,88.0,,1,1,['Sangiovese'],Italy,Tuscany,['Morellino di Scansano']
20530,Valdinera,85.8,21.7,84.0,21.0,4,4,"['Barbera', 'Arneis', 'Favorita', 'Nebbiolo']",Italy,Piedmont,"[""Barbera d'Alba Superiore""]"
20531,Valdipiatta,89.7,32.3,90.0,31.0,3,2,"['Red Blend', 'Sangiovese']",Italy,Tuscany,['Rosso di Montepulciano']
20532,Valdivieso,86.5,13.5,86.5,13.5,4,3,"['Pinot Noir', 'Chardonnay', 'Sauvignon Blanc']",Chile,Casablanca Valley,[]
20533,Valdivieso,85.6,14.6,85.0,10.5,28,10,"['Cabernet Franc', 'Merlot', 'Malbec', 'Chardonnay', 'Cabernet Sauvignon', 'Shiraz', 'Syrah', 'Sauvignon Blanc', 'Carmenère', 'Red Blend']",Chile,Central Valley,[]
20534,Valdivieso,83.3,12.0,84.0,12.0,3,1,['Sparkling Blend'],Chile,Chile,[]
20535,Valdivieso,89.0,24.0,89.0,24.0,1,1,['Cabernet Franc'],Chile,Colchagua Valley,[]
20536,Valdivieso,87.0,17.0,87.0,17.0,1,1,['Merlot'],Chile,Curicó Valley,[]
20537,Valdivieso,84.0,21.0,84.0,21.0,2,2,"['Sparkling Blend', 'Sauvignon Blanc']",Chile,Leyda Valley,[]
20538,Valdivieso,86.4,16.2,87.0,17.0,5,4,"['Malbec', 'Shiraz', 'Merlot', 'Cabernet Franc']",Chile,Lontué Valley,[]
20539,Valdivieso,88.0,25.0,88.0,25.0,1,1,['Cabernet Sauvignon'],Chile,Maipo Valley,[]
20540,Valdivieso,86.5,25.2,86.0,25.5,6,4,"['Malbec', 'Red Blend', 'Viognier', 'Carignan']",Chile,Maule Valley,[]
20541,Valdivieso,89.5,24.5,89.5,24.5,2,1,['Carmenère'],Chile,Peumo,[]
20542,Valdivieso,91.0,25.0,91.0,25.0,1,1,['Cabernet Franc'],Chile,Sagrada Familia,[]
20543,Valdivieso,91.0,35.0,91.0,35.0,1,1,['Red Blend'],Chile,Santa Cruz,[]
20544,Valdo,86.9,18.4,87.0,18.0,18,2,"['Glera', 'Prosecco']",Italy,Veneto,['Conegliano Valdobbiadene Prosecco Superiore']
20545,ValdoCea,86.0,16.0,86.0,16.0,1,1,['Albariño'],Spain,Galicia,['Rías Baixas']
20546,Valdonica,87.0,32.0,87.0,32.0,1,1,['Sangiovese'],Italy,Tuscany,['Maremma Toscana']
20547,Valdrinal,84.3,17.0,83.0,17.0,3,2,"['Tinto del Pais', 'Tempranillo']",Spain,Northern Spain,['Ribera del Duero']
20548,Valdubón,87.2,27.0,87.0,24.0,12,2,"['Tempranillo', 'Tempranillo Blend']",Spain,Northern Spain,['Ribera del Duero']
20549,Valduero,90.8,45.8,91.0,41.5,6,1,['Tempranillo'],Spain,Northern Spain,['Ribera del Duero']
20550,Valdumia,89.0,17.0,89.0,17.0,1,1,['Albariño'],Spain,Galicia,['Rías Baixas']
20551,Vale,86.0,23.7,86.0,17.0,3,3,"['Tempranillo', 'Chardonnay', 'Viognier']",US,Idaho,[]
20552,Vale d'Algares,88.8,23.8,89.5,22.0,6,4,"['Viognier', 'Portuguese Red', 'Portuguese White', 'Rosé']",Portugal,Tejo,[]
20553,Vale da Corça,89.5,47.5,89.5,47.5,2,1,['Portuguese Red'],Portugal,Douro,[]
20554,Vale da Mina,84.5,18.0,84.5,18.0,2,1,['Portuguese Red'],Portugal,Alentejano,[]
20555,Valenciso,89.0,37.0,89.0,36.5,6,1,['Tempranillo'],Spain,Northern Spain,['Rioja']
20556,Valenti,88.5,42.0,88.5,42.0,2,2,"['Red Blend', 'Nerello Mascalese']",Italy,Sicily & Sardinia,['Etna']
20557,Valentin Bianchi,85.9,18.0,86.0,16.0,92,12,"['Champagne Blend', 'Cabernet Sauvignon', 'Malbec', 'Torrontés', 'Chardonnay', 'Pinot Noir', 'Sauvignon Blanc', 'Syrah', 'Red Blend', 'Semillon-Sauvignon Blanc', 'Bordeaux-style Red Blend', 'Sparkling Blend']",Argentina,Mendoza Province,['Mendoza']
20558,Valentin Leflaive,93.0,79.0,93.0,79.0,1,1,['Champagne Blend'],France,Champagne,['Champagne']
20559,Valentina Cubi,89.7,48.2,90.0,42.0,19,2,"['Corvina, Rondinella, Molinara', 'Red Blend']",Italy,Veneto,['Amarone della Valpolicella Classico']
20560,Valentini,86.0,21.0,86.0,21.0,2,2,"['Merlot', 'Red Blend']",Italy,Tuscany,['Toscana']
20561,Valentino,84.0,11.0,84.0,11.0,1,1,['Red Blend'],Chile,Maipo Valley,[]
20562,Valentino Butussi,86.3,12.0,86.0,12.0,3,1,['Sauvignon'],Italy,Northeastern Italy,['Colli Orientali del Friuli']
20563,Valerie Hill,84.3,24.3,86.0,24.0,3,3,"['Chardonnay', 'Seyval Blanc', 'White Blend']",US,Virginia,['Shenandoah Valley']
20564,Valerie's Vineyard,89.0,40.0,89.0,40.0,1,1,['Pinot Noir'],US,California,"['Carneros', 'Napa-Sonoma']"
20565,Valetti,84.5,,84.5,,2,2,"['Corvina, Rondinella, Molinara', 'Rosé']",Italy,Veneto,['Bardolino Classico']
20566,Valfaccenda,88.0,33.0,88.0,33.0,1,1,['Nebbiolo'],Italy,Piedmont,['Roero']
20567,Valiano,87.5,25.1,88.0,24.5,16,2,"['Sangiovese', 'Red Blend']",Italy,Tuscany,['Chianti Classico']
20568,Vall Llach,91.5,60.1,91.5,50.0,30,2,"['Red Blend', 'Carignan-Grenache']",Spain,Catalonia,['Priorat']
20569,Vallana,91.3,26.7,91.0,30.0,10,2,"['Red Blend', 'Nebbiolo']",Italy,Piedmont,['Boca']
20570,Valle,87.0,17.0,87.0,17.0,2,2,"['Friulano', 'Sauvignon']",Italy,Northeastern Italy,['Colli Orientali del Friuli']
20571,Valle Austral,86.0,13.0,86.0,13.0,1,1,['Malbec'],Argentina,Mendoza Province,['Mendoza']
20572,Valle Azul,86.0,16.0,86.0,16.0,2,2,"['Red Blend', 'Malbec']",Argentina,Other,['Patagonia']
20573,Valle Frio,85.0,12.5,85.0,12.5,2,2,"['Red Blend', 'Sauvignon Blanc']",Chile,Maule Valley,[]
20574,Valle Hermoso,87.0,13.0,87.0,13.0,1,1,['Sauvignon Blanc'],Chile,Casablanca Valley,[]
20575,Valle Hermoso,85.0,10.0,85.0,10.0,1,1,['Rosé'],Chile,Central Valley,[]
20576,Valle Hermoso,87.0,18.0,87.0,18.0,1,1,['Carmenère'],Chile,Colchagua Costa,[]
20577,Valle Hermoso,89.0,23.3,88.0,18.0,3,3,"['Malbec', 'Red Blend', 'Cabernet Sauvignon']",Chile,Colchagua Valley,[]
20578,Valle Huarpe,82.0,12.0,82.0,12.0,1,1,['Malbec'],Argentina,Mendoza Province,['Mendoza']
20579,Valle Las Nencias,85.0,17.0,85.0,17.0,2,1,['Malbec'],Argentina,Mendoza Province,['Mendoza']
20580,Valle Perdido,85.7,16.7,85.0,15.0,3,2,"['Malbec', 'Pinot Noir']",Argentina,Other,['Neuquén']
20581,Valle Pradinhos,87.7,,87.0,,3,2,"['Portuguese White', 'Portuguese Red']",Portugal,Transmontano,[]
20582,Valle Pradinhos,86.4,25.0,88.0,24.0,5,3,"['Rosé', 'Portuguese Red', 'Portuguese White']",Portugal,Trás-os-Montes,[]
20583,Valle Reale,86.8,19.2,86.0,13.0,5,3,"['Montepulciano', 'Rosé', 'Trebbiano']",Italy,Central Italy,"[""Montepulciano d'Abruzzo""]"
20584,Valle Rojo,83.0,13.0,83.0,13.0,1,1,['Red Blend'],Spain,Northern Spain,['Cariñena']
20585,Valle Secreto,88.3,24.1,88.0,22.0,16,7,"['Cabernet Franc', 'Syrah', 'Red Blend', 'Cabernet Sauvignon', 'Carmenère', 'Cabernet Sauvignon-Carmenère', 'Malbec']",Chile,Cachapoal Valley,[]
20586,Valle da Fonte,89.4,17.6,91.0,15.0,5,3,"['Portuguese White', 'Touriga Nacional', 'Portuguese Red']",Portugal,Douro,[]
20587,Valle de Salinas,85.0,13.5,85.0,13.5,2,1,['Red Blend'],Spain,Levante,['Yecla']
20588,Valle de la Puerta,86.3,24.7,87.0,19.0,3,2,"['Bonarda', 'Red Blend']",Argentina,Other,['Famatina Valley']
20589,Valle dell'Acate,87.6,24.0,87.0,22.0,71,8,"['Frappato', 'Grillo', 'Red Blend', ""Nero d'Avola"", 'Syrah', 'Insolia', 'White Blend', 'Chardonnay']",Italy,Sicily & Sardinia,['Vittoria']
20590,Valle dell'Asso,84.4,16.5,85.0,16.0,5,3,"['Primitivo', 'Negroamaro', 'Chardonnay']",Italy,Southern Italy,['Salento']
20591,Vallebelbo,86.0,11.0,86.0,11.0,1,1,['Moscato'],Italy,Piedmont,"[""Moscato d'Asti""]"
20592,Vallegre,89.7,45.0,89.0,45.0,3,1,['Port'],Portugal,Port,[]
20593,Vallemon de Sardilici,85.0,22.0,85.0,22.0,1,1,['Tempranillo'],Spain,Northern Spain,['Ribera del Duero']
20594,Valley Legend,87.0,57.5,87.0,55.0,6,1,['Cabernet Sauvignon'],US,California,"['Napa Valley', 'Napa']"
20595,Valley View,86.1,22.2,86.0,22.0,32,13,"['Sauvignon Blanc', 'Syrah', 'Viognier', 'Tempranillo', 'Cabernet Sauvignon', 'Cabernet Franc', 'Roussanne', 'Red Blend', 'Pinot Gris', 'Malbec', 'Merlot', 'Chardonnay', 'Zinfandel']",US,Oregon,"['Rogue Valley', 'Southern Oregon']"
20596,Valley of the Moon,86.6,19.3,87.0,16.0,62,11,"['Cabernet Sauvignon', 'Chardonnay', 'Pinot Blanc', 'Zinfandel', 'Syrah', 'Sangiovese', 'Pinot Noir', 'Bordeaux-style Red Blend', 'Port', 'Barbera', 'Pinot Blanc-Viognier']",US,California,"['Sonoma County', 'Sonoma']"
20597,Vallformosa,84.7,24.1,85.0,22.0,9,5,"['White Blend', 'Sparkling Blend', 'Cabernet Sauvignon', 'Syrah', 'Merlot']",Spain,Catalonia,['Cava']
20598,Vallformosa,85.0,17.8,85.5,18.0,4,1,['Tempranillo'],Spain,Northern Spain,['Rioja']
20599,Valli,90.0,56.2,91.0,55.0,4,1,['Pinot Noir'],New Zealand,Central Otago,[]
20600,Vallobera,86.9,19.8,88.0,20.5,18,4,"['Tempranillo', 'Viura', 'Tempranillo Blend', 'White Blend']",Spain,Northern Spain,['Rioja']
20601,Vallorsi,85.5,,85.5,,2,2,"['Red Blend', 'White Blend']",Italy,Tuscany,['Rosso di Toscana']
20602,Valmiñor,87.4,17.5,87.5,18.0,10,3,"['Albariño', 'White Blend', 'Godello']",Spain,Galicia,['Rías Baixas']
20603,Valori,86.5,28.1,87.0,15.5,8,3,"['Trebbiano', 'Montepulciano', 'Rosato']",Italy,Central Italy,"[""Trebbiano d'Abruzzo""]"
20604,Valpiculata,86.5,44.5,86.5,44.5,2,1,['Tinta de Toro'],Spain,Northern Spain,['Toro']
20605,Valquejigoso,92.3,55.7,93.0,49.0,3,2,"['White Blend', 'Red Blend']",Spain,Spain Other,['Spain']
20606,Valsacro,89.0,28.7,89.0,31.0,3,2,"['Tempranillo', 'Red Blend']",Spain,Northern Spain,['Rioja']
20607,Valsanzo,83.9,16.9,83.5,15.0,8,3,"['Tempranillo', 'Mencía', 'Verdejo']",Spain,Northern Spain,['Vino de la Tierra de Castilla y León']
20608,Valserrano,90.0,33.1,90.0,36.0,11,5,"['Tempranillo Blend', 'Tempranillo', 'Graciano', 'Garnacha', 'White Blend']",Spain,Northern Spain,['Rioja']
20609,Valtea,85.5,19.5,85.5,19.5,2,1,['Albariño'],Spain,Galicia,['Rías Baixas']
20610,Valter Scarbolo,88.0,22.0,88.0,22.0,2,1,['Pinot Grigio'],Italy,Northeastern Italy,['Friuli Grave']
20611,Valter Sirk,88.5,30.0,88.5,30.0,2,2,"['Ribolla Gialla', 'Malvasia Istriana']",Slovenia,Goriska Brda,[]
20612,Valtosca,90.0,23.0,90.0,23.0,1,1,['Syrah'],Spain,Levante,['Jumilla']
20613,Valtravieso,85.8,39.2,85.0,47.0,5,3,"['Tempranillo', 'Red Blend', 'Tinto Fino']",Spain,Northern Spain,['Ribera del Duero']
20614,Vampire,83.0,20.0,83.0,20.0,1,1,['Zinfandel'],US,California,"['Paso Robles', 'Central Coast']"
20615,Van Ardi,87.5,14.5,87.5,14.5,2,2,"['Kangoun', 'Rosé']",Armenia,Armenia,[]
20616,Van Asperen,87.0,18.0,87.0,18.0,1,1,['Zinfandel'],US,California,"['Napa Valley', 'Napa']"
20617,Van Duzer,85.3,30.4,85.5,26.0,14,5,"['Pinot Noir', 'Pinot Gris', 'Riesling', 'Rosé', 'Chardonnay']",US,Oregon,"['Willamette Valley', 'Willamette Valley']"
20618,Van Loveren,85.2,15.6,86.0,15.0,5,3,"['Chenin Blanc', 'Chardonnay', 'Sparkling Blend']",South Africa,Robertson,[]
20619,Van Loveren,88.0,19.0,88.0,19.0,1,1,['Sauvignon Blanc'],South Africa,Western Cape,[]
20620,Van Ruiten,85.1,16.3,86.0,16.5,14,6,"['Zinfandel', 'Chardonnay', 'Cabernet Sauvignon', 'Red Blend', 'Sauvignon Blanc', 'Cabernet-Shiraz']",US,California,"['Lodi', 'Central Valley']"
20621,Van Westen,90.0,31.0,90.0,31.0,1,1,['Red Blend'],Canada,British Columbia,['Okanagan Valley']
20622,Van Zellers,90.2,23.4,91.0,21.0,5,2,"['Portuguese Red', 'Portuguese White']",Portugal,Douro,[]
20623,Vanderbilt,88.0,27.0,88.0,27.0,2,2,"['Merlot', 'Cabernet Franc']",US,California,"['Dry Creek Valley', 'Sonoma']"
20624,Vanessa,92.5,33.0,92.5,33.0,2,2,"['Meritage', 'Syrah']",Canada,British Columbia,['Similkameen Valley']
20625,Vansha,89.0,15.0,89.0,15.0,1,1,['Rhône-style Red Blend'],South Africa,Paarl,[]
20626,Vaona,88.7,35.7,88.0,33.5,12,1,"['Corvina, Rondinella, Molinara']",Italy,Veneto,['Amarone della Valpolicella Classico']
20627,Vaquero,82.0,16.0,82.0,16.0,1,1,['Chardonnay'],US,California,"['Sonoma County', 'Sonoma']"
20628,Varaschin,84.0,22.3,84.0,19.0,3,1,['Prosecco'],Italy,Veneto,['Prosecco di Valdobbiadene']
20629,Varda,85.0,19.0,85.0,19.0,2,2,"['Syrah', 'Merlot']",US,California,"['Carneros', 'Napa-Sonoma']"
20630,Varichon & Clerc,86.0,11.0,86.0,11.0,1,1,['Sparkling Blend'],France,France Other,['Vin Mousseux']
20631,Varner,91.0,30.0,91.0,30.0,1,1,['Chardonnay'],US,California,"['Santa Cruz Mountains', 'Central Coast']"
20632,Varnier Fannière,90.3,63.7,90.0,67.0,3,2,"['Chardonnay', 'Champagne Blend']",France,Champagne,['Champagne']
20633,Varozza,89.8,60.0,90.0,50.0,5,2,"['Cabernet Sauvignon', 'Petite Sirah']",US,California,"['St. Helena', 'Napa']"
20634,Varramista,86.0,30.0,86.0,30.0,1,1,['Red Blend'],Italy,Tuscany,['Toscana']
20635,Varvaglione,84.0,12.0,84.0,12.0,1,1,['Rosato'],Italy,Southern Italy,['Salento']
20636,Varvaglione Vigne & Vini,87.7,28.7,87.0,20.0,6,3,"['Primitivo', 'Red Blend', 'Negroamaro']",Italy,Southern Italy,['Primitivo di Manduria']
20637,Vasari,86.5,11.0,86.5,11.0,2,1,"[""Nero d'Avola""]",Italy,Sicily & Sardinia,['Sicilia']
20638,Vasari,84.0,11.0,84.0,11.0,1,1,['Sangiovese'],Italy,Tuscany,['Chianti Colli Aretini']
20639,Vasco Sassetti,86.8,,86.5,,4,2,"['Sangiovese Grosso', 'Sangiovese']",Italy,Tuscany,['Brunello di Montalcino']
20640,Vasco Urbano,89.6,39.7,90.0,42.0,7,5,"['Rhône-style Red Blend', 'Mourvèdre', 'Grenache', 'Syrah', 'Petite Sirah']",US,California,"['Livermore Valley', 'Central Coast']"
20641,Vasse Felix,90.3,42.8,90.0,30.0,27,5,"['Cabernet Blend', 'Chardonnay', 'Cabernet Sauvignon', 'Shiraz', 'Bordeaux-style Red Blend']",Australia,Western Australia,['Margaret River']
20642,Vasse River,86.3,21.9,85.0,21.0,7,5,"['Chardonnay', 'Shiraz', 'Verdelho', 'Cabernet Sauvignon-Merlot', 'Semillon-Sauvignon Blanc']",Australia,Western Australia,['Margaret River']
20643,Vatan,90.5,45.0,90.5,45.0,2,1,['Tinta de Toro'],Spain,Northern Spain,['Toro']
20644,Vatistas,87.0,19.0,87.0,19.0,1,1,['White Blend'],Greece,Lakonia,[]
20645,Vatistas,86.0,40.0,86.0,40.0,1,1,['White Blend'],Greece,Monemvasia,[]
20646,Vatistas,85.8,23.8,86.0,21.5,6,3,"['White Blend', 'Petroulianos', 'Red Blend']",Greece,Peloponnese,[]
20647,Vaucher Père et Fils,90.0,15.0,90.0,15.0,1,1,['Gamay'],France,Beaujolais,['Fleurie']
20648,Vavasour,89.1,20.9,90.0,20.0,9,2,"['Sauvignon Blanc', 'Pinot Noir']",New Zealand,Awatere Valley,[]
20649,Vavasour,88.3,20.3,89.0,19.0,3,3,"['Chardonnay', 'Sauvignon Blanc', 'Pinot Noir']",New Zealand,Marlborough,[]
20650,Vaya Vadiso,83.7,10.0,84.0,10.0,3,3,"['Merlot', 'Sauvignon Blanc', 'Chardonnay']",Chile,Central Valley,[]
20651,Vaza,86.6,14.1,87.0,15.0,7,1,['Tempranillo'],Spain,Northern Spain,['Rioja']
20652,Vazart Coquart & Fils,89.5,60.5,89.5,60.5,2,1,['Chardonnay'],France,Champagne,['Champagne']
20653,Vecchia Cantina di Montepulciano,86.5,23.2,86.5,20.0,32,4,"['Red Blend', 'Sangiovese', 'Prugnolo Gentile', 'Merlot']",Italy,Tuscany,['Vino Nobile di Montepulciano']
20654,Vecchie Terre di Montefili,88.7,31.3,89.0,28.0,3,2,"['Sangiovese', 'Red Blend']",Italy,Tuscany,['Chianti Classico']
20655,Vecordia,88.0,17.0,88.0,17.0,4,1,['Tempranillo'],Spain,Northern Spain,['Ribera del Duero']
20656,Veedercrest,89.2,45.0,88.0,45.0,4,2,"['Cabernet Sauvignon', 'Merlot']",US,California,"['Napa Valley', 'Napa']"
20657,Veenwouden,90.0,45.0,90.0,45.0,1,1,['Merlot'],South Africa,Paarl,[]
20658,Vega Barcelona,87.0,14.0,87.0,14.0,2,1,['Sparkling Blend'],Spain,Catalonia,['Cava']
20659,Vega Escal,88.5,22.5,88.5,22.5,2,1,['Red Blend'],Spain,Catalonia,['Priorat']
20660,Vega Montán,88.5,10.0,88.5,10.0,2,1,['Mencía'],Spain,Northern Spain,['Bierzo']
20661,Vega Moragona,85.0,12.0,85.0,12.0,1,1,['Tempranillo'],Spain,Central Spain,['Ribera del Júcar']
20662,Vega Murillo,81.5,13.0,81.5,13.0,2,2,"['Verdejo', 'Tinta de Toro']",Spain,Northern Spain,['Rueda']
20663,Vega Sauco,85.0,28.3,85.0,15.0,3,1,['Tinta de Toro'],Spain,Northern Spain,['Toro']
20664,Vega Sicilia,92.0,294.0,92.0,212.5,12,4,"['Tempranillo-Cabernet Sauvignon', 'Tempranillo Blend', 'Red Blend', 'Tempranillo']",Spain,Northern Spain,['Ribera del Duero']
20665,Vega Sindoa,84.9,10.8,86.0,9.0,41,10,"['Garnacha', 'Chardonnay', 'Cabernet Sauvignon-Tempranillo', 'Tempranillo-Merlot', 'Merlot', 'Tempranillo', 'Viura-Chardonnay', 'White Blend', 'Rosé', 'Grenache']",Spain,Northern Spain,['Navarra']
20666,Vega Tolosa,83.0,15.5,83.0,15.5,2,2,"['Bobal', 'Red Blend']",Spain,Central Spain,['Manchuela']
20667,Vega de Tera,80.0,13.0,80.0,13.0,1,1,['Verdejo'],Spain,Northern Spain,['Vino de la Tierra de Castilla y León']
20668,Vega de la Reina,86.0,15.0,86.0,15.0,1,1,['Verdejo'],Spain,Northern Spain,['Rueda']
20669,Vega del Castillo,82.0,10.0,82.0,10.0,1,1,['Merlot'],Spain,Northern Spain,['Navarra']
20670,Vega del Jiloca,87.0,16.0,87.0,16.0,1,1,['Garnacha'],Spain,Northern Spain,['Vino de la Tierra Ribera del Jiloca']
20671,Veglio,86.7,19.5,86.0,15.0,17,6,"['Nebbiolo', 'Red Blend', 'Moscato', 'Dolcetto', 'Sparkling Blend', 'Barbera']",Italy,Piedmont,['Barbaresco']
20672,Veiga Naúm,86.0,35.0,86.0,35.0,1,1,['Albariño'],Spain,Galicia,['Rías Baixas']
20673,Veiga da Princesa,85.0,21.0,85.0,21.0,2,1,['Albariño'],Spain,Galicia,['Rías Baixas']
20674,Velenosi,87.8,34.4,88.0,15.0,11,6,"['Passerina', 'Red Blend', 'Lacrima', 'White Blend', 'Pecorino', 'Verdicchio']",Italy,Central Italy,['Marche']
20675,Vellum,88.1,60.6,88.0,65.0,15,8,"['Petit Verdot', 'Bordeaux-style White Blend', 'Cabernet Sauvignon', 'Sauvignon Blanc-Semillon', 'Merlot-Cabernet Sauvignon', 'Bordeaux-style Red Blend', 'Merlot-Cabernet', 'Red Blend']",US,California,"['Suisun Valley', 'North Coast']"
20676,Velocity,88.8,24.2,88.5,24.5,4,1,['Red Blend'],US,Oregon,"['Rogue Valley', 'Southern Oregon']"
20677,Velocity Wine Cellars,85.0,25.0,85.0,25.0,1,1,['Red Blend'],US,Oregon,"['Rogue Valley', 'Southern Oregon']"
20678,Vena Cava,83.3,27.0,83.0,27.0,3,3,"['Red Blend', 'Cabernet Sauvignon', 'Tempranillo']",Mexico,Valle de Guadalupe,[]
20679,Venge,91.1,59.5,91.0,48.0,39,9,"['Cabernet Sauvignon', 'Chardonnay', 'White Blend', 'Syrah', 'Red Blend', 'Sangiovese', 'Pinot Noir', 'Sauvignon Blanc', 'Merlot']",US,California,"['Napa Valley', 'Napa']"
20680,Venica & Venica,88.3,29.7,88.0,29.5,9,5,"['Sauvignon', 'Pinot Bianco', 'Pinot Grigio', 'Friulano', 'Malvar']",Italy,Northeastern Italy,['Collio']
20681,Venta Mazzaron,88.0,15.0,88.0,15.0,1,1,['Tempranillo'],Spain,Northern Spain,['Vino de la Tierra de Castilla y León']
20682,Venta Morales,84.8,8.6,84.0,8.0,12,1,['Tempranillo'],Spain,Central Spain,['Vino de la Tierra de Castilla']
20683,Venta del Puerto,88.8,28.2,90.0,24.0,5,1,['Red Blend'],Spain,Levante,['Valencia']
20684,Ventana,86.2,21.7,87.0,18.0,33,15,"['Pinot Noir', 'Gewürztraminer', 'Chardonnay', 'Riesling', 'Grenache-Syrah', 'Merlot', 'Pinot Blanc', 'Orange Muscat', 'Syrah', 'Rhône-style Red Blend', 'Red Blend', 'Grenache', 'Muscat', 'Sauvignon Blanc', 'Chenin Blanc']",US,California,"['Arroyo Seco', 'Central Coast']"
20685,Venteux,87.1,41.1,87.0,45.0,17,7,"['Cabernet Sauvignon', 'Mourvèdre', 'Syrah', 'Red Blend', 'G-S-M', 'Grenache', 'Petite Sirah']",US,California,"['Paso Robles', 'Central Coast']"
20686,Ventisquero,85.2,18.3,85.0,15.0,21,3,"['Pinot Noir', 'Sauvignon Blanc', 'Chardonnay']",Chile,Casablanca Valley,[]
20687,Ventisquero,89.0,24.0,89.0,24.0,1,1,['Sauvignon Blanc'],Chile,Chile,[]
20688,Ventisquero,87.4,26.8,87.0,20.0,20,7,"['Carmenère', 'Cabernet Sauvignon', 'Syrah', 'Carmenère-Syrah', 'Merlot', 'Shiraz', 'Red Blend']",Chile,Colchagua Valley,[]
20689,Ventisquero,85.2,21.2,86.5,21.5,4,2,"['Pinot Noir', 'Sauvignon Blanc']",Chile,Leyda Valley,[]
20690,Ventisquero,87.9,23.8,87.0,19.0,23,3,"['Carmenère', 'Merlot', 'Cabernet Sauvignon']",Chile,Maipo Valley,[]
20691,Ventolaio,88.0,60.0,88.0,60.0,1,1,['Sangiovese'],Italy,Tuscany,['Brunello di Montalcino']
20692,Ventolaio di Fanti Luigi,88.6,55.0,88.0,55.0,5,1,['Sangiovese Grosso'],Italy,Tuscany,['Brunello di Montalcino']
20693,Ventosa,86.2,22.8,86.0,23.0,32,13,"['Cabernet Sauvignon', 'Red Blend', 'Sangiovese', 'Riesling', 'Rosato', 'Pinot Gris', 'Tocai Friulano', 'Pinot Noir', 'Chardonnay', 'Cabernet Franc', 'Lemberger', 'Bordeaux-style Red Blend', 'Merlot']",US,New York,"['Finger Lakes', 'Finger Lakes']"
20694,Venture Wines,84.5,42.5,84.5,42.5,2,2,"['Cabernet Sauvignon', 'Chardonnay']",US,California,"['Napa Valley', 'Napa']"
20695,Venturini Baldini,84.0,15.0,84.0,15.0,3,2,"['Lambrusco', 'Malvasia']",Italy,Central Italy,['Emilia']
20696,Venturini Massimino,90.6,49.2,90.0,50.0,20,2,"['Red Blend', 'Corvina, Rondinella, Molinara']",Italy,Veneto,['Amarone della Valpolicella Classico']
20697,Venus,85.0,22.0,85.0,22.0,1,1,['Zinfandel'],US,California,"['Sonoma County', 'Sonoma']"
20698,Veo,85.2,8.8,85.0,9.0,4,2,"['Cabernet Sauvignon', 'Syrah']",Chile,Colchagua Valley,[]
20699,Vera,85.0,,85.0,,1,1,['Portuguese White'],Portugal,Vinho Licoroso,[]
20700,Vera,85.5,,85.5,,4,3,"['Rosé', 'Alvarinho', 'Portuguese White']",Portugal,Vinho Verde,[]
20701,Veraison,88.5,55.0,88.0,52.5,4,3,"['Merlot', 'Cabernet Sauvignon', 'Bordeaux-style Red Blend']",US,California,"['Atlas Peak', 'Napa']"
20702,Veramar,84.6,24.5,85.0,23.0,54,14,"['Merlot', 'Norton', 'Cabernet Franc', 'Cabernet Sauvignon', 'Red Blend', 'Chardonnay', 'White Blend', 'Viognier', 'Rosé', 'Bordeaux-style Red Blend', 'Mourvèdre', 'Seyval Blanc', 'Syrah', 'Petit Manseng']",US,Virginia,['Virginia']
20703,Veramonte,86.4,13.6,87.0,12.0,34,5,"['Sauvignon Blanc', 'Pinot Noir', 'Chardonnay', 'Merlot', 'Cabernet Sauvignon']",Chile,Casablanca Valley,[]
20704,Veramonte,85.5,12.0,85.5,12.0,2,2,"['Red Blend', 'Pinot Noir']",Chile,Central Valley,[]
20705,Veramonte,86.7,12.0,87.0,12.0,3,1,['Cabernet Sauvignon'],Chile,Colchagua Valley,[]
20706,Veramonte,87.2,16.5,87.0,10.5,4,1,['Cabernet Sauvignon'],Chile,Maipo Valley,[]
20707,Veranda,86.8,20.0,87.0,18.0,11,3,"['Pinot Noir', 'Chardonnay', 'Sauvignon Blanc']",Chile,Bío Bío Valley,[]
20708,Veranda,86.5,20.0,86.5,20.0,2,2,"['Chardonnay', 'Pinot Noir']",Chile,Casablanca Valley,[]
20709,Veranda,86.2,20.8,86.5,19.0,4,3,"['Syrah', 'Carmenère-Cabernet Sauvignon', 'Carmenère']",Chile,Colchagua Valley,[]
20710,Veranda,88.0,18.0,88.0,18.0,1,1,['Cabernet Sauvignon-Carmenère'],Chile,Maipo Valley,[]
20711,Veranda Beach,87.0,29.0,87.0,29.0,1,1,['Red Blend'],US,Washington,"['Washington', 'Washington Other']"
20712,Verbena,89.1,52.6,89.0,51.5,15,2,"['Sangiovese', 'Sangiovese Grosso']",Italy,Tuscany,['Brunello di Montalcino']
20713,Vercingetorix VX,88.0,24.5,88.0,24.0,10,4,"['Pinot Noir', 'Pinot Blanc', 'White Blend', 'Pinot Gris']",US,Oregon,"['Willamette Valley', 'Willamette Valley']"
20714,Vercoope,85.5,7.4,85.0,6.0,8,4,"['Alvarinho', 'Loureiro', 'Portuguese White', 'Rosé']",Portugal,Vinho Verde,[]
20715,Verdad,90.7,21.5,90.0,21.5,3,3,"['Tempranillo', 'Albariño', 'Rosé']",US,California,"['Edna Valley', 'Central Coast']"
20716,Verde Sole,86.0,17.5,86.0,17.5,2,2,"['Chardonnay', 'Zinfandel']",US,California,"['Sierra Foothills', 'Sierra Foothills']"
20717,Verderol,85.4,18.8,86.0,18.0,5,1,['Verdejo'],Spain,Northern Spain,['Rueda']
20718,Verdes Castros,85.0,12.0,85.0,12.0,1,1,['Godello'],Spain,Northern Spain,['Valdeorras']
20719,Vereinigte Hospitien,88.0,26.7,89.0,26.0,3,1,['Riesling'],Germany,Mosel,[]
20720,Verema,88.5,21.5,88.5,21.5,2,1,['Tempranillo'],Spain,Northern Spain,['Rioja']
20721,Vergari,88.0,38.0,87.5,37.5,4,1,['Pinot Noir'],US,California,"['Marin County', 'North Coast']"
20722,Verge,84.0,40.0,84.0,40.0,1,1,['Syrah'],US,California,"['Dry Creek Valley', 'Sonoma']"
20723,Vergelegen,88.2,42.7,89.0,35.0,12,8,"['Sauvignon Blanc', 'Chardonnay', 'Merlot-Cabernet Sauvignon', 'Cabernet Blend', 'Shiraz', 'Cabernet Sauvignon-Merlot', 'Merlot', 'Bordeaux-style White Blend']",South Africa,Stellenbosch,[]
20724,Vergelegen,86.5,22.0,86.5,22.0,2,1,['Sauvignon Blanc'],South Africa,Western Cape,[]
20725,Vergenoegd,89.7,31.0,91.0,30.0,3,3,"['Bordeaux-style Red Blend', 'Cabernet Sauvignon', 'Port']",South Africa,Stellenbosch,[]
20726,Verget,88.3,33.0,88.0,34.0,3,1,['Chardonnay'],France,Burgundy,['Pouilly-Fuissé']
20727,Verismo,88.0,48.0,88.0,48.0,1,1,['Malbec'],US,California,"['Napa Valley', 'Napa']"
20728,Veritas,85.9,28.2,87.0,25.0,13,6,"['Bordeaux-style Red Blend', 'Chardonnay', 'Viognier', 'Sauvignon Blanc', 'Petit Verdot', 'Cabernet Franc']",US,Virginia,['Monticello']
20729,Verité,94.5,341.8,95.0,450.0,11,2,"['Red Blend', 'Bordeaux-style Red Blend']",US,California,"['Sonoma County', 'Sonoma']"
20730,Vermador,82.5,10.0,82.5,10.0,2,1,['White Blend'],Spain,Levante,['Alicante']
20731,Vermeil,89.0,60.7,89.0,42.0,21,11,"['Cabernet Franc', 'Zinfandel', 'Cabernet Sauvignon', 'Sémillon', 'Bordeaux-style Red Blend', 'Rosé', 'Sauvignon Blanc', 'Cabernet Blend', 'Red Blend', 'Chardonnay', 'Tinta Madeira']",US,California,"['Calistoga', 'Napa']"
20732,Verotto,84.7,32.7,85.0,28.0,3,1,['Pinot Noir'],US,California,"['Carneros', 'Napa-Sonoma']"
20733,Verrone,87.5,17.0,87.5,17.0,2,1,['Aglianico'],Italy,Southern Italy,['Cilento']
20734,Versant Vineyards,92.0,70.0,92.0,70.0,1,1,['Cabernet Sauvignon'],US,California,"['Napa Valley', 'Napa']"
20735,Verse & Chorus,86.7,19.7,87.0,22.0,3,2,"['Red Blend', 'Sauvignon Blanc']",US,California,"['Napa Valley', 'Napa']"
20736,Verso,82.0,30.0,82.0,30.0,1,1,['Cabernet Sauvignon'],US,Colorado,['Grand Valley']
20737,Verterra,85.0,18.0,85.0,18.0,3,3,"['Gewürztraminer', 'Riesling', 'Pinot Blanc']",US,Michigan,['Leelanau Peninsula']
20738,Vertijana,88.0,19.0,88.0,19.0,1,1,['Red Blend'],Spain,Andalucia,['Vino de la Tierra Altiplano de Sierra Nevada']
20739,Vertuze,86.0,30.0,86.0,30.0,1,1,['Sparkling Blend'],US,California,"['Arroyo Grande Valley', 'Central Coast']"
20740,Verum,86.0,19.7,86.0,19.0,27,7,"['Cabernet Franc', 'Chardonnay', 'Pinot Noir', 'Merlot', 'Malbec', 'Red Blend', 'Sauvignon Blanc']",Argentina,Other,['Alto Valle del Río Negro']
20741,Verus Vineyards,85.0,20.0,86.0,20.0,3,3,"['Furmint', 'Sauvignon Blanc', 'Riesling']",Slovenia,Štajerska,[]
20742,Verve,85.8,27.5,85.0,28.0,11,3,"['Pinot Noir', 'Syrah', 'Sauvignon Blanc']",US,California,"['Carneros', 'Napa-Sonoma']"
20743,Verve,86.0,31.5,86.0,31.5,2,1,['Pinot Noir'],US,Oregon,"['Willamette Valley', 'Willamette Valley']"
20744,Verve,91.0,24.0,91.0,24.0,1,1,['Syrah'],US,Washington,"['Columbia Valley (WA)', 'Columbia Valley']"
20745,Vesevo,87.8,24.7,87.0,20.0,15,4,"['Greco', 'Falanghina', 'Aglianico', 'Fiano']",Italy,Southern Italy,['Greco di Tufo']
20746,Vesper Vineyards,88.0,28.0,88.0,28.0,1,1,['Marsanne-Roussanne'],US,California,"['Ramona Valley', 'South Coast']"
20747,Vestini Campagnano,86.0,32.5,86.0,32.5,5,5,"['Red Blend', 'Pallagrello Nero', 'Casavecchia', 'Pallagrello Bianco', 'Asprinio']",Italy,Southern Italy,['Galluccio']
20748,Vetrère,84.0,21.4,83.5,20.0,6,3,"['White Blend', 'Fiano', 'Negroamaro']",Italy,Southern Italy,['Salento']
20749,Vettori,87.5,,87.5,,2,2,"['White Blend', 'Manzoni']",Italy,Northeastern Italy,['Colli Trevigiani']
20750,Vettori,87.7,19.0,87.0,19.0,9,2,"['Glera', 'Prosecco']",Italy,Veneto,['Conegliano Valdobbiadene Prosecco Superiore']
20751,Vetus,90.0,18.8,89.5,17.5,4,2,"['Tinta de Toro', 'Verdejo']",Spain,Northern Spain,['Toro']
20752,Veuve Ambal,84.0,18.0,84.0,18.0,1,1,['Sparkling Blend'],France,Burgundy,['Crémant de Bourgogne']
20753,Veuve Ambal,84.5,13.0,84.5,13.0,2,1,['Sparkling Blend'],France,France Other,['Vin Mousseux']
20754,Veuve Clicquot Ponsardin,91.3,118.9,92.0,80.5,34,1,['Champagne Blend'],France,Champagne,['Champagne']
20755,Veuve Doussot,89.8,86.4,89.0,90.0,17,3,"['Champagne Blend', 'Pinot Noir', 'Chardonnay']",France,Champagne,['Champagne']
20756,Veuve du Vernay,86.0,10.0,86.0,10.0,1,1,['Champagne Blend'],France,Bordeaux,['Bordeaux']
20757,Veuve du Vernay,83.4,11.4,83.0,10.0,5,2,"['Champagne Blend', 'Sparkling Blend']",France,France Other,['France']
20758,Vezer Family Vineyard,85.0,39.0,85.0,39.0,3,3,"['Black Muscat', 'Zinfandel', 'Red Blend']",US,California,"['California', 'California Other']"
20759,Via Giusti,88.5,53.5,89.0,48.5,4,2,"['Pinot Noir', 'Vermentino']",US,California,"['Russian River Valley', 'Sonoma']"
20760,Via Revolucionaria,83.5,20.5,83.5,20.5,2,2,"['Torrontés', 'Bonarda']",Argentina,Mendoza Province,['Mendoza']
20761,Viader,92.3,110.6,93.0,100.0,10,3,"['Bordeaux-style Red Blend', 'Tempranillo', 'Red Blend']",US,California,"['Napa Valley', 'Napa']"
20762,Viamonte,84.7,14.0,84.0,14.0,3,2,"['Cabernet Sauvignon', 'Malbec']",Argentina,Mendoza Province,['Maipú']
20763,Viano,81.5,10.0,81.5,10.0,2,2,"['Port', 'Zinfandel']",US,California,"['Contra Costa County', 'Central Coast']"
20764,Viansa,87.6,46.5,87.0,39.0,11,11,"['Vernaccia', 'Barbera', 'Bordeaux-style Red Blend', 'Cabernet Sauvignon', 'Dolcetto', 'Merlot', 'Red Blend', 'Primitivo', 'Cabernet Franc', 'Chardonnay', 'Pinot Grigio']",US,California,"['Carneros', 'Napa-Sonoma']"
20765,Viberti,90.4,79.9,90.0,89.5,21,3,"['Nebbiolo', 'Red Blend', 'Dolcetto']",Italy,Piedmont,['Barolo']
20766,Viberti Giovanni,85.0,,85.0,,1,1,['Moscato'],Italy,Piedmont,"[""Moscato d'Asti""]"
20767,Vicari,87.0,16.5,87.0,16.5,2,2,"['Red Blend', 'Verdicchio']",Italy,Central Italy,['Rosso Piceno']
20768,Vicchiomaggio,88.2,23.0,88.5,20.0,6,1,['Sangiovese'],Italy,Tuscany,['Chianti Classico']
20769,Vice Versa,88.7,96.7,88.5,87.5,6,3,"['Cabernet Sauvignon', 'Cabernet Sauvignon-Syrah', 'Syrah']",US,California,"['Napa Valley', 'Napa']"
20770,Vicente Faria Vinhos,88.0,14.5,88.0,14.5,4,1,['Portuguese Red'],Portugal,Douro,[]
20771,Vicente Faria Vinhos,87.0,11.0,87.0,11.0,1,1,['Portuguese White'],Portugal,Vinho Verde,[]
20772,Vicente Gandia,85.0,10.0,85.0,10.0,1,1,['Portuguese Red'],Portugal,Alentejano,[]
20773,Vicente Gandia,87.0,10.0,87.0,10.0,1,1,['Portuguese Red'],Portugal,Alentejo,[]
20774,Vicente Gandia,86.1,14.2,86.0,15.0,12,3,"['Red Blend', 'Macabeo', 'Sparkling Blend']",Spain,Catalonia,['Priorat']
20775,Vicente Gandia,85.4,12.8,85.0,12.0,28,12,"['Tempranillo-Shiraz', 'Chardonnay-Sauvignon Blanc', 'Bobal', 'Tempranillo Blend', 'Red Blend', 'Tempranillo', 'White Blend', 'Garnacha Tintorera', 'Tempranillo-Cabernet Sauvignon', 'Moscatel', 'Chardonnay', 'Rosé']",Spain,Levante,['Valencia']
20776,Vicente Gandia,86.2,11.6,86.0,10.0,5,2,"['Tempranillo', 'Verdejo']",Spain,Northern Spain,['Rioja']
20777,Vicente Gandia,85.1,9.7,85.0,9.0,9,5,"['Bobal', 'Tempranillo', 'Cabernet Sauvignon', 'Verdejo', 'Sparkling Blend']",Spain,Spain Other,['Spain']
20778,Vicentin,88.6,24.4,90.0,23.0,11,2,"['Malbec', 'Red Blend']",Argentina,Mendoza Province,['Mendoza']
20779,Vicentini Agostino,85.0,23.0,85.0,23.0,1,1,['Garganega'],Italy,Veneto,['Soave']
20780,Victor Hugo,84.6,21.6,84.0,22.0,5,4,"['Bordeaux-style Red Blend', 'Zinfandel', 'Red Blend', 'Petite Sirah']",US,California,"['Paso Robles', 'Central Coast']"
20781,Victor Vineyards,87.7,15.7,88.0,16.0,7,5,"['Pinot Noir', 'Red Blend', 'Zinfandel', 'Cabernet Sauvignon', 'Chardonnay']",US,California,"['California', 'California Other']"
20782,Victory,82.0,12.0,82.0,12.0,1,1,['Zinfandel'],US,California,"['California', 'California Other']"
20783,Vidal,88.0,28.0,87.0,28.0,3,1,['Syrah'],New Zealand,Hawke's Bay,[]
20784,Vidal Vineyards,87.0,55.0,87.0,55.0,1,1,['Cabernet Sauvignon'],US,California,"['Napa Valley', 'Napa']"
20785,Vidal-Fleury,88.2,27.6,89.0,23.0,9,6,"['Syrah', 'Muscat Blanc à Petit Grain', 'Rosé', 'Rhône-style Red Blend', 'Rhône-style White Blend', 'Syrah-Viognier']",France,Rhône Valley,['Saint-Joseph']
20786,Vidigal,86.3,12.7,86.0,13.0,3,1,['Portuguese Red'],Portugal,Douro,[]
20787,Vidigal,84.0,10.0,84.0,10.0,2,1,['Portuguese Red'],Portugal,Dão,[]
20788,Vidigal,80.7,,80.0,,3,3,"['Portuguese Red', 'Sauvignon Blanc', 'Cabernet Sauvignon']",Portugal,Estremadura,[]
20789,Vidigal,85.8,13.0,85.0,12.0,11,2,"['Portuguese Red', 'Touriga Nacional']",Portugal,Lisboa,[]
20790,Vidigal,83.0,9.5,83.0,9.5,2,1,['Portuguese White'],Portugal,Vinho Verde,[]
20791,Vidon Vineyard,91.1,51.8,91.0,50.0,19,2,"['Pinot Noir', 'Chardonnay']",US,Oregon,"['Chehalem Mountains', 'Willamette Valley']"
20792,Vidussi,87.2,25.0,87.0,25.0,5,5,"['Picolit', 'White Blend', 'Pinot Grigio', 'Ribolla Gialla', 'Sauvignon']",Italy,Northeastern Italy,['Colli Orientali del Friuli']
20793,Vie Winery,86.6,36.5,86.5,39.0,20,8,"['Syrah', 'Rosé', 'Rhône-style Red Blend', 'Roussanne', 'Mourvèdre', 'Red Blend', 'Grenache', 'Zinfandel']",US,California,"['Santa Barbara County', 'Central Coast']"
20794,Vie di Romans,89.6,39.1,90.0,41.0,26,5,"['White Blend', 'Chardonnay', 'Sauvignon Blanc', 'Sauvignon', 'Pinot Grigio']",Italy,Northeastern Italy,['Venezia Giulia']
20795,Vieil Armand,86.3,18.9,86.5,22.0,14,4,"['Pinot Blanc', 'Riesling', 'Pinot Gris', 'Pinot Noir']",France,Alsace,['Alsace']
20796,Vieira de Plata,87.0,17.7,88.0,18.0,3,1,['Albariño'],Spain,Galicia,['Rías Baixas']
20797,Vieja Bodega,86.5,9.0,86.5,9.0,2,2,"['Malbec', 'Syrah']",Argentina,Mendoza Province,['Mendoza']
20798,Viejo Isaias,84.6,16.4,85.0,17.0,5,4,"['Sauvignon Blanc', 'Bonarda', 'Malbec', 'Rosé']",Argentina,Mendoza Province,['Mendoza']
20799,Viento,89.9,23.1,90.0,16.0,12,7,"['Rosé', 'Grüner Veltliner', 'White Blend', 'Gewürztraminer-Riesling', 'Riesling', 'Pinot Noir', 'Gewürztraminer']",US,Oregon,"['Columbia Valley (OR)', 'Oregon Other']"
20800,Viento,88.6,21.0,88.0,24.0,7,5,"['Tempranillo', 'Barbera', 'Muscat Canelli', 'Viognier', 'Sangiovese']",US,Washington,"['Columbia Valley (WA)', 'Columbia Valley']"
20801,Viento Sur,85.0,9.0,85.0,9.0,2,2,"['Cabernet Sauvignon', 'Syrah']",Argentina,Mendoza Province,['Mendoza']
20802,Vier Jahreszeiten,87.0,17.0,87.0,17.0,1,1,['Gewürztraminer'],Germany,Pfalz,[]
20803,Viera de Sousa,93.0,75.0,93.0,75.0,2,1,['Port'],Portugal,Port,[]
20804,Vietti,91.1,98.5,91.0,100.0,39,4,"['Nebbiolo', 'Barbera', 'Moscato', 'Dolcetto']",Italy,Piedmont,['Barolo']
20805,Vieux Château Certan,95.7,123.0,96.0,130.0,7,1,['Bordeaux-style Red Blend'],France,Bordeaux,['Pomerol']
20806,Vieux Château Chauvin,91.0,59.0,91.0,59.0,1,1,['Bordeaux-style Red Blend'],France,Bordeaux,['Saint-Émilion']
20807,Vieux Château Gaubert,87.8,23.8,88.0,24.5,8,2,"['Bordeaux-style Red Blend', 'Bordeaux-style White Blend']",France,Bordeaux,['Graves']
20808,Vieux Château Mazerat,93.9,129.0,94.0,130.0,9,1,['Bordeaux-style Red Blend'],France,Bordeaux,['Saint-Émilion']
20809,Vieux Château Négrit,83.0,15.0,83.0,15.0,1,1,['Bordeaux-style Red Blend'],France,Bordeaux,['Montagne-Saint-Émilion']
20810,Vieux Château des Combes,87.5,22.0,87.5,22.0,2,1,['Bordeaux-style Red Blend'],France,Bordeaux,['Saint-Émilion']
20811,Vieux Château des Templiers,90.0,56.0,90.0,56.0,1,1,['Bordeaux-style Red Blend'],France,Bordeaux,['Pomerol']
20812,Vigil,86.0,15.0,86.0,15.0,2,1,['Zinfandel'],US,California,"['California', 'California Other']"
20813,Vigilance,87.5,23.2,87.0,24.0,16,5,"['Rosé', 'Red Blend', 'Sauvignon Blanc', 'Cabernet Sauvignon', 'Chardonnay']",US,California,"['California', 'California Other']"
20814,Vigin,88.3,56.7,88.0,50.0,6,1,['Nebbiolo'],Italy,Piedmont,['Barbaresco']
20815,Vigliano,88.0,25.0,88.0,25.0,1,1,['Chardonnay'],Italy,Tuscany,['Toscana']
20816,Viglione Antonio,92.0,,92.0,,1,1,['Nebbiolo'],Italy,Piedmont,['Roero']
20817,Vigna '800,88.0,,88.0,,1,1,"['Corvina, Rondinella, Molinara']",Italy,Veneto,['Valpolicella Superiore Ripasso']
20818,Vigna Piccola,86.0,22.0,86.0,22.0,2,1,['Sangiovese'],Italy,Tuscany,['Chianti Classico']
20819,Vigna Traverso,88.0,20.2,88.0,18.0,4,4,"['Friulano', 'Sauvignon', 'Pinot Grigio', 'Ribolla Gialla']",Italy,Northeastern Italy,['Colli Orientali del Friuli']
20820,Vigna degli Estensi,87.0,14.0,87.0,14.0,1,1,['Verdicchio'],Italy,Central Italy,['Verdicchio dei Castelli di Jesi']
20821,Vigna di Pettineo,87.0,13.0,87.0,13.0,1,1,['Frappato'],Italy,Italy Other,['Vino Spumante']
20822,Vigna di Pettineo,88.4,16.4,88.0,16.0,5,3,"[""Nero d'Avola"", 'Frappato', 'Red Blend']",Italy,Sicily & Sardinia,['Sicilia']
20823,Vignaioli del Morellino di Scansano,85.6,19.9,86.0,19.0,9,3,"['Red Blend', 'White Blend', 'Sangiovese']",Italy,Tuscany,['Morellino di Scansano']
20824,Vignamaggio,88.5,30.1,89.0,32.0,13,5,"['Red Blend', 'White Blend', 'Cabernet Franc', 'Sangiovese', 'Merlot']",Italy,Tuscany,['Chianti Classico']
20825,Vignamato,88.2,17.4,88.0,18.0,5,1,['Verdicchio'],Italy,Central Italy,['Verdicchio dei Castelli di Jesi Classico']
20826,Vignamato,84.0,20.0,84.0,20.0,1,1,['Montepulciano'],Italy,Italy Other,['Vino da Tavola']
20827,Vignavecchia,88.9,37.0,90.0,40.0,9,2,"['Red Blend', 'Sangiovese']",Italy,Tuscany,['Chianti Classico']
20828,Vigne & Vini,86.9,16.0,87.0,16.5,18,4,"['Primitivo', 'Negroamaro', 'Verdeca', 'Chardonnay']",Italy,Southern Italy,['Primitivo di Manduria']
20829,Vigne Guadagno,89.0,30.0,89.0,30.0,2,2,"['Fiano', 'Greco']",Italy,Southern Italy,['Fiano di Avellino']
20830,Vigne Marina Coppi,91.2,51.0,91.5,52.0,4,3,"['Barbera', 'Timorasso', 'Favorita']",Italy,Piedmont,['Colli Tortonesi']
20831,Vigne Matte,85.8,25.0,86.0,25.0,5,1,['Prosecco'],Italy,Veneto,['Prosecco di Conegliano e Valdobbiadene']
20832,Vigne Regali,86.0,,86.0,,1,1,['Sparkling Blend'],Italy,Italy Other,['Italy']
20833,Vigne Regali,86.3,17.2,87.0,17.0,6,3,"['Sparkling Blend', 'Brachetto', 'Dolcetto']",Italy,Piedmont,['Alta Langa']
20834,Vigne Surrau,90.2,22.2,90.0,21.5,10,3,"['Vermentino', 'Cannonau', 'Red Blend']",Italy,Sicily & Sardinia,['Vermentino di Gallura']
20835,Vigne dei Mastri,88.5,18.0,88.5,18.0,2,1,['Barbera'],Italy,Piedmont,"[""Barbera d'Asti Superiore""]"
20836,Vigne di Mezzo,89.3,32.3,89.0,40.0,3,1,['Aglianico'],Italy,Southern Italy,['Aglianico del Vulture']
20837,Vignemastre,85.5,12.0,85.5,12.0,2,1,['Red Blend'],Italy,Tuscany,['Toscana']
20838,Vignerons Réunis de Kientzheim,85.0,,85.0,,1,1,['Gewürztraminer'],France,Alsace,['Alsace']
20839,Vignerons de Beaumes de Venise,89.0,,89.0,,1,1,['Muscat'],France,Rhône Valley,['Muscat de Beaumes de Venise']
20840,Vignerons de Bel Air,86.9,17.0,87.0,16.0,45,2,"['Gamay', 'Chardonnay']",France,Beaujolais,['Chiroubles']
20841,Vignerons de Bel Air,86.0,14.6,85.0,15.0,5,2,"['Gamay', 'Chardonnay']",France,Burgundy,['Coteaux Bourguignons']
20842,Vignerons de Buxy,86.1,20.7,86.0,20.0,46,4,"['Chardonnay', 'Aligoté', 'Pinot Noir', 'Pinot Noir-Gamay']",France,Burgundy,['Côte Chalonnaise']
20843,Vignerons de Buzet,86.5,16.4,86.0,15.0,11,3,"['Bordeaux-style Red Blend', 'Cabernet Sauvignon', 'Bordeaux-style White Blend']",France,Southwest France,['Buzet']
20844,Vignerons de Caractère,90.5,35.0,90.5,35.0,2,2,"['G-S-M', 'Rhône-style Red Blend']",France,Rhône Valley,['Châteauneuf-du-Pape']
20845,Vignerons de Correns,86.0,16.5,86.0,16.5,3,1,['Rosé'],France,Provence,['Côtes de Provence']
20846,Vignerons de Mancey,85.5,17.2,85.5,15.0,4,2,"['Chardonnay', 'Pinot Noir']",France,Burgundy,['Mâcon-Villages']
20847,Vignerons de Tavel,91.0,16.0,91.0,16.0,1,1,['Rhône-style Red Blend'],France,Rhône Valley,['Lirac']
20848,Vignerons de Tutiac,87.0,17.0,87.0,16.0,5,2,"['Rosé', 'Bordeaux-style White Blend']",France,Bordeaux,['Bordeaux Rosé']
20849,Vignerons des Pierres Dorées,85.3,15.0,85.0,15.0,3,1,['Gamay'],France,Beaujolais,['Beaujolais']
20850,Vignerons des Pierres Dorées,86.0,15.0,86.0,15.0,2,2,"['Chardonnay', 'Gamay']",France,Burgundy,['Coteaux Bourguignons']
20851,Vignerons des Terres Secrètes,88.6,18.3,88.0,19.0,18,1,['Chardonnay'],France,Burgundy,['Mâcon-Milly Lamartine']
20852,Vigneti Fantinel,87.3,25.0,87.5,25.0,6,4,"['Pinot Grigio', 'Sauvignon', 'Ribolla Gialla', 'Friulano']",Italy,Northeastern Italy,['Collio']
20853,Vigneti Fantinel,84.5,,84.5,,2,2,"['Prosecco', 'Sparkling Blend']",Italy,Veneto,['Prosecco del Veneto']
20854,Vigneti Le Monde,87.0,15.5,87.0,15.5,2,2,"['Sauvignon', 'Pinot Grigio']",Italy,Northeastern Italy,['Friuli Grave']
20855,Vigneti Reale,87.8,16.0,88.0,14.0,6,3,"['Red Blend', 'Primitivo', 'Negroamaro']",Italy,Southern Italy,['Salento']
20856,Vigneti Villabella,84.0,13.0,84.0,13.0,1,1,['Turbiana'],Italy,Lombardy,['Lugana']
20857,Vigneti Villabella,87.0,16.0,87.0,16.0,1,1,['Pinot Grigio'],Italy,Northeastern Italy,['Delle Venezie']
20858,Vigneti Villabella,88.0,38.6,89.0,40.5,18,3,"['Corvina, Rondinella, Molinara', 'Red Blend', 'Sparkling Blend']",Italy,Veneto,['Amarone della Valpolicella Classico']
20859,Vigneti Zanatta,86.0,11.3,86.0,10.0,3,2,"['Vermentino', 'Cannonau']",Italy,Sicily & Sardinia,['Vermentino di Gallura']
20860,Vigneti del Vulture,86.8,17.5,87.0,14.0,4,3,"['White Blend', 'Aglianico', 'Rosato']",Italy,Southern Italy,['Basilicata']
20861,Vignoble Brisebarre,88.3,22.0,88.0,22.0,3,1,['Chenin Blanc'],France,Loire Valley,['Vouvray']
20862,Vignoble Charmet,82.0,,82.0,,1,1,['Gamay'],France,Beaujolais,['Beaujolais']
20863,Vignoble Dauny,88.5,23.5,88.5,23.5,2,1,['Sauvignon Blanc'],France,Loire Valley,['Sancerre']
20864,Vignoble Malidain,85.0,15.5,85.0,15.5,2,2,"['Melon', 'Chardonnay']",France,Loire Valley,['Muscadet Côtes de Grandlieu']
20865,Vignoble de la Jarnoterie,88.2,28.1,88.0,22.0,20,2,"['Cabernet Franc', 'Rosé']",France,Loire Valley,['Saint-Nicolas-de-Bourgueil']
20866,Vignoble des 2 Lunes,89.6,25.8,89.5,27.0,16,6,"['Gewürztraminer', 'Pinot Gris', 'Riesling', 'Pinot Blanc', 'Pinot Noir', 'Sparkling Blend']",France,Alsace,['Alsace']
20867,Vignobles 46N118,87.8,13.2,88.0,14.0,5,2,"['White Blend', 'Malbec']",France,Southwest France,['Côtes de Gascogne']
20868,Vignobles Alain Jaume & Fils,92.0,23.0,92.0,23.0,1,1,['Rhône-style Red Blend'],France,Rhône Valley,['Lirac']
20869,Vignobles André Lurton,87.0,15.0,87.0,15.0,1,1,['Rosé'],France,Bordeaux,['Bordeaux Rosé']
20870,Vignobles Arbo,88.0,22.0,88.0,22.0,1,1,['Malbec'],France,Bordeaux,['Côtes de Bordeaux']
20871,Vignobles Arno,87.0,22.0,87.0,22.0,1,1,['Bordeaux-style Red Blend'],France,Bordeaux,['Francs Côtes de Bordeaux']
20872,Vignobles Berthier,88.8,25.2,88.0,27.0,13,3,"['Sauvignon Blanc', 'Rosé', 'Pinot Noir']",France,Loire Valley,['Coteaux du Giennois']
20873,Vignobles Boissonneau,85.0,19.0,85.0,19.0,1,1,['Bordeaux-style White Blend'],France,Bordeaux,['Bordeaux Blanc']
20874,Vignobles Bonhur,86.5,10.0,86.0,10.0,4,2,"['Rosé', 'Bordeaux-style White Blend']",France,Bordeaux,['Bordeaux Rosé']
20875,Vignobles Boudinaud,86.0,15.0,86.0,15.0,1,1,['Rhône-style Red Blend'],France,Languedoc-Roussillon,"[""Vin de Pays d'Oc""]"
20876,Vignobles Boudinaud,87.0,13.2,87.0,13.0,4,4,"['Rhône-style Red Blend', 'Red Blend', 'Rhône-style White Blend', 'White Blend']",France,Rhône Valley,['Côtes du Rhône']
20877,Vignobles Brumont,89.0,49.0,89.0,40.0,3,3,"['Chardonnay', 'Tannat', 'Pinot Noir']",France,France Other,['Vin de France']
20878,Vignobles Brumont,92.1,54.9,93.0,33.0,17,8,"['Tannat', 'Tannat-Cabernet', 'Red Blend', 'Tannat-Merlot', 'White Blend', 'Tannat-Cabernet Franc', 'Petit Manseng', 'Merlot-Tannat']",France,Southwest France,['Madiran']
20879,Vignobles Bulliat,89.7,20.6,90.0,20.0,7,1,['Gamay'],France,Beaujolais,['Fleurie']
20880,Vignobles Carreau Selection,87.7,18.3,88.0,18.0,9,2,"['Bordeaux-style Red Blend', 'Bordeaux-style White Blend']",France,Bordeaux,['Blaye Côtes de Bordeaux']
20881,Vignobles Chaigne et Fils,88.0,15.0,88.0,15.0,1,1,['Bordeaux-style Red Blend'],France,Bordeaux,['Bordeaux']
20882,Vignobles Despagne,87.0,20.0,87.0,20.0,1,1,['Rosé'],France,France Other,['Vin de France']
20883,Vignobles Dom Brial,87.0,24.0,87.0,24.0,1,1,['G-S-M'],France,Languedoc-Roussillon,['Côtes du Roussillon Villages']
20884,Vignobles Drieux,85.0,13.0,85.0,13.0,1,1,['Colombard-Sauvignon Blanc'],France,Southwest France,['Côtes de Gascogne']
20885,Vignobles Dubergé,90.0,,90.0,,1,1,['Bordeaux-style White Blend'],France,Bordeaux,['Bordeaux Blanc']
20886,Vignobles Falgueyret Leglise,84.0,15.0,84.0,15.0,1,1,['Bordeaux-style Red Blend'],France,Bordeaux,['Bordeaux']
20887,Vignobles Fontan,85.5,13.5,85.5,13.5,2,2,"['Bordeaux-style Red Blend', 'Gros Manseng']",France,Southwest France,['Côtes de Gascogne']
20888,Vignobles Garrigae,84.0,,84.0,,1,1,['Chardonnay-Viognier'],France,Languedoc-Roussillon,"[""Pays d'Oc""]"
20889,Vignobles Grandeau,86.5,15.0,86.5,15.0,2,2,"['Rosé', 'Bordeaux-style White Blend']",France,Bordeaux,['Bordeaux Rosé']
20890,Vignobles Guy Mousset et Fils,89.0,12.0,89.0,12.0,1,1,['Rhône-style Red Blend'],France,Rhône Valley,['Vin de Pays de Vaucluse']
20891,Vignobles Jeanjean,86.2,17.1,86.0,16.0,8,3,"['Rosé', 'Syrah-Grenache', 'Pinot Noir']",France,Languedoc-Roussillon,['Sable de Camargue']
20892,Vignobles K,90.0,46.0,90.0,46.0,2,1,['Bordeaux-style Red Blend'],France,Bordeaux,['Pomerol']
20893,Vignobles La Coterie,87.4,23.3,87.0,20.0,9,4,"['Rhône-style Red Blend', 'Muscat', 'Rhône-style White Blend', 'Syrah']",France,Rhône Valley,['Côtes du Rhône']
20894,Vignobles Laffourcade,88.3,24.3,87.0,20.0,3,2,"['Chenin Blanc', 'Cabernet Franc']",France,Loire Valley,['Quarts de Chaume']
20895,Vignobles Laplace,86.0,,86.0,,1,1,['Tannat'],France,Southwest France,['Madiran']
20896,Vignobles Mayard,91.0,65.0,91.0,65.0,1,1,['Rhône-style Red Blend'],France,Rhône Valley,['Châteauneuf-du-Pape']
20897,Vignobles Meijer,88.0,15.0,88.0,15.0,1,1,['Bordeaux-style Red Blend'],France,Bordeaux,['Bordeaux']
20898,Vignobles Pueyo,83.0,15.0,83.0,15.0,1,1,['Bordeaux-style Red Blend'],France,Bordeaux,['Bordeaux']
20899,Vignobles Ravel,85.0,13.5,85.0,13.5,2,1,['Rosé'],France,Provence,['Côtes de Provence']
20900,Vignobles Raymond,88.0,14.0,88.0,14.0,1,1,['Malbec'],France,Bordeaux,['Bordeaux']
20901,Vignobles Raymond,88.0,25.0,88.0,25.0,1,1,['Rosé'],France,Provence,['Côtes de Provence']
20902,Vignobles Sarrail,88.0,11.0,88.0,11.0,2,2,"['Rosé', 'Bordeaux-style Red Blend']",France,Languedoc-Roussillon,['Vin de Pays Cité de Carcassonne']
20903,Vignobles de Balma Venitia,87.3,28.2,88.0,28.5,6,1,['Muscat'],France,Rhône Valley,['Muscat de Beaumes de Venise']
20904,Vignobles de France,83.0,7.0,83.0,7.0,1,1,['Sauvignon Blanc'],France,Bordeaux,['Entre-Deux-Mers']
20905,Vignobles de France,81.0,6.0,81.0,6.0,2,2,"['Merlot', 'Cabernet Sauvignon']",France,Languedoc-Roussillon,"[""Vin de Pays d'Oc""]"
20906,Vignobles de Roany,85.0,13.0,85.0,13.0,1,1,['Rosé'],France,Provence,['Côtes de Provence']
20907,Vignobles de Saint-Tropez,87.2,24.0,87.5,23.0,4,1,['Rosé'],France,Provence,['Côtes de Provence']
20908,Vihuela,83.5,24.5,83.5,24.5,2,1,['Red Blend'],US,California,"['Paso Robles', 'Central Coast']"
20909,Vik,92.5,87.5,92.5,87.5,2,1,['Red Blend'],Chile,Cachapoal Valley,[]
20910,Vila,84.8,10.7,84.0,10.0,9,5,"['Bonarda', 'Merlot', 'Malbec', 'Cabernet Sauvignon', 'Red Blend']",Argentina,Mendoza Province,['Mendoza']
20911,Vila Nova,87.7,15.0,87.0,13.0,3,3,"['Loureiro', 'Portuguese White', 'Alvarinho']",Portugal,Vinho Verde,[]
20912,Vila da Fonte,92.0,20.0,92.0,20.0,1,1,['Portuguese Red'],Portugal,Douro,[]
20913,Viladellops,83.0,17.0,83.0,17.0,1,1,['Red Blend'],Spain,Catalonia,['Penedès']
20914,Vilafonté,91.7,71.7,92.0,79.0,15,1,['Bordeaux-style Red Blend'],South Africa,Paarl,[]
20915,Vilalva,90.5,10.0,90.5,10.0,2,1,['Portuguese Red'],Portugal,Douro,[]
20916,Vilarnau,86.9,16.8,87.0,17.0,12,2,"['Sparkling Blend', 'Red Blend']",Spain,Catalonia,['Cava']
20917,Vilerma,89.0,18.0,89.0,18.0,1,1,['White Blend'],Spain,Galicia,['Ribeiro']
20918,Villa,89.7,38.4,90.0,39.0,7,2,"['Sparkling Blend', 'Chardonnay']",Italy,Lombardy,['Franciacorta']
20919,Villa Andretti,84.0,29.2,83.0,28.0,5,5,"['Barbera', 'Chardonnay', 'Riesling', 'Moscato', 'Dolcetto']",US,California,"['California', 'California Other']"
20920,Villa Andriana,84.0,20.0,84.0,20.0,1,1,['Muscat Canelli'],US,California,"['Knights Valley', 'Sonoma']"
20921,Villa Atuel,85.0,10.0,85.0,10.0,2,2,"['Malbec', 'Cabernet Sauvignon']",Argentina,Mendoza Province,['Mendoza']
20922,Villa Bagnolo,86.0,20.5,86.0,20.5,2,1,['Sangiovese'],Italy,Central Italy,['Sangiovese di Romagna Superiore']
20923,Villa Bellini,87.0,,87.0,,1,1,"['Corvina, Rondinella, Molinara']",Italy,Veneto,['Valpolicella Classico Superiore']
20924,Villa Bizzarri,89.0,14.0,89.0,14.0,1,1,['Pecorino'],Italy,Central Italy,['Offida Pecorino']
20925,Villa Cafaggio,90.4,34.8,91.0,30.0,13,2,"['Sangiovese', 'Cabernet Sauvignon']",Italy,Tuscany,['Chianti Classico']
20926,Villa Calcinaia,88.0,31.6,88.0,25.0,21,4,"['Sangiovese', 'White Blend', 'Merlot', 'Red Blend']",Italy,Tuscany,['Chianti Classico']
20927,Villa Canestrari,86.3,62.7,87.0,23.0,14,4,"['White Blend', 'Corvina, Rondinella, Molinara', 'Red Blend', 'Garganega']",Italy,Veneto,['Soave']
20928,Villa Carra,87.0,11.0,87.0,11.0,1,1,['Pinot Grigio'],Italy,Northeastern Italy,['Friuli Grave']
20929,Villa Cerna,87.6,25.8,87.0,25.0,7,2,"['Sangiovese', 'Red Blend']",Italy,Tuscany,['Chianti Classico']
20930,Villa Cilnia,85.5,,85.5,,2,1,['Sangiovese'],Italy,Tuscany,['Chianti Colli Aretini']
20931,Villa Conchi,85.0,15.0,85.0,15.0,2,1,['Sparkling Blend'],Spain,Catalonia,['Cava']
20932,Villa Cordevigo,84.5,20.0,84.5,20.0,2,2,"['White Blend', 'Rosato']",Italy,Veneto,['Veronese']
20933,Villa Corliano,84.0,13.5,84.0,13.5,2,1,['Red Blend'],Italy,Tuscany,['Chianti Colli Fiorentini']
20934,Villa Cornaro,85.0,15.5,85.0,15.5,2,2,"['Pinot Grigio', 'Glera']",Italy,Veneto,['Veneto']
20935,Villa Creek,94.0,55.0,94.0,55.0,1,1,['Syrah'],US,California,"['Ballard Canyon', 'Central Coast']"
20936,Villa Crespia,88.6,40.4,89.0,29.0,5,2,"['Chardonnay', 'Sparkling Blend']",Italy,Lombardy,['Franciacorta']
20937,Villa Dante,85.0,12.0,85.0,12.0,1,1,['Sangiovese'],Italy,Tuscany,['Toscana']
20938,Villa Dria,87.0,9.0,87.0,9.0,1,1,['Colombard-Sauvignon Blanc'],France,Southwest France,['Côtes de Gascogne']
20939,Villa Erbice,89.0,44.1,90.0,35.0,13,3,"['Garganega', 'Corvina, Rondinella, Molinara', 'Red Blend']",Italy,Veneto,['Soave Superiore']
20940,Villa Fiorita,87.5,37.5,87.5,37.5,2,1,['Barbera'],Italy,Piedmont,"[""Barbera d'Asti Superiore""]"
20941,Villa Giada,86.4,19.3,86.0,15.0,5,2,"['Barbera', 'Moscato']",Italy,Piedmont,"[""Barbera d'Asti Superiore Nizza""]"
20942,Villa Gianna,84.5,12.6,84.5,12.5,8,5,"['White Blend', 'Cabernet Sauvignon', 'Red Blend', 'Sauvignon', 'Chardonnay']",Italy,Central Italy,['Lazio']
20943,Villa Girardi,86.8,61.2,87.0,65.0,5,2,"['Corvina, Rondinella, Molinara', 'Red Blend']",Italy,Veneto,['Amarone della Valpolicella Classico']
20944,Villa Giulia,85.0,9.0,85.0,9.0,1,1,['Sangiovese'],Italy,Tuscany,['Chianti']
20945,Villa Granda,84.0,,84.0,,1,1,['Prosecco'],Italy,Northeastern Italy,['Colli Trevigiani']
20946,Villa Hermosa Cellars,87.0,75.0,87.0,75.0,1,1,['Cabernet Sauvignon'],US,California,"['Howell Mountain', 'Napa']"
20947,Villa Huesgen,89.3,31.8,89.0,35.0,14,1,['Riesling'],Germany,Mosel,[]
20948,Villa I Cipressi,90.2,57.5,90.0,60.0,13,2,"['Sangiovese', 'Sangiovese Grosso']",Italy,Tuscany,['Brunello di Montalcino']
20949,Villa Ilaria,87.0,24.0,87.0,24.0,1,1,['Nebbiolo'],Italy,Piedmont,['Barolo']
20950,Villa Ile,88.0,32.0,88.0,32.0,2,1,['Nebbiolo'],Italy,Piedmont,['Barbaresco']
20951,Villa La Selva,89.2,34.2,89.5,28.0,4,3,"['Cabernet Sauvignon-Sangiovese', 'Sangiovese', 'Cabernet Sauvignon']",Italy,Tuscany,['Toscana']
20952,Villa Lanata,86.5,15.0,86.5,15.0,2,1,['Moscato'],Italy,Piedmont,"[""Moscato d'Asti""]"
20953,Villa Le Prata,89.5,62.0,88.5,59.0,8,2,"['Sangiovese', 'Sangiovese Grosso']",Italy,Tuscany,['Brunello di Montalcino']
20954,Villa Maisano,88.3,24.0,90.0,27.0,3,1,['Sangiovese'],Italy,Tuscany,['Chianti Classico']
20955,Villa Mangiacane,87.8,24.7,87.0,24.0,5,3,"['Red Blend', 'Sangiovese', 'Merlot']",Italy,Tuscany,['Chianti Classico']
20956,Villa Mari,84.0,50.0,84.0,50.0,1,1,['Red Blend'],US,Michigan,['Old Mission Peninsula']
20957,Villa Maria,86.7,15.0,87.0,15.0,3,3,"['Gewürztraminer', 'Chardonnay', 'Pinot Gris']",New Zealand,East Coast,[]
20958,Villa Maria,88.9,29.5,88.0,27.0,15,7,"['Syrah', 'Cabernet Sauvignon-Merlot', 'Chardonnay', 'Gewürztraminer', 'Bordeaux-style Red Blend', 'Merlot-Cabernet Sauvignon', 'Merlot']",New Zealand,Hawke's Bay,[]
20959,Villa Maria,88.8,24.2,89.0,20.0,62,4,"['Sauvignon Blanc', 'Pinot Noir', 'Riesling', 'Chardonnay']",New Zealand,Marlborough,[]
20960,Villa Maria,86.0,12.0,86.0,12.0,1,1,['Sauvignon Blanc'],New Zealand,Marlborough & Hawkes Bay,[]
20961,Villa Maria,90.5,30.0,90.5,30.0,2,1,['Sauvignon Blanc'],New Zealand,Wairau Valley,[]
20962,Villa Masseto,86.0,,86.0,,1,1,['Chardonnay'],Italy,Tuscany,['Toscana']
20963,Villa Matilde,88.0,27.2,88.0,21.0,48,6,"['Aglianico', 'Greco', 'Fiano', 'Falanghina', 'Red Blend', 'White Blend']",Italy,Southern Italy,['Taurasi']
20964,Villa Medici,86.3,,86.0,,3,2,"['Corvina, Rondinella, Molinara', 'White Blend']",Italy,Veneto,['Bardolino Superiore']
20965,Villa Melnik,89.5,15.0,89.5,15.0,2,2,"['Mavrud', 'Ruen']",Bulgaria,Bulgaria,[]
20966,Villa Monteleone,88.1,37.3,88.0,26.0,17,2,"['Corvina, Rondinella, Molinara', 'Red Blend']",Italy,Veneto,['Amarone della Valpolicella Classico']
20967,Villa Montignana,87.0,18.0,87.0,18.0,2,1,['Red Blend'],Italy,Tuscany,['Chianti Classico']
20968,Villa Mora,88.5,28.2,89.0,29.0,4,2,"['Sagrantino', 'Red Blend']",Italy,Central Italy,['Montefalco Sagrantino']
20969,Villa Mottura,85.8,24.9,86.0,26.5,11,5,"['White Blend', 'Negroamaro', 'Rosé', 'Primitivo', 'Rosato']",Italy,Southern Italy,['Salento']
20970,Villa Mt. Eden,86.9,19.2,87.0,19.5,20,5,"['Cabernet Sauvignon', 'Pinot Noir', 'Zinfandel', 'Chardonnay', 'Sauvignon Blanc']",US,California,"['Napa Valley', 'Napa']"
20971,Villa Nissarda,87.0,,87.0,,1,1,['Rosé'],France,Provence,['Côtes de Provence']
20972,Villa Noria,85.0,,85.0,,1,1,['Cabernet Sauvignon'],France,Languedoc-Roussillon,"[""Pays d'Oc""]"
20973,Villa Oneiro,89.3,41.0,91.0,38.0,3,2,"['Pinot Noir', 'Chardonnay']",US,California,"['California', 'California Other']"
20974,Villa Papiano,89.0,35.0,89.0,35.0,1,1,['Albana'],Italy,Central Italy,[]
20975,Villa Patrizia,85.7,27.7,86.0,30.0,3,2,"['Red Blend', 'Sangiovese']",Italy,Tuscany,['Montecucco']
20976,Villa Pillo,87.5,13.8,87.5,14.0,16,5,"['Merlot', 'Red Blend', 'Syrah', 'Sangiovese', 'Cabernet Sauvignon-Sangiovese']",Italy,Tuscany,['Toscana']
20977,Villa Poggio Salvi,89.1,49.0,88.5,45.0,32,6,"['Sangiovese', 'Sangiovese Grosso', 'Moscadello', 'Merlot', 'Vermentino', 'Red Blend']",Italy,Tuscany,['Brunello di Montalcino']
20978,Villa Ponciago,92.0,25.0,92.0,25.0,1,1,['Gamay'],France,Beaujolais,['Fleurie']
20979,Villa Pozzi,85.0,9.0,85.0,9.0,1,1,['Pinot Grigio'],Italy,Northeastern Italy,['Delle Venezie']
20980,Villa Pozzi,84.8,9.2,85.0,9.0,5,4,"['Pinot Grigio', 'Cabernet Sauvignon', 'Merlot', ""Nero d'Avola""]",Italy,Sicily & Sardinia,['Sicilia']
20981,Villa Puccini,85.0,10.0,85.0,10.0,1,1,['Pinot Grigio'],Italy,Northeastern Italy,['Friuli Grave']
20982,Villa Puccini,84.5,11.0,84.5,11.0,2,1,['Sangiovese'],Italy,Tuscany,['Toscana']
20983,Villa Raiano,89.9,29.3,90.0,30.0,21,4,"['Greco', 'Fiano', 'Falanghina', 'Aglianico']",Italy,Southern Italy,['Greco di Tufo']
20984,Villa Riesling,86.0,16.0,86.0,16.0,1,1,['Riesling'],Germany,Mosel,[]
20985,Villa Rinaldi,88.0,,88.0,,1,1,['Red Blend'],Italy,Veneto,['Amarone della Valpolicella']
20986,Villa Rubini,85.4,15.4,85.0,15.0,17,6,"['Friulano', 'Picolit', 'Ribolla Gialla', 'Pinot Grigio', 'Sauvignon', 'Chardonnay']",Italy,Northeastern Italy,['Colli Orientali del Friuli']
20987,Villa Russiz,88.5,35.8,88.0,32.5,32,9,"['Sauvignon', 'Pinot Grigio', 'Chardonnay', 'Pinot Bianco', 'Tocai Friulano', 'Friulano', 'White Blend', 'Sauvignon Blanc', 'Tocai']",Italy,Northeastern Italy,['Collio']
20988,Villa S. Andrea,86.5,20.0,86.5,20.0,2,2,"['Sangiovese', 'Red Blend']",Italy,Tuscany,['Chianti Classico']
20989,Villa S. Anna,88.6,33.6,89.0,36.0,7,1,['Red Blend'],Italy,Tuscany,['Vino Nobile di Montepulciano']
20990,Villa San Giovanni,86.0,,86.0,,1,1,['Moscato'],Italy,Piedmont,"[""Moscato d'Asti""]"
20991,Villa San Juliette,87.7,24.3,88.0,20.0,23,13,"['Cabernet Sauvignon', 'Cabernet Franc', 'Merlot', 'Sauvignon Blanc', 'Grenache', 'Red Blend', 'Petite Sirah', 'Syrah-Cabernet', 'Shiraz-Cabernet Sauvignon', 'Rosé', 'Zinfandel', 'Pinot Gris', 'Alicante Bouschet']",US,California,"['Paso Robles', 'Central Coast']"
20992,Villa Sandi,88.5,,88.5,,2,1,['Sparkling Blend'],Italy,Italy Other,['Vino Spumante']
20993,Villa Sandi,87.6,20.5,87.0,19.0,50,8,"['Glera', 'Pinot Grigio', 'Prosecco', 'Sparkling Blend', 'Rosé', 'Pinot Nero', 'White Blend', 'Manzoni']",Italy,Veneto,['Conegliano Valdobbiadene Prosecco Superiore']
20994,Villa Schinosa,87.2,25.0,87.0,25.0,5,5,"['Primitivo', 'Moscato', 'Uva di Troia', 'White Blend', 'Red Blend']",Italy,Southern Italy,['Puglia']
20995,Villa Selvapiana,90.0,31.0,90.0,31.0,1,1,['Sangiovese'],Italy,Tuscany,['Chianti Rufina']
20996,Villa Sparina,87.0,31.0,87.5,29.5,4,2,"['Sparkling Blend', 'Cortese']",Italy,Piedmont,['Piedmont']
20997,Villa Spinosa,87.6,43.5,88.0,50.0,21,2,"['Corvina, Rondinella, Molinara', 'Red Blend']",Italy,Veneto,['Valpolicella Classico Superiore']
20998,Villa Toscano,83.3,25.2,84.0,24.0,16,5,"['Barbera', 'Zinfandel', 'Syrah', 'Pinot Grigio', 'Tempranillo']",US,California,"['Shenandoah Valley (CA)', 'Sierra Foothills']"
20999,Villa Travignoli,87.5,,87.5,,2,1,['Sangiovese'],Italy,Tuscany,['Chianti Rufina']
21000,Villa Venti,92.0,36.0,92.0,36.0,1,1,['Centesimino'],Italy,Italy Other,['Vino da Tavola']
21001,Villa Vignamaggio,85.0,11.0,85.0,11.0,2,2,"['Primitivo', 'Syrah']",Italy,Southern Italy,['Primitivo del Salento']
21002,Villa Vignamaggio,87.4,36.0,87.0,21.0,16,3,"['Sangiovese', 'Red Blend', 'Cabernet Franc']",Italy,Tuscany,['Chianti Classico']
21003,Villa Vistarenni,88.0,33.0,88.0,33.0,1,1,['Cabernet Sauvignon-Sangiovese'],Italy,Tuscany,['Toscana']
21004,Villa Viña,85.0,13.0,85.0,13.0,1,1,['Malbec'],Argentina,Mendoza Province,['Mendoza']
21005,Villa Viña,80.0,13.0,80.0,13.0,1,1,['Torrontés'],Argentina,Other,['Salta']
21006,Villa Wolf,87.8,13.2,88.0,12.0,38,8,"['Pinot Gris', 'Silvaner', 'Riesling', 'Gewürztraminer', 'Pinot Noir', 'Rosé', 'Pinot Blanc', 'Dornfelder']",Germany,Pfalz,[]
21007,Villa Yambol,89.0,12.0,89.0,12.0,1,1,['Cabernet Sauvignon'],Bulgaria,Thracian Valley,[]
21008,Villa Yustina,89.0,26.0,89.0,26.0,1,1,['Red Blend'],Bulgaria,Thracian Valley,[]
21009,Villa a Sesta,90.0,22.0,90.0,22.0,1,1,['Sangiovese'],Italy,Tuscany,['Chianti Classico']
21010,Villa al Cortile,89.0,42.7,90.0,50.0,3,1,['Sangiovese'],Italy,Tuscany,['Rosso di Montalcino']
21011,Villa da Filicaja,86.0,13.5,86.0,13.5,2,2,"['Sangiovese', 'Red Blend']",Italy,Tuscany,['Chianti Superiore']
21012,Villa dei Lecci,85.0,9.0,85.0,9.0,1,1,['Sangiovese'],Italy,Tuscany,['Chianti Colli Senesi']
21013,Villa del Lago,93.0,225.0,93.0,225.0,1,1,['Cabernet Sauvignon'],US,California,"['Napa Valley', 'Napa']"
21014,Villa del Monte,85.3,30.3,86.0,30.0,3,3,"['Merlot', 'Cabernet Sauvignon', 'Pinot Noir']",US,California,"['Carneros', 'Napa-Sonoma']"
21015,Villa des Anges,86.3,11.8,86.5,12.0,6,2,"['Rosé', 'Cabernet Sauvignon']",France,Languedoc-Roussillon,"[""Pays d'Oc""]"
21016,Villa di Bagnolo,86.0,43.0,86.0,43.0,1,1,['Pinot Noir'],Italy,Tuscany,['Toscana']
21017,Villa di Corlo,87.5,18.3,87.0,19.0,4,1,['Lambrusco Grasparossa'],Italy,Central Italy,['Lambrusco Grasparossa di Castelvetro']
21018,Villa di Geggiano,87.3,27.0,88.0,27.0,3,1,['Red Blend'],Italy,Tuscany,['Chianti Classico']
21019,VillaViva,85.5,11.5,85.5,11.5,2,1,['Rosé'],France,Languedoc-Roussillon,['Côtes de Thau']
21020,Villabella,87.0,18.7,87.0,19.0,3,2,"['Red Blend', 'Rosato']",Italy,Veneto,['Bardolino Classico']
21021,Villacezan,83.8,13.7,84.0,14.0,10,5,"['Albarín', 'Rosé', 'Red Blend', 'Prieto Picudo', 'Verdejo']",Spain,Northern Spain,['Tierra de León']
21022,Villadoria,87.9,31.2,88.0,30.0,13,3,"['Nebbiolo', 'Barbera', 'Dolcetto']",Italy,Piedmont,['Barolo']
21023,Villaggio Grando,84.5,33.0,84.5,33.0,2,2,"['Bordeaux-style Red Blend', 'Sparkling Blend']",Brazil,Santa Catarina,[]
21024,Villagrán,85.0,,85.0,,1,1,['Tempranillo'],Spain,Andalucia,['Vino de la Tierra Altiplano de Sierra Nevada']
21025,Villalta,85.0,,85.0,,1,1,"['Corvina, Rondinella, Molinara']",Italy,Veneto,['Valpolicella Ripasso']
21026,Villard,87.0,,87.0,,1,1,['Sauvignon Blanc'],Chile,Casablanca Valley,[]
21027,Villarei,83.0,20.0,83.0,20.0,1,1,['Albariño'],Spain,Galicia,['Rías Baixas']
21028,Villarroya de la Sierra,83.0,9.0,83.0,9.0,1,1,['Garnacha'],Spain,Northern Spain,['Calatayud']
21029,Villebois,83.8,12.7,84.0,12.0,4,2,"['Sauvignon Blanc', 'Pinot Noir']",France,France Other,['Vin de France']
21030,Villebois,87.6,17.0,88.0,13.0,5,2,"['Sauvignon Blanc', 'Rosé']",France,Loire Valley,['Pouilly-Fumé']
21031,Villicana,89.8,33.0,90.0,33.5,4,4,"['Mourvèdre', 'Cabernet Sauvignon', 'Syrah', 'Merlot']",US,California,"['Paso Robles', 'Central Coast']"
21032,Villiera,92.0,,92.0,,1,1,['Cabernet Franc'],South Africa,Stellenbosch,[]
21033,Vilmart & Co,90.8,120.5,90.5,120.5,4,1,['Champagne Blend'],France,Champagne,['Champagne']
21034,Viluko,86.7,37.3,87.0,35.0,6,2,"['Cabernet Sauvignon', 'Sauvignon Blanc']",US,California,"['Sonoma County', 'Sonoma']"
21035,Vimini,82.0,13.0,82.0,13.0,1,1,['Chardonnay'],Argentina,Mendoza Province,['Uco Valley']
21036,Vin Nostro,86.0,32.7,87.0,35.0,3,3,"['Syrah', 'Zinfandel', 'Cabernet Sauvignon']",US,California,"['Red Hills Lake County', 'Mendocino/Lake Counties']"
21037,Vin Perdu,93.5,72.5,93.5,72.5,2,1,['Red Blend'],US,California,"['Napa Valley', 'Napa']"
21038,Vin Roc,86.0,69.5,86.0,69.5,2,2,"['Cabernet Sauvignon', 'Bordeaux-style Red Blend']",US,California,"['Napa Valley', 'Napa']"
21039,Vin Vault,86.5,20.0,86.5,20.0,4,4,"['Chardonnay', 'Cabernet Sauvignon', 'Malbec', 'Red Blend']",US,California,"['California', 'California Other']"
21040,Vin de Manies,89.5,60.0,89.5,60.0,2,1,['Cabernet Sauvignon'],US,California,"['Napa Valley', 'Napa']"
21041,Vin du Lac,85.8,24.6,86.0,25.0,33,12,"['Riesling', 'Sauvignon Blanc', 'Pinot Gris', 'Cabernet Franc', 'Red Blend', 'Syrah', 'Cabernet Sauvignon', 'Merlot', 'Viognier', 'Malbec', 'Chardonnay', 'Viognier-Roussanne']",US,Washington,"['Chelan County', 'Washington Other']"
21042,VinArte,84.0,7.0,84.0,7.0,1,1,['Sangiovese'],Italy,Tuscany,['Chianti']
21043,VinArte,85.5,39.2,85.0,20.0,4,1,['Merlot'],Romania,Dealu Mare,[]
21044,VinArte,86.0,20.0,86.0,20.0,1,1,['Pinot Gris'],Romania,Murfatlar,[]
21045,VinArte,83.8,22.0,83.0,20.0,5,2,"['Sauvignon Blanc', 'Merlot']",Romania,Vânju Mare,[]
21046,VinEcol,83.0,13.8,82.0,12.0,11,5,"['Malbec', 'Torrontés', 'Cabernet Sauvignon', 'Chardonnay', 'Bonarda']",Argentina,Mendoza Province,['Mendoza']
21047,VinRoc,87.8,71.0,87.5,69.5,8,5,"['Cabernet Sauvignon', 'Chardonnay', 'Cabernet Blend', 'Bordeaux-style Red Blend', 'Red Blend']",US,California,"['Atlas Peak', 'Napa']"
21048,VinStrata,86.0,47.0,86.0,47.0,1,1,['Pinot Noir'],US,Oregon,"['Willamette Valley', 'Willamette Valley']"
21049,Vina Bosquera,88.0,17.0,88.0,17.0,1,1,['Red Blend'],Spain,Central Spain,['Madrid']
21050,Vina LaVina,81.0,9.0,81.0,9.0,1,1,['Chardonnay'],Moldova,Chisinau County,[]
21051,Vina Moda,84.0,25.0,84.0,25.0,1,1,['Viognier'],US,California,"['Sierra Foothills', 'Sierra Foothills']"
21052,Vina Robles,88.2,25.6,88.5,22.0,72,15,"['White Blend', 'Petite Sirah', 'Albariño', 'Syrah-Petite Sirah', 'Chardonnay', 'Bordeaux-style Red Blend', 'Petit Verdot', 'Viognier', 'Rosé', 'Cabernet Sauvignon', 'Rhône-style Red Blend', 'Sauvignon Blanc', 'Red Blend', 'Syrah', 'Verdelho']",US,California,"['Paso Robles', 'Central Coast']"
21053,Vinaceous,88.0,17.8,88.5,17.0,4,3,"['Cabernet Sauvignon', 'Shiraz', 'Pinot Grigio']",Australia,South Australia,['South Australia']
21054,Vinaceous,88.0,17.0,88.0,17.0,1,1,['Cabernet Sauvignon'],Australia,Western Australia,['Margaret River']
21055,Vinadeis,85.2,12.1,85.0,12.0,8,7,"['Merlot', 'Chardonnay', 'Sauvignon Blanc', 'Rosé', 'Cabernet Sauvignon', 'Pinot Noir', 'Red Blend']",France,France Other,['Vin de France']
21056,Vinai dell'Abbate,85.0,19.0,85.0,19.0,1,1,['Ribolla Gialla'],Italy,Northeastern Italy,['Colli Orientali del Friuli']
21057,Vinaria din Vale,87.3,11.7,88.0,12.0,3,3,"['Feteasca', 'Feteasca Neagra', 'Cabernet Sauvignon']",Moldova,Moldova,[]
21058,Vinas Zurinaga,89.0,70.0,89.0,70.0,1,1,['Pinot Noir'],US,California,"['Sonoma Coast', 'Sonoma']"
21059,Vinavanti,83.5,15.0,83.5,15.0,2,2,"['Red Blend', 'White Blend']",US,California,"['California', 'California Other']"
21060,Vincent,88.0,30.0,88.0,30.0,1,1,['Gamay'],France,Beaujolais,['Juliénas']
21061,Vincent,86.7,23.1,86.5,21.5,18,1,['Chardonnay'],France,Burgundy,['Pouilly-Fuissé']
21062,Vincent Couche,90.1,52.8,90.0,51.0,15,2,"['Champagne Blend', 'Chardonnay']",France,Champagne,['Champagne']
21063,Vincent Delaporte,90.7,27.3,91.0,26.0,3,1,['Sauvignon Blanc'],France,Loire Valley,['Sancerre']
21064,Vincent Grall,88.5,24.5,88.5,24.5,2,1,['Sauvignon Blanc'],France,Loire Valley,['Sancerre']
21065,Vincent Lataste,86.0,10.0,86.0,10.0,1,1,['Bordeaux-style Red Blend'],France,Southwest France,['Côtes de Duras']
21066,Vincent Pinard,89.5,25.0,89.5,25.0,2,1,['Sauvignon Blanc'],France,Loire Valley,['Sancerre']
21067,Vincent Price,86.0,62.0,86.0,62.0,2,2,"['Cabernet Sauvignon', 'Chardonnay']",US,California,"['Napa Valley', 'Napa']"
21068,Vincent Prunier,90.0,,90.0,,2,2,"['Chardonnay', 'Pinot Noir']",France,Burgundy,['Chassagne-Montrachet']
21069,Vincent Roussely,90.0,24.0,90.0,24.0,1,1,['Red Blend'],France,Loire Valley,['Touraine']
21070,Vincent Saincrit,84.0,10.0,84.0,10.0,1,1,['Bordeaux-style Red Blend'],France,Bordeaux,['Bordeaux']
21071,Vincent Sauvestre,90.7,46.0,91.0,46.0,3,2,"['Chardonnay', 'Pinot Noir']",France,Burgundy,['Meursault']
21072,Vincent Vatan,91.0,25.0,91.0,25.0,1,1,['Sauvignon Blanc'],France,Loire Valley,['Pouilly-Fumé']
21073,Vincent Vineyards,90.5,56.5,91.0,66.5,4,3,"['Sauvignon Blanc', 'Cabernet Sauvignon', 'Cabernet Franc']",US,California,"['Santa Ynez Valley', 'Central Coast']"
21074,Vinchio-Vaglio Serra,86.9,27.7,87.0,18.0,16,5,"['Barbera', 'Nebbiolo', 'Moscato', 'Cortese', 'Brachetto']",Italy,Piedmont,"[""Barbera d'Asti Superiore""]"
21075,Vincze Béla,86.5,18.0,86.5,18.0,2,2,"['Red Blend', 'Blauburger']",Hungary,Eger,[]
21076,Vindemia,85.0,50.7,86.0,40.0,3,3,"['Cabernet Franc', 'Bordeaux-style Red Blend', 'White Blend']",US,California,"['Temecula Valley', 'South Coast']"
21077,Vindemio,89.0,23.0,89.0,23.0,2,1,['Rhône-style Red Blend'],France,Rhône Valley,['Ventoux']
21078,Vindivin,85.0,10.0,85.0,10.0,1,1,['Sauvignon Blanc'],France,France Other,['Vin de France']
21079,Vindivin,88.0,17.0,88.0,17.0,1,1,['Rosé'],France,Provence,['Côtes de Provence']
21080,Vine Cliff,91.3,76.7,92.0,65.0,43,3,"['Cabernet Sauvignon', 'Chardonnay', 'Merlot']",US,California,"['Oakville', 'Napa']"
21081,Vine Hill,86.5,30.4,87.0,30.0,8,2,"['Pinot Noir', 'Chardonnay']",US,California,"['Santa Cruz Mountains', 'Central Coast']"
21082,Vinedos Aurora,88.0,39.0,88.0,39.0,1,1,['Red Blend'],US,California,"['Lodi', 'Central Valley']"
21083,Vinel,85.0,12.0,85.0,12.0,1,1,['Malbec'],France,Southwest France,['Vin de Pays du Lot']
21084,Vinemark,83.8,30.0,84.0,29.0,5,5,"['Pinot Noir', 'Touriga Nacional', 'Primitivo', 'Cabernet Franc', 'Petite Sirah']",US,California,"['Napa Valley', 'Napa']"
21085,Vinessens,89.7,55.0,90.0,45.0,3,3,"['Monastrell', 'Monastrell-Syrah', 'Red Blend']",Spain,Levante,['Alicante']
21086,Vinex Slavyantsi,84.0,8.0,84.0,8.0,1,1,['White Blend'],Bulgaria,Rose Valley,[]
21087,Vinex Slavyantsi,84.0,10.0,84.0,10.0,3,3,"['Traminer', 'Pinot Noir', 'Cabernet Sauvignon']",Bulgaria,Thracian Valley,[]
21088,Vineyard 1869,87.0,45.0,87.0,45.0,1,1,['Zinfandel'],US,California,"['Amador County', 'Sierra Foothills']"
21089,Vineyard 29,93.7,148.3,93.0,175.0,3,2,"['Cabernet Sauvignon', 'Zinfandel']",US,California,"['St. Helena', 'Napa']"
21090,Vineyard 36,92.0,85.0,92.0,85.0,1,1,['Cabernet Sauvignon'],US,California,"['Napa Valley', 'Napa']"
21091,Vineyard 48,86.0,21.5,86.0,21.5,2,2,"['Sauvignon Blanc', 'Cabernet Franc']",US,New York,"['North Fork of Long Island', 'Long Island']"
21092,Vineyard 511,92.0,140.0,92.0,140.0,2,1,['Cabernet Sauvignon'],US,California,"['Diamond Mountain District', 'Napa']"
21093,Vineyard 7&8,91.7,83.8,92.0,75.0,12,2,"['Cabernet Sauvignon', 'Chardonnay']",US,California,['Napa']
21094,Vineyard of Pasterick,90.8,39.8,91.0,38.0,4,1,['Syrah'],US,California,"['Dry Creek Valley', 'Sonoma']"
21095,Vinha Paz,91.4,32.1,91.0,35.0,16,2,"['Portuguese Red', 'Portuguese White']",Portugal,Dão,[]
21096,Vinhas Altas,82.0,,82.0,,1,1,['Portuguese White'],Portugal,Vinho Verde,[]
21097,"Vinhos Justino Henriques, Filhos",88.0,25.0,88.0,25.0,1,1,['Madeira Blend'],Portugal,Madeira,[]
21098,Vinhos Norte,85.0,9.0,85.0,9.0,2,1,['Portuguese White'],Portugal,Vinho Verde,[]
21099,Vini,85.0,9.0,85.0,9.0,1,1,['Rosé'],Bulgaria,Bulgaria,[]
21100,Vini,86.0,9.0,86.0,9.0,1,1,['Pinot Noir'],Bulgaria,Danube River Plains,[]
21101,Vini,86.0,7.0,86.0,7.0,1,1,['Meritage'],Bulgaria,Sliven,[]
21102,Vini,86.0,8.7,86.0,9.0,26,7,"['Chardonnay', 'Pinot Noir', 'Merlot', 'Cabernet Sauvignon', 'Sauvignon Blanc', 'Rosé', 'Pinot Grigio']",Bulgaria,Thracian Valley,[]
21103,Vini Iovine,87.0,14.0,87.0,14.0,1,1,['Falanghina'],Italy,Southern Italy,['Pompeiano']
21104,Vini Italiani da Sogno,88.3,53.8,88.5,60.0,6,2,"['Sangiovese Grosso', 'Sangiovese']",Italy,Tuscany,['Brunello di Montalcino']
21105,Vinicola Fraternidad,84.7,30.7,84.0,28.0,3,3,"['White Blend', 'Rosé', 'Red Blend']",Mexico,Valle de Guadalupe,[]
21106,Vinicola Serena,83.0,,83.0,,1,1,['Glera'],Italy,Veneto,['Conegliano Valdobbiadene Prosecco Superiore']
21107,Vinicola Urbana,85.0,27.0,85.0,27.0,2,2,"['Chardonnay', 'Red Blend']",Mexico,Valle de Guadalupe,[]
21108,Vinicola do Norte,85.0,,85.0,,1,1,['Portuguese White'],Portugal,Vinho Verde,[]
21109,Vinifera,90.0,38.7,89.0,38.0,3,2,"['Cabernet Sauvignon', 'White Blend']",US,California,"['Napa Valley', 'Napa']"
21110,Vinihold,84.5,11.5,84.5,11.5,2,1,['Portuguese Red'],Portugal,Douro,[]
21111,Vinihold,84.0,13.0,84.0,13.0,1,1,['Portuguese White'],Portugal,Dão,[]
21112,Vinihold,85.0,9.0,85.0,9.0,1,1,['Portuguese White'],Portugal,Vinho Verde,[]
21113,Vinilo,87.0,23.0,87.0,23.0,1,1,['White Blend'],Argentina,Mendoza Province,['Uco Valley']
21114,Vinisterra,85.5,30.0,85.5,30.0,2,2,"['Syrah-Mourvèdre', 'Cinsault']",Mexico,San Antonio de las Minas Valley,[]
21115,Vinisterra,87.0,49.0,87.0,49.0,1,1,['Red Blend'],Mexico,Valle de Guadalupe,[]
21116,Vinisterra,85.5,24.5,85.5,24.5,2,2,"['Red Blend', 'Syrah']",Mexico,Valle de Guadalupe and Santo Tomás,[]
21117,Viniterra,83.8,12.8,85.0,13.5,8,4,"['Champagne Blend', 'Malbec', 'Cabernet Sauvignon', 'Torrontés']",Argentina,Mendoza Province,['Mendoza']
21118,Viniverde,83.1,9.5,83.5,9.0,8,4,"['Alvarinho', 'Loureiro', 'Portuguese White', 'Rosé']",Portugal,Vinho Verde,[]
21119,Vinkara,88.7,23.4,89.0,25.0,15,4,"['Kalecik Karasi', 'Narince', 'Boğazkere', 'Okuzgozu']",Turkey,Ankara,[]
21120,Vino,86.5,12.0,86.5,12.0,4,3,"['Pinot Grigio', 'Moscato', 'Sangiovese']",US,Washington,"['Ancient Lakes', 'Columbia Valley']"
21121,Vino Bello,83.0,30.0,83.0,30.0,2,2,"['Merlot', 'Bordeaux-style Red Blend']",US,California,"['Alexander Valley', 'Sonoma']"
21122,Vino Con Brio,83.5,18.4,83.0,16.0,15,8,"['Syrah', 'Pinot Grigio', 'Pinotage', 'Sangiovese', 'Zinfandel', 'Red Blend', 'Viognier', 'White Blend']",US,California,"['Lodi', 'Central Valley']"
21123,Vino Kupljen,88.0,29.7,88.0,29.0,3,2,"['Riesling', 'Pinot Gris']",Slovenia,Slovenia,[]
21124,Vino La Monarcha,89.0,18.6,89.0,20.0,5,5,"['Sangiovese', 'Riesling', 'Pinot Noir', 'Merlot', 'Malbec']",US,Washington,"['Wahluke Slope', 'Columbia Valley']"
21125,Vino Noceto,88.8,23.8,89.0,24.0,5,2,"['Sangiovese', 'Red Blend']",US,California,"['Shenandoah Valley (CA)', 'Sierra Foothills']"
21126,Vino San Esteban,85.0,9.0,85.0,9.0,1,1,['Malbec'],France,Southwest France,[]
21127,Vino Sapien,85.0,25.0,85.0,25.0,1,1,['Grenache'],US,California,"['Santa Barbara County', 'Central Coast']"
21128,Vino V,86.6,34.6,87.0,32.0,5,3,"['Chardonnay', 'Syrah', 'Red Blend']",US,California,"['Santa Maria Valley', 'Central Coast']"
21129,Vino Valpredo,82.5,23.0,82.5,23.0,2,2,"['Red Blend', 'White Blend']",US,California,"['Sonoma County', 'Sonoma']"
21130,Vino Vargas,85.6,29.6,85.0,26.0,9,7,"['Rosé', 'Cabernet Sauvignon', 'Pinot Noir', 'Merlot', 'Roussanne', 'Chardonnay', 'Tempranillo']",US,California,"['Paso Robles', 'Central Coast']"
21131,Vino Vista Collection,82.0,9.0,82.0,9.0,1,1,['Red Blend'],Moldova,Codru Region,[]
21132,Vino de Eyzaguirre,82.0,8.0,82.0,8.0,1,1,['Syrah'],Chile,Colchagua Valley,[]
21133,Vino dei Fratelli,83.5,9.5,83.5,9.5,2,1,['Montepulciano'],Italy,Central Italy,"[""Montepulciano d'Abruzzo""]"
21134,Vino dei Fratelli,83.7,14.0,83.0,14.0,3,2,"['Moscato', 'Pinot Grigio']",Italy,Northeastern Italy,['Delle Venezie']
21135,Vino dei Fratelli,84.5,15.7,84.5,16.0,4,1,['Moscato'],Italy,Piedmont,"[""Moscato d'Asti""]"
21136,Vino dei Fratelli,84.0,11.0,84.0,11.0,1,1,"[""Nero d'Avola""]",Italy,Sicily & Sardinia,['Terre Siciliane']
21137,Vino dei Fratelli,83.0,13.0,83.0,13.0,1,1,['Sangiovese'],Italy,Tuscany,['Chianti']
21138,Vino z Czech,86.5,17.6,86.5,15.5,12,10,"['Rivaner', 'Pinot Blanc', 'Cabernet Sauvignon', 'Grüner Veltliner', 'Cabernet Moravia', 'Welschriesling', 'Sauvignon Blanc', 'Frankovka', 'Riesling', 'St. Laurent']",Czech Republic,Moravia,[]
21139,Vinoce,88.5,54.5,88.0,50.0,4,3,"['Cabernet Franc', 'Sauvignon Blanc', 'Cabernet Sauvignon']",US,California,"['Mount Veeder', 'Napa']"
21140,Vinopera Bervini,85.0,19.0,85.0,19.0,1,1,['Glera'],Italy,Veneto,['Prosecco']
21141,Vinoptima,89.0,53.0,89.0,53.0,1,1,['Gewürztraminer'],New Zealand,Gisborne,[]
21142,Vinos Jeromin,84.3,37.7,84.0,45.0,3,2,"['Red Blend', 'Tempranillo-Garnacha']",Spain,Central Spain,['Vinos de Madrid']
21143,Vinos Magbel,83.7,35.0,84.0,35.0,3,3,"['Cabernet Sauvignon', 'Nebbiolo', 'Merlot']",Mexico,Valle de Guadalupe,[]
21144,Vinos Sanz,86.7,19.8,86.0,19.0,6,3,"['Sauvignon Blanc', 'Verdejo', 'White Blend']",Spain,Northern Spain,['Rueda']
21145,Vinos Valtuille,90.5,24.5,90.5,24.5,2,1,['Mencía'],Spain,Northern Spain,['Bierzo']
21146,Vinos de Arganza,87.8,20.5,88.0,19.0,15,3,"['Godello', 'Mencía', 'Red Blend']",Spain,Northern Spain,['Bierzo']
21147,Vinosia,86.8,24.2,87.0,19.0,9,4,"['Aglianico', 'Primitivo', 'Falanghina', 'Greco']",Italy,Southern Italy,['Irpinia']
21148,Vinoterra,88.0,24.0,88.0,24.0,1,1,['Saperavi'],Georgia,Kakheti,[]
21149,Vinovalie,84.2,12.0,84.0,12.0,6,4,"['Malbec', 'Rosé', 'Cabernet Sauvignon', 'Sauvignon Blanc']",France,Southwest France,[]
21150,Vins Auvigue,87.6,22.5,87.0,22.0,11,1,['Chardonnay'],France,Burgundy,['Saint-Véran']
21151,Vins Descombe,84.5,14.5,84.5,14.5,2,2,"['Red Blend', 'Grenache']",France,France Other,['Vin de France']
21152,Vins El Cep,87.8,19.6,88.0,18.0,9,2,"['Sparkling Blend', 'Xarel-lo']",Spain,Catalonia,['Cava']
21153,Vins d'Orrance,90.5,34.7,90.5,33.0,6,3,"['Chenin Blanc', 'Chardonnay', 'Syrah']",South Africa,Western Cape,[]
21154,Vins des Personnets,88.5,17.0,88.5,17.0,2,1,['Chardonnay'],France,Burgundy,['Viré-Clessé']
21155,Vinson Richards,85.5,13.0,85.5,13.0,2,2,"['Tannat', 'Merlot']",Uruguay,Juanico,[]
21156,Vint Hill,88.0,39.0,88.0,39.0,1,1,['Petit Verdot'],US,Virginia,['Virginia']
21157,Vintage Cowboy,88.5,20.0,88.0,20.0,4,4,"['Chardonnay', 'Grenache Blanc', 'Zinfandel', 'Merlot']",US,California,"['Paso Robles', 'Central Coast']"
21158,Vintage Sun,84.2,10.0,85.0,10.0,4,4,"['Malbec-Merlot', 'Cabernet Sauvignon', 'Sauvignon Blanc', 'Chardonnay']",Argentina,Mendoza Province,['Mendoza']
21159,Vintager,86.0,20.0,86.0,20.0,1,1,['Chardonnay'],US,California,"['Knights Valley', 'Sonoma']"
21160,Vintales,86.0,10.0,86.0,10.0,2,2,"['Sauvignon Blanc', 'Rosé']",South Africa,Western Cape,[]
21161,Vinterra,89.0,19.0,89.0,19.0,1,1,['Pinot Noir'],New Zealand,New Zealand,[]
21162,Vinterra,85.0,19.0,85.0,19.0,1,1,['Pinot Noir'],New Zealand,South Island,[]
21163,Vinterra,86.0,16.0,86.0,16.0,1,1,['Sauvignon Blanc'],New Zealand,Waipara,[]
21164,Vinterra,86.5,30.0,86.5,30.0,2,2,"['Chardonnay', 'Cabernet Sauvignon']",US,California,"['Napa Valley', 'Napa']"
21165,Vintners Signatures,84.0,18.0,84.0,18.0,1,1,['Chardonnay'],US,California,"['Sonoma Coast', 'Sonoma']"
21166,Vinum,90.0,18.0,90.0,18.0,1,1,['Muscat Blanc'],Hungary,Hungary,[]
21167,Vinum,86.1,17.4,86.0,14.0,43,14,"['Chardonnay', 'Pinot Noir', 'Rosé', 'Petite Sirah', 'Cabernet Sauvignon', 'Merlot', 'White Blend', 'G-S-M', 'Chenin Blanc-Viognier', 'Chenin Blanc', 'Gewürztraminer', 'Cabernet Franc', 'Viognier', 'Rhône-style Red Blend']",US,California,"['Monterey', 'Central Coast']"
21168,Vinum Africa,86.9,14.1,87.0,15.0,9,2,"['Chenin Blanc', 'Cabernet Sauvignon']",South Africa,Stellenbosch,[]
21169,Vinum Cellars,86.6,22.0,85.0,20.0,24,11,"['G-S-M', 'Chardonnay', 'Cabernet Sauvignon', 'Cabernet Franc', 'Chenin Blanc-Viognier', 'Rhône-style Red Blend', 'White Blend', 'Petite Sirah', 'Viognier', 'Gewürztraminer', 'Chenin Blanc']",US,California,"['Paso Robles', 'Central Coast']"
21170,Vinum Ferus,90.0,28.2,90.0,25.0,4,1,['Pinot Noir'],US,Oregon,"['Willamette Valley', 'Willamette Valley']"
21171,Vinum Natura,84.0,20.0,84.0,20.0,1,1,['Bordeaux-style Red Blend'],France,Bordeaux,['Bordeaux']
21172,Vinya L'Hereu,86.0,24.5,86.0,24.5,2,1,['Red Blend'],Spain,Catalonia,['Costers del Segre']
21173,Vinyes Doménech,89.5,34.0,89.5,34.0,2,1,['Red Blend'],Spain,Catalonia,['Montsant']
21174,Vinyes del Terrer,91.0,45.0,91.0,45.0,2,1,['Red Blend'],Spain,Catalonia,['Tarragona']
21175,Vinyes dels Aspres,89.0,28.0,89.0,28.0,1,1,['Garnacha Blanca'],Spain,Northern Spain,['Empordà']
21176,Vinícola Aurora,82.0,15.0,82.0,15.0,1,1,['Moscato'],Brazil,Brazil,[]
21177,Vinícola Aurora,82.0,15.0,82.0,15.0,1,1,['Tannat'],Brazil,Serra Gaúcha,[]
21178,Vinícola Hidalgo,92.0,18.0,92.0,18.0,1,1,['Sherry'],Spain,Andalucia,['Jerez']
21179,Vinícola Miolo,84.0,29.0,84.0,29.0,1,1,['Red Blend'],Brazil,Brazil,[]
21180,Vinícola Miolo,83.0,27.0,83.0,27.0,1,1,['Cabernet Sauvignon-Merlot'],Brazil,Serra Gaúcha,[]
21181,Vinícola Miolo,83.0,18.0,83.0,13.0,4,3,"['Cabernet Sauvignon-Merlot', 'Merlot', 'Cabernet Sauvignon']",Brazil,Vale dos Vinhedos,[]
21182,Vinícola Real,89.0,33.0,89.0,33.0,1,1,['Tempranillo'],Spain,Northern Spain,['Rioja']
21183,Vinícola de Castilla,83.0,9.0,83.0,9.0,1,1,['Tempranillo'],Spain,Central Spain,['La Mancha']
21184,Vionta,86.5,15.7,87.0,15.0,10,1,['Albariño'],Spain,Galicia,['Rías Baixas']
21185,Viore,85.5,14.5,85.5,14.5,2,1,['Verdejo'],Spain,Northern Spain,['Rueda']
21186,Virage,89.2,43.8,88.0,45.0,11,4,"['Cabernet Franc', 'Bordeaux-style Red Blend', 'Rosé', 'Red Blend']",US,California,"['Napa Valley', 'Napa']"
21187,Virgin,84.0,10.0,84.0,10.0,3,2,"['Chardonnay', 'Shiraz']",US,California,"['California', 'California Other']"
21188,Virgin Hills,86.0,30.0,86.0,30.0,1,1,['Red Blend'],Australia,Victoria,['Victoria']
21189,Virginia Dare,85.3,25.0,86.0,25.0,3,2,"['Chardonnay', 'Pinot Noir']",US,California,"['Russian River Valley', 'Sonoma']"
21190,Virginia Mountain Vineyards,84.7,17.0,85.0,16.0,3,3,"['Traminette', 'Chardonnay', 'Bordeaux-style Red Blend']",US,Virginia,['Virginia']
21191,Viridiana,87.0,12.0,87.0,12.0,1,1,['Tinto Fino'],Spain,Northern Spain,['Ribera del Duero']
21192,Virna Borgogno,88.8,57.1,89.0,60.0,23,3,"['Nebbiolo', 'Barbera', 'Red Blend']",Italy,Piedmont,['Barolo']
21193,Vision Cellars,87.4,33.9,87.0,38.0,9,4,"['Pinot Noir', 'Rosé', 'Riesling', 'White Blend']",US,California,"['Russian River Valley', 'Sonoma']"
21194,Vista Alegre,87.8,15.0,88.0,15.0,4,1,['Port'],Portugal,Port,[]
21195,Vista Hills,88.6,36.7,89.0,36.0,34,3,"['Pinot Gris', 'Pinot Noir', 'Rosé']",US,Oregon,"['Willamette Valley', 'Willamette Valley']"
21196,Vista d'Oro,92.0,35.0,92.0,35.0,1,1,['Red Blend'],Canada,British Columbia,['Okanagan Valley']
21197,Vistalba,89.9,34.3,90.0,25.0,15,4,"['Red Blend', 'Malbec-Cabernet Sauvignon', 'Malbec-Merlot', 'Malbec']",Argentina,Mendoza Province,['Mendoza']
21198,Vistamar,86.3,12.0,87.0,12.0,3,3,"['Syrah', 'Cabernet Sauvignon', 'Carmenère']",Chile,Cachapoal Valley,[]
21199,Vistamar,84.0,11.5,84.0,12.0,13,4,"['Chardonnay', 'Pinot Noir', 'Sauvignon Blanc', 'Riesling']",Chile,Casablanca Valley,[]
21200,Vistamar,86.2,24.2,87.0,30.0,5,3,"['Merlot', 'Red Blend', 'Sauvignon Blanc']",Chile,Central Valley,[]
21201,Vistamar,88.0,13.0,88.0,13.0,1,1,['Moscatel'],Chile,Limarí Valley,[]
21202,Vistamar,86.0,13.1,86.0,12.0,8,4,"['Carmenère', 'Cabernet Sauvignon-Syrah', 'Cabernet Sauvignon', 'Merlot']",Chile,Maipo Valley,[]
21203,Vistamar,85.0,12.0,85.0,12.0,1,1,['Malbec'],Chile,Maule Valley,[]
21204,Viszlay Vineyards,86.9,51.4,87.0,45.0,12,8,"['Cabernet Sauvignon', 'Petite Sirah', 'Zinfandel', 'Chardonnay', 'Pinot Noir', 'Bordeaux-style Red Blend', 'Malbec', 'Prosecco']",US,California,"['Russian River Valley', 'Sonoma']"
21205,Vita Italia,86.0,,86.0,,4,3,"['Primitivo', 'Susumaniello', 'Negroamaro']",Italy,Southern Italy,['Primitivo del Salento']
21206,Vita Vinea,85.0,23.0,85.0,23.0,2,2,"['Saperavi', 'Kisi']",Georgia,Kakheti,[]
21207,Vitae,85.5,10.0,85.5,10.0,2,2,"['Sangiovese', 'Negroamaro']",Italy,Southern Italy,['Puglia']
21208,Vital,86.7,23.7,87.0,25.0,3,3,"['Sangiovese', 'Bordeaux-style Red Blend', 'Cabernet Sauvignon']",US,Washington,"['Walla Walla Valley (WA)', 'Columbia Valley']"
21209,Vitas,86.0,14.0,86.0,14.0,1,1,['Pinot Grigio'],Italy,Northeastern Italy,['Friuli Grave']
21210,Vite Colte,88.4,48.8,89.0,42.5,20,5,"['Nebbiolo', 'Barbera', 'Cortese', 'Moscato', 'Arneis']",Italy,Piedmont,['Barolo']
21211,Vite Vecchio,90.3,29.0,89.0,31.0,3,1,['Zinfandel'],US,California,"['Dry Creek Valley', 'Sonoma']"
21212,Vitesse,92.0,61.7,92.0,65.0,3,1,['Cabernet Sauvignon'],US,California,"['Napa Valley', 'Napa']"
21213,Vitevis,89.0,,89.0,,1,1,['Garganega'],Italy,Veneto,['Soave Classico']
21214,Vitiano,87.0,10.0,87.0,10.0,1,1,['Rosato'],Italy,Central Italy,['Umbria']
21215,Viticcio,88.0,27.7,88.0,25.0,21,3,"['Red Blend', 'Sangiovese', 'Vermentino']",Italy,Tuscany,['Chianti Classico']
21216,Viticoltori Alto Adige,88.0,19.0,88.0,20.0,3,3,"['Lagrein', 'Pinot Nero', 'Red Blend']",Italy,Northeastern Italy,['Alto Adige']
21217,Viticoltori Ponte,85.5,19.0,85.5,19.0,2,1,['Prosecco'],Italy,Veneto,['Prosecco del Veneto']
21218,Viticoltori Senesi Aretini,86.5,14.0,86.5,14.0,2,2,"['Red Blend', 'Sangiovese']",Italy,Tuscany,['Chianti Colli Senesi']
21219,Viticoltori in Avio,85.0,,85.0,,1,1,['Enantio'],Italy,Veneto,['Valdadige']
21220,Viticultores del Priorat,84.0,200.0,84.0,200.0,1,1,['Red Blend'],Spain,Catalonia,['Priorat']
21221,Viticultori Associati Canicatti,86.7,14.6,87.0,12.5,23,8,"['Red Blend', 'Cabernet Sauvignon', 'Syrah', ""Nero d'Avola"", 'Grillo', 'Fiano', 'Merlot', 'Catarratto']",Italy,Sicily & Sardinia,['Sicilia']
21222,Vitis Terrarum,85.0,49.0,85.0,49.0,2,2,"['Tempranillo', 'Tempranillo-Cabernet Sauvignon']",Spain,Central Spain,['Vino de la Tierra de Castilla']
21223,Vitkin,90.0,42.0,90.0,42.0,2,2,"['Carignan', 'Petite Sirah']",Israel,Israel,[]
21224,Vitkin,89.0,25.0,89.0,25.0,1,1,['Red Blend'],Israel,Judean Hills,[]
21225,Vito Curatolo Arini,88.0,20.0,88.0,20.0,1,1,['White Blend'],Italy,Sicily & Sardinia,['Marsala']
21226,Vitteaut-Alberti,87.0,19.0,87.0,19.0,1,1,['Sparkling Blend'],France,Burgundy,['Crémant de Bourgogne']
21227,Viu Manent,90.5,41.0,90.5,41.0,2,1,['Malbec'],Argentina,Mendoza Province,['Mendoza']
21228,Viu Manent,86.0,14.2,86.0,14.0,13,3,"['Sauvignon Blanc', 'Pinot Noir', 'Chardonnay']",Chile,Casablanca Valley,[]
21229,Viu Manent,87.1,20.8,87.0,14.0,94,10,"['Cabernet Sauvignon', 'Syrah', 'Malbec', 'Carmenère', 'Merlot', 'Chardonnay', 'Viognier', 'Sauvignon Blanc', 'Sémillon', 'Red Blend']",Chile,Colchagua Valley,[]
21230,Viu Manent,88.0,14.0,88.0,14.0,1,1,['Sauvignon Blanc'],Chile,Leyda Valley,[]
21231,Vivanco,86.8,35.6,87.0,25.0,9,6,"['Red Blend', 'Tempranillo Blend', 'Garnacha', 'White Blend', 'Tempranillo', 'Rosado']",Spain,Northern Spain,['Rioja']
21232,Vivencias,83.0,40.0,83.0,40.0,2,1,['Tempranillo'],Spain,Northern Spain,['Vino de Calidad de Valtiendas']
21233,Vivera,89.8,31.8,89.5,32.5,6,3,"['Red Blend', 'Carricante', 'Nerello Mascalese']",Italy,Sicily & Sardinia,['Etna']
21234,Vivi,85.0,,85.0,,1,1,['Falanghina'],Italy,Southern Italy,['Campania']
21235,Viviani,87.9,58.3,87.5,40.0,10,2,"['Corvina, Rondinella, Molinara', 'Red Blend']",Italy,Veneto,['Amarone della Valpolicella']
21236,Viviano,90.0,32.0,90.0,32.0,1,1,['Bordeaux-style Red Blend'],US,Texas,['Texas']
21237,"Vivir, Vivir",85.7,10.7,86.0,10.0,3,2,"['Tempranillo', 'Tempranillo Blend']",Spain,Northern Spain,['Ribera del Duero']
21238,Vivo Vino,83.0,12.0,83.0,12.0,1,1,['Cabernet Sauvignon'],US,California,"['California', 'California Other']"
21239,Vivác Winery,83.8,22.3,83.0,21.0,30,11,"['Merlot', 'Red Blend', 'Syrah', 'Cabernet Sauvignon', 'Petite Sirah', 'Sangiovese', 'Tempranillo', 'Montepulciano', 'Nebbiolo', 'Dolcetto', 'Barbera']",US,New Mexico,['New Mexico']
21240,Vixen,84.0,31.3,84.0,29.0,7,6,"['Red Blend', 'Rhône-style White Blend', 'Viognier', 'Syrah', 'Rhône-style Red Blend', 'Cabernet Franc']",US,California,"['Santa Barbara County', 'Central Coast']"
21241,Vizar,91.0,60.0,91.0,60.0,1,1,['Red Blend'],Spain,Northern Spain,['Vino de la Tierra de Castilla y León']
21242,Vizcarra,88.3,55.7,89.0,24.0,3,1,['Tempranillo'],Spain,Northern Spain,['Ribera del Duero']
21243,Vizconde de Ayala,82.5,31.0,82.5,31.0,2,1,['Tempranillo'],Spain,Northern Spain,['Rioja']
21244,Vizorro,86.0,9.0,86.0,9.0,1,1,['Tempranillo'],Spain,Northern Spain,['Vino de la Tierra de Castilla y León']
21245,Viña Alarba,83.5,10.0,83.5,10.0,2,2,"['Rosé', 'Garnacha']",Spain,Northern Spain,['Calatayud']
21246,Viña Albali,84.4,12.3,84.0,11.0,20,2,"['Tempranillo', 'Tempranillo Blend']",Spain,Central Spain,['Valdepeñas']
21247,Viña Alicia,87.5,41.5,87.5,30.0,30,9,"['Cabernet Blend', 'Malbec', 'White Blend', 'Petite Verdot', 'Nebbiolo', 'Syrah', 'Cabernet Sauvignon', 'Petit Verdot', 'Chardonnay']",Argentina,Mendoza Province,['Luján de Cuyo']
21248,Viña Almirante,89.0,15.0,89.0,15.0,1,1,['Albariño'],Spain,Galicia,['Rías Baixas']
21249,Viña Altaba,85.0,14.0,85.0,14.0,2,1,['Bobal'],Spain,Central Spain,['Manchuela']
21250,Viña Altamar,88.0,13.0,88.0,13.0,1,1,['Mencía'],Spain,Northern Spain,['Bierzo']
21251,Viña Amalia,86.5,25.0,86.5,25.0,2,2,"['Cabernet Sauvignon', 'Malbec']",Argentina,Mendoza Province,['Mendoza']
21252,Viña Antigua,83.2,11.0,83.0,11.0,4,4,"['Red Blend', 'Malbec-Bonarda', 'Cabernet Sauvignon', 'Malbec']",Argentina,Mendoza Province,['Maipú']
21253,Viña Aquitania,84.0,12.0,84.0,12.0,1,1,['Cabernet Sauvignon'],Chile,Maipo Valley,[]
21254,Viña Aquitania,87.0,33.3,88.0,35.0,3,1,['Chardonnay'],Chile,Malleco,[]
21255,Viña Arnáiz,86.8,24.6,88.0,25.0,5,2,"['Tinto del Pais', 'Tempranillo Blend']",Spain,Northern Spain,['Ribera del Duero']
21256,Viña Bade,89.5,15.5,89.5,15.5,2,1,['Albariño'],Spain,Galicia,['Rías Baixas']
21257,Viña Bisquertt,85.0,14.0,85.0,14.0,1,1,['Chardonnay'],Chile,Casablanca Valley,[]
21258,Viña Bisquertt,86.3,15.6,86.0,13.0,82,13,"['Red Blend', 'Tempranillo', 'Viognier', 'Carmenère', 'Chardonnay', 'Gewürztraminer', 'Malbec', 'Cabernet Sauvignon', 'Syrah', 'Syrah-Cabernet Sauvignon', 'Merlot', 'Shiraz', 'Sauvignon Blanc']",Chile,Colchagua Valley,[]
21259,Viña Bisquertt,83.0,15.0,83.0,15.0,1,1,['Rosé'],Chile,Curicó Valley,[]
21260,Viña Bisquertt,82.0,25.0,82.0,25.0,1,1,['Pinot Noir'],Chile,Leyda Valley,[]
21261,Viña Bisquertt,90.5,19.8,90.5,20.0,4,4,"['Carmenère', 'Cabernet Sauvignon', 'Merlot', 'Malbec']",Chile,Marchigue,[]
21262,Viña Borgia,85.0,6.0,85.0,6.0,1,1,['Grenache'],Spain,Northern Spain,['Campo de Borja']
21263,Viña Bujanda,86.0,15.3,86.0,15.0,7,1,['Tempranillo'],Spain,Northern Spain,['Rioja']
21264,Viña Canchal,83.7,8.7,83.0,9.0,3,1,['Tempranillo'],Spain,Central Spain,['Ribera del Guadiana']
21265,Viña Cantera,81.0,11.0,81.0,11.0,2,2,"['Pinot Noir', 'Sauvignon Blanc']",Chile,Casablanca Valley,[]
21266,Viña Cantosán,81.0,10.0,81.0,10.0,2,2,"['Verdejo', 'Sparkling Blend']",Spain,Northern Spain,['Rueda']
21267,Viña Cartín,89.0,14.0,89.0,14.0,1,1,['Albariño'],Spain,Galicia,['Rías Baixas']
21268,Viña Casablanca,86.6,18.0,87.0,13.0,49,8,"['Syrah', 'Pinot Noir', 'Sauvignon Blanc', 'Rosé', 'Chardonnay', 'Gewürztraminer', 'Cabernet Sauvignon', 'Merlot']",Chile,Casablanca Valley,[]
21269,Viña Casablanca,88.5,15.0,88.5,15.0,2,1,['Merlot'],Chile,Colchagua Valley,[]
21270,Viña Casablanca,87.4,11.7,87.0,12.0,7,2,"['Merlot', 'Cabernet Sauvignon']",Chile,Maipo Valley,[]
21271,Viña Casablanca,86.0,13.5,86.0,13.5,2,1,['Carmenère'],Chile,Rapel Valley,[]
21272,Viña Casas Patronales,86.0,16.3,87.0,15.0,3,1,['Sauvignon Blanc'],Chile,Leyda Valley,[]
21273,Viña Casas Patronales,86.0,15.0,86.0,15.0,1,1,['Chardonnay'],Chile,Limarí Valley,[]
21274,Viña Casas Patronales,85.0,13.3,85.0,11.0,34,11,"['Carmenère', 'Cabernet Sauvignon', 'Chardonnay', 'Merlot', 'Sauvignon Blanc', 'Cabernet Sauvignon-Carmenère', 'Syrah', 'Malbec', 'Carignan', 'Red Blend', 'Viognier']",Chile,Maule Valley,[]
21275,Viña Casas Patronales,84.0,9.0,84.0,9.0,1,1,['Cabernet Sauvignon'],Chile,San Clemente,[]
21276,Viña Casas del Bosque,83.1,12.5,83.5,12.0,8,5,"['Sauvignon Blanc', 'Syrah', 'Merlot', 'Pinot Noir', 'Chardonnay']",Chile,Casablanca Valley,[]
21277,Viña Casas del Bosque,85.3,20.7,85.0,16.0,3,1,['Cabernet Sauvignon'],Chile,Rapel Valley,[]
21278,Viña Cerrada,85.7,17.0,85.5,14.0,6,2,"['Tempranillo', 'Tempranillo Blend']",Spain,Northern Spain,['Rioja']
21279,Viña Chocalan,86.6,18.2,86.0,14.0,11,8,"['Red Blend', 'Carmenère', 'Sauvignon Blanc', 'Cabernet Sauvignon', 'Malbec', 'Chardonnay', 'Bordeaux-style Red Blend', 'Merlot']",Chile,Maipo Valley,[]
21280,Viña Chocalan,86.3,20.3,87.0,16.0,3,3,"['Sauvignon Blanc', 'Chardonnay', 'Pinot Noir']",Chile,San Antonio,[]
21281,Viña Cimbrón,86.0,11.0,86.0,11.0,1,1,['Verdejo-Viura'],Spain,Northern Spain,['Rueda']
21282,Viña Cobos,89.9,72.0,91.0,45.0,63,5,"['Malbec', 'Cabernet Sauvignon-Malbec', 'Cabernet Sauvignon', 'Chardonnay', 'Merlot']",Argentina,Mendoza Province,['Valle de Uco']
21283,Viña Collado,85.0,8.0,85.0,8.0,1,1,['Tempranillo Blend'],Spain,Northern Spain,['Campo de Borja']
21284,Viña Concejo,83.0,19.0,83.0,19.0,1,1,['Tempranillo'],Spain,Northern Spain,['Cigales']
21285,Viña Costeira,88.2,14.7,88.0,15.0,6,2,"['White Blend', 'Treixadura']",Spain,Galicia,['Ribeiro']
21286,Viña Cumbrero,90.0,10.0,90.0,10.0,1,1,['Tempranillo Blend'],Spain,Northern Spain,['Rioja']
21287,Viña Decana,83.0,5.0,83.0,5.0,2,1,['Tempranillo'],Spain,Levante,['Utiel-Requena']
21288,Viña Eguía,86.5,14.9,87.0,14.0,8,3,"['Rosado', 'Viura', 'Tempranillo']",Spain,Northern Spain,['Rioja']
21289,Viña El Cerno,87.0,32.0,87.0,24.0,4,3,"['Red Blend', 'Cabernet Sauvignon', 'Malbec']",Argentina,Mendoza Province,['Maipú']
21290,Viña Fuentenarro,82.0,14.0,82.0,14.0,1,1,['Tempranillo'],Spain,Northern Spain,['Ribera del Duero']
21291,Viña Galana,86.0,13.0,86.0,13.0,2,2,"['Verdejo', 'Tempranillo']",Spain,Central Spain,['Vino de la Tierra de Castilla']
21292,Viña Godeval,87.0,18.2,87.0,19.0,5,1,['Godello'],Spain,Northern Spain,['Valdeorras']
21293,Viña Gormaz,84.3,20.0,86.0,20.0,3,1,['Tempranillo'],Spain,Northern Spain,['Ribera del Duero']
21294,Viña Herminia,86.8,16.7,87.5,16.5,12,4,"['Tempranillo Blend', 'Graciano', 'Tempranillo', 'Red Blend']",Spain,Northern Spain,['Rioja']
21295,Viña Hermosa,86.3,19.3,88.0,20.0,3,1,['Tempranillo'],Spain,Northern Spain,['Rioja']
21296,Viña Ijalba,83.5,22.0,83.5,21.5,6,3,"['Graciano', 'Tempranillo Blend', 'Tempranillo']",Spain,Northern Spain,['Rioja']
21297,Viña Jaraba,83.0,13.0,83.0,13.0,1,1,['Tempranillo Blend'],Spain,Central Spain,['La Mancha']
21298,Viña La Fortuna,84.3,10.0,84.0,10.0,10,7,"['Sauvignon Blanc', 'Chardonnay', 'Pinot Noir', 'Carmenère', 'Malbec', 'Merlot', 'Cabernet Sauvignon']",Chile,Curicó Valley,[]
21299,Viña La Fortuna,83.8,11.5,84.0,10.0,8,6,"['Cabernet Sauvignon', 'Sauvignon Blanc', 'Pinot Noir', 'Chardonnay', 'Malbec', 'Carmenère']",Chile,Lontué Valley,[]
21300,Viña La Ronciere,89.0,36.7,89.0,30.0,3,3,"['Carmenère', 'Red Blend', 'Cabernet Sauvignon']",Chile,Colchagua Valley,[]
21301,Viña La Rosa,86.1,20.0,86.0,14.0,40,11,"['Chardonnay', 'Carmenère', 'Cabernet Sauvignon', 'Sauvignon Blanc', 'Shiraz', 'Red Blend', 'Sparkling Blend', 'Merlot-Cabernet Sauvignon', 'Cabernet Sauvignon-Merlot', 'Cabernet Blend', 'Merlot']",Chile,Cachapoal Valley,[]
21302,Viña Las Perdices,86.0,15.8,85.0,13.5,4,4,"['Torrontés', 'Viognier', 'Malbec', 'Red Blend']",Argentina,Mendoza Province,['Mendoza']
21303,Viña Leyda,83.0,22.0,83.0,22.0,1,1,['Red Blend'],Chile,Central Valley,[]
21304,Viña Leyda,87.5,20.0,87.5,20.0,2,2,"['Bordeaux-style Red Blend', 'Pinot Noir']",Chile,Chile,[]
21305,Viña Leyda,85.5,17.5,85.5,17.5,2,1,['Carmenère'],Chile,Colchagua Valley,[]
21306,Viña Leyda,82.0,18.5,82.0,18.5,2,1,['Pinot Noir'],Chile,Leyda Valley,[]
21307,Viña Litoral,86.3,22.7,87.0,22.0,3,3,"['Chardonnay', 'Pinot Noir', 'Sauvignon Blanc']",Chile,Leyda Valley,[]
21308,Viña Los Boldos,85.0,40.0,85.0,40.0,1,1,['Red Blend'],Chile,Cachapoal Valley,[]
21309,Viña Los Valles,85.5,16.0,85.5,16.0,2,2,"['Tempranillo Blend', 'Tempranillo']",Spain,Northern Spain,['Rioja']
21310,Viña Ludy,85.0,18.0,85.0,18.0,1,1,['Albariño'],Spain,Galicia,['Rías Baixas']
21311,Viña Machalí,86.0,21.0,86.0,21.0,2,1,['Cabernet Sauvignon'],Chile,Cachapoal Valley,[]
21312,Viña Magaña,84.0,40.0,84.0,40.0,1,1,['Red Blend'],Spain,Northern Spain,['Navarra']
21313,Viña Maipo,91.0,50.0,91.0,50.0,1,1,['Cabernet Sauvignon'],Chile,Buin,[]
21314,Viña Maipo,86.5,16.0,86.5,16.0,2,1,['Sauvignon Blanc'],Chile,Casablanca Valley,[]
21315,Viña Maipo,84.0,12.0,84.0,12.0,2,1,['Cabernet Sauvignon'],Chile,Central Valley,[]
21316,Viña Maipo,85.4,12.3,86.0,13.0,10,5,"['Sauvignon Blanc', 'Chardonnay', 'Cabernet Sauvignon', 'Red Blend', 'Carmenère']",Chile,Chile,[]
21317,Viña Maipo,89.5,41.5,89.5,41.5,2,2,"['Syrah', 'Cabernet Sauvignon']",Chile,Maipo Valley,[]
21318,Viña Maipo,88.0,18.2,88.0,18.0,5,4,"['Carmenère', 'Cabernet Sauvignon-Syrah', 'Cabernet Sauvignon', 'Red Blend']",Chile,Maule Valley,[]
21319,Viña Maipo,86.5,11.0,86.5,11.0,2,2,"['Carmenère', 'Red Blend']",Chile,Rapel Valley,[]
21320,Viña Maipu,83.4,12.4,83.0,11.0,5,2,"['Malbec', 'Cabernet Sauvignon']",Argentina,Mendoza Province,['Maipú']
21321,Viña Mar de Casablanca,85.3,14.3,86.0,12.0,3,1,['Sauvignon Blanc'],Chile,Casablanca Valley,[]
21322,Viña Marty,85.0,11.0,85.0,11.0,1,1,['Sauvignon Blanc'],Chile,Central Valley,[]
21323,Viña Marty,88.0,19.7,87.0,13.0,3,2,"['Red Blend', 'Carmenère']",Chile,Maule Valley,[]
21324,Viña Mayor,87.5,21.1,88.0,20.0,39,5,"['Tempranillo', 'Tinto Fino', 'Tinta de Toro', 'Verdejo', 'Tinta Fina']",Spain,Northern Spain,['Toro']
21325,Viña Mayte,83.0,6.0,83.0,6.0,1,1,['Red Blend'],Spain,Central Spain,['Valdepeñas']
21326,Viña Mein,90.0,19.2,90.0,19.0,5,1,['White Blend'],Spain,Galicia,['Ribeiro']
21327,Viña Mocen,85.0,12.0,85.0,12.0,1,1,['Verdejo'],Spain,Northern Spain,['Rueda']
21328,Viña Ochotierras,85.0,12.3,85.0,13.0,3,3,"['Syrah', 'Cabernet Sauvignon', 'Sauvignon Blanc']",Chile,Limarí Valley,[]
21329,Viña Olabarri,90.3,28.0,91.5,24.0,6,2,"['Tempranillo', 'Tempranillo Blend']",Spain,Northern Spain,['Rioja']
21330,Viña Olvido,88.5,19.0,88.5,19.0,2,1,['Tempranillo'],Spain,Northern Spain,['Rioja']
21331,Viña Otano,87.9,19.0,88.0,21.0,7,4,"['Tempranillo Blend', 'White Blend', 'Viura', 'Rosé']",Spain,Northern Spain,['Rioja']
21332,Viña Palaciega,83.0,30.0,83.0,30.0,1,1,['Malbec'],Argentina,Mendoza Province,['Mendoza']
21333,Viña Palaciega,84.5,11.2,84.5,10.5,4,1,['Tempranillo Blend'],Spain,Northern Spain,['Rioja']
21334,Viña Paquita,83.0,9.0,83.0,9.0,1,1,['Garnacha'],Spain,Northern Spain,['Cariñena']
21335,Viña Pargua,83.0,20.0,83.0,20.0,1,1,['Cabernet Blend'],Chile,Maipo Valley,[]
21336,Viña Peralillo,86.0,10.0,86.0,10.0,1,1,['Carmenère'],Chile,Colchagua Valley,[]
21337,Viña Pródigus,88.0,38.0,88.0,38.0,1,1,['Tinta de Toro'],Spain,Northern Spain,['Toro']
21338,Viña Pérez Cruz,87.1,29.9,88.0,21.0,15,6,"['Petit Verdot', 'Cabernet Sauvignon', 'Malbec', 'Red Blend', 'Carmenère', 'Syrah']",Chile,Maipo Valley,[]
21339,Viña Requingua,86.8,14.4,87.0,14.0,5,1,['Cabernet Sauvignon'],Chile,Colchagua Valley,[]
21340,Viña Requingua,85.6,14.0,85.0,10.0,45,16,"['Carmenère', 'Syrah', 'Syrah-Cabernet Sauvignon', 'Cabernet Sauvignon', 'Red Blend', 'Sauvignon Blanc-Semillon', 'Cabernet Sauvignon-Cabernet Franc', 'Merlot', 'Carmenère-Cabernet Sauvignon', 'Syrah-Cabernet', 'Chardonnay', 'Rosé', 'Pinot Grigio', 'Sauvignon Blanc', 'Pinot Noir', 'Malbec']",Chile,Curicó Valley,[]
21341,Viña Requingua,85.9,11.7,86.0,10.0,15,4,"['Chardonnay', 'Sauvignon Blanc', 'Carmenère-Cabernet Sauvignon', 'Pinot Noir']",Chile,Maule Valley,[]
21342,Viña Rufina,83.0,42.0,83.0,42.0,1,1,['Tempranillo'],Spain,Northern Spain,['Cigales']
21343,Viña Salamanca,81.3,12.0,81.0,12.0,3,3,"['Rufete', 'Red Blend', 'White Blend']",Spain,Northern Spain,['Vino de la Tierra de Castilla y León']
21344,Viña Salceda,87.3,15.5,87.0,15.5,3,2,"['Tempranillo', 'Tempranillo Blend']",Spain,Northern Spain,['Rioja']
21345,Viña San Esteban,83.3,11.0,83.0,10.0,3,3,"['Cabernet Sauvignon', 'Merlot', 'Shiraz']",Chile,Aconcagua Valley,[]
21346,Viña San Juan,84.0,9.0,84.0,9.0,1,1,['White Blend'],Spain,Central Spain,['La Mancha']
21347,Viña San Vicente,88.5,36.8,89.0,27.0,6,4,"['Red Blend', 'Cabernet Sauvignon-Carmenère', 'Carmenère', 'Sauvignon Blanc']",Chile,Maule Valley,[]
21348,Viña Santa Cruz,88.8,49.6,88.0,25.0,5,3,"['Malbec', 'Red Blend', 'Petit Verdot']",Chile,Colchagua Valley,[]
21349,Viña Santa Maria,84.7,11.0,85.0,10.0,3,3,"['Malbec', 'Torrontés', 'Bonarda']",Argentina,Mendoza Province,['Mendoza']
21350,Viña Santa Marina,83.3,13.0,82.0,15.0,3,3,"['White Blend', 'Tempranillo Blend', 'Rosado']",Spain,Central Spain,['Extremadura']
21351,Viña Santa Monica,84.5,8.0,84.0,8.0,4,4,"['Sauvignon Blanc', 'Chardonnay', 'Cabernet Sauvignon', 'Riesling']",Chile,Rapel Valley,[]
21352,Viña Santacruz,87.6,24.0,88.0,20.0,7,6,"['Cabernet Sauvignon', 'Carmenère-Cabernet Sauvignon', 'Red Blend', 'Carmenère', 'Rosé', 'Cabernet Sauvignon-Syrah']",Chile,Colchagua Valley,[]
21353,Viña Sardasol,84.3,10.0,84.5,10.0,6,4,"['Tempranillo', 'Tempranillo-Merlot', 'Garnacha', 'Tempranillo Blend']",Spain,Northern Spain,['Navarra']
21354,Viña Sastre,89.2,114.2,88.0,21.0,4,3,"['Jaen', 'Tempranillo', 'Tinto del Pais']",Spain,Northern Spain,['Ribera del Duero']
21355,Viña Sila,88.0,28.0,88.0,28.0,1,1,['Verdejo'],Spain,Northern Spain,['Rueda']
21356,Viña Somoza,86.0,21.1,87.0,20.0,7,1,['Godello'],Spain,Northern Spain,['Valdeorras']
21357,Viña Tabalí,86.8,19.7,87.0,16.0,42,11,"['Chardonnay', 'Syrah', 'Red Blend', 'Pinot Noir', 'Viognier', 'Sauvignon Blanc', 'Carmenère', 'Cabernet Sauvignon', 'Muscat', 'Syrah-Cabernet Franc', 'Cabernet Franc']",Chile,Limarí Valley,[]
21358,Viña Tabalí,86.0,15.0,86.0,15.0,1,1,['Cabernet Sauvignon'],Chile,Maipo Valley,[]
21359,Viña Tarapacá,83.5,18.5,83.5,18.5,2,2,"['Pinot Noir', 'Chardonnay']",Chile,Leyda Valley,[]
21360,Viña Tarapacá,87.5,23.5,87.5,19.0,10,4,"['Cabernet Sauvignon', 'Carmenère', 'Red Blend', 'Syrah']",Chile,Maipo Valley,[]
21361,Viña Tinajas,84.0,11.0,84.0,11.0,2,2,"['Merlot', 'Chardonnay']",Chile,Maule Valley,[]
21362,Viña Valoria,87.5,32.5,88.0,30.0,4,1,['Tempranillo Blend'],Spain,Northern Spain,['Rioja']
21363,Viña Vedra,87.0,12.0,87.0,12.0,1,1,['Albariño'],Spain,Galicia,['Rías Baixas']
21364,Viña Ventolera,87.0,15.0,87.0,15.0,1,1,['Sauvignon Blanc'],Chile,Leyda Valley,[]
21365,Viña Vilano,86.2,21.9,86.0,16.0,19,3,"['Tempranillo', 'Verdejo', 'Rosado']",Spain,Northern Spain,['Ribera del Duero']
21366,Viña a Verderol,85.0,22.0,85.0,22.0,1,1,['Verdejo'],Spain,Northern Spain,['Rueda']
21367,Viña del Sopié,88.0,15.0,88.0,15.0,1,1,['Verdejo'],Spain,Northern Spain,['Rueda']
21368,Viña del Val,83.0,9.0,83.0,9.0,1,1,['Tempranillo'],Spain,Northern Spain,['Ribera del Duero']
21369,Viña do Val,81.0,6.0,81.0,6.0,1,1,['Red Blend'],Spain,Spain Other,['Spain']
21370,Viña el Aromo,84.0,16.0,84.0,16.0,1,1,['Pinot Noir'],Chile,Bío Bío Valley,[]
21371,Viña el Aromo,84.0,15.0,84.0,15.0,1,1,"[""Muscat d'Alexandrie""]",Chile,Itata Valley,[]
21372,Viña el Aromo,84.5,12.4,85.0,12.0,19,11,"['Syrah', 'Chardonnay', 'Sauvignon Blanc', 'Viognier-Chardonnay', 'Carmenère', 'Cabernet Sauvignon', 'Merlot', 'Viognier', 'Cabernet Blend', 'Cabernet-Syrah', 'Malbec']",Chile,Maule Valley,[]
21373,Viña el Principal,88.5,42.6,90.0,35.0,13,3,"['Bordeaux-style Red Blend', 'Red Blend', 'Cabernet Sauvignon-Carmenère']",Chile,Maipo Valley,[]
21374,Viñalba,86.8,17.5,86.5,15.0,4,3,"['Malbec', 'Malbec-Cabernet Sauvignon', 'Cabernet Sauvignon']",Argentina,Mendoza Province,['Valle de Uco']
21375,Viñalcasta,81.0,20.0,81.0,20.0,1,1,['Tinta de Toro'],Spain,Northern Spain,['Toro']
21376,Viñamada,89.0,30.0,89.0,30.0,2,2,"['Tempranillo Blend', 'Tempranillo']",Spain,Northern Spain,['Rioja']
21377,Viñas Pijoan,87.0,20.7,87.0,21.0,3,2,"['Red Blend', 'White Blend']",Mexico,Valle de Guadalupe,[]
21378,Viñas de Garza,86.2,42.2,87.0,54.0,5,3,"['Chardonnay', 'White Blend', 'Red Blend']",Mexico,Valle de Guadalupe,[]
21379,Viñas de Vila,82.0,11.3,82.0,10.0,3,3,"['Malbec', 'Bonarda', 'Merlot']",Argentina,Mendoza Province,['Mendoza']
21380,Viñas del Cenit,88.0,15.0,88.0,15.0,1,1,['Tempranillo'],Spain,Central Spain,['Vino de la Tierra de Castilla']
21381,Viñas del Cenit,90.0,42.5,90.5,32.5,10,1,['Tempranillo'],Spain,Northern Spain,['Tierra del Viños de Zamora']
21382,Viñas del Vero,87.1,27.3,87.5,15.0,20,9,"['Garnacha Blanca', 'Grenache', 'Chardonnay', 'White Blend', 'Red Blend', 'Garnacha', 'Grenache Blanc', 'Garnacha-Syrah', 'Cabernet Sauvignon-Tempranillo']",Spain,Northern Spain,['Somontano']
21383,Viñedo de los Vientos,83.8,31.0,84.0,23.0,5,3,"['Tannat', 'Red Blend', 'White Blend']",Uruguay,Atlantida,[]
21384,Viñedos Altamira Valley,83.0,20.0,83.0,20.0,2,2,"['Red Blend', 'Malbec']",Argentina,Mendoza Province,['Uco Valley']
21385,Viñedos Marchigüe,84.0,10.0,84.0,10.0,1,1,['Chardonnay-Viognier'],Chile,Colchagua Valley,[]
21386,Viñedos Marchigüe,85.0,8.0,85.0,8.0,1,1,['Sauvignon Blanc'],Chile,Curicó Valley,[]
21387,Viñedos Organicos Emiliana,88.0,10.0,88.0,10.0,1,1,['Chardonnay'],Chile,Casablanca Valley,[]
21388,Viñedos Real Rubio,90.0,22.0,90.0,22.0,2,1,['Tempranillo Blend'],Spain,Northern Spain,['Rioja']
21389,Viñedos de Canata,82.8,13.0,83.5,14.0,6,6,"['Malbec', 'Merlot', 'Chardonnay', 'Red Blend', 'Sauvignon Blanc', 'Cabernet Sauvignon']",Chile,Bío Bío Valley,[]
21390,Viñedos de Canata,81.0,9.0,81.0,9.0,1,1,['Merlot'],Chile,Curicó Valley,[]
21391,Viñedos de Paganos,93.2,107.2,93.0,105.0,18,2,"['Tempranillo', 'Tempranillo Blend']",Spain,Northern Spain,['Rioja']
21392,Viñedos y Bodegas Pablo,85.8,20.3,86.0,15.0,15,5,"['Garnacha', 'Vidadillo', 'Red Blend', 'Garnacha Blanca', 'Tempranillo']",Spain,Northern Spain,['Cariñena']
21393,Viñestral,88.5,15.5,88.5,15.5,2,1,['Tempranillo'],Spain,Northern Spain,['Rioja']
21394,Vodopivec,90.5,85.0,90.5,85.0,2,1,['Vitovska'],Italy,Northeastern Italy,['Venezia Giulia']
21395,Voerzio Martini,88.5,26.0,88.5,26.0,2,2,"['Dolcetto', 'Nebbiolo']",Italy,Piedmont,"[""Dolcetto d'Alba""]"
21396,Voga,85.0,13.0,85.0,13.0,1,1,['Pinot Grigio'],Italy,Northeastern Italy,['Delle Venezie']
21397,Voga,85.0,15.0,85.0,15.0,1,1,['Glera'],Italy,Veneto,['Prosecco']
21398,Vogadori,88.0,16.0,88.0,16.0,1,1,"['Corvina, Rondinella, Molinara']",Italy,Veneto,['Valpolicella Superiore Ripasso']
21399,Vogelzang,88.4,32.2,88.0,28.0,5,3,"['Viognier', 'Sauvignon Blanc', 'Cabernet Sauvignon']",US,California,"['Happy Canyon of Santa Barbara', 'Central Coast']"
21400,Voila!,85.4,22.8,86.0,22.0,5,5,"['Pinot Noir', 'Red Blend', 'Syrah', 'Chardonnay', 'Cabernet Franc']",US,Washington,"['Columbia Valley (WA)', 'Columbia Valley']"
21401,Voirin-Jumel,91.0,58.3,91.0,65.0,4,1,['Chardonnay'],France,Champagne,['Champagne']
21402,Voiturette,84.3,10.0,85.0,10.0,3,3,"['Cabernet Sauvignon', 'Malbec', 'Merlot']",France,France Other,['Vin de France']
21403,Volatus,89.5,25.0,89.0,25.0,4,2,"['Red Blend', 'Rhône-style White Blend']",US,California,"['Paso Robles', 'Central Coast']"
21404,Voliero,88.0,38.5,88.0,38.5,3,1,['Sangiovese'],Italy,Tuscany,['Brunello di Montalcino']
21405,Volker Eisele Family Estate,91.0,56.8,91.0,49.0,32,5,"['Semillon-Sauvignon Blanc', 'Bordeaux-style Red Blend', 'Cabernet Sauvignon', 'White Blend', 'Bordeaux-style White Blend']",US,California,"['Napa Valley', 'Napa']"
21406,Vollereaux,88.7,40.1,88.0,37.5,18,3,"['Champagne Blend', 'Chardonnay', 'Pinot Noir']",France,Champagne,['Champagne']
21407,Volo Del Corvo,83.0,30.0,83.0,30.0,1,1,['Malvasia Bianca'],US,California,"['Monterey County', 'Central Coast']"
21408,Volpago,86.0,,86.0,,1,1,['White Blend'],Italy,Veneto,['Veneto']
21409,Volpaia,90.4,47.9,91.0,45.0,44,3,"['Red Blend', 'White Blend', 'Sangiovese']",Italy,Tuscany,['Toscana']
21410,Volpaiole,84.7,61.7,85.0,60.0,3,2,"['Merlot', 'Red Blend']",Italy,Tuscany,['Val di Cornia Suvereto']
21411,Volpe Pasini,87.6,29.7,88.0,31.5,26,8,"['Pinot Bianco', 'Sauvignon', 'Pinot Grigio', 'Ribolla Gialla', 'Friulano', 'Chardonnay', 'Tocai Friulano', 'Tocai']",Italy,Northeastern Italy,['Colli Orientali del Friuli']
21412,Volta,87.0,60.0,87.0,60.0,1,1,['Cabernet Sauvignon'],US,California,"['Napa Valley', 'Napa']"
21413,Volteo,84.7,9.4,85.0,10.0,10,6,"['Tempranillo-Shiraz', 'White Blend', 'Tempranillo Blend', 'Tempranillo', 'Tempranillo-Cabernet Sauvignon', 'Garnacha']",Spain,Central Spain,['Vino de la Tierra de Castilla']
21414,Volteo,84.5,10.0,84.5,10.0,2,1,['Verdejo-Sauvignon Blanc'],Spain,Northern Spain,['Vino de la Tierra de Castilla y León']
21415,Volunteer,84.0,30.0,84.0,30.0,1,1,['Cabernet Sauvignon'],US,California,"['Napa Valley', 'Napa']"
21416,Volver,86.6,15.1,87.0,16.0,9,2,"['Tempranillo', 'Tempranillo Blend']",Spain,Central Spain,['La Mancha']
21417,Volver,86.8,14.9,87.0,9.0,17,6,"['Monastrell', 'White Blend', 'Sparkling Blend', 'Moscatel', 'Red Blend', 'Rosado']",Spain,Levante,['Alicante']
21418,Volvoreta,87.5,26.0,87.5,26.0,2,1,['Tempranillo'],Spain,Northern Spain,['Toro']
21419,Von Beulwitz,89.0,12.0,89.0,12.0,1,1,['Riesling'],Germany,Mosel-Saar-Ruwer,[]
21420,Von Buhl,87.0,23.5,87.0,18.5,4,1,['Riesling'],Germany,Pfalz,[]
21421,Von Der Leyen,87.5,11.0,87.5,11.0,2,1,['Riesling'],Germany,Nahe,[]
21422,Von Der Leyen,88.5,11.0,88.5,11.0,2,1,['Gewürztraminer'],Germany,Pfalz,[]
21423,Von Donabaum,91.0,13.0,91.0,13.0,1,1,['Grüner Veltliner'],Austria,Burgenland,[]
21424,Von Holt,89.9,35.6,90.0,35.0,9,4,"['Viognier', 'Chardonnay', 'Pinot Noir', 'Syrah']",US,California,"['Clements Hills', 'Central Valley']"
21425,Von Hövel,90.0,17.0,90.0,17.0,1,1,['Riesling'],Germany,Mosel,[]
21426,Von Hövel,89.0,20.0,89.0,20.0,1,1,['Riesling'],Germany,Mosel-Saar-Ruwer,[]
21427,Von Othegraven,90.1,54.3,89.0,33.0,11,1,['Riesling'],Germany,Mosel-Saar-Ruwer,[]
21428,Von Schleinitz,89.0,21.9,88.5,20.0,24,4,"['Riesling', 'Pinot Noir', 'Red Blend', 'Sparkling Blend']",Germany,Mosel,[]
21429,Von Siebenthal,88.5,46.2,89.5,30.0,4,4,"['Petit Verdot', 'Syrah', 'Bordeaux-style Red Blend', 'Carmenère']",Chile,Aconcagua Valley,[]
21430,Von Strasser,91.9,72.9,92.0,75.0,69,10,"['Malbec', 'Bordeaux-style Red Blend', 'Cabernet Sauvignon', 'Grüner Veltliner', 'Cabernet Franc', 'Zinfandel', 'Chardonnay', 'Red Blend', 'Port', 'Sauvignon Blanc']",US,California,"['Diamond Mountain District', 'Napa']"
21431,Vondeling,88.0,14.0,88.0,14.0,1,1,['Sauvignon Blanc'],South Africa,Paardeberg,[]
21432,Vortex,86.5,22.3,86.5,21.5,6,3,"['Viognier', 'Red Blend', 'Tempranillo']",US,Washington,"['Yakima Valley', 'Columbia Valley']"
21433,Voss,87.0,30.2,87.0,30.5,4,2,"['Pinot Noir', 'Riesling']",New Zealand,Martinborough,[]
21434,Voss,86.9,19.1,87.5,19.0,10,1,['Sauvignon Blanc'],US,California,"['Yountville', 'Napa']"
21435,Voveti,86.0,17.0,86.0,17.0,2,1,['Glera'],Italy,Veneto,['Prosecco']
21436,Vox Populi,82.5,10.0,82.5,10.0,2,2,"['Pinot Noir', 'Chardonnay']",Romania,Dealu Mare,[]
21437,Voyager Estate,87.7,39.7,87.0,25.0,3,2,"['Cabernet Sauvignon-Merlot', 'Sauvignon Blanc-Semillon']",Australia,Western Australia,['Margaret River']
21438,Voyatzis,88.5,12.0,89.0,12.0,4,2,"['Moschofilero', 'Agiorgitiko']",Greece,Peloponnese,[]
21439,Vranken,87.0,82.5,87.0,72.0,28,2,"['Champagne Blend', 'Chardonnay']",France,Champagne,['Champagne']
21440,Vrede en Lust,86.0,20.0,86.0,20.0,1,1,['Sauvignon Blanc'],South Africa,Elgin,[]
21441,Vrede en Lust,90.0,32.0,90.0,32.0,1,1,['Bordeaux-style Red Blend'],South Africa,Paarl,[]
21442,Vrede en Lust,87.0,21.3,88.0,15.0,3,3,"['Chardonnay', 'Bordeaux-style Red Blend', 'Rosé']",South Africa,Simonsberg-Paarl,[]
21443,Vriesenhof,89.0,,89.0,,1,1,['Pinot Noir'],South Africa,Stellenbosch,[]
21444,Vuina,88.0,19.0,88.0,19.0,1,1,['Plavac Mali'],Croatia,Dalmatian Coast,[]
21445,Vylyan,90.0,25.0,90.0,25.0,1,1,['Pinot Noir'],Hungary,Villány,[]
21446,Vynfields,89.0,,89.0,,1,1,['Pinot Noir'],New Zealand,Martinborough,[]
21447,Vèscine,87.5,29.6,88.0,28.0,8,2,"['Sangiovese', 'Red Blend']",Italy,Tuscany,['Chianti Classico']
21448,Véronique Günther-Chereau,90.1,17.7,90.5,17.0,10,1,['Melon'],France,Loire Valley,['Muscadet Sèvre et Maine']
21449,Vía,86.5,25.0,86.5,25.0,2,1,['Tocai Friulano'],US,California,"['Mendocino County', 'Mendocino/Lake Counties']"
21450,W. & J. Graham's,91.7,101.8,91.0,42.0,22,1,['Port'],Portugal,Port,[]
21451,W. Gisselbrecht,86.9,18.1,87.0,15.0,11,4,"['Pinot Blanc', 'Riesling', 'Gewürztraminer', 'Pinot Gris']",France,Alsace,['Alsace']
21452,W.H. Smith,91.5,51.2,92.0,48.0,36,3,"['Pinot Noir', 'Cabernet Sauvignon', 'Bordeaux-style Red Blend']",US,California,"['Sonoma Coast', 'Sonoma']"
21453,W.S. Keyes,91.0,90.0,91.0,90.0,1,1,['Merlot'],US,California,"['Howell Mountain', 'Napa']"
21454,W.T. Vintners,91.7,37.3,92.0,35.0,3,3,"['Syrah', 'Red Blend', 'Rhône-style Red Blend']",US,Oregon,"['Walla Walla Valley (OR)', 'Oregon Other']"
21455,W.T. Vintners,90.1,32.2,90.0,30.0,13,6,"['Syrah', 'Chenin Blanc', 'Grüner Veltliner', 'Red Blend', 'Mourvèdre', 'Pinot Noir']",US,Washington,"['Walla Walla Valley (WA)', 'Columbia Valley']"
21456,WCP,91.0,34.0,91.0,34.0,1,1,['Zinfandel'],US,California,"['Paso Robles', 'Central Coast']"
21457,WYSIWYG,83.0,7.0,83.0,7.0,1,1,['Rosé'],France,Languedoc-Roussillon,"[""Pays d'Oc""]"
21458,Waca,83.0,15.0,83.0,15.0,1,1,['Cabernet Sauvignon'],Australia,South Australia,['Coonawarra']
21459,Wachter Wiesler,87.8,46.8,88.0,49.5,4,1,['Blaufränkisch'],Austria,Eisenberg,[]
21460,Wachtstetter,93.0,22.0,93.0,22.0,1,1,['Trollinger'],Germany,Württemberg,[]
21461,Wagner,86.1,15.8,86.0,15.0,65,11,"['Gewürztraminer', 'Chardonnay', 'Cabernet Sauvignon', 'Pinot Noir', 'Cabernet Franc', 'Riesling', 'Merlot', 'Vignoles', 'Vidal Blanc', 'Meritage', 'White Blend']",US,New York,"['Finger Lakes', 'Finger Lakes']"
21462,Wagner-Stempel,91.0,22.0,91.0,22.0,1,1,['Weissburgunder'],Germany,Rheinhessen,[]
21463,Wagtail,87.0,10.0,87.0,10.0,2,2,"['Shiraz', 'Riesling']",Australia,South Australia,['Barossa']
21464,Wagtail,84.0,10.0,84.0,10.0,1,1,['Pinot Noir'],Australia,Victoria,['Yarra Valley']
21465,Waimea,87.3,19.5,87.0,18.5,7,5,"['Sauvignon Blanc', 'Pinot Gris', 'Pinot Noir', 'Chardonnay', 'Riesling']",New Zealand,Nelson,[]
21466,Waipara Hills,89.0,19.0,89.0,19.0,1,1,['Sauvignon Blanc'],New Zealand,Marlborough,[]
21467,Wairau River,86.7,22.2,87.0,20.0,24,6,"['Sauvignon Blanc', 'Pinot Noir', 'Riesling', 'Chardonnay', 'Rosé', 'Pinot Gris']",New Zealand,Marlborough,[]
21468,Wait Cellars,89.5,32.2,89.0,33.0,6,2,"['Pinot Noir', 'Cabernet Franc']",US,California,"['Green Valley', 'Sonoma']"
21469,Waits-Mast,92.0,44.5,92.5,44.0,22,1,['Pinot Noir'],US,California,"['Sta. Rita Hills', 'Central Coast']"
21470,Wakefield,89.4,43.0,90.0,17.5,24,6,"['Shiraz', 'Cabernet Sauvignon', 'Riesling', 'Chardonnay', 'Pinot Noir', 'Pinot Gris']",Australia,South Australia,['Clare Valley']
21471,Wakefield Bay,87.0,13.0,87.0,13.0,1,1,['Sauvignon Blanc'],New Zealand,Marlborough,[]
21472,Wakefield Estate,88.8,22.7,89.0,17.0,34,6,"['Pinot Noir', 'Chardonnay', 'Cabernet Sauvignon', 'Shiraz', 'Riesling', 'Shiraz-Cabernet Sauvignon']",Australia,South Australia,['Adelaide Hills']
21473,Walden,84.0,15.0,84.0,15.0,1,1,['Rhône-style Red Blend'],France,Languedoc-Roussillon,['Côtes du Roussillon']
21474,Walker,85.0,10.0,85.0,10.0,1,1,['Red Blend'],US,California,"['Napa Valley', 'Napa']"
21475,Walla Faces,86.2,31.2,86.0,30.0,5,4,"['Red Blend', 'Syrah', 'Cabernet Sauvignon', 'Tempranillo']",US,Washington,"['Walla Walla Valley (WA)', 'Columbia Valley']"
21476,Walla Walla,89.9,33.7,89.0,35.0,7,5,"['Cabernet Sauvignon', 'Bordeaux-style Red Blend', 'Red Blend', 'Cabernet Franc', 'Merlot']",US,Washington,"['Walla Walla Valley (WA)', 'Columbia Valley']"
21477,Walla Walla Vintners,90.7,34.5,91.0,32.0,69,12,"['Cabernet Sauvignon', 'Malbec', 'Merlot', 'Syrah', 'Red Blend', 'Cabernet Sauvignon-Sangiovese', 'Cabernet Franc', 'Sangiovese', 'Dolcetto', 'G-S-M', 'Bordeaux-style Red Blend', 'Sangiovese-Cabernet Sauvignon']",US,Washington,"['Walla Walla Valley (WA)', 'Columbia Valley']"
21478,Wallace,83.7,22.7,82.0,20.0,3,2,"['Zinfandel', 'Chardonnay']",US,California,"['Lodi', 'Central Valley']"
21479,Wallis Family Estate,91.6,72.3,92.0,65.0,13,4,"['Cabernet Sauvignon', 'Red Blend', 'Bordeaux-style Red Blend', 'Cabernet Franc']",US,California,"['Diamond Mountain District', 'Napa']"
21480,Walnut City WineWorks,88.1,27.3,88.0,25.5,22,5,"['Pinot Noir', 'Gewürztraminer', 'Dolcetto', 'Chardonnay', 'Pinot Gris']",US,Oregon,"['Willamette Valley', 'Willamette Valley']"
21481,Walnut Crest,86.0,6.0,86.0,6.0,1,1,['Chardonnay'],Chile,Casablanca Valley,[]
21482,Walnut Crest,84.0,5.0,84.0,5.0,1,1,['Sauvignon Blanc'],Chile,Central Valley,[]
21483,Walt,91.5,59.5,92.0,60.0,35,2,"['Pinot Noir', 'Chardonnay']",US,California,"['Sonoma County', 'Sonoma']"
21484,Walt,88.0,65.0,88.0,65.0,1,1,['Pinot Noir'],US,Oregon,"['Willamette Valley', 'Willamette Valley']"
21485,Walter Dacon,89.3,34.6,90.0,35.0,26,4,"['Syrah', 'Red Blend', 'Viognier', 'Sangiovese']",US,Washington,"['Columbia Valley (WA)', 'Columbia Valley']"
21486,Walter Scott,89.0,18.0,89.0,18.0,1,1,['Pinot Blanc'],US,Oregon,"['Eola-Amity Hills', 'Willamette Valley']"
21487,Waltzing Bear,87.9,42.3,89.0,45.0,7,2,"['Pinot Noir', 'Petite Sirah']",US,California,"['Santa Lucia Highlands', 'Central Coast']"
21488,Wamakersvallei,84.0,11.0,84.0,11.0,1,1,['Pinotage'],South Africa,Paarl,[]
21489,Wamakersvallei,84.0,11.0,84.0,11.0,1,1,['Shiraz'],South Africa,Wellington,[]
21490,Wandering Grape,83.5,11.0,83.5,11.0,2,1,['Malbec-Merlot'],Argentina,Mendoza Province,['Mendoza']
21491,Wandin Valley,86.5,16.5,86.5,16.5,2,2,"['Cabernet Sauvignon', 'Verdelho']",Australia,New South Wales,['Hunter Valley']
21492,Wapato Point Cellars,86.6,28.0,87.0,26.0,5,4,"['Pinot Grigio', 'Syrah', 'White Blend', 'Pinot Noir']",US,Washington,"['Lake Chelan', 'Columbia Valley']"
21493,War Horse,86.5,18.5,86.5,18.5,2,2,"['Red Blend', 'White Blend']",US,California,"['Napa Valley', 'Napa']"
21494,Ward Johnson Winery,85.0,27.5,85.0,27.5,2,2,"['Merlot', 'Cabernet Sauvignon']",US,Washington,"['Red Mountain', 'Columbia Valley']"
21495,Wargin Wines,87.3,25.3,90.0,24.0,3,3,"['Pinot Gris', 'Petite Sirah', 'Red Blend']",US,California,"['California', 'California Other']"
21496,Waris Hubert,89.5,50.0,89.5,50.0,2,1,['Chardonnay'],France,Champagne,['Champagne']
21497,Warrabilla,87.5,37.6,88.0,34.5,8,5,"['Durif', 'Cabernet Sauvignon', 'Petite Sirah', 'Chardonnay', 'Shiraz']",Australia,Victoria,['Rutherglen']
21498,Warramate,90.0,,90.0,,2,2,"['Shiraz', 'Pinot Noir']",Australia,Victoria,['Yarra Valley']
21499,Warre's,92.0,25.0,92.0,25.0,1,1,['Port'],Portugal,Douro,[]
21500,Warre's,88.9,39.0,88.5,27.0,16,1,['Port'],Portugal,Port,[]
21501,Warwick,90.0,23.0,90.0,23.0,1,1,['Sauvignon Blanc'],South Africa,Coastal Region,[]
21502,Warwick,88.2,22.6,88.0,21.0,5,4,"['Chardonnay', 'Red Blend', 'Sauvignon Blanc', 'Bordeaux-style Red Blend']",South Africa,Simonsberg-Stellenbosch,[]
21503,Warwick,88.3,25.3,88.0,21.0,15,6,"['Bordeaux-style Red Blend', 'Red Blend', 'Merlot', 'Pinotage', 'Sauvignon Blanc', 'Cabernet Sauvignon']",South Africa,Stellenbosch,[]
21504,Warwick,90.5,20.0,90.5,20.0,2,2,"['Red Blend', 'Cabernet Sauvignon']",South Africa,Western Cape,[]
21505,Washington Hills,85.9,9.5,86.0,10.0,39,8,"['Chardonnay', 'Riesling', 'Sauvignon Blanc', 'Merlot', 'Cabernet Sauvignon', 'Syrah', 'Moscato', 'Red Blend']",US,Washington,"['Columbia Valley (WA)', 'Columbia Valley']"
21506,Water Wheel,87.9,16.2,88.0,16.0,8,4,"['Red Blend', 'Shiraz', 'White Blend', 'Cabernet Sauvignon']",Australia,Victoria,['Bendigo']
21507,Waterbrook,87.5,16.3,88.0,14.0,127,19,"['Merlot', 'Riesling', 'Malbec', 'Cabernet Sauvignon', 'Chardonnay', 'Syrah', 'Pinot Gris', 'Sauvignon Blanc', 'Sangiovese', 'Red Blend', 'White Blend', 'Rosé', 'Meritage', 'Merlot-Cabernet Sauvignon', 'Bordeaux-style Red Blend', 'Viognier', 'Cabernet Franc', 'Rhône-style Red Blend', 'Sémillon']",US,Washington,"['Columbia Valley (WA)', 'Columbia Valley']"
21508,Waterford,89.9,32.5,90.0,27.0,14,6,"['Shiraz', 'Red Blend', 'Sauvignon Blanc', 'Chardonnay', 'Cabernet Sauvignon', 'Bordeaux-style Red Blend']",South Africa,Stellenbosch,[]
21509,Waterfront,90.0,125.0,90.0,125.0,2,1,['Cabernet Sauvignon'],US,California,"['Napa Valley', 'Napa']"
21510,Waterkloof,85.7,28.3,86.0,20.0,3,2,"['Sauvignon Blanc', 'Chenin Blanc']",South Africa,Stellenbosch,[]
21511,Waterloo,91.0,37.0,91.0,37.0,2,2,"['Mourvèdre', 'Bordeaux-style Red Blend']",US,California,"['Paso Robles', 'Central Coast']"
21512,Watermill,89.2,30.1,89.0,30.0,21,11,"['Mourvèdre', 'Petit Verdot', 'Syrah', 'Pinot Noir', 'Malbec', 'Cabernet Sauvignon', 'Tempranillo', 'Cabernet Franc', 'Bordeaux-style Red Blend', 'Merlot', 'Red Blend']",US,Oregon,"['Walla Walla Valley (OR)', 'Oregon Other']"
21513,Watermill,89.8,23.1,89.5,24.0,16,8,"['Tempranillo', 'Syrah', 'Bordeaux-style Red Blend', 'Viognier', 'Red Blend', 'Malbec', 'Cabernet Sauvignon', 'Cabernet Franc']",US,Washington,"['Columbia Valley (WA)', 'Columbia Valley']"
21514,Waters,91.0,40.3,91.0,40.0,29,8,"['Syrah', 'Malbec', 'Bordeaux-style Red Blend', 'Cabernet Sauvignon', 'Merlot', 'White Blend', 'Rosé', 'Tempranillo']",US,Washington,"['Walla Walla Valley (WA)', 'Columbia Valley']"
21515,Waters Crest,86.6,32.8,86.5,35.0,20,11,"['Merlot', 'Cabernet Franc', 'Bordeaux-style Red Blend', 'Cabernet Sauvignon', 'Riesling', 'White Blend', 'Red Blend', 'Chardonnay', 'Sparkling Blend', 'Rosé', 'Sauvignon Blanc']",US,New York,"['North Fork of Long Island', 'Long Island']"
21516,Watershed,90.0,22.0,90.0,22.0,2,2,"['Shiraz', 'Cabernet Sauvignon']",Australia,Western Australia,['Margaret River']
21517,Waterstone,86.1,23.4,86.0,20.0,24,8,"['Pinot Noir', 'Cabernet Sauvignon', 'Syrah', 'Chardonnay', 'Merlot', 'Red Blend', 'Sauvignon Blanc', 'Pinot Gris']",US,California,"['Carneros', 'Napa-Sonoma']"
21518,Watkins Family,87.8,33.0,87.5,33.0,4,2,"['Petite Sirah', 'Cabernet Sauvignon']",US,California,"['Sonoma County', 'Sonoma']"
21519,Wattle Creek,87.2,31.9,87.0,30.0,45,13,"['Viognier', 'Bordeaux-style Red Blend', 'Merlot', 'Shiraz', 'Chardonnay', 'Sauvignon Blanc', 'Cabernet Sauvignon', 'Malbec', 'Red Blend', 'Pinot Noir', 'Rhône-style Red Blend', 'Primitivo', 'Grenache']",US,California,"['Alexander Valley', 'Sonoma']"
21520,Watts,83.4,20.8,83.5,18.5,8,6,"['Zinfandel', 'Syrah', 'Chardonnay', 'Red Blend', 'Malbec', 'Cabernet Franc']",US,California,"['Lodi', 'Central Valley']"
21521,Waugh Cellars,86.0,30.3,85.0,30.0,7,3,"['Zinfandel', 'Chardonnay', 'Sauvignon Blanc']",US,California,"['Dry Creek Valley', 'Sonoma']"
21522,Wautoma,89.0,38.0,89.0,38.0,2,2,"['Cabernet Sauvignon', 'Red Blend']",US,Washington,"['Columbia Valley (WA)', 'Columbia Valley']"
21523,Waverley Hills,87.0,15.0,87.0,15.0,1,1,['Cabernet Sauvignon-Shiraz'],South Africa,Coastal Region,[]
21524,Waxwing,90.0,32.4,90.0,32.0,25,5,"['Syrah', 'Riesling', 'Pinot Noir', 'Rosé', 'Red Blend']",US,California,"['Sonoma Coast', 'Sonoma']"
21525,Wayfarer,95.3,111.7,95.0,115.0,18,2,"['Pinot Noir', 'Chardonnay']",US,California,"['Fort Ross-Seaview', 'Sonoma']"
21526,Wayne Gretzky Estates,91.5,80.0,91.5,80.0,2,2,"['Cabernet Franc', 'Vidal']",Canada,Ontario,['Niagara Peninsula']
21527,Wayne Gretzky Estates,84.0,16.0,84.0,16.0,2,2,"['Cabernet Sauvignon', 'Chardonnay']",US,California,"['Sonoma County', 'Sonoma']"
21528,Wayne Thomas,89.2,21.0,89.0,21.5,6,4,"['Chardonnay', 'Shiraz', 'Cabernet Sauvignon', 'Petit Verdot']",Australia,South Australia,['McLaren Vale']
21529,Waypoint,90.0,65.0,90.0,65.0,1,1,['Cabernet Sauvignon'],US,California,"['Napa Valley', 'Napa']"
21530,We Are Sonoma,85.0,12.0,85.0,12.0,1,1,['Chardonnay'],US,California,"['Sonoma County', 'Sonoma']"
21531,Weather,87.3,33.3,88.0,25.0,3,1,['Pinot Noir'],US,California,"['Russian River Valley', 'Sonoma']"
21532,Weatherborne,92.3,38.3,92.0,35.0,6,2,"['Pinot Noir', 'Grenache']",US,California,"['Sta. Rita Hills', 'Central Coast']"
21533,Webster Cellars,88.0,29.0,88.0,29.0,1,1,['Sauvignon Blanc'],US,California,"['Dry Creek Valley', 'Sonoma']"
21534,Wedell Cellars,91.1,69.6,92.0,70.0,18,3,"['Chardonnay', 'Pinot Noir', 'Syrah']",US,California,"['Santa Maria Valley', 'Central Coast']"
21535,Wedge Mountain,83.5,21.5,83.5,21.5,2,2,"['Viognier', 'Riesling']",US,Washington,"['Ancient Lakes', 'Columbia Valley']"
21536,Weegmüller,87.0,25.0,87.0,25.0,3,3,"['Riesling', 'Scheurebe', 'Gewürztraminer-Riesling']",Germany,Pfalz,[]
21537,Wegeler,89.0,20.0,89.0,20.0,1,1,['Riesling'],Germany,Rheingau,[]
21538,Weibel Family,84.8,16.5,84.0,17.0,10,6,"['Zinfandel', 'Pinot Noir', 'Cabernet Sauvignon', 'Merlot', 'Sparkling Blend', 'Red Blend']",US,California,"['Mendocino County', 'Mendocino/Lake Counties']"
21539,Weinberghof Fritsch,88.0,,88.0,,1,1,['Grüner Veltliner'],Austria,Wagram-Donauland,[]
21540,Weinert,86.9,22.5,87.0,23.0,21,7,"['Bordeaux-style Red Blend', 'Bordeaux-style White Blend', 'Malbec', 'Sauvignon Blanc', 'Merlot', 'Cabernet Sauvignon', 'Rosé']",Argentina,Mendoza Province,['Mendoza']
21541,Weingut Albert Gessinger,89.5,27.5,89.0,28.0,4,1,['Riesling'],Germany,Mosel,[]
21542,Weingut Am Stein,85.8,37.8,85.5,32.0,4,3,"['Spätburgunder', 'Silvaner', 'Riesling']",Germany,Franken,[]
21543,Weingut Burg Ravensburg,88.0,19.0,88.0,19.0,1,1,['Pinot Noir'],Germany,Baden,[]
21544,Weingut Christ,89.9,27.6,90.0,23.5,9,7,"['Austrian white blend', 'Grüner Veltliner', 'Riesling', 'Gelber Muskateller', 'Red Blend', 'Zweigelt', 'Shiraz']",Austria,Vienna,[]
21545,Weingut Christ,92.3,27.5,93.0,27.5,3,2,"['Austrian white blend', 'White Blend']",Austria,Wiener Gemischter Satz,[]
21546,Weingut Etz,88.0,14.0,88.0,14.0,1,1,['Grüner Veltliner'],Austria,Niederösterreich,[]
21547,Weingut Frank,89.0,18.0,89.0,18.0,2,2,"['Grüner Veltliner', 'White Blend']",Austria,Niederösterreich,[]
21548,Weingut Frank,88.5,15.0,88.5,15.0,2,1,['Grüner Veltliner'],Austria,Weinviertel,[]
21549,Weingut Frey,88.0,23.0,88.0,23.0,1,1,['Pinot Gris'],Germany,Germany,[]
21550,Weingut Geil,87.5,17.0,87.5,17.0,2,2,"['Gewürztraminer', 'Riesling']",Germany,Rheinhessen,[]
21551,Weingut Georg Albrecht Schneider,88.5,17.2,88.5,17.0,18,2,"['Riesling', 'Gewürztraminer']",Germany,Rheinhessen,[]
21552,Weingut Groiss,88.5,16.0,88.5,16.0,2,2,"['Riesling', 'Zweigelt']",Austria,Wagram,[]
21553,Weingut H. Lentsch,87.0,,87.0,,1,1,['Chardonnay'],Italy,Northeastern Italy,['Alto Adige']
21554,Weingut Hans Bausch,91.2,35.5,90.5,27.5,4,1,['Riesling'],Germany,Rheingau,[]
21555,Weingut J. Faber,89.0,20.0,89.0,20.0,1,1,['Riesling'],Germany,Mosel,[]
21556,Weingut Karp-Schreiber,90.0,22.0,90.0,22.0,2,1,['Riesling'],Germany,Mosel,[]
21557,Weingut Keller,94.0,,94.0,,2,1,['Riesling'],Germany,Rheinhessen,[]
21558,Weingut Liebfrauenstift,87.4,31.7,87.0,25.0,18,1,['Riesling'],Germany,Rheinhessen,[]
21559,Weingut Mayer am Pfarrplatz,86.5,21.0,86.5,21.0,2,1,['Pinot Noir'],Austria,Vienna,[]
21560,Weingut Mayer am Pfarrplatz,90.0,34.5,90.0,34.5,2,1,['Austrian white blend'],Austria,Wiener Gemischter Satz,[]
21561,Weingut Niklas,88.7,21.2,89.0,22.5,7,4,"['Pinot Bianco', 'Schiava', 'Sauvignon', 'Kerner']",Italy,Northeastern Italy,['Alto Adige']
21562,Weingut Reichsrat von Buhl,93.0,82.0,93.0,82.0,1,1,['Riesling'],Germany,Pfalz,[]
21563,Weingut Richard Zahel,89.0,,89.0,,2,2,"['White Blend', 'Riesling']",Austria,Vienna,[]
21564,Weingut Schneider Tattendorf,88.0,21.0,88.0,21.0,1,1,['St. Laurent'],Austria,Thermenregion,[]
21565,Weingut Seck,86.0,27.0,86.0,27.0,1,1,['Dornfelder'],Germany,Rheinhessen,[]
21566,Weingut Stadt Lahr,87.3,30.7,87.0,24.0,3,2,"['Spätburgunder', 'Weissburgunder']",Germany,Baden,[]
21567,Weingut Stiftung St. Nikolaus-Hospital,91.0,29.5,91.0,29.5,2,1,['Riesling'],Germany,Mosel,[]
21568,Weingut Stiftung St. Nikolaus-Hospital,93.0,25.0,93.0,25.0,1,1,['Riesling'],Germany,Mosel-Saar-Ruwer,[]
21569,Weingut Stroblhof,90.0,26.0,90.0,26.0,1,1,['Pinot Bianco'],Italy,Northeastern Italy,['Alto Adige']
21570,Weingut Toni Wintrich,87.0,35.0,87.0,35.0,1,1,['Riesling'],Germany,Mosel-Saar-Ruwer,[]
21571,Weingut Weber,90.2,97.0,89.5,37.5,6,2,"['Riesling', 'Spätburgunder']",Germany,Nahe,[]
21572,Weingut Ökonomierat Rebholz,94.0,107.0,94.0,107.0,1,1,['Riesling'],Germany,Pfalz,[]
21573,Weingut-Pension H.J.&E.; Lehmen,86.7,19.3,86.0,20.0,3,2,"['Kerner', 'Riesling']",Germany,Mosel-Saar-Ruwer,[]
21574,Weinhaus Heger,88.0,25.0,88.0,25.0,1,1,['Pinot Noir'],Germany,Baden,[]
21575,Weinhof Kobler,88.0,22.0,88.0,22.0,2,1,['Pinot Grigio'],Italy,Northeastern Italy,['Alto Adige']
21576,Weinreich,87.8,16.4,88.0,15.0,5,4,"['Schwartzriesling', 'Grauburgunder', 'Red Blend', 'Riesling']",Germany,Rheinhessen,[]
21577,Weinrieder,91.5,32.5,92.0,27.0,19,4,"['Riesling', 'Weissburgunder', 'Grüner Veltliner', 'Welschriesling']",Austria,Niederösterreich,[]
21578,Weinrieder,87.0,12.0,87.0,12.0,1,1,['Grüner Veltliner'],Austria,Weinviertel,[]
21579,Weinstock Cellars,85.8,15.8,85.0,15.0,6,4,"['Zinfandel', 'Cabernet Sauvignon', 'Chardonnay', 'Sauvignon Blanc']",US,California,"['Lodi', 'Central Valley']"
21580,Weisinger,85.8,31.4,86.0,30.0,15,10,"['Tempranillo', 'Syrah', 'Pinot Noir', 'Cabernet Sauvignon', 'Gewürztraminer', 'Viognier', 'Chardonnay', 'Claret', 'Red Blend', 'Malbec']",US,Oregon,"['Rogue Valley', 'Southern Oregon']"
21581,Weisinger's of Ashland,84.3,19.9,84.0,19.0,7,6,"['Cabernet Franc', 'Semillon-Chardonnay', 'Red Blend', 'Bordeaux-style Red Blend', 'Merlot', 'Gewürztraminer']",US,Oregon,"['Rogue Valley', 'Southern Oregon']"
21582,Weixelbaum,90.7,21.3,91.0,20.5,13,1,['Grüner Veltliner'],Austria,Kamptal,[]
21583,Weixelbaum,89.4,17.7,90.0,15.0,5,3,"['Rosé', 'Chardonnay', 'Sauvignon Blanc']",Austria,Niederösterreich,[]
21584,Wellington,86.1,24.0,86.0,22.0,108,18,"['Chardonnay', 'Cabernet Sauvignon', 'Port', 'Merlot', 'Cabernet Franc', 'Petite Sirah', 'Zinfandel', 'Syrah', 'Bordeaux-style Red Blend', 'Roussanne', 'Red Blend', 'Marsanne', 'Meritage', 'Sauvignon Blanc', 'Grenache', 'Petite Verdot', 'Rosé', 'Alicante Bouschet']",US,California,"['Sonoma Valley', 'Sonoma']"
21585,Weltevrede,86.0,28.0,86.0,28.0,1,1,['Chardonnay'],South Africa,Robertson,[]
21586,Weninger,91.6,46.4,93.0,37.0,17,4,"['Blaufränkisch', 'Austrian Red Blend', 'Merlot', 'Pinot Noir']",Austria,Burgenland,[]
21587,Weninger,90.0,30.0,90.0,30.0,1,1,['Blaufränkisch'],Austria,Eisenberg,[]
21588,Weninger,89.9,25.4,90.5,22.0,10,1,['Blaufränkisch'],Austria,Mittelburgenland,[]
21589,Weninger,87.8,26.0,87.0,17.0,5,2,"['Kekfrankos', 'Red Blend']",Hungary,Sopron,[]
21590,Weninger & Gere,83.5,33.0,83.5,33.0,2,2,"['Cabernet Franc', 'Red Blend']",Hungary,Villány,[]
21591,Wente,87.4,26.2,88.0,18.0,61,12,"['Pinot Blanc', 'Cabernet Sauvignon', 'Sauvignon Blanc', 'Chardonnay', 'Pinot Noir', 'Merlot', 'Syrah', 'Riesling', 'Cabernet Franc', 'Orange Muscat', 'Red Blend', 'Syrah-Cabernet']",US,California,"['Arroyo Seco', 'Central Coast']"
21592,Wenzel,89.0,51.0,88.0,36.0,5,3,"['White Blend', 'Gelber Muskateller', 'Pinot Noir']",Austria,Burgenland,[]
21593,Wenzel,92.5,87.0,92.5,87.0,2,2,"['White Blend', 'Sauvignon Blanc']",Austria,Neusiedlersee-Hügelland,[]
21594,Werewolf,86.0,9.0,86.0,9.0,1,1,['Pinot Noir'],Romania,Romania,[]
21595,Werner & Sohn,87.0,18.0,87.0,18.0,1,1,['Riesling'],Germany,Mosel-Saar-Ruwer,[]
21596,WesMar,90.4,42.1,90.5,42.0,24,1,['Pinot Noir'],US,California,"['Russian River Valley', 'Sonoma']"
21597,Wesley Ashley,85.5,41.5,85.5,41.5,2,2,"['Red Blend', 'Grenache']",US,California,"['Central Coast', 'Central Coast']"
21598,West Cape Howe,86.8,18.2,86.0,19.0,25,10,"['Cabernet Sauvignon', 'Tempranillo', 'Chardonnay', 'Shiraz', 'Pinot Noir', 'Riesling', 'Viognier', 'Semillon-Sauvignon Blanc', 'Sauvignon Blanc', 'Shiraz-Viognier']",Australia,Western Australia,['Great Southern']
21599,West of Temperance,90.0,36.7,90.0,35.0,3,3,"['Pinot Noir', 'Teroldego', 'Aglianico']",US,California,"['Sta. Rita Hills', 'Central Coast']"
21600,Westbend Vineyards,88.0,50.0,88.0,50.0,1,1,['Bordeaux-style Red Blend'],US,North Carolina,['Yadkin Valley']
21601,Westbrook Wine Farm,84.7,17.2,84.0,17.0,6,4,"['Riesling', 'Red Blend', 'Viognier-Valdiguié', 'Rosé']",US,California,"['Madera', 'Central Valley']"
21602,Westend,86.0,13.0,86.0,13.0,1,1,['Sparkling Blend'],Australia,Australia Other,['South Eastern Australia']
21603,Westerland,88.0,11.0,88.0,11.0,1,1,['White Blend'],South Africa,Coastal Region,[]
21604,Westerland,86.0,10.0,86.0,10.0,1,1,['Pinotage'],South Africa,Darling,[]
21605,Westerly,90.0,43.0,90.0,40.0,27,10,"['White Blend', 'Cabernet Sauvignon', 'Merlot', 'Syrah', 'Chardonnay', 'Bordeaux-style Red Blend', 'Sauvignon Blanc', 'Pinot Noir', 'Red Blend', 'Bordeaux-style White Blend']",US,California,"['Happy Canyon of Santa Barbara', 'Central Coast']"
21606,Western Slope,87.0,25.0,87.0,25.0,1,1,['Cabernet Sauvignon'],US,California,"['Paso Robles', 'Central Coast']"
21607,Westland,88.0,20.0,88.0,20.0,2,1,['Pinot Noir'],US,Oregon,"['Willamette Valley', 'Willamette Valley']"
21608,Westphalia Vineyards,87.0,14.0,87.0,14.0,1,1,['Cabernet Franc'],US,Missouri,['Missouri']
21609,Westport Winery,83.0,25.5,83.0,25.5,2,2,"['Chardonnay', 'Sangiovese']",US,Washington,"['Columbia Valley (WA)', 'Columbia Valley']"
21610,Westrey,88.6,28.2,89.0,29.0,8,3,"['Chardonnay', 'Pinot Noir', 'Pinot Gris']",US,Oregon,"['Willamette Valley', 'Willamette Valley']"
21611,Westside Red,87.0,20.0,87.0,20.0,1,1,['Rhône-style Red Blend'],US,California,"['Paso Robles', 'Central Coast']"
21612,Westwood,89.5,41.7,90.0,40.0,11,7,"['Rhône-style Red Blend', 'Pinot Noir', 'Syrah', 'Red Blend', 'White Blend', 'Roussanne-Viognier', 'Mourvèdre']",US,California,"['Sonoma Valley', 'Sonoma']"
21613,Weszeli,90.7,26.0,90.5,24.0,16,2,"['Grüner Veltliner', 'Riesling']",Austria,Kamptal,[]
21614,Weszeli,86.0,,86.0,,1,1,['Rosé'],Austria,Niederösterreich,[]
21615,Weszeli,92.0,36.0,92.0,36.0,1,1,['Riesling'],Austria,Weinland Österreich,[]
21616,Wetzel Estate,84.0,32.9,84.0,28.0,10,4,"['Pinot Noir', 'Pinot Blanc', 'Sparkling Blend', 'Gewürztraminer']",US,Oregon,"['Willamette Valley', 'Willamette Valley']"
21617,Whalebone,87.3,38.3,87.5,35.0,6,2,"['Cabernet Sauvignon', 'Red Blend']",US,California,"['Paso Robles', 'Central Coast']"
21618,Wharton,89.0,25.0,89.0,25.0,2,1,['Riesling'],US,California,"['Napa Valley', 'Napa']"
21619,Whatabout Me,86.0,,86.0,,1,1,['Malbec'],Argentina,Mendoza Province,['Mendoza']
21620,Wheelhouse,86.0,15.5,85.0,17.5,4,2,"['Cabernet Sauvignon', 'Chardonnay']",US,California,"['Napa Valley', 'Napa']"
21621,Whetstone,88.4,55.6,88.0,55.0,9,4,"['Pinot Noir', 'Syrah', 'Chardonnay', 'Viognier']",US,California,"['Russian River Valley', 'Sonoma']"
21622,Whidbey Island Winery,87.1,16.5,87.0,17.0,11,9,"['Roussanne', 'Merlot', 'Sangiovese', 'Syrah', 'Cabernet Franc', 'Siegerrebe', 'Bordeaux-style Red Blend', 'Angevine', 'Viognier']",US,Washington,"['Yakima Valley', 'Columbia Valley']"
21623,Whiplash,88.0,14.5,88.0,14.5,2,2,"['Red Blend', 'Zinfandel']",US,California,"['California', 'California Other']"
21624,Whispering Tree,86.2,10.0,87.0,10.0,4,4,"['Merlot', 'Chardonnay', 'Riesling', 'Cabernet Sauvignon']",US,Washington,"['Columbia Valley (WA)', 'Columbia Valley']"
21625,Whistler,93.0,,93.0,,1,1,['Shiraz'],Australia,South Australia,['Barossa']
21626,Whistler,90.3,50.7,90.0,48.0,3,2,"['Pinot Noir', 'Viognier']",US,California,"['Sonoma Coast', 'Sonoma']"
21627,Whitcraft,88.7,45.9,90.0,45.0,15,5,"['Pinot Noir', 'Chardonnay', 'Grenache', 'Syrah', 'Lagrein']",US,California,"['Santa Ynez Valley', 'Central Coast']"
21628,White Barn,88.0,,88.0,,1,1,['Pinot Noir'],US,California,"['Santa Lucia Highlands', 'Central Coast']"
21629,White Clover,83.0,16.0,83.0,16.0,1,1,['Sauvignon Blanc'],New Zealand,Marlborough,[]
21630,White Cottage,89.0,37.0,89.0,37.0,2,2,"['Cabernet Franc', 'Sauvignon Blanc']",US,California,"['Howell Mountain', 'Napa']"
21631,White Cottage Ranch,90.1,42.2,90.0,40.0,9,5,"['Merlot', 'Cabernet Sauvignon', 'Sangiovese', 'Cabernet Franc', 'Sauvignon Blanc']",US,California,"['Howell Mountain', 'Napa']"
21632,White Hall,86.2,19.2,86.5,19.5,6,4,"['Viognier', 'White Blend', 'Gewürztraminer', 'Petit Verdot']",US,Virginia,['Monticello']
21633,White Hart Wine,89.2,27.2,88.0,25.0,5,3,"['Chardonnay', 'Red Blend', 'Pinot Noir']",US,California,"['Arroyo Seco', 'Central Coast']"
21634,White Heron,87.0,13.3,87.0,15.0,3,2,"['Chardonnay', 'Roussanne']",US,Washington,"['Columbia Valley (WA)', 'Columbia Valley']"
21635,White Knot,84.0,12.0,84.0,12.0,1,1,['Chardonnay'],Australia,South Australia,['McLaren Vale']
21636,White Oak,86.2,25.4,86.0,25.5,37,8,"['Pinot Noir', 'Cabernet Sauvignon', 'Merlot', 'Syrah', 'Sauvignon Blanc', 'Bordeaux-style Red Blend', 'Chardonnay', 'Sauvignon Musqué']",US,California,"['Russian River Valley', 'Sonoma']"
21637,White Rock Vineyards,89.0,53.2,90.5,55.0,4,3,"['Cabernet Sauvignon', 'Chardonnay', 'Claret']",US,California,"['Napa Valley', 'Napa']"
21638,White Rose,87.7,66.6,87.0,65.0,7,1,['Pinot Noir'],US,Oregon,"['Dundee Hills', 'Willamette Valley']"
21639,White Springs,85.0,16.1,85.0,15.0,8,4,"['Gewürztraminer', 'Riesling', 'Sauvignon Blanc', 'Cabernet Sauvignon']",US,New York,"['Finger Lakes', 'Finger Lakes']"
21640,White Truck,83.8,11.2,84.0,11.0,5,4,"['Moscato', 'Pinot Grigio', 'Sauvignon Blanc', 'White Blend']",US,California,"['California', 'California Other']"
21641,White's Bay,89.0,17.0,89.0,17.0,1,1,['Sauvignon Blanc'],New Zealand,Marlborough,[]
21642,Whitecliff Vineyard,87.9,23.8,88.0,20.0,13,8,"['Gamay Noir', 'Chardonnay', 'Cabernet Franc', 'Traminette', 'Petite Verdot', 'White Blend', 'Riesling', 'Red Blend']",US,New York,"['Hudson River Region', 'New York Other']"
21643,Whitehall Lane,89.3,44.6,89.5,40.0,42,4,"['Cabernet Sauvignon', 'Merlot', 'Sauvignon Blanc', 'Red Blend']",US,California,"['Napa Valley', 'Napa']"
21644,Whitehaven,87.5,21.9,88.0,22.0,11,2,"['Sauvignon Blanc', 'Pinot Noir']",New Zealand,Marlborough,[]
21645,Whitestone,83.0,28.0,83.0,28.0,1,1,['Merlot'],US,Washington,"['Columbia Valley (WA)', 'Columbia Valley']"
21646,Whitford,86.0,20.0,86.0,20.0,1,1,['Chardonnay'],US,California,"['Napa Valley', 'Napa']"
21647,Whitford Cellars,88.0,23.0,88.0,23.0,1,1,['Pinot Noir'],US,California,"['Napa Valley', 'Napa']"
21648,Whitman Cellars,87.4,27.2,87.5,27.0,12,6,"['Red Blend', 'Syrah', 'Viognier', 'Cabernet Sauvignon', 'Merlot', 'Riesling']",US,Washington,"['Columbia Valley (WA)', 'Columbia Valley']"
21649,Wicks,88.0,,88.0,,1,1,['Chardonnay'],Australia,South Australia,['Adelaide Hills']
21650,Wiegner,91.5,36.0,91.5,36.0,2,2,"['Nerello Mascalese', 'White Blend']",Italy,Sicily & Sardinia,['Etna']
21651,Wieninger,86.0,,86.0,,1,1,['Riesling'],Austria,Austria,[]
21652,Wieninger,90.0,24.2,90.0,22.0,47,8,"['Grüner Veltliner', 'Riesling', 'Austrian Red Blend', 'Austrian white blend', 'Red Blend', 'Pinot Noir', 'White Blend', 'Bordeaux-style Red Blend']",Austria,Vienna,[]
21653,Wieninger,91.1,33.6,91.0,35.0,9,2,"['White Blend', 'Austrian white blend']",Austria,Wiener Gemischter Satz,[]
21654,Wiese & Krohn,90.2,51.9,90.5,30.0,16,1,['Port'],Portugal,Port,[]
21655,Wild Brush Cellars,81.0,19.0,81.0,19.0,1,1,['Merlot'],US,California,"['California', 'California Other']"
21656,Wild Coyote,86.5,32.7,87.0,25.0,13,8,"['Tannat', 'Syrah', 'Red Blend', 'Zinfandel', 'Merlot', 'Mourvèdre', 'Malbec', 'Tempranillo']",US,California,"['Paso Robles', 'Central Coast']"
21657,Wild Duck Creek Estate,91.0,42.5,91.0,42.5,2,2,"['Shiraz-Malbec', 'Shiraz']",Australia,Victoria,['Heathcote']
21658,Wild Earth,88.5,28.8,89.0,30.0,4,1,['Pinot Noir'],New Zealand,Central Otago,[]
21659,Wild Hare,81.7,10.0,82.0,10.0,3,3,"['Chardonnay', 'Cabernet Sauvignon', 'Pinot Noir']",US,California,"['California', 'California Other']"
21660,Wild Hog,90.0,30.0,90.0,30.0,1,1,['Pinot Noir'],US,California,"['Sonoma Coast', 'Sonoma']"
21661,Wild Hogge,91.0,32.5,91.0,33.0,6,4,"['Pinot Noir', 'Cabernet Sauvignon', 'Red Blend', 'Cabernet Sauvignon-Syrah']",US,California,"['Paso Robles', 'Central Coast']"
21662,Wild Horse,87.2,29.2,87.0,20.0,41,6,"['Pinot Noir', 'Chardonnay', 'Viognier', 'Merlot', 'Cabernet Sauvignon', 'Syrah']",US,California,"['Central Coast', 'Central Coast']"
21663,Wild Meadows,84.6,11.4,86.0,11.0,5,4,"['Red Blend', 'Chardonnay', 'Cabernet Sauvignon', 'Merlot']",US,Washington,"['Columbia Valley (WA)', 'Columbia Valley']"
21664,Wild Oak by St. Francis,87.0,32.0,87.0,32.0,11,5,"['Zinfandel', 'Syrah', 'Chardonnay', 'Cabernet Sauvignon', 'Merlot']",US,California,"['Sonoma County', 'Sonoma']"
21665,Wild Oats,86.0,15.0,86.0,15.0,1,1,['Pinot Noir'],US,California,"['Edna Valley', 'Central Coast']"
21666,Wild Pig,83.0,10.2,82.5,10.0,4,4,"['Syrah', 'Pinot Noir', 'Merlot', 'Viognier']",France,Languedoc-Roussillon,"[""Vin de Pays d'Oc""]"
21667,Wild Ridge,90.3,45.0,90.0,50.0,3,1,['Pinot Noir'],US,California,"['Sonoma Coast', 'Sonoma']"
21668,Wild Rock,86.5,17.5,86.5,17.5,2,1,['Pinot Noir'],New Zealand,Central Otago,[]
21669,Wild Rock,88.5,14.5,88.5,14.5,2,1,['Sauvignon Blanc'],New Zealand,Marlborough,[]
21670,Wild South,85.0,17.0,85.0,17.0,2,2,"['Pinot Noir', 'Sauvignon Blanc']",New Zealand,Marlborough,[]
21671,Wild Thing,88.5,16.5,88.5,16.5,2,2,"['Rosé', 'Chardonnay']",US,California,"['Mendocino County', 'Mendocino/Lake Counties']"
21672,WildAire,90.7,34.0,91.0,35.0,12,6,"['Pinot Noir', 'Syrah', 'Tempranillo', 'Riesling', 'Viognier', 'Chardonnay']",US,Oregon,"['Willamette Valley', 'Willamette Valley']"
21673,WildHaven,85.0,11.8,85.0,11.5,4,3,"['Pinot Gris', 'Merlot', 'Cabernet Sauvignon']",US,Washington,"['Columbia Valley (WA)', 'Columbia Valley']"
21674,WildStock,87.7,21.0,88.0,20.0,3,3,"['Pinot Noir', 'Chardonnay', 'Pinot Blanc']",US,Oregon,"['Willamette Valley', 'Willamette Valley']"
21675,Wildberry Estate,87.7,18.0,88.0,19.0,7,4,"['Chardonnay', 'Cabernet Sauvignon', 'Shiraz', 'Cabernet Sauvignon-Merlot']",Australia,Western Australia,['Margaret River']
21676,Wilde Farm Wines,91.2,39.5,91.5,40.0,4,3,"['Pinot Noir', 'Syrah', 'Red Blend']",US,California,['Anderson Valley']
21677,Wildekrans,87.5,25.0,87.5,25.0,2,1,['Chenin Blanc'],South Africa,Bot River,[]
21678,Wildekrans,83.5,19.0,83.5,19.0,2,1,['Red Blend'],South Africa,Walker Bay,[]
21679,Wilderotter,88.7,28.3,88.0,29.0,9,7,"['Syrah', 'Barbera', 'Vermentino', 'Petite Sirah', 'Sauvignon Blanc', 'Zinfandel', 'Primitivo']",US,California,"['Shenandoah Valley (CA)', 'Sierra Foothills']"
21680,Wildewood,85.5,19.8,85.0,20.5,4,3,"['Chardonnay', 'Pinot Noir', 'Pinot Gris']",US,Oregon,"['Willamette Valley', 'Willamette Valley']"
21681,Wildhurst,87.1,15.5,87.0,14.0,13,5,"['Sauvignon Blanc', 'Chardonnay', 'Zinfandel', 'Merlot', 'Cabernet Sauvignon']",US,California,"['Lake County', 'Mendocino/Lake Counties']"
21682,Wildling,84.0,14.0,84.0,14.0,1,1,['Red Blend'],Australia,Australia Other,['Australia']
21683,Wildwood,84.7,30.3,85.0,28.0,6,2,"['Syrah', 'Cabernet Sauvignon']",US,California,"['San Luis Obispo', 'Central Coast']"
21684,Wiliam Augustus,86.0,16.0,86.0,16.0,1,1,['Viognier-Marsanne'],US,Oregon,"['Rogue Valley', 'Southern Oregon']"
21685,WillaKenzie Estate,90.3,38.8,91.0,36.0,45,5,"['Pinot Noir', 'Pinot Blanc', 'Gamay Noir', 'Pinot Gris', 'Chardonnay']",US,Oregon,['Willamette Valley']
21686,Willamette Valley Vineyards,88.4,38.0,88.5,40.0,102,6,"['Pinot Noir', 'Pinot Gris', 'Chardonnay', 'Riesling', 'Sparkling Blend', 'Rosé']",US,Oregon,"['Willamette Valley', 'Willamette Valley']"
21687,Willful,89.9,34.3,90.0,35.0,7,2,"['Pinot Noir', 'Tempranillo']",US,Oregon,"['Dundee Hills', 'Willamette Valley']"
21688,Willi Brundlmayer,93.0,48.0,93.0,48.0,1,1,['Riesling'],Austria,Kamptal,[]
21689,Willi Haag,90.3,22.5,90.5,22.5,6,1,['Riesling'],Germany,Mosel,[]
21690,Willi Haag,89.3,24.2,89.0,23.0,10,1,['Riesling'],Germany,Mosel-Saar-Ruwer,[]
21691,Willi Schaefer,91.0,,91.0,,1,1,['Riesling'],Germany,Mosel,[]
21692,William Augustus,84.0,17.0,84.0,17.0,2,2,"['Viognier-Marsanne', 'Cabernet Franc']",US,Oregon,"['Rogue Valley', 'Southern Oregon']"
21693,William Church,89.0,25.0,89.0,25.0,1,1,['Red Blend'],US,Oregon,"['Columbia Valley (OR)', 'Oregon Other']"
21694,William Church,89.4,32.4,90.0,32.0,51,8,"['Malbec', 'Cabernet Franc', 'Viognier', 'Bordeaux-style Red Blend', 'Syrah', 'Cabernet Sauvignon', 'Red Blend', 'Syrah-Cabernet Sauvignon']",US,Washington,"['Columbia Valley (WA)', 'Columbia Valley']"
21695,William Cole,84.0,14.4,84.0,12.5,22,4,"['Pinot Noir', 'Sauvignon Blanc', 'Chardonnay', 'Cabernet Sauvignon-Carmenère']",Chile,Casablanca Valley,[]
21696,William Cole,86.3,18.0,87.0,18.0,3,1,['Cabernet Sauvignon'],Chile,Colchagua Valley,[]
21697,William Cole,82.0,18.0,82.0,18.0,1,1,['Cabernet Sauvignon'],Chile,Maipo Valley,[]
21698,William Cole,93.0,125.0,93.0,125.0,1,1,['Cabernet Sauvignon'],US,California,"['Napa Valley', 'Napa']"
21699,William Fèvre,86.2,18.5,86.0,18.5,4,3,"['Chardonnay', 'Cabernet Sauvignon', 'Pinot Noir']",Chile,Maipo Valley,[]
21700,William Fèvre,83.0,43.0,83.0,43.0,1,1,['Pinot Noir'],Chile,Malleco,[]
21701,William Fèvre,86.5,48.5,86.5,48.5,2,2,"['Carmenère', 'Chardonnay']",Chile,Pirque,[]
21702,William Fèvre,92.4,61.5,93.0,57.5,56,1,['Chardonnay'],France,Burgundy,['Chablis']
21703,William Grassie,89.0,38.7,89.5,42.0,10,5,"['Bordeaux-style Red Blend', 'Malbec', 'Red Blend', 'Syrah', 'Rosé']",US,Washington,"['Columbia Valley (WA)', 'Columbia Valley']"
21704,William Harrison,89.6,62.3,89.5,60.0,10,4,"['Bordeaux-style Red Blend', 'Cabernet Sauvignon', 'Cabernet Franc', 'Chardonnay']",US,California,"['Rutherford', 'Napa']"
21705,William Hatcher,90.6,49.0,91.0,48.0,7,1,['Pinot Noir'],US,Oregon,"['Willamette Valley', 'Willamette Valley']"
21706,William Hill Estate,88.0,34.2,88.0,27.0,62,10,"['Chardonnay', 'Merlot', 'Cabernet Sauvignon', 'Bordeaux-style Red Blend', 'Meritage', 'Sauvignon Blanc', 'Malbec', 'Red Blend', 'Petit Verdot', 'Pinot Noir']",US,California,"['Napa Valley', 'Napa']"
21707,William James,90.0,27.0,90.0,27.0,2,2,"['Syrah', 'Chardonnay']",US,California,"['Santa Ynez Valley', 'Central Coast']"
21708,William Knuttel,89.4,30.5,90.0,30.0,11,5,"['Pinot Noir', 'Cabernet Sauvignon', 'Red Blend', 'Pinot Gris', 'Chardonnay']",US,California,"['Russian River Valley', 'Sonoma']"
21709,William Marie,87.0,29.0,87.0,29.0,1,1,['Cabernet Sauvignon'],US,Washington,"['Columbia Valley (WA)', 'Columbia Valley']"
21710,William Murdoch,91.0,37.0,91.0,37.0,1,1,['Syrah'],New Zealand,Hawke's Bay,[]
21711,Williams & Heim,91.0,33.0,91.0,33.0,1,1,['Chardonnay'],US,California,"['Santa Lucia Highlands', 'Central Coast']"
21712,Williams & Humbert,90.7,39.2,91.5,37.5,6,2,"['Sherry', 'Pedro Ximénez']",Spain,Andalucia,['Jerez']
21713,Williams Selyem,92.5,58.7,93.0,56.0,301,9,"['Pinot Noir', 'Chardonnay', 'Zinfandel', 'Port', 'Gewürztraminer', 'Chenin Blanc', 'Sparkling Blend', 'Muscat', 'Muscat Canelli']",US,California,"['Sonoma Coast', 'Sonoma']"
21714,Williamson Vineyard,86.1,20.9,86.0,18.0,7,6,"['Sangiovese', 'Sangiovese-Cabernet Sauvignon', 'Cabernet Sauvignon', 'Petite Sirah', 'Red Blend', 'Riesling']",US,Idaho,[]
21715,Williamson Wines,84.6,45.0,84.0,45.0,5,4,"['Merlot', 'Bordeaux-style Red Blend', 'Cabernet Sauvignon', 'Chardonnay']",US,California,"['Dry Creek Valley', 'Sonoma']"
21716,Willm,87.9,18.9,88.0,16.0,61,9,"['Riesling', 'Pinot Gris', 'Alsace white blend', 'Gewürztraminer', 'White Blend', 'Pinot Blanc', 'Sparkling Blend', 'Pinot Noir', 'Rosé']",France,Alsace,['Alsace']
21717,Willow Bridge,86.5,21.0,86.5,21.0,2,1,['Shiraz'],Australia,Western Australia,['Western Australia']
21718,Willow Creek,85.8,20.2,86.0,18.0,5,3,"['Cabernet Sauvignon', 'Chardonnay', 'Sauvignon Blanc']",Australia,Victoria,['Mornington Peninsula']
21719,Willow Creek,80.0,16.0,80.0,16.0,1,1,['Pinot Noir'],New Zealand,Canterbury,[]
21720,Willow Crest,87.4,14.2,88.0,14.0,20,9,"['Pinot Gris', 'Riesling', 'Cabernet Franc', 'Syrah', 'Merlot', 'Grenache', 'Mourvèdre', 'Black Muscat', 'Sauvignon Blanc']",US,Washington,"['Yakima Valley', 'Columbia Valley']"
21721,WillowBrook Cellars,85.7,37.5,84.5,39.0,12,3,"['Pinot Noir', 'Chardonnay', 'Zinfandel']",US,California,"['Sonoma Mountain', 'Sonoma']"
21722,Willowbrook,86.8,35.6,87.0,42.0,5,2,"['Pinot Noir', 'Syrah']",US,California,"['Russian River Valley', 'Sonoma']"
21723,Wilridge,86.5,27.5,87.0,29.0,48,20,"['Nebbiolo', 'Red Blend', 'Sangiovese', 'Cabernet Sauvignon', 'Merlot', 'Viognier', 'Zweigelt', 'Tempranillo', 'Bordeaux-style Red Blend', 'Pinot Gris', 'Touriga Nacional', 'Viognier-Roussanne', 'Sagrantino', 'Barbera', 'Syrah-Mourvèdre', 'Chardonnay', 'Malbec', 'Muscat Blanc', 'Riesling', 'Grenache']",US,Washington,"['Naches Heights', 'Columbia Valley']"
21724,Wilson,85.5,36.7,86.0,34.0,58,7,"['Zinfandel', 'Syrah', 'Petite Sirah', 'Cabernet Sauvignon', 'Merlot', 'Primitivo', 'Red Blend']",US,California,"['Dry Creek Valley', 'Sonoma']"
21725,Wilson Daniels,84.0,17.0,84.0,17.0,2,2,"['Chardonnay', 'Pinot Noir']",US,California,"['Central Coast', 'Central Coast']"
21726,Wilson and Wilson,91.0,55.0,91.0,55.0,1,1,['Cabernet Sauvignon'],US,California,"['Napa Valley', 'Napa']"
21727,Wily Jack,82.0,8.0,82.0,8.0,1,1,['Chardonnay'],US,California,"['California', 'California Other']"
21728,Wimmer-Czerny,87.0,16.0,87.0,16.0,1,1,['Grüner Veltliner'],Austria,Donauland,[]
21729,Winc,87.0,36.5,87.0,36.5,2,2,"['Cabernet Sauvignon', 'Pinot Noir']",US,California,"['Napa Valley', 'Napa']"
21730,Wind Rose,87.8,21.8,88.0,20.0,23,9,"['Barbera', 'Red Blend', 'Dolcetto', 'Primitivo', 'Sangiovese', 'Cabernet Sauvignon', 'Pinot Grigio', 'Nebbiolo', 'Malbec']",US,Washington,"['Red Mountain', 'Columbia Valley']"
21731,WindRacer,88.2,45.0,88.5,45.0,4,2,"['Chardonnay', 'Pinot Noir']",US,California,['Anderson Valley']
21732,WindVane,91.0,60.0,91.0,60.0,2,2,"['Pinot Noir', 'Chardonnay']",US,California,"['Carneros', 'Napa-Sonoma']"
21733,Windbreak,87.0,35.0,86.0,40.0,3,2,"['Pinot Noir', 'Chardonnay']",US,California,"['Santa Lucia Highlands', 'Central Coast']"
21734,Windemere,87.1,24.9,84.0,19.0,7,2,"['Pinot Noir', 'Chardonnay']",US,California,"['Edna Valley', 'Central Coast']"
21735,Winderlea,90.8,51.9,91.0,48.0,37,2,"['Pinot Noir', 'Chardonnay']",US,Oregon,"['Dundee Hills', 'Willamette Valley']"
21736,Windmill,82.2,12.0,82.0,12.0,5,4,"['Zinfandel', 'Chardonnay', 'Cabernet Sauvignon', 'Syrah']",US,California,"['Lodi', 'Central Valley']"
21737,Windrun,87.6,23.6,88.0,20.0,5,2,"['Pinot Noir', 'Chardonnay']",US,California,"['Sta. Rita Hills', 'Central Coast']"
21738,Windshaker Ridge,86.7,13.7,87.0,14.0,3,3,"['Shiraz', 'Verdelho', 'Carnelian']",Australia,Western Australia,['Western Australia']
21739,Windsor,85.7,19.3,86.0,18.0,3,2,"['Merlot', 'Zinfandel']",US,California,"['Sonoma County', 'Sonoma']"
21740,Windsor Oaks,88.3,36.9,88.5,35.0,18,6,"['Pinot Noir', 'Chardonnay', 'Red Blend', 'Cabernet Sauvignon', 'Malbec', 'Cabernet Franc']",US,California,"['Russian River Valley', 'Sonoma']"
21741,Windsor Sonoma,86.4,24.5,86.5,26.0,12,5,"['Chardonnay', 'Cabernet Sauvignon', 'Zinfandel', 'Pinot Noir', 'Sauvignon Blanc']",US,California,"['Russian River Valley', 'Sonoma']"
21742,Windstream,90.3,32.1,90.0,28.0,11,2,"['Chardonnay', 'Pinot Noir']",US,California,"['Santa Lucia Highlands', 'Central Coast']"
21743,Windward Vineyard,86.0,38.0,86.0,38.0,1,1,['Pinot Noir'],US,California,"['Paso Robles', 'Central Coast']"
21744,Windy Bay,86.3,15.0,86.0,15.0,3,1,['Pinot Noir'],US,Oregon,"['Oregon', 'Oregon Other']"
21745,Windy Canyon,87.5,29.0,87.5,29.0,2,2,"['Cabernet Sauvignon', 'Syrah']",US,Washington,"['Walla Walla Valley (WA)', 'Columbia Valley']"
21746,Windy Oaks,91.7,41.0,92.0,39.0,3,1,['Pinot Noir'],US,California,"['Santa Cruz Mountains', 'Central Coast']"
21747,Windy Peak,81.0,13.0,81.0,13.0,1,1,['Shiraz'],Australia,Victoria,['Victoria']
21748,Windy Ridge,82.0,12.0,82.0,12.0,1,1,['Cabernet Sauvignon'],US,California,"['Central Coast', 'Central Coast']"
21749,Wine & Soul,92.2,62.8,93.0,45.0,23,2,"['Portuguese Red', 'Portuguese White']",Portugal,Douro,[]
21750,Wine & Soul,89.7,47.3,91.0,50.0,3,1,['Port'],Portugal,Port,[]
21751,Wine Art Estate,87.3,23.8,86.5,23.0,6,4,"['Red Blend', 'Rosé', 'Chardonnay', 'Assyrtiko']",Greece,Drama,[]
21752,Wine Block,86.0,10.0,86.0,10.0,2,2,"['Cabernet Sauvignon', 'Merlot']",US,California,"['California', 'California Other']"
21753,Wine Guerrilla,86.6,30.9,87.0,30.0,11,1,['Zinfandel'],US,California,"['Russian River Valley', 'Sonoma']"
21754,Wine Man,87.7,14.7,88.0,12.0,3,2,"['Saperavi', 'Red Blend']",Georgia,Kakheti,[]
21755,Wine Out West,87.5,15.0,87.5,15.0,2,2,"['Riesling', 'Cabernet Sauvignon']",US,Washington,"['Columbia Valley (WA)', 'Columbia Valley']"
21756,Wine Saur,86.0,15.0,86.0,15.0,1,1,['Red Blend'],US,California,"['Sierra Foothills', 'Sierra Foothills']"
21757,Wine Spots,85.6,24.6,86.0,25.0,18,5,"['Cabernet Sauvignon', 'Syrah', 'Pinot Noir', 'Chardonnay', 'Merlot']",US,California,"['Napa Valley', 'Napa']"
21758,Wine by Joe,86.6,15.0,86.0,14.0,9,4,"['Pinot Noir', 'Pinot Blanc', 'Pinot Gris', 'Chardonnay']",US,Oregon,"['Oregon', 'Oregon Other']"
21759,Wine for Food,83.6,11.0,85.0,11.0,5,4,"['Red Blend', 'Sangiovese', 'Montepulciano', 'Trebbiano']",Italy,Italy Other,['Italy']
21760,Wine o'Clock,87.8,20.4,88.0,18.0,5,5,"['Rhône-style Red Blend', 'Gewürztraminer', 'Rosé', 'Primitivo', 'Riesling']",US,Washington,"['Washington', 'Washington Other']"
21761,Wine with Spirit,90.0,25.0,90.0,25.0,1,1,['Portuguese Red'],Portugal,Alentejano,[]
21762,Wine with Spirit,83.5,15.0,83.5,15.0,2,2,"['Portuguese Red', 'Portuguese Rosé']",Portugal,Lisboa,[]
21763,Wine with Spirit,84.4,19.6,84.0,18.0,5,2,"['Portuguese Red', 'Portuguese White']",Portugal,Tejo,[]
21764,Wine with Spirit,84.0,20.0,84.0,20.0,1,1,['Portuguese Sparkling'],Portugal,Vinho Espumante,[]
21765,Wine with Spirit,84.0,12.0,84.0,12.0,1,1,['Portuguese White'],Portugal,Vinho Verde,[]
21766,WineSmith,84.0,30.0,84.0,30.0,1,1,['Chardonnay'],US,California,"['Napa Valley', 'Napa']"
21767,Wineglass Cellars,88.8,29.0,89.0,24.0,20,7,"['Syrah', 'Sangiovese', 'Cabernet Sauvignon', 'Merlot', 'Bordeaux-style Red Blend', 'Chardonnay', 'Red Blend']",US,Washington,"['Yakima Valley', 'Columbia Valley']"
21768,Winenot,87.0,22.0,87.0,22.0,2,1,['Rosé'],France,Provence,['Côtes de Provence']
21769,Winery Arts,90.0,20.0,90.0,20.0,1,1,['Red Blend'],Spain,Northern Spain,['Ribera del Queiles']
21770,Winery at La Grange,84.2,38.8,84.5,39.0,4,4,"['Cabernet Franc', 'Cabernet Sauvignon', 'Meritage', 'Petit Manseng']",US,Virginia,['Virginia']
21771,Winery by the Creek,85.3,23.3,85.0,22.0,9,9,"['Mourvèdre', 'Zinfandel', 'Tempranillo', 'Sangiovese', 'Sémillon', 'Fumé Blanc', 'Malbec', 'Petite Sirah', 'Sauvignon Blanc']",US,California,"['Amador County', 'Sierra Foothills']"
21772,Winery of Good Hope,86.3,12.3,86.0,12.0,9,5,"['Chenin Blanc', 'Pinotage', 'Shiraz', 'Cabernet Sauvignon-Merlot', 'Chardonnay']",South Africa,Stellenbosch,[]
21773,Winery of Good Hope,88.0,19.5,88.0,19.5,2,2,"['Pinot Noir', 'Chardonnay']",South Africa,Western Cape,[]
21774,Winery Čitluk,85.3,12.7,85.0,13.0,3,2,"['Blatina', 'Vranec']",Bosnia and Herzegovina,Mostar,[]
21775,Wines & Winemakers,88.8,19.5,88.0,18.0,12,2,"['Portuguese Red', 'Antão Vaz']",Portugal,Alentejano,[]
21776,Wines & Winemakers,87.4,12.0,88.0,11.0,5,2,"['Portuguese Red', 'Portuguese Sparkling']",Portugal,Bairrada,[]
21777,Wines & Winemakers,89.0,18.2,89.0,18.0,69,5,"['Portuguese White', 'Portuguese Red', 'Códega do Larinho', 'Siria', 'Rosé']",Portugal,Douro,[]
21778,Wines & Winemakers,89.0,11.0,89.0,11.0,2,1,['Portuguese Red'],Portugal,Dão,[]
21779,Wines & Winemakers,87.4,16.4,87.0,13.0,16,4,"['Castelão', 'Portuguese White', 'Rosé', 'Portuguese Red']",Portugal,Palmela,[]
21780,Wines & Winemakers,85.6,14.0,85.0,12.0,32,5,"['Portuguese Red', 'Castelão', 'Portuguese White', 'Rosé', 'Sauvignon Blanc']",Portugal,Península de Setúbal,[]
21781,Wines & Winemakers,83.0,22.0,83.0,22.0,1,1,['Port'],Portugal,Port,[]
21782,Wines & Winemakers,91.0,10.0,91.0,10.0,1,1,['Portuguese Red'],Portugal,Ribatejo,[]
21783,Wines & Winemakers,83.5,11.0,83.5,11.0,4,2,"['Portuguese White', 'Rosé']",Portugal,Setubal,[]
21784,Wines & Winemakers,87.7,19.1,87.0,13.0,69,8,"['Portuguese Red', 'Portuguese White', 'Sauvignon Blanc', 'Rosé', 'Touriga Nacional', 'Fernão Pires', 'Alicante Bouschet', 'Merlot']",Portugal,Tejo,[]
21785,Wines & Winemakers,87.5,17.3,88.0,14.5,38,3,"['Portuguese White', 'Alvarinho', 'Loureiro']",Portugal,Vinho Verde,[]
21786,Wines Gone Wild,88.7,13.7,89.0,14.0,3,2,"['Rosé', 'Sauvignon Blanc']",US,California,"['Sonoma Mountain', 'Sonoma']"
21787,Wines of Carmel,90.0,23.0,90.0,23.0,1,1,['Chardonnay'],US,California,"['Monterey County', 'Central Coast']"
21788,Wing Canyon,87.0,25.0,87.0,25.0,1,1,['Cabernet Sauvignon'],US,California,"['Mount Veeder', 'Napa']"
21789,Winkler-Hermaden,88.4,26.8,88.0,30.0,8,6,"['Grauburgunder', 'Zweigelt', 'Sauvignon Blanc', 'Red Blend', 'Weissburgunder', 'Pinot Noir']",Austria,Südoststeiermark,[]
21790,Winner's Tank,89.0,17.0,89.0,17.0,1,1,['Shiraz'],Australia,South Australia,['Langhorne Creek']
21791,Winston Hill,93.0,150.0,93.0,150.0,1,1,['Bordeaux-style Red Blend'],US,California,"['Rutherford', 'Napa']"
21792,Winter Creek,88.0,27.5,88.0,27.5,2,2,"['Grenache-Shiraz', 'Shiraz']",Australia,South Australia,['Barossa']
21793,Winter's Hill,87.7,31.8,88.0,28.5,40,5,"['Pinot Blanc', 'Rosé', 'Pinot Gris', 'Pinot Noir', 'White Blend']",US,Oregon,"['Dundee Hills', 'Willamette Valley']"
21794,Winzer Krems,88.7,20.1,89.0,19.0,33,3,"['Riesling', 'Grüner Veltliner', 'Zweigelt']",Austria,Kremstal,[]
21795,Winzer Krems,87.5,18.4,88.0,18.0,50,4,"['Grüner Veltliner', 'Zweigelt', 'Rosé', 'Riesling']",Austria,Niederösterreich,[]
21796,Winzer Krems,87.0,18.0,87.0,18.0,1,1,['Riesling'],Austria,Österreichischer Sekt,[]
21797,Winzer Von Erbach,87.0,14.0,87.0,14.0,2,1,['Riesling'],Germany,Rheingau,[]
21798,Winzergenossenschaft Mayschoss-Altenahr,90.7,44.3,90.0,40.0,3,2,"['Früburgunder', 'Spätburgunder']",Germany,Ahr,[]
21799,Winzerkeller Andau,88.2,13.9,87.5,13.0,12,7,"['Zweigelt', 'Rosé', 'Grüner Veltliner', 'Blaufränkisch', 'Scheurebe', 'Sauvignon Blanc', 'St. Laurent']",Austria,Burgenland,[]
21800,Winzerkeller Andau,90.0,12.0,90.0,12.0,1,1,['Rosé'],Austria,Niederösterreich,[]
21801,Wirra Wirra,84.0,15.0,84.0,15.0,1,1,['Moscato'],Australia,Australia Other,['Australia']
21802,Wirra Wirra,88.2,30.0,88.0,20.0,36,11,"['Cabernet Sauvignon', 'Shiraz', 'Shiraz-Viognier', 'Riesling', 'Rosé', 'Cabernet Blend', 'Red Blend', 'White Blend', 'Chardonnay', 'Cabernet Sauvignon-Merlot-Shiraz', 'Grenache']",Australia,South Australia,['McLaren Vale']
21803,Wirsching,85.0,17.0,85.0,17.0,1,1,['Silvaner'],Germany,Franken,[]
21804,Wise,87.7,21.4,88.0,21.0,11,5,"['Semillon-Sauvignon Blanc', 'Chardonnay', 'Shiraz', 'Shiraz-Cabernet Sauvignon', 'Cabernet Sauvignon']",Australia,Western Australia,['Western Australia']
21805,Wise Villa,86.1,32.2,86.5,32.0,18,10,"['Torrontés', 'Touriga Nacional', 'Red Blend', 'Sangiovese', 'Cabernet Sauvignon', 'Petite Sirah', 'Syrah', 'Chardonnay', 'Tempranillo', 'Zinfandel']",US,California,"['Sierra Foothills', 'Sierra Foothills']"
21806,Wiston Estate Winery,93.4,43.4,94.0,44.0,5,2,"['Chardonnay', 'Sparkling Blend']",England,England,[]
21807,Wit's End,89.5,18.0,89.5,18.0,2,2,"['Shiraz', 'Vermentino']",Australia,South Australia,['McLaren Vale']
21808,Witching Stick,87.6,42.9,88.0,42.0,7,3,"['Pinot Noir', 'Zinfandel', 'Chardonnay']",US,California,"['Anderson Valley', 'Mendocino/Lake Counties']"
21809,Wither Hills,87.8,21.0,88.5,20.0,8,2,"['Pinot Noir', 'Sauvignon Blanc']",New Zealand,Marlborough,[]
21810,Wither Hills,88.3,19.7,89.0,22.0,3,2,"['Pinot Noir', 'Sauvignon Blanc']",New Zealand,Wairau Valley,[]
21811,Witness Tree,87.0,23.2,87.0,20.0,5,3,"['Pinot Noir', 'Chardonnay', 'Pinot Blanc']",US,Oregon,"['Willamette Valley', 'Willamette Valley']"
21812,Wittmann,91.3,57.9,91.0,56.0,38,5,"['Spätburgunder', 'Riesling', 'Scheurebe', 'Pinot Blanc', 'Rosé']",Germany,Rheinhessen,[]
21813,Wm. Harrison,87.7,52.7,86.0,55.0,3,3,"['Cabernet Franc', 'Cabernet Sauvignon', 'Chardonnay']",US,California,"['Rutherford', 'Napa']"
21814,Wofford Acres,84.4,31.6,84.0,35.0,5,4,"['White Blend', 'Cabernet Sauvignon', 'Red Blend', 'Rosé']",US,California,"['California', 'California Other']"
21815,Wohlmuth,90.5,34.0,90.5,34.0,2,2,"['Red Blend', 'Blaufränkisch']",Austria,Burgenland,[]
21816,Wohlmuth,86.0,27.0,86.0,27.0,1,1,['Sauvignon Blanc'],Austria,South Styria,[]
21817,Wohlmuth,90.2,30.7,91.0,28.0,21,5,"['Sauvignon Blanc', 'Riesling', 'Gelber Muskateller', 'Pinot Gris', 'Sauvignon']",Austria,Südsteiermark,[]
21818,Wolf Blass,88.2,30.0,88.0,14.0,33,7,"['Shiraz', 'Chardonnay', 'Cabernet Sauvignon', 'Red Blend', 'Merlot', 'Shiraz-Cabernet Sauvignon', 'Riesling']",Australia,South Australia,['Barossa']
21819,Wolf Family,88.0,75.0,88.0,75.0,2,1,['Cabernet Sauvignon'],US,California,"['Napa Valley', 'Napa']"
21820,Wolfberger,87.8,21.0,88.0,19.5,40,8,"['Alsace white blend', 'Riesling', 'Pinot Blanc', 'Sparkling Blend', 'Gewürztraminer', 'Pinot Gris', 'White Blend', 'Pinot Noir']",France,Alsace,['Alsace']
21821,Wolff,88.0,23.1,88.0,23.0,16,8,"['Syrah', 'Chardonnay', 'Pinot Noir', 'Petite Sirah', 'Teroldego', 'White Blend', 'Riesling', 'Red Blend']",US,California,"['Edna Valley', 'Central Coast']"
21822,Wolfgang Puck,85.5,14.3,84.5,15.0,6,4,"['Red Blend', 'Cabernet Sauvignon', 'Chardonnay', 'Sauvignon Blanc']",US,California,"['California', 'California Other']"
21823,Wonderment Wines,87.5,40.0,87.5,40.0,2,2,"['Sauvignon Blanc', 'Zinfandel']",US,California,"['Oak Knoll District', 'Napa']"
21824,Wondrous,90.0,14.0,90.0,14.0,2,1,['Bordeaux-style Red Blend'],US,Washington,"['Columbia Valley (WA)', 'Columbia Valley']"
21825,Wood Family Vineyards,87.4,33.9,87.0,32.0,14,6,"['Cabernet Franc', 'Chardonnay', 'Syrah', 'Zinfandel', 'Cabernet Sauvignon', 'Red Blend']",US,California,"['Livermore Valley', 'Central Coast']"
21826,Wood Park,84.7,24.0,84.0,25.0,3,2,"['Cabernet Sauvignon-Shiraz', 'Chardonnay']",Australia,Victoria,['King Valley']
21827,Wood Winery,82.5,31.5,82.5,31.5,2,2,"['Cabernet Sauvignon', 'Syrah']",US,California,"['San Luis Obispo County', 'Central Coast']"
21828,Woodbridge,83.9,9.4,83.0,8.0,17,9,"['Chardonnay', 'Cabernet Sauvignon', 'Port', 'Merlot', 'Johannisberg Riesling', 'Zinfandel', 'Pinot Grigio', 'Syrah', 'Sauvignon Blanc']",US,California,"['California', 'California Other']"
21829,Woodbridge by Robert Mondavi,82.0,8.0,82.0,8.0,1,1,['Riesling'],Germany,Mosel-Saar-Ruwer,[]
21830,Woodbridge by Robert Mondavi,84.5,8.1,84.0,8.0,52,11,"['Merlot', 'Pinot Grigio', 'Chardonnay', 'Cabernet Sauvignon', 'Moscato', 'Sauvignon Blanc', 'Zinfandel', 'Shiraz', 'Cabernet Merlot', 'Pinot Noir', 'Riesling']",US,California,"['California', 'California Other']"
21831,Woodbury,86.5,24.5,87.0,24.0,4,3,"['Chardonnay', 'Riesling', 'Cabernet Franc']",US,New York,"['New York', 'New York Other']"
21832,Wooden Valley,86.0,15.3,87.0,13.0,6,5,"['Rosé', 'Sauvignon Blanc', 'Muscat Canelli', 'Cabernet Sauvignon', 'Merlot']",US,California,"['Suisun Valley', 'North Coast']"
21833,Woodenhead,88.0,47.4,88.0,46.0,19,4,"['Pinot Noir', 'Zinfandel', 'Colombard', 'Syrah']",US,California,"['Anderson Valley', 'Mendocino/Lake Counties']"
21834,Woodinville Wine Cellars,88.9,33.5,89.0,30.0,49,14,"['Bordeaux-style Red Blend', 'Sauvignon Blanc', 'Red Blend', 'G-S-M', 'Cabernet Franc', 'Syrah', 'Malbec', 'Chardonnay', 'Cabernet Sauvignon-Malbec', 'Grenache', 'Merlot', 'Cabernet Sauvignon', 'Syrah-Cabernet Sauvignon', 'Cabernet Sauvignon-Syrah']",US,Washington,"['Columbia Valley (WA)', 'Columbia Valley']"
21835,Woodinville Wine Company,87.5,30.0,87.5,30.0,2,2,"['Bordeaux-style Red Blend', 'Syrah']",US,Washington,"['Washington', 'Washington Other']"
21836,Woodside,85.0,36.0,85.0,36.0,1,1,['Pinot Noir'],US,California,"['Santa Cruz Mountains', 'Central Coast']"
21837,Woodstock Collection,89.0,44.3,89.0,32.0,3,3,"['White Blend', 'Red Blend', 'Rosé']",US,California,"['California', 'California Other']"
21838,Woodward Canyon,91.5,48.1,92.0,44.0,76,12,"['Chardonnay', 'Merlot', 'Sauvignon Blanc', 'Cabernet Sauvignon', 'Dolcetto', 'Bordeaux-style Red Blend', 'Syrah', 'Red Blend', 'White Blend', 'Riesling', 'Barbera', 'Rhône-style Red Blend']",US,Washington,"['Columbia Gorge (WA)', 'Washington Other']"
21839,Woody Nook,90.0,29.0,90.0,29.0,1,1,['Shiraz'],Australia,Western Australia,['Margaret River']
21840,Wooing Tree,92.0,35.0,92.0,35.0,1,1,['Pinot Noir'],New Zealand,Central Otago,[]
21841,Wooldridge Creek,84.6,16.2,85.0,16.0,5,5,"['Cabernet Sauvignon', 'Syrah', 'Red Blend', 'Merlot', 'Viognier']",US,Oregon,"['Applegate Valley', 'Southern Oregon']"
21842,Woollaston,86.7,20.5,87.0,18.0,13,5,"['Pinot Noir', 'Sauvignon Blanc', 'Pinot Gris', 'Riesling', 'Semillon-Sauvignon Blanc']",New Zealand,Nelson,[]
21843,Woolundry Rd,86.0,13.5,86.0,13.5,2,2,"['Chardonnay', 'Cabernet Sauvignon']",Australia,South Australia,['South Australia']
21844,Woomera,80.0,12.0,80.0,12.0,1,1,['Chardonnay'],Australia,Australia Other,['South Eastern Australia']
21845,Woomera,84.0,12.0,84.0,12.0,1,1,['Shiraz-Cabernet Sauvignon'],Australia,Victoria,['Victoria']
21846,Woop Woop,87.5,13.5,87.5,13.5,4,2,"['Chardonnay', 'Shiraz']",Australia,Australia Other,['South Eastern Australia']
21847,Woop Woop,89.0,19.0,89.0,19.0,1,1,['Shiraz-Viognier'],Australia,South Australia,['South Australia']
21848,Work,87.2,44.5,87.0,35.0,13,8,"['Cabernet Sauvignon', 'Red Blend', 'Chardonnay', 'Sauvignon Blanc', 'Merlot', 'Syrah', 'Zinfandel', 'Bordeaux-style Red Blend']",US,California,"['Napa Valley', 'Napa']"
21849,Workman Ayer,88.2,29.2,88.0,26.0,8,4,"['Viognier', 'Rhône-style Red Blend', 'G-S-M', 'Red Blend']",US,California,"['Lodi', 'Central Valley']"
21850,World's End,90.6,77.3,91.0,69.0,21,6,"['Cabernet Sauvignon', 'Syrah-Cabernet Franc', 'Merlot', 'Cabernet Franc', 'Chardonnay', 'Red Blend']",US,California,"['Napa Valley', 'Napa']"
21851,Worthy,87.3,27.3,87.0,29.0,7,3,"['Red Blend', 'Sauvignon Blanc', 'Chardonnay']",US,California,"['Napa Valley', 'Napa']"
21852,Wrath,89.2,35.0,89.0,35.0,50,7,"['Chardonnay', 'Sauvignon Blanc', 'Pinot Noir', 'Syrah', 'Rosé', 'Rhône-style Red Blend', 'Grenache']",US,California,"['Monterey', 'Central Coast']"
21853,Wrights Station,91.3,40.6,92.0,41.5,12,3,"['Chardonnay', 'Pinot Noir', 'Cabernet Sauvignon']",US,California,"['Santa Cruz Mountains', 'Central Coast']"
21854,Writer's Block,82.8,15.8,83.0,16.0,4,4,"['Petite Sirah', 'Roussanne', 'Zinfandel', 'Cabernet Franc']",US,California,"['Lake County', 'Mendocino/Lake Counties']"
21855,Wrongo Dongo,86.3,8.6,86.0,9.0,7,1,['Monastrell'],Spain,Levante,['Jumilla']
21856,Wunsch & Mann,87.2,27.1,87.0,25.0,32,6,"['Gewürztraminer', 'Riesling', 'Pinot Blanc', 'Pinot Gris', 'Chardonnay', 'Sparkling Blend']",France,Alsace,['Alsace']
21857,Wy'East Vineyards,87.7,26.8,88.0,22.0,13,3,"['Pinot Noir', 'Pinot Gris', 'Chardonnay']",US,Oregon,"['Columbia Gorge (OR)', 'Oregon Other']"
21858,Wycroft,88.0,,88.0,,1,1,['Pinot Noir'],New Zealand,Wairarapa,[]
21859,Wyncroft,85.0,38.0,85.0,45.0,5,4,"['Riesling', 'Chardonnay', 'Pinot Noir', 'Bordeaux-style Red Blend']",US,Michigan,['Lake Michigan Shore']
21860,Wyndham Estate,85.4,10.8,85.0,10.0,17,7,"['Cabernet Sauvignon', 'Shiraz', 'Pinot Noir', 'Merlot', 'Chardonnay', 'Cabernet Sauvignon-Merlot', 'Sémillon']",Australia,Australia Other,['South Eastern Australia']
21861,Wyndham Estate,89.5,30.0,89.5,30.0,2,2,"['Shiraz', 'Cabernet Sauvignon-Merlot']",Australia,New South Wales,['Hunter Valley']
21862,Wyndham Estate,91.0,20.0,91.0,20.0,1,1,['Shiraz'],Australia,South Australia,['Langhorne Creek']
21863,Wynns Coonawarra Estate,88.3,22.4,88.5,14.5,24,6,"['Cabernet Sauvignon', 'Riesling', 'Cabernet Blend', 'Shiraz', 'Bordeaux-style Red Blend', 'Chardonnay']",Australia,South Australia,['Coonawarra']
21864,Wöhrle,91.4,35.8,92.0,32.0,5,3,"['Weissburgunder', 'Spätburgunder', 'Auxerrois']",Germany,Baden,[]
21865,Wölffer,87.8,30.1,88.0,29.0,65,15,"['Cabernet Sauvignon', 'Bordeaux-style Red Blend', 'Sparkling Blend', 'Merlot', 'Cabernet Franc', 'Rosé', 'White Blend', 'Pinot Noir', 'Chardonnay', 'Champagne Blend', 'Pinot Gris', 'Petit Verdot', 'Riesling-Chardonnay', 'Sauvignon Blanc', 'Trebbiano']",US,New York,"['Long Island', 'Long Island']"
21866,Würtz,87.5,27.5,87.5,27.5,2,1,['Riesling'],Germany,Rheinhessen,[]
21867,X,85.3,21.2,85.0,19.0,42,10,"['Red Blend', 'Petite Sirah', 'Chardonnay', 'Cabernet Sauvignon', 'Pinot Noir', 'Zinfandel', 'Merlot', 'White Blend', 'Syrah', 'Sauvignon Blanc']",US,California,"['California', 'California Other']"
21868,XIX,87.0,125.0,87.0,125.0,1,1,['Cabernet Sauvignon'],US,Oregon,"['Oregon', 'Oregon Other']"
21869,XYZin,86.5,28.0,86.0,30.0,13,1,['Zinfandel'],US,California,"['California', 'California Other']"
21870,Xabec,86.0,24.0,86.0,24.0,1,1,['Red Blend'],Spain,Catalonia,['Montsant']
21871,Xama Kaye,84.0,16.0,84.0,16.0,1,1,['Malbec'],Argentina,Mendoza Province,['Mendoza']
21872,Xanadu,87.5,17.4,87.5,17.0,14,5,"['Cabernet Sauvignon', 'Chardonnay', 'Shiraz', 'Merlot', 'Sauvignon Blanc-Semillon']",Australia,Western Australia,['Margaret River']
21873,Xavier Flouret,84.3,14.7,85.0,15.0,3,1,['Malbec'],Argentina,Mendoza Province,['Mendoza']
21874,Xavier Flouret,86.0,16.0,86.0,16.0,2,1,['Torrontés'],Argentina,Other,['Cafayate']
21875,Xavier Flouret,86.0,18.0,86.0,18.0,1,1,['Shiraz'],Australia,Western Australia,['Pemberton']
21876,Xavier Flouret,85.0,13.0,85.0,13.0,1,1,['Cabernet Sauvignon'],Chile,Central Valley,[]
21877,Xavier Flouret,86.8,20.0,87.0,20.0,5,1,['Bordeaux-style Red Blend'],France,Bordeaux,['Premieres Côtes de Blaye']
21878,Xavier Flouret,86.0,23.2,87.0,23.0,4,1,['Chardonnay'],France,Burgundy,['Chablis']
21879,Xavier Flouret,87.3,23.3,87.0,23.0,12,2,"['Sauvignon Blanc', 'Pinot Noir']",France,Loire Valley,['Sancerre']
21880,Xavier Flouret,86.6,19.3,87.0,20.0,7,1,['Rosé'],France,Provence,['Côtes de Provence']
21881,Xavier Flouret,88.0,26.0,88.0,26.0,1,1,['Riesling'],Germany,Mosel,[]
21882,Xavier Flouret,89.0,25.0,89.0,25.0,1,1,['Riesling'],Germany,Mosel-Saar-Ruwer,[]
21883,Xavier Flouret,87.5,17.0,87.5,17.0,2,2,"['Chenin Blanc', 'Bordeaux-style Red Blend']",South Africa,Stellenbosch,[]
21884,Xavier Flouret,87.4,24.2,88.0,25.0,5,2,"['Tempranillo Blend', 'Tempranillo']",Spain,Northern Spain,['Rioja']
21885,Xavier Monnot,90.8,64.3,90.5,66.0,20,2,"['Pinot Noir', 'Chardonnay']",France,Burgundy,['Beaune']
21886,Xenysel,83.0,12.0,83.0,12.0,1,1,['Monastrell'],Spain,Levante,['Jumilla']
21887,Xumek,85.7,15.7,85.5,16.0,6,3,"['Syrah', 'Malbec', 'Chardonnay']",Argentina,Other,['Zonda Valley']
21888,Xurus,88.3,59.7,88.0,75.0,3,2,"['Rosé', 'Cabernet Sauvignon']",US,California,"['Lake County', 'Mendocino/Lake Counties']"
21889,Y Rousseau,89.2,43.7,90.0,36.0,30,5,"['Tannat', 'Cabernet Sauvignon', 'Merlot', 'Colombard', 'Chardonnay']",US,California,"['Russian River Valley', 'Sonoma']"
21890,YN,81.0,11.0,81.0,11.0,1,1,['Red Blend'],US,California,"['California', 'California Other']"
21891,YNOT,89.0,26.0,89.0,26.0,1,1,['Pinot Noir'],US,California,"['Santa Barbara County', 'Central Coast']"
21892,YaYa,81.0,10.0,81.0,10.0,1,1,['Cabernet Sauvignon'],Chile,Maule Valley,[]
21893,Yabby Lake Vineyard,87.0,44.2,87.0,48.0,5,2,"['Pinot Noir', 'Chardonnay']",Australia,Victoria,['Mornington Peninsula']
21894,Yacochuya,90.0,22.0,90.0,22.0,1,1,['Malbec'],Argentina,Other,['Cafayate']
21895,Yaffo,89.7,40.3,89.0,38.0,3,3,"['Syrah-Merlot', 'Cabernet Sauvignon-Cabernet Franc', 'Cabernet Sauvignon']",Israel,Ella Valley,[]
21896,Yaffo,90.0,25.0,90.0,25.0,1,1,['Red Blend'],Israel,Judean Hills,[]
21897,Yali,86.0,8.7,86.0,8.0,3,1,['Cabernet Sauvignon-Carmenère'],Chile,Colchagua Valley,[]
21898,Yali,85.0,8.0,85.0,8.0,1,1,['Sauvignon Blanc'],Chile,Lolol Valley,[]
21899,Yali,86.0,9.0,85.5,9.0,4,1,['Sauvignon Blanc'],Chile,Rapel Valley,[]
21900,Yalumba,88.0,11.0,88.0,11.0,1,1,['Riesling'],Australia,Australia Other,['South Eastern Australia']
21901,Yalumba,88.5,28.3,88.0,18.0,127,20,"['Cabernet Sauvignon-Shiraz', 'Shiraz', 'Grenache', 'Chardonnay', 'Viognier', 'Sauvignon Blanc', 'Port', 'Muscat', 'Shiraz-Viognier', 'Cabernet Sauvignon', 'Riesling', 'Sangiovese', 'Red Blend', 'Rosé', 'Merlot', 'Rhône-style Red Blend', 'Pinot Grigio', 'G-S-M', 'Vermentino', 'Roussanne']",Australia,South Australia,['Barossa']
21902,Yamhill Valley,87.4,25.1,87.0,22.0,19,6,"['Riesling', 'Pinot Noir', 'Pinot Gris', 'Pinot Blanc', 'Chardonnay', 'Pinot Blanc-Pinot Noir']",US,Oregon,"['McMinnville', 'Willamette Valley']"
21903,Yangarra Estate Vineyard,88.2,26.2,88.5,25.0,20,8,"['Grenache', 'Roussanne', 'G-S-M', 'Chardonnay', 'Shiraz', 'Viognier', 'Grenache-Syrah', 'Grenache-Shiraz']",Australia,South Australia,['McLaren Vale']
21904,Yangarra Park,87.0,10.0,87.0,10.0,2,2,"['Chardonnay', 'Shiraz']",Australia,Australia Other,['South Eastern Australia']
21905,Yann Alexandre,89.0,117.5,88.5,110.0,4,1,['Champagne Blend'],France,Champagne,['Champagne']
21906,Yann Chave,90.0,,90.0,,1,1,['Syrah'],France,Rhône Valley,['Crozes-Hermitage']
21907,Yannick Amirault,91.4,,92.0,,5,1,['Cabernet Franc'],France,Loire Valley,['Bourgueil']
21908,Yao Family Wines,91.2,101.2,91.5,74.0,4,3,"['Red Blend', 'Cabernet Sauvignon', 'Sauvignon Blanc']",US,California,"['Napa Valley', 'Napa']"
21909,Yao Ming,94.6,341.9,95.0,170.0,7,2,"['Cabernet Sauvignon', 'Bordeaux-style Red Blend']",US,California,"['Napa Valley', 'Napa']"
21910,Yardstick,87.7,26.7,86.0,25.0,3,1,['Cabernet Sauvignon'],US,California,"['Napa Valley', 'Napa']"
21911,Yarra Burn,85.0,16.7,85.0,16.0,3,2,"['Chardonnay', 'Pinot Noir']",Australia,Victoria,['Yarra Valley']
21912,Yarra Yering,91.1,86.4,91.0,90.0,14,6,"['Pinot Noir', 'Red Blend', 'Bordeaux-style Red Blend', 'Shiraz', 'Cabernet Blend', 'Shiraz-Viognier']",Australia,Victoria,['Yarra Valley']
21913,Yarrabank,87.5,26.5,87.5,26.5,2,1,['Sparkling Blend'],Australia,Victoria,['Victoria']
21914,Yarraman,85.7,12.0,86.0,12.0,3,3,"['Cabernet Merlot', 'Shiraz-Cabernet Sauvignon', 'Chardonnay']",Australia,Australia Other,['South Eastern Australia']
21915,Yasa,85.0,11.0,85.0,11.0,2,1,['Macabeo'],Spain,Northern Spain,['Calatayud']
21916,Yates Family Vineyard,91.0,47.2,92.0,42.0,20,6,"['Cabernet Sauvignon', 'Bordeaux-style Red Blend', 'Merlot', 'Cabernet Franc', 'Red Blend', 'Viognier']",US,California,"['Mount Veeder', 'Napa']"
21917,Yatir,89.9,57.6,90.0,50.0,17,6,"['Cabernet Sauvignon', 'Syrah', 'Bordeaux-style Red Blend', 'Red Blend', 'Cabernet Blend', 'Petit Verdot']",Israel,Judean Hills,[]
21918,Yatir,86.0,24.0,86.0,24.0,1,1,['Sauvignon Blanc'],Israel,Negev Hills,[]
21919,Yazgan,88.3,20.4,89.0,21.0,7,3,"['Boğazkere', 'Red Blend', 'Cabernet Sauvignon-Merlot']",Turkey,Turkey,[]
21920,Yburg,86.0,12.0,86.0,12.0,1,1,['Riesling'],Germany,Baden,[]
21921,Yealands,89.2,26.2,89.5,25.0,4,2,"['Sauvignon Blanc', 'Pinot Noir']",New Zealand,Awatere Valley,[]
21922,Yealands,83.0,17.0,83.0,17.0,1,1,['Pinot Noir'],New Zealand,Central Otago-Marlborough,[]
21923,Yealands,88.3,19.0,88.0,16.5,10,3,"['Sauvignon Blanc', 'Pinot Noir', 'Pinot Gris']",New Zealand,Marlborough,[]
21924,Yelcho,81.0,11.0,81.0,11.0,1,1,['Merlot'],Chile,Maipo Valley,[]
21925,Yelcho,81.0,7.0,81.0,7.0,1,1,['Chardonnay'],Chile,Rapel Valley,[]
21926,Yellow Hawk Cellar,84.2,19.0,84.0,19.0,5,4,"['Barbera', 'Sangiovese', 'Red Blend', 'Muscat Canelli']",US,Washington,"['Columbia Valley (WA)', 'Columbia Valley']"
21927,Yellow Tail,85.1,9.6,85.0,10.0,25,9,"['Sparkling Blend', 'Chardonnay', 'Malbec', 'Sauvignon Blanc', 'Cabernet Sauvignon', 'Shiraz', 'Merlot', 'Pinot Grigio', 'Moscato']",Australia,Australia Other,['South Eastern Australia']
21928,Yellow Tail,84.0,10.0,84.0,10.0,1,1,['Sparkling Blend'],Australia,South Australia,['South Australia']
21929,Yellow by Yellowglen,82.0,12.0,82.0,12.0,1,1,['Chardonnay'],Australia,Australia Other,['South Eastern Australia']
21930,Yemanueva,86.5,15.0,86.5,15.0,2,1,['Tempranillo'],Spain,Central Spain,['La Mancha']
21931,Yemaserena,89.0,25.0,89.0,25.0,1,1,['Tempranillo'],Spain,Central Spain,['La Mancha']
21932,Yering Station,87.8,29.7,88.0,22.0,31,7,"['Pinot Noir', 'Chardonnay', 'Shiraz-Viognier', 'Sparkling Blend', 'Cabernet Sauvignon', 'Riesling', 'Shiraz']",Australia,Victoria,['Yarra Valley']
21933,Yeringberg,89.0,55.8,89.0,60.0,12,6,"['Pinot Noir', 'Bordeaux-style Red Blend', 'Chardonnay', 'Viognier', 'Shiraz', 'Marsanne-Roussanne']",Australia,Victoria,['Yarra Valley']
21934,Yllera,88.2,38.0,87.0,27.0,5,3,"['Tempranillo', 'Tempranillo Blend', 'Rosé']",Spain,Northern Spain,['Vino de la Tierra de Castilla y León']
21935,Yohan Lardy,89.6,24.0,90.0,25.0,9,1,['Gamay'],France,Beaujolais,['Moulin-à-Vent']
21936,Yonna,81.0,25.0,81.0,25.0,1,1,['Red Blend'],Spain,Northern Spain,['Campo de Borja']
21937,Yorba,88.5,30.7,88.0,28.0,15,6,"['Tempranillo', 'Zinfandel', 'Barbera', 'Red Blend', 'Syrah', 'Rosado']",US,California,"['Amador County', 'Sierra Foothills']"
21938,York Mountain Winery,85.8,20.7,85.0,18.0,17,5,"['Pinot Noir', 'Syrah', 'Albariño', 'Viognier', 'Chardonnay']",US,California,"['Edna Valley', 'Central Coast']"
21939,Yorkville Cellars,86.7,25.7,87.0,25.0,25,10,"['Malbec', 'Carmenère', 'Merlot', 'White Blend', 'Sémillon', 'Red Blend', 'Sauvignon Blanc', 'Petit Verdot', 'Cabernet Franc', 'Sparkling Blend']",US,California,"['Yorkville Highlands', 'North Coast']"
21940,Young Inglewood,93.5,65.2,93.5,67.5,4,4,"['Bordeaux-style Red Blend', 'Chardonnay', 'Cabernet Sauvignon', 'Rosé']",US,California,"['St. Helena', 'Napa']"
21941,Youngberg Hill Vineyards,87.4,38.2,87.0,40.0,12,3,"['Pinot Noir', 'Pinot Gris', 'Pinot Blanc']",US,Oregon,"['Willamette Valley', 'Willamette Valley']"
21942,Ysios,88.7,33.3,89.0,30.0,7,2,"['Tempranillo', 'Red Blend']",Spain,Northern Spain,['Rioja']
21943,Yunbar,85.5,23.0,85.5,23.0,2,2,"['Cabernet Sauvignon', 'Shiraz']",Australia,South Australia,['Barossa Valley']
21944,Yuntero,86.5,15.5,86.5,15.5,2,2,"['Tempranillo Blend', 'White Blend']",Spain,Central Spain,['La Mancha']
21945,Yvecourt,83.5,10.5,83.5,10.5,2,2,"['Bordeaux-style White Blend', 'Bordeaux-style Red Blend']",France,Bordeaux,['Bordeaux Blanc']
21946,Yves Cuilleron,89.7,57.0,90.0,51.0,13,3,"['Syrah', 'Marsanne', 'Viognier']",France,Rhône Valley,['Saint-Joseph']
21947,Yves Giradin,93.0,50.0,93.0,50.0,1,1,['Pinot Noir'],France,Burgundy,['Beaune']
21948,Yves Giroux,88.7,30.0,88.0,30.0,3,1,['Chardonnay'],France,Burgundy,['Pouilly-Loché']
21949,Yves Leccia,88.9,32.0,89.0,28.0,7,5,"['Rosé', 'Muscat', 'White Blend', 'Red Blend', 'Vermentino']",France,France Other,['Ile de Beauté']
21950,Yvette et Michel Beck-Hartweg,84.0,12.0,84.0,12.0,1,1,['Riesling'],France,Alsace,['Alsace']
21951,Yvon Mau,84.9,12.0,85.0,10.0,18,4,"['Bordeaux-style Red Blend', 'Bordeaux-style White Blend', 'Sauvignon Blanc', 'Rosé']",France,Bordeaux,['Bordeaux Supérieur']
21952,Yvon Mau,84.0,7.0,84.0,7.0,1,1,['Shiraz'],France,Languedoc-Roussillon,"[""Vin de Pays de L'Aude""]"
21953,Yvon Mau,84.1,11.8,84.0,11.0,8,5,"['Bordeaux-style White Blend', 'Merlot', 'Sauvignon Blanc', 'Bordeaux-style Red Blend', 'Rosé']",France,Southwest France,['Monbazillac']
21954,Z'IVO,88.2,29.6,88.0,25.0,5,3,"['Pinot Noir', 'White Blend', 'Pinot Blanc']",US,Oregon,"['Eola-Amity Hills', 'Willamette Valley']"
21955,Z'IVO,89.0,18.0,89.0,18.0,1,1,['White Blend'],US,Washington-Oregon,[]
21956,Z-52,85.8,18.0,87.0,18.0,6,1,['Zinfandel'],US,California,"['Lodi', 'Central Valley']"
21957,Z. Alexander Brown,89.0,36.7,88.5,20.0,6,3,"['Cabernet Sauvignon', 'Red Blend', 'Pinot Noir']",US,California,"['Napa Valley', 'Napa']"
21958,ZD,88.3,69.1,88.5,55.0,38,4,"['Pinot Noir', 'Chardonnay', 'Cabernet Sauvignon', 'Sauvignon Blanc']",US,California,"['Carneros', 'Napa-Sonoma']"
21959,ZED,84.0,13.0,84.0,13.0,1,1,['Moscato'],Australia,Australia Other,['Australia']
21960,Za Zin,92.0,15.0,92.0,15.0,1,1,['Zinfandel'],US,California,"['Lodi', 'Central Valley']"
21961,ZaHa,88.4,43.6,88.0,30.0,7,4,"['Cabernet Franc', 'Malbec-Cabernet Sauvignon', 'Red Blend', 'Malbec']",Argentina,Mendoza Province,['Mendoza']
21962,Zaca Mesa,90.2,32.1,91.0,25.0,96,17,"['Syrah', 'Sauvignon Blanc', 'Pinot Blanc', 'Chardonnay', 'Viognier', 'Rhône-style Red Blend', 'Rosé', 'G-S-M', 'Roussanne', 'Grenache Blanc', 'Rhône-style White Blend', 'Grenache', 'Red Blend', 'White Blend', 'Cabernet Sauvignon', 'Mourvèdre', 'Pinot Noir']",US,California,"['Santa Ynez Valley', 'Central Coast']"
21963,Zacharias,88.0,18.0,88.0,18.0,1,1,['White Blend'],Greece,Corinth,[]
21964,Zacharias,85.0,13.0,85.0,13.0,1,1,['Agiorgitiko'],Greece,Nemea,[]
21965,Zacharias,88.3,13.8,88.5,13.0,6,5,"['White Blend', 'Red Blend', 'Moschofilero', 'Syrah', 'Roditis-Moschofilero']",Greece,Peloponnese,[]
21966,Zagan's Fire,82.3,15.0,82.0,15.0,3,3,"['Pinot Noir', 'Sauvignon Blanc', 'Verdelho']",US,California,"['Lodi', 'Central Valley']"
21967,Zagarrón,84.0,8.0,84.0,8.0,1,1,['Sauvignon Blanc'],Spain,Central Spain,['La Mancha']
21968,Zahel,90.0,22.5,90.0,22.5,2,1,['Orangetraube'],Austria,Vienna,[]
21969,Zahel,90.0,18.5,90.0,18.5,2,1,['White Blend'],Austria,Wiener Gemischter Satz,[]
21970,Zahtila,88.3,38.7,87.5,42.5,12,3,"['Chardonnay', 'Cabernet Sauvignon', 'Zinfandel']",US,California,"['Napa Valley', 'Napa']"
21971,Zajc,87.0,12.0,87.0,12.0,1,1,['Red Blend'],Slovenia,Dolenjska,[]
21972,Zamarro,84.0,5.0,84.0,5.0,1,1,['Malbec-Bonarda'],Argentina,Mendoza Province,['Mendoza']
21973,Zambon,87.0,,87.0,,1,1,['Garganega'],Italy,Veneto,['Soave']
21974,Zanasi,87.2,16.3,87.0,12.0,4,2,"['Lambrusco Grasparossa', 'Pignoletto']",Italy,Central Italy,['Lambrusco Grasparossa di Castelvetro']
21975,Zandvliet,89.0,48.0,89.0,48.0,1,1,['Shiraz'],South Africa,Robertson,[]
21976,Zanetti,88.0,,88.0,,2,1,['Prosecco'],Italy,Veneto,['Prosecco di Conegliano e Valdobbiadene']
21977,Zanoli,88.0,30.0,88.0,30.0,1,1,['Chenin Blanc'],US,California,"['Santa Ynez Valley', 'Central Coast']"
21978,Zanoni,86.2,35.8,85.0,47.0,5,2,"['Corvina, Rondinella, Molinara', 'Red Blend']",Italy,Veneto,['Amarone della Valpolicella']
21979,Zantho,87.8,13.7,88.0,13.0,41,11,"['Grüner Veltliner', 'Zweigelt', 'St. Laurent', 'Muskat Ottonel', 'White Blend', 'Blaufränkisch', 'Scheurebe', 'Sauvignon Blanc', 'Rosé', 'Welschriesling', 'Muskat']",Austria,Burgenland,[]
21980,Zarate,86.2,42.3,86.0,45.0,10,1,['Albariño'],Spain,Galicia,['Rías Baixas']
21981,Zardetto,88.0,11.0,88.0,11.0,1,1,['Prosecco'],Italy,Italy Other,['Italy']
21982,Zardetto,86.4,18.9,87.0,18.0,22,4,"['Glera', 'Raboso', 'Prosecco', 'Sparkling Blend']",Italy,Veneto,['Conegliano Valdobbiadene Prosecco Superiore']
21983,Zarpado,85.5,7.0,85.5,7.0,2,1,['Malbec'],Argentina,Mendoza Province,['Mendoza']
21984,Zaza,80.0,8.0,80.0,8.0,1,1,['Garnacha'],Spain,Northern Spain,['Campo de Borja']
21985,Zeal,85.9,11.3,85.0,11.0,9,1,['Sauvignon Blanc'],New Zealand,Marlborough,[]
21986,Zealear,84.3,28.3,85.0,25.0,3,3,"['Syrah', 'Cabernet Sauvignon', 'Zinfandel']",US,California,"['California', 'California Other']"
21987,Zecchini,87.0,,88.0,,5,1,"['Corvina, Rondinella, Molinara']",Italy,Veneto,['Amarone della Valpolicella Valpantena']
21988,Zefina,86.0,27.0,86.0,25.0,5,4,"['Red Blend', 'Tempranillo', 'Sangiovese', 'Zinfandel']",US,Washington,"['Horse Heaven Hills', 'Columbia Valley']"
21989,Zeitgeist,93.0,26.0,93.0,26.0,1,1,['Trousseau Gris'],US,California,"['Russian River Valley', 'Sonoma']"
21990,Zema Estate,89.5,25.0,89.5,25.0,2,2,"['Bordeaux-style Red Blend', 'Cabernet Sauvignon']",Australia,South Australia,['Coonawarra']
21991,Zemlia,89.0,26.0,89.0,26.0,1,1,['Malbec'],Argentina,Mendoza Province,['Mendoza']
21992,Zenaida Cellars,89.0,29.2,91.0,30.5,8,7,"['G-S-M', 'Sangiovese', 'Pinot Noir', 'Red Blend', 'Cabernet Sauvignon', 'Zinfandel', 'Rhône-style White Blend']",US,California,"['Paso Robles', 'Central Coast']"
21993,Zenato,88.0,,88.0,,1,1,['White Blend'],Greece,Naoussa,[]
21994,Zenato,88.4,28.0,88.0,34.0,17,3,"['Turbiana', 'Trebbiano di Lugana', 'White Blend']",Italy,Lombardy,['Lugana']
21995,Zenato,87.3,17.5,87.0,17.5,3,2,"['Pinot Grigio', 'Red Blend']",Italy,Northeastern Italy,['Delle Venezie']
21996,Zenato,90.4,58.1,91.0,60.0,27,3,"['Red Blend', 'Corvina, Rondinella, Molinara', 'Corvina']",Italy,Veneto,['Amarone della Valpolicella Classico']
21997,Zeni,87.2,34.5,87.5,35.0,20,3,"['Corvina, Rondinella, Molinara', 'Garganega', 'Red Blend']",Italy,Veneto,['Amarone della Valpolicella Classico']
21998,Zenith,81.0,11.0,81.0,11.0,1,1,['Sauvignon Blanc'],New Zealand,Marlborough,[]
21999,Zenith,89.2,30.5,89.5,28.5,4,3,"['Pinot Noir', 'Auxerrois', 'Tempranillo']",US,Oregon,"['Eola-Amity Hills', 'Willamette Valley']"
22000,Zepaltas,89.5,37.6,88.0,39.0,17,4,"['Chardonnay', 'Pinot Noir', 'Syrah', 'Rhône-style Red Blend']",US,California,"['Russian River Valley', 'Sonoma']"
22001,Zephaniah,86.7,23.7,86.0,24.0,3,3,"['Cabernet Franc', 'Viognier', 'Red Blend']",US,Virginia,['Virginia']
22002,Zerba Cellars,88.0,20.0,88.0,20.0,1,1,['Red Blend'],US,Oregon,"['Walla Walla Valley (OR)', 'Oregon Other']"
22003,Zerba Cellars,87.2,27.9,87.0,30.0,16,9,"['Cabernet Sauvignon', 'Syrah', 'Viognier', 'Sangiovese', 'Dolcetto', 'Red Blend', 'Petit Verdot', 'Merlot', 'Tempranillo']",US,Washington,"['Walla Walla Valley (WA)', 'Columbia Valley']"
22004,Zero One Vintners,89.0,30.0,89.0,30.0,1,1,['Cabernet Sauvignon'],US,Oregon,"['Walla Walla Valley (OR)', 'Oregon Other']"
22005,Zero One Vintners,87.4,19.5,87.5,15.0,14,6,"['Sauvignon Blanc', 'Chardonnay', 'Red Blend', 'Cabernet Sauvignon', 'Riesling', 'Bordeaux-style Red Blend']",US,Washington,"['Columbia Valley (WA)', 'Columbia Valley']"
22006,Zerran,86.3,17.1,87.0,17.0,7,2,"['Garnacha Blanca', 'Red Blend']",Spain,Catalonia,['Montsant']
22007,Ziata,90.2,54.3,91.0,50.0,9,4,"['Sauvignon Blanc', 'Pinot Noir', 'Bordeaux-style Red Blend', 'Red Blend']",US,California,"['Calistoga', 'Napa']"
22008,Zichichi Family Vineyard,89.8,37.3,91.0,36.0,6,2,"['Zinfandel', 'Petite Sirah']",US,California,"['Dry Creek Valley', 'Sonoma']"
22009,Ziereisen,93.5,32.5,93.5,32.5,2,1,['Spätburgunder'],Germany,Baden,[]
22010,Zig Zag,81.0,18.0,81.0,18.0,1,1,['Zinfandel'],US,California,"['Mendocino County', 'Mendocino/Lake Counties']"
22011,Zilaro Cellars,86.0,35.0,86.0,35.0,1,1,['Pinot Noir'],US,California,"['Temecula Valley', 'South Coast']"
22012,Zilliken,89.0,20.0,89.0,20.0,1,1,['Riesling'],Germany,Mosel,[]
22013,Zilliken,89.5,21.5,89.5,21.5,2,1,['Riesling'],Germany,Mosel-Saar-Ruwer,[]
22014,Zimbro,84.0,16.0,84.0,16.0,1,1,['Red Blend'],Portugal,Douro,[]
22015,Zimmermann,87.8,19.8,88.0,20.0,9,2,"['Riesling', 'Grüner Veltliner']",Austria,Kremstal,[]
22016,Zimri Cellars,86.6,26.0,86.0,25.0,9,4,"['Pinot Gris', 'Pinot Noir', 'Chardonnay', 'Merlot']",US,Oregon,"['Willamette Valley', 'Willamette Valley']"
22017,Zimòr,84.5,,84.5,,2,2,"['Refosco', 'Friulano']",Italy,Northeastern Italy,['Delle Venezie']
22018,Zin 91,84.2,14.5,85.0,14.5,4,1,['Zinfandel'],US,California,"['Paso Robles', 'Central Coast']"
22019,ZinPhomaniac,87.0,19.0,86.5,17.0,6,1,['Zinfandel'],US,California,"['Lodi', 'Central Valley']"
22020,Zina Hyde Cunningham,86.9,29.2,86.5,28.0,22,14,"['Zinfandel', 'Chardonnay', 'Barbera', 'Cabernet Sauvignon', 'Sauvignon Blanc', 'Merlot', 'Pinot Noir', 'Petite Sirah', 'Red Blend', 'Riesling', 'Gewürztraminer', 'Carignane', 'Malbec', 'Rosé']",US,California,"['Mendocino', 'Mendocino/Lake Counties']"
22021,Zinderella,90.0,25.0,90.0,25.0,1,1,['Zinfandel'],US,California,"['Lodi', 'Central Valley']"
22022,Zinfandelic,84.3,18.7,84.0,19.0,7,1,['Zinfandel'],US,California,"['Lodi', 'Central Valley']"
22023,Zingaro,84.0,13.0,84.0,13.0,1,1,['Zinfandel'],US,California,"['Mendocino', 'Mendocino/Lake Counties']"
22024,Zinhead,90.0,25.0,90.0,25.0,1,1,['Zinfandel'],US,California,"['Lodi', 'Central Valley']"
22025,Zinio,86.0,16.0,86.0,16.0,1,1,['Sparkling Blend'],Spain,Catalonia,['Cava']
22026,Zinio,88.0,22.5,88.0,22.5,2,2,"['Tempranillo-Garnacha', 'Tempranillo']",Spain,Northern Spain,['Rioja']
22027,Zinke,90.8,33.8,91.5,33.0,4,4,"['Roussanne', 'Viognier', 'Syrah', 'Rhône-style Red Blend']",US,California,"['Ballard Canyon', 'Central Coast']"
22028,Zinopolis,85.0,18.5,85.0,18.5,2,1,['Zinfandel'],US,California,"['California', 'California Other']"
22029,Zinsane,83.8,14.2,84.0,14.0,5,1,['Zinfandel'],US,California,"['Lodi', 'Central Valley']"
22030,Ziobaffa,88.0,22.0,88.0,22.0,1,1,['Red Blend'],Italy,Tuscany,['Toscana']
22031,Zion Fine Wines,88.0,35.0,88.0,35.0,1,1,['Red Blend'],Israel,Galilee,[]
22032,Ziries,88.0,30.0,88.0,30.0,1,1,['Garnacha'],Spain,Central Spain,['Vino de la Tierra de Castilla']
22033,Zisola,89.4,38.5,89.0,26.0,13,3,"['Grillo', 'Red Blend', ""Nero d'Avola""]",Italy,Sicily & Sardinia,['Sicilia']
22034,Zitua,85.0,16.0,85.0,16.0,1,1,['Tempranillo'],Spain,Northern Spain,['Rioja']
22035,Zlatan Otok,87.5,23.5,87.5,23.5,2,2,"['Posip', 'Plavac Mali']",Croatia,Hvar,[]
22036,Zlatan Otok,87.0,20.0,87.0,20.0,1,1,['Plavac Mali'],Croatia,North Dalmatia,[]
22037,Zocker,90.4,20.0,90.5,20.0,10,2,"['Grüner Veltliner', 'Riesling']",US,California,"['Edna Valley', 'Central Coast']"
22038,Zoetic Wines,88.0,39.7,88.0,27.0,3,2,"['Sauvignon Blanc', 'Pinot Noir']",US,California,"['Russian River Valley', 'Sonoma']"
22039,Zoller,90.0,26.0,90.0,26.0,1,1,['Cabernet Sauvignon'],US,California,"['Paso Robles', 'Central Coast']"
22040,Zolo,85.4,14.3,85.0,12.0,51,11,"['Malbec', 'Cabernet Sauvignon', 'Torrontés', 'Sauvignon Blanc', 'Bonarda', 'Chardonnay', 'Merlot', 'Viognier', 'Rosé', 'Petit Verdot', 'Red Blend']",Argentina,Mendoza Province,['Mendoza']
22041,Zonda,88.0,15.0,88.0,15.0,1,1,['Malbec'],Argentina,Mendoza Province,['Mendoza']
22042,Zonin,81.0,6.0,81.0,6.0,1,1,['Lambrusco'],Italy,Central Italy,['Emilia-Romagna']
22043,Zonin,84.7,11.2,84.0,10.0,6,4,"['Prosecco', 'Moscato', 'Chardonnay', 'Sparkling Blend']",Italy,Italy Other,['Italy']
22044,Zonin,84.0,8.3,84.0,8.0,3,1,['Pinot Grigio'],Italy,Northeastern Italy,['Delle Venezie']
22045,Zonin,87.0,15.0,87.0,15.0,1,1,['Chardonnay'],Italy,Piedmont,['Piedmont']
22046,Zonin,86.8,25.5,86.0,17.5,23,7,"['Corvina, Rondinella, Molinara', 'Red Blend', 'Glera', 'Sparkling Blend', 'White Blend', 'Prosecco', 'Garganega']",Italy,Veneto,['Amarone della Valpolicella']
22047,Zonnebloem,83.5,10.5,83.5,10.5,2,2,"['Pinotage', 'Merlot']",South Africa,Stellenbosch,[]
22048,Zonte's Footstep,86.5,15.1,87.0,15.0,11,8,"['Verdelho', 'Cabernet Sauvignon-Malbec', 'Pinot Grigio', 'Savagnin', 'Cabernet Sauvignon', 'Rosé', 'Shiraz', 'Viognier']",Australia,South Australia,['Langhorne Creek']
22049,Zorzal,86.2,25.3,87.0,20.0,23,10,"['Rosé', 'Bordeaux-style Red Blend', 'Malbec', 'Chardonnay', 'Pinot Noir', 'Cabernet Sauvignon', 'Cabernet Sauvignon-Malbec', 'Cabernet Franc', 'Sauvignon Blanc', 'Red Blend']",Argentina,Mendoza Province,['Tupungato']
22050,Zorzal,85.0,13.2,85.0,13.5,6,3,"['Garnacha', 'Graciano', 'Tempranillo']",Spain,Northern Spain,['Navarra']
22051,Zorzettig,85.9,19.8,86.0,20.0,10,7,"['Picolit', 'Friulano', 'Ribolla Gialla', 'Sauvignon', 'Chardonnay', 'Pinot Bianco', 'Pinot Grigio']",Italy,Northeastern Italy,['Colli Orientali del Friuli']
22052,Zorzon,87.0,18.0,87.0,18.0,2,2,"['Sauvignon', 'Pinot Grigio']",Italy,Northeastern Italy,['Collio']
22053,Zotovich Cellars,90.5,36.8,90.5,38.0,12,5,"['Syrah', 'Viognier', 'Chardonnay', 'Grenache', 'Pinot Noir']",US,California,"['Sta. Rita Hills', 'Central Coast']"
22054,Zoémie De Sousa,91.5,,91.5,,2,1,['Champagne Blend'],France,Champagne,['Champagne']
22055,Zuani,88.4,30.5,88.0,30.5,7,1,['White Blend'],Italy,Northeastern Italy,['Collio']
22056,Zucca,84.0,24.4,83.0,26.0,7,5,"['Barbera', 'Red Blend', 'Zinfandel', 'Malbec', 'Rosé']",US,California,"['Amador County', 'Sierra Foothills']"
22057,Zuccardi,88.3,32.7,88.0,20.0,69,12,"['Malbec', 'Chardonnay-Viognier', 'Cabernet Sauvignon', 'Bonarda', 'Red Blend', 'Syrah', 'Malbec-Cabernet Sauvignon', 'Tempranillo', 'Cabernet Sauvignon-Malbec', 'Chardonnay', 'Malbec-Tempranillo', 'Bordeaux-style Red Blend']",Argentina,Mendoza Province,['Valle de Uco']
22058,Zuccardi,86.6,21.0,86.0,15.0,5,2,"['Red Blend', 'Torrontés']",Argentina,Other,['Argentina']
22059,Zudugarai,84.4,25.2,84.0,25.0,5,2,"['Hondarrabi Zuri', 'White Blend']",Spain,Northern Spain,['Getariako Txakolina']
22060,Zull,88.6,25.0,89.0,23.0,37,8,"['Riesling', 'Pinot Noir', 'Grüner Veltliner', 'Rosé', 'Zweigelt', 'Red Blend', 'Blauer Portugieser', 'Austrian Red Blend']",Austria,Niederösterreich,[]
22061,Zull,87.9,19.1,88.0,18.0,7,1,['Grüner Veltliner'],Austria,Weinviertel,[]
22062,Zumaya,85.2,15.4,85.0,13.0,5,1,['Tempranillo'],Spain,Northern Spain,['Ribera del Duero']
22063,Zusslin,90.9,40.3,92.0,37.0,10,3,"['Riesling', 'Pinot Noir', 'Sparkling Blend']",France,Alsace,['Alsace']
22064,Zymè,89.1,145.4,89.5,98.0,8,2,"['Corvina, Rondinella, Molinara', 'Red Blend']",Italy,Veneto,['Valpolicella Classico Superiore']
22065,Zynthesis,84.0,11.0,84.0,11.0,3,1,['Zinfandel'],US,California,"['Lodi', 'Central Valley']"
22066,Züm,89.0,10.0,89.0,10.0,1,1,['Riesling'],Germany,Mosel,[]
22067,[ñ],86.0,30.0,86.0,30.0,1,1,['Malbec'],Argentina,Mendoza Province,['Uco Valley']
22068,a-non-ah-mus,88.2,32.1,88.5,33.5,12,5,"['Syrah', 'Pinot Noir', 'Grenache', 'Grenache Blanc', 'Viognier']",US,California,"['Santa Barbara County', 'Central Coast']"
22069,blüfeld,85.0,11.0,85.0,11.0,2,1,['Riesling'],Germany,Mosel,[]
22070,château Peychaud,86.0,14.0,86.0,14.0,1,1,['Bordeaux-style Red Blend'],France,Bordeaux,['Côtes de Bourg']
22071,d'Art Wines,85.0,22.0,85.0,22.0,1,1,['Zinfandel'],US,California,"['Lodi', 'Central Valley']"
22072,db Winery,88.8,35.0,89.0,38.0,5,1,['Syrah'],US,California,"['Santa Barbara County', 'Central Coast']"
22073,de Lancellotti,91.2,47.5,91.5,50.0,4,1,['Pinot Noir'],US,Oregon,"['Chehalem Mountains', 'Willamette Valley']"
22074,de Restia,88.0,23.5,88.0,23.5,2,1,['Tempranillo'],Spain,Northern Spain,['Ribera del Duero']
22075,de Trafford,87.5,37.5,87.5,37.5,2,2,"['Bordeaux-style Red Blend', 'Shiraz']",South Africa,Helderberg,[]
22076,de Trafford,92.0,39.5,92.0,39.5,3,2,"['Chenin Blanc', 'Merlot-Cabernet Sauvignon']",South Africa,Stellenbosch,[]
22077,deAlto Amo,84.0,10.0,84.0,10.0,1,1,['Viura-Chardonnay'],Spain,Northern Spain,['Rioja']
22078,ded.reckoning,88.5,20.0,88.5,20.0,2,2,"['Cabernet Sauvignon', 'Merlot']",US,Washington,"['Yakima Valley', 'Columbia Valley']"
22079,dîner,88.0,24.0,88.0,24.0,1,1,['Chenin Blanc'],US,California,"['Clarksburg', 'Central Valley']"
22080,eco.love,87.0,15.3,87.0,15.0,3,3,"['Sauvignon Blanc', 'Riesling', 'Pinot Noir']",New Zealand,Marlborough,[]
22081,eco.love,85.0,17.0,85.0,17.0,1,1,['Riesling'],New Zealand,South Island,[]
22082,ecoVINO,86.0,14.5,86.0,14.5,2,2,"['Cabernet Sauvignon', 'Chardonnay']",US,California,"['Mendocino County', 'Mendocino/Lake Counties']"
22083,esedos,84.0,50.0,84.0,50.0,1,1,['Prieto Picudo'],Spain,Spain Other,['Spain']
22084,flipflop,80.5,7.0,80.5,7.0,2,2,"['Moscato', 'Pinot Noir']",Chile,Chile,[]
22085,flipflop,84.1,7.0,85.0,7.0,9,7,"['Pinot Grigio', 'Pinot Noir', 'Moscato', 'Chardonnay', 'Merlot', 'Cabernet Sauvignon', 'Red Blend']",US,California,"['California', 'California Other']"
22086,friends.red,84.0,10.0,84.0,10.0,1,1,['Red Blend'],US,California,"['Sonoma County', 'Sonoma']"
22087,histoire,84.0,17.0,84.0,17.0,1,1,['Cabernet Sauvignon'],US,California,['Mendocino']
22088,hope & grace,88.0,48.0,88.0,48.0,1,1,['Cabernet Sauvignon'],US,California,"['Napa Valley', 'Napa']"
22089,iNapa Wine,83.0,80.0,83.0,80.0,1,1,['Cabernet Sauvignon'],US,California,"['Atlas Peak', 'Napa']"
22090,j.brix,88.3,31.7,88.0,34.0,3,3,"['Riesling', 'Grenache', 'Pinot Noir']",US,California,"['Santa Barbara County', 'Central Coast']"
22091,kukkula,90.9,40.7,91.5,45.0,10,5,"['Rhône-style Red Blend', 'Syrah', 'Red Blend', 'G-S-M', 'Grenache-Syrah']",US,California,"['Adelaida District', 'Central Coast']"
22092,l'Escargot,85.0,13.0,85.0,13.0,2,1,['Sauvignon Blanc'],France,Southwest France,['Côtes de Gascogne']
22093,l'homme qui ris,84.0,22.0,84.0,22.0,1,1,['Champagne Blend'],US,California,"['Monterey County', 'Central Coast']"
22094,love & squalor,89.5,40.0,89.5,40.0,2,2,"['Pinot Noir', 'White Blend']",US,Oregon,"['Eola-Amity Hills', 'Willamette Valley']"
22095,m2 Wines,92.0,35.0,92.0,35.0,1,1,['Pinot Noir'],US,California,"['Los Carneros', 'Napa-Sonoma']"
22096,majoros,89.0,22.0,89.0,22.0,1,1,['Furmint'],Hungary,Tokaj,[]
22097,next:,86.0,12.0,86.0,12.0,1,1,['Riesling'],US,Washington,"['Washington', 'Washington Other']"
22098,noblet,86.0,20.0,86.0,20.0,1,1,['Bordeaux-style Red Blend'],France,Bordeaux,['Côtes de Bourg']
22099,oops,84.7,10.8,85.0,10.5,14,5,"['Carmenère', 'Cabernet Franc-Carmenère', 'Sauvignon Blanc', 'Red Blend', 'Chardonnay']",Chile,Central Valley,[]
22100,pb,92.0,18.0,92.0,18.0,1,1,['Pinot Gris'],US,Washington,"['Yakima Valley', 'Columbia Valley']"
22101,promisQous,86.0,12.0,86.0,12.0,1,1,['Red Blend'],US,California,"['California', 'California Other']"
22102,the Ghost of 413,86.0,13.0,86.0,13.0,1,1,['Red Blend'],US,Washington,"['Columbia Valley (WA)', 'Columbia Valley']"
22103,un4seen,84.7,10.0,84.5,10.0,6,6,"['White Blend', 'Sauvignon Blanc', 'Chardonnay', 'Cabernet Sauvignon', 'Red Blend', 'Moscato']",US,California,"['California', 'California Other']"
22104,una.wine,88.0,12.0,89.0,13.0,3,3,"['Chardonnay', 'Blaufränkisch', 'Rosé']",Austria,Burgenland,[]
22105,Ànima Negra,88.4,37.6,88.5,25.0,16,2,"['Red Blend', 'White Blend']",Spain,Spanish Islands,['Vi de la Terra Mallorca']
22106,Áldás,83.0,28.0,83.0,28.0,1,1,['Red Blend'],Hungary,Eger,[]
22107,Árido,83.6,10.3,84.0,10.0,7,3,"['Malbec', 'Moscato', 'Sauvignon Blanc']",Argentina,Mendoza Province,['Mendoza']
22108,Áster,93.0,45.0,93.0,45.0,1,1,['Tinto Fino'],Spain,Northern Spain,['Ribera del Duero']
22109,Çamlibağ,86.5,15.0,86.5,15.0,2,2,"['Karalahna', 'Kuntra']",Turkey,Turkey,[]
22110,Ébano,85.0,21.7,84.0,18.0,3,1,['Tempranillo'],Spain,Northern Spain,['Ribera del Duero']
22111,Écluse,91.1,40.9,91.0,38.0,19,8,"['Cabernet Sauvignon', 'Syrah', 'Zinfandel', 'Red Blend', 'Bordeaux-style Red Blend', 'Petite Sirah', 'Rhône-style Red Blend', 'Rhône-style White Blend']",US,California,"['Paso Robles', 'Central Coast']"
22112,Élevée Winegrowers,93.0,45.0,93.0,45.0,3,1,['Pinot Noir'],US,Oregon,"['Dundee Hills', 'Willamette Valley']"
22113,Éric & Jöel Durand,90.7,36.0,90.0,37.0,9,2,"['Syrah', 'Rhône-style Red Blend']",France,Rhône Valley,['Saint-Joseph']
22114,Ïl Macchione,90.0,,90.0,,2,1,['Red Blend'],Italy,Tuscany,['Vino Nobile di Montepulciano']
22115,Ñandú,84.0,14.5,84.0,14.5,2,1,['Malbec'],Argentina,Mendoza Province,['Mendoza']
22116,Órale,91.0,30.0,91.0,30.0,1,1,['Rhône-style Red Blend'],US,California,"['Santa Ynez Valley', 'Central Coast']"
22117,Öko,85.0,11.0,85.0,11.0,1,1,['Malbec'],Argentina,Mendoza Province,['Mendoza']
22118,Ökonomierat Rebholz,91.5,58.2,91.0,49.0,4,2,"['Riesling', 'Spätburgunder']",Germany,Pfalz,[]
22119,Único Luis Miguel,85.0,15.0,85.0,15.0,1,1,['Cabernet Sauvignon'],Chile,Maipo Valley,[]
22120,àMaurice,90.8,39.0,91.0,35.0,44,9,"['Malbec', 'Bordeaux-style Red Blend', 'Syrah', 'Viognier', 'Chardonnay', 'Red Blend', 'Marsanne-Viognier', 'Cabernet Sauvignon', 'Syrah-Grenache']",US,Washington,"['Columbia Valley (WA)', 'Columbia Valley']"
22121,áster,87.0,26.0,87.0,26.0,1,1,['Tempranillo Blend'],Spain,Northern Spain,['Ribera del Duero']
22122,Štoka,89.3,22.0,90.0,23.0,3,2,"['Vitovska', 'Teran']",Slovenia,Kras,[]
